8.899641224696953554e-03	5.357539518834056798e+04
1.507912216506557788e-02	4.476658986132453720e+04
2.144790186456836667e-02	4.499479150912664772e+04
2.783660776489276650e-02	3.274557387115743404e+04
3.435099785803411021e-02	2.902857663062583379e+04
4.047886761425745911e-02	2.238259836182350409e+04
4.676716683575679601e-02	2.067978854063252220e+04
5.308225101765951665e-02	1.763732106667178596e+04
5.945362440940590160e-02	1.585627597011445141e+04
6.576224814588792211e-02	1.522526160038723719e+04
7.196632906698736953e-02	1.320236543499102299e+04
7.827860915688347743e-02	1.102640075384365446e+04
8.470398945834539672e-02	9.427501518759276223e+03
9.096854620527369817e-02	8.395453249440484797e+03
9.720789776830213169e-02	7.882051381830791797e+03
1.034763038959366499e-01	7.830323877776997506e+03
1.097576444254559219e-01	6.768610498088456552e+03
1.160543084780093354e-01	6.490223278263292741e+03
1.223669666537485351e-01	5.919528622357252061e+03
1.286817263090294094e-01	5.532575703298524786e+03
1.349500801664080818e-01	4.935446371987640305e+03
1.411949558842147678e-01	4.781777140967857122e+03
1.475133575747468451e-01	4.667627950004190097e+03
1.537865074252268427e-01	4.216149729427245802e+03
1.600657544051110326e-01	4.061382091049244082e+03
1.663991168687080635e-01	3.792609572078596557e+03
1.727195645776442856e-01	3.694976993950398537e+03
1.789765213377084718e-01	3.441877877086780700e+03
1.852353690647852158e-01	3.397186651728332436e+03
1.914806787341157279e-01	3.128230482376588952e+03
1.977889868651535599e-01	3.015905455106523277e+03
2.040937735447724277e-01	2.911250670291303777e+03
2.103939302609846018e-01	2.786062788951212951e+03
2.166909709822301688e-01	2.779135407929350094e+03
2.229700281216152047e-01	2.613510081746215292e+03
2.292620027086341994e-01	2.539474812864723390e+03
2.355141508366812297e-01	2.455456655037730798e+03
2.417910583817859116e-01	2.369741277550396262e+03
2.480856539439619257e-01	2.256736178948982797e+03
2.543492256872954549e-01	2.246045425241313751e+03
2.606334251884805386e-01	2.154831037965239830e+03
2.669257370896960802e-01	2.092079229627509449e+03
2.732423343141155980e-01	1.996638416160414636e+03
2.795529680084415936e-01	1.979842058490054342e+03
2.858366292314493129e-01	1.941246003879503405e+03
2.920876271394311496e-01	1.868394545502199890e+03
2.983449844439822751e-01	1.855769988220916730e+03
3.046382639407197446e-01	1.779648475249191279e+03
3.109279127003197196e-01	1.740297866431554894e+03
3.172168171618398036e-01	1.755563786511780336e+03
3.235187567944423082e-01	1.693499837786730041e+03
3.298168217550395687e-01	1.638378761004611306e+03
3.361176429457156667e-01	1.622249268544253027e+03
3.423700375709273769e-01	1.594625986356101521e+03
3.486478192666269682e-01	1.547881265623944273e+03
3.549411614411318028e-01	1.519821157397840352e+03
3.611916935421040642e-01	1.487561528241935093e+03
3.674767089563572564e-01	1.472458887430032519e+03
3.737647795277591056e-01	1.434674612663320659e+03
3.800654031475132477e-01	1.403522962489793372e+03
3.863539861259823738e-01	1.392044100473792923e+03
3.926140181364449755e-01	1.355190869464470779e+03
3.989264500321934581e-01	1.356855968344870234e+03
4.052073244576828714e-01	1.326711507434261875e+03
4.114916477570477182e-01	1.301863887752737128e+03
4.177814272116491257e-01	1.280442966165807320e+03
4.240400648725131116e-01	1.251285638881096475e+03
4.303425690270192283e-01	1.241107939523104505e+03
4.366358560255625965e-01	1.235371190868982012e+03
4.428996183220763605e-01	1.201407528021870803e+03
4.491634418529859563e-01	1.193956402946171465e+03
4.554414146254732731e-01	1.173989687150506597e+03
4.617634470301058558e-01	1.156169973105093959e+03
4.680644242023710433e-01	1.149942460367917192e+03
4.743485242764365895e-01	1.134154627642211835e+03
4.806356136815400082e-01	1.111618724426586141e+03
4.869019258388697646e-01	1.102754065469480793e+03
4.931697099599955947e-01	1.087780605781850227e+03
4.994506747144535908e-01	1.076720938255138662e+03
5.057159051335421429e-01	1.062921486960444554e+03
5.119923996268095356e-01	1.054963600709364300e+03
5.183126097768406826e-01	1.038994101111920372e+03
5.246089638029100000e-01	1.031367978542631135e+03
5.308757308483337267e-01	1.024685652478614202e+03
5.371573527946726934e-01	1.004805725100610744e+03
5.434579563783791256e-01	9.938738519759875771e+02
5.497430652392217842e-01	9.848327088436441272e+02
5.559937427501778773e-01	9.679759535069598542e+02
5.622854676609657654e-01	9.657502931059783577e+02
5.686011537227265711e-01	9.536401389380264391e+02
5.748804589422079614e-01	9.394293066368900327e+02
5.811550210340560296e-01	9.380898827004255054e+02
5.874394496660968468e-01	9.261693375239133275e+02
5.937176220296899176e-01	9.132215999938483719e+02
5.999971954793682505e-01	9.003298246843052084e+02
6.062679115124277596e-01	8.958920692768369918e+02
6.125469576444534381e-01	8.889807905880780936e+02
6.188477733041515272e-01	8.817022170340159164e+02
6.251310567437898813e-01	8.669487008479483166e+02
6.314027450383210560e-01	8.608770218388070816e+02
6.377003562732055375e-01	8.549298213658723853e+02
6.439857783314556494e-01	8.432016963664426612e+02
6.502685417166111925e-01	8.437955182368996248e+02
6.565586117699038216e-01	8.292829448722459347e+02
6.628369282359254377e-01	8.259814863589920151e+02
6.691185444962194362e-01	8.226858376353455924e+02
6.754070198575605755e-01	8.126833886819965755e+02
6.816835514593204692e-01	8.019174997750160401e+02
6.879592533861698112e-01	7.916057034168816244e+02
6.942344317039531587e-01	7.913337386881698876e+02
7.005175402434737908e-01	7.816757564471228079e+02
7.068124956608716758e-01	7.741839921159067899e+02
7.131019009674921527e-01	7.685881813353248617e+02
7.193918251171427247e-01	7.632580963055092980e+02
7.256833807598113140e-01	7.610599271528811869e+02
7.319652682709349989e-01	7.536293719972397867e+02
7.382507990484923344e-01	7.459515434339176636e+02
7.445265842115937893e-01	7.391238599383439123e+02
7.507871101942712455e-01	7.309644390334657373e+02
7.570758465316046459e-01	7.252244291578230104e+02
7.633641233600957365e-01	7.204619284575954907e+02
7.696462959862266917e-01	7.165782010690892321e+02
7.759394865175414102e-01	7.117327534666804922e+02
7.822329141989586843e-01	7.101097113712550026e+02
7.885314936520240181e-01	7.051572108405683821e+02
7.947896566979522071e-01	6.992842942415321659e+02
8.010491096592354809e-01	6.913832933183512068e+02
8.073364061727361651e-01	6.897222934763404965e+02
8.136229488373866170e-01	6.792891194690474777e+02
8.199152998961036776e-01	6.760427304880141719e+02
8.261952636392789762e-01	6.708386433360260526e+02
8.324897070080405914e-01	6.654251985752896417e+02
8.387959309210778480e-01	6.604005110126408908e+02
8.450634639703045181e-01	6.559061158964060496e+02
8.513282867562648182e-01	6.543277500942227789e+02
8.576198263902009566e-01	6.495521578361581305e+02
8.639058477062415697e-01	6.456086799196302763e+02
8.701838745487597837e-01	6.388362307276764795e+02
8.764641096075268534e-01	6.356330421734319316e+02
8.827503873399735745e-01	6.298522420132617299e+02
8.890332768393869323e-01	6.288485279129220089e+02
8.953084247113127780e-01	6.203957309723756453e+02
9.015956521667095602e-01	6.142919826703202943e+02
9.078833328094829680e-01	6.153165285921543273e+02
9.141744106319863450e-01	6.121523486153354270e+02
9.204630817717615043e-01	6.043335017367561477e+02
9.267434415264711456e-01	6.018271347567884959e+02
9.330324197354928906e-01	5.981425424328640474e+02
9.393265785573878812e-01	5.950496707569795944e+02
9.455974810398196650e-01	5.868277180570217979e+02
9.518660018545171964e-01	5.857309875190159119e+02
9.581413255531838757e-01	5.837591772698551722e+02
9.644350945109106954e-01	5.791116244793109900e+02
9.707355633568249820e-01	5.762199981935093547e+02
9.770080768450029041e-01	5.706785507714422465e+02
9.832823325363413414e-01	5.687142043324649876e+02
9.895569691966674686e-01	5.659494878350211593e+02
9.958456301921106979e-01	5.609206318279022980e+02
1.002136210743837408e+00	5.568151104740928758e+02
1.008404825335135424e+00	5.547806173430627723e+02
1.014694149836243398e+00	5.500859245116947704e+02
1.020992555437297167e+00	5.470087422313098386e+02
1.027273980437394485e+00	5.431930328261174736e+02
1.033559181896017254e+00	5.391635161010422053e+02
1.039847557392594934e+00	5.372147679033292889e+02
1.046126974943305088e+00	5.342536418522015538e+02
1.052403436811028659e+00	5.291014884676618522e+02
1.058680704651608684e+00	5.269385683681790624e+02
1.064964333065789193e+00	5.231689970479471867e+02
1.071256777440835473e+00	5.190785530081527668e+02
1.077544048801078125e+00	5.169607696423723837e+02
1.083824820188043603e+00	5.120858515691965067e+02
1.090108023942816695e+00	5.105145596434520598e+02
1.096389665956643222e+00	5.065825349644615585e+02
1.102681132058841440e+00	5.038828546070517973e+02
1.108963047594879958e+00	5.006094062421866511e+02
1.115225428463759272e+00	4.973233707772942580e+02
1.121502127614767863e+00	4.938134363441247956e+02
1.127792573824792033e+00	4.908916369696314064e+02
1.134089552668382961e+00	4.904581948909066682e+02
1.140364049650405942e+00	4.857157448745722377e+02
1.146639180320979445e+00	4.822562296926549266e+02
1.152942412991649901e+00	4.812713598582418513e+02
1.159228906751078814e+00	4.758814025231500864e+02
1.165508721887268173e+00	4.750633113558644141e+02
1.171793076256210320e+00	4.715800176042706653e+02
1.178087436369658958e+00	4.688122581203540449e+02
1.184367654251526902e+00	4.675654092181241595e+02
1.190634642299266632e+00	4.617337985078390830e+02
1.196912208834400859e+00	4.607703803174027257e+02
1.203201577354146234e+00	4.576991335398872707e+02
1.209486844441705733e+00	4.553044582963523226e+02
1.215763902074809888e+00	4.522168521037325490e+02
1.222049755171146668e+00	4.492486426993462487e+02
1.228340616621486969e+00	4.488647280045825028e+02
1.234632986576932767e+00	4.451761992265115282e+02
1.240902247176856488e+00	4.423330912965439552e+02
1.247174839144687519e+00	4.401614453466075361e+02
1.253465459933442272e+00	4.385678176097190430e+02
1.259749951892178421e+00	4.336650354423845215e+02
1.266032143127253873e+00	4.332036354757573804e+02
1.272316288472006507e+00	4.297931392019219743e+02
1.278604155058621350e+00	4.271779882903218777e+02
1.284886588933593865e+00	4.260337342308303050e+02
1.291175420066583257e+00	4.234338414074150023e+02
1.297465726373772332e+00	4.199524615699212404e+02
1.303741827011944299e+00	4.185402176111874724e+02
1.310017322922761851e+00	4.162878980569465739e+02
1.316301447662886703e+00	4.130168089150494097e+02
1.322586760363303249e+00	4.120753480629278442e+02
1.328865492452874664e+00	4.090683269653388265e+02
1.335144804954555564e+00	4.072530082826636431e+02
1.341440516272275119e+00	4.056756280846640834e+02
1.347730868417094552e+00	4.024004582753264572e+02
1.354001589994877630e+00	4.000695272703126761e+02
1.360282609297778444e+00	3.990945939522993626e+02
1.366565686457597906e+00	3.961098535991444578e+02
1.372851498482432708e+00	3.940874083887570691e+02
1.379135372929401804e+00	3.909138286930422055e+02
1.385409567149057164e+00	3.902277816031308362e+02
1.391698641219299315e+00	3.864416672931468497e+02
1.397984451439470810e+00	3.858974039702793561e+02
1.404267883409181961e+00	3.834186095628861608e+02
1.410554779484869181e+00	3.810866035896314656e+02
1.416837833547465397e+00	3.793501753156949690e+02
1.423118177187137068e+00	3.770032291869571281e+02
1.429397801164240089e+00	3.748931238736548153e+02
1.435686921822787232e+00	3.738975024138858885e+02
1.441977121769299597e+00	3.715127530637033146e+02
1.448253667853332427e+00	3.689901828241663679e+02
1.454532348972172651e+00	3.685587932266509483e+02
1.460819319151879903e+00	3.646144540990171663e+02
1.467110364402026468e+00	3.634925424847108957e+02
1.473392908948962132e+00	3.616695968531057019e+02
1.479669965243598950e+00	3.602342356504495342e+02
1.485956144602843532e+00	3.582892537687683330e+02
1.492233610763115115e+00	3.552957846450715920e+02
1.498502470379980078e+00	3.540042266740460377e+02
1.504785752051182701e+00	3.520078119568274246e+02
1.511075991894575976e+00	3.507536157675895652e+02
1.517361634985162189e+00	3.477743690235523673e+02
1.523648570969130533e+00	3.466768091775667244e+02
1.529938035715892264e+00	3.440730593758778468e+02
1.536230176913891965e+00	3.442268648545498877e+02
1.542510718779388279e+00	3.419490899850726464e+02
1.548783963082980275e+00	3.393405191058096761e+02
1.555073069779651318e+00	3.380177295917026186e+02
1.561357324927233892e+00	3.363522268614538575e+02
1.567629121053141006e+00	3.339957580029177393e+02
1.573913697404382583e+00	3.328528354077251379e+02
1.580203545230874029e+00	3.295805562255179098e+02
1.586485393434537983e+00	3.297450626985708482e+02
1.592760014263005841e+00	3.282393174987176394e+02
1.599046436394670812e+00	3.259059936791555288e+02
1.605342136637478934e+00	3.234977269796849555e+02
1.611619860919608627e+00	3.232020902145115429e+02
1.617897597081673799e+00	3.203496122246295386e+02
1.624183235481122756e+00	3.199490794811128467e+02
1.630464598531913722e+00	3.176640253199320227e+02
1.636748985747638274e+00	3.151076613891552824e+02
1.643030923698886259e+00	3.148635833021091344e+02
1.649309176648513064e+00	3.136308952934453487e+02
1.655593633940351861e+00	3.117645318841705944e+02
1.661879571405086464e+00	3.105861233783842863e+02
1.668169361685170271e+00	3.081977065007001784e+02
1.674450151530487485e+00	3.064715507687278091e+02
1.680722718978495900e+00	3.053475969651916557e+02
1.687013891340952476e+00	3.036076107264738084e+02
1.693308984907921033e+00	3.021912686524053697e+02
1.699582147428448486e+00	3.012608855733358268e+02
1.705863747055134105e+00	2.991834913663010980e+02
1.712154434283889470e+00	2.980108020342744339e+02
1.718438381579399321e+00	2.964097293078406778e+02
1.724721264464063930e+00	2.955550857839629657e+02
1.730997441276920679e+00	2.937375088007597128e+02
1.737287073528269499e+00	2.925777238699409395e+02
1.743567991878527401e+00	2.910431167774578967e+02
1.749840680212231048e+00	2.891565564886722655e+02
1.756128549091961144e+00	2.873100783432878984e+02
1.762413535324792502e+00	2.864664590643810129e+02
1.768696187669963837e+00	2.853059767974160650e+02
1.774979359379055266e+00	2.837129684723255991e+02
1.781265555576432957e+00	2.834360522136657892e+02
1.787549427830244619e+00	2.812325154050165565e+02
1.793834120011633004e+00	2.787631796941119546e+02
1.800115051552487300e+00	2.783471383888294213e+02
1.806393904854530330e+00	2.770304429517911444e+02
1.812674089667083432e+00	2.759009656249719455e+02
1.818956920109354058e+00	2.741785646855266236e+02
1.825244164118212220e+00	2.730991426842198848e+02
1.831527256642196955e+00	2.716443105481525322e+02
1.837811294935716599e+00	2.703594002494008919e+02
1.844100717411196744e+00	2.688091437809488298e+02
1.850384816792487230e+00	2.675839792338529151e+02
1.856666059735203822e+00	2.667773636974513920e+02
1.862947728675613979e+00	2.658817450304937893e+02
1.869229324466858078e+00	2.646197914841150123e+02
1.875517616802973686e+00	2.633500942683018025e+02
1.881800769033795229e+00	2.615492225533029682e+02
1.888078863416442710e+00	2.610698755434921736e+02
1.894353975182237582e+00	2.597092703672407197e+02
1.900642716154182565e+00	2.579594283356842084e+02
1.906933494748685121e+00	2.573560931711522244e+02
1.913207568676573933e+00	2.560746155011681253e+02
1.919490884732178992e+00	2.552649845969568503e+02
1.925776855684274480e+00	2.536161161840539648e+02
1.932064452961978152e+00	2.523284329376701578e+02
1.938342610030488800e+00	2.517165945621873107e+02
1.944618341543410178e+00	2.506177983927309754e+02
1.950906260203513876e+00	2.486716945483281620e+02
1.957194556613796488e+00	2.478990618573381255e+02
1.963479614559011432e+00	2.469879093345211629e+02
1.969760361532916226e+00	2.453458450740681371e+02
1.976048367034604736e+00	2.443066871988342541e+02
1.982337990217652335e+00	2.430727587026503898e+02
1.988617489259562721e+00	2.419356972008201865e+02
1.994896320665194178e+00	2.414995796489846214e+02
2.001179596222827151e+00	2.400149099462264530e+02
2.007459756923499761e+00	2.394833965617140450e+02
2.013737397779169935e+00	2.382069445302902579e+02
2.020017234677497164e+00	2.376971674058074200e+02
2.026310251015072783e+00	2.356453578580825479e+02
2.032600542948020284e+00	2.348222473134265726e+02
2.038873863192099289e+00	2.334904787603671821e+02
2.045154087821675404e+00	2.325887693604781816e+02
2.051444704514288730e+00	2.318189844814404523e+02
2.057730430280644729e+00	2.308717086080591230e+02
2.064013940455224461e+00	2.301230013208071910e+02
2.070299891179459895e+00	2.292058986818385904e+02
2.076589719964883951e+00	2.281159028187134368e+02
2.082865483794470673e+00	2.267810409880977431e+02
2.089134494859368640e+00	2.259778972119727598e+02
2.095424211360070288e+00	2.250220398431928288e+02
2.101707116664804254e+00	2.236469424573716935e+02
2.107986473933564309e+00	2.231788739483046413e+02
2.114271806543862375e+00	2.220587595016122009e+02
2.120552717288892275e+00	2.210211815007309326e+02
2.126836933207161717e+00	2.204900787262058941e+02
2.133122044791171845e+00	2.196705873462011880e+02
2.139411711910842673e+00	2.186978736294996111e+02
2.145697076775292089e+00	2.178515875677806264e+02
2.151973548606471276e+00	2.168185693008543637e+02
2.158259913555724108e+00	2.160469712819063375e+02
2.164545396699105506e+00	2.150264342562697664e+02
2.170830700377734068e+00	2.139553881603597745e+02
2.177114138849150393e+00	2.133114373029666808e+02
2.183387647576827018e+00	2.123776582592057878e+02
2.189670273687676971e+00	2.112180977487136317e+02
2.195960147934207463e+00	2.105956505679184261e+02
2.202242556317716371e+00	2.097021603182522824e+02
2.208521655981037668e+00	2.091424544396577971e+02
2.214804637081333016e+00	2.082252008122190148e+02
2.221092583349425276e+00	2.068711672710060441e+02
2.227372893591468728e+00	2.065078954373060753e+02
2.233657161144248171e+00	2.055498596889101464e+02
2.239943485394438660e+00	2.048680139794572881e+02
2.246224175264620815e+00	2.039947212973924024e+02
2.252506378421252009e+00	2.033788963922366690e+02
2.258783417054270437e+00	2.024244442880192594e+02
2.265069077371457684e+00	2.020223552772546611e+02
2.271350377044131452e+00	2.007478122768468438e+02
2.277633995145353918e+00	2.000804054264060596e+02
2.283922419579920149e+00	1.991886122034260609e+02
2.290202874392252674e+00	1.984605550278187707e+02
2.296490779970905560e+00	1.978195719991395265e+02
2.302771769934229162e+00	1.971179586988345420e+02
2.309051364164305564e+00	1.966392156750842446e+02
2.315338502539088239e+00	1.954098408089550389e+02
2.321627336503874428e+00	1.943950966491811698e+02
2.327911878297218795e+00	1.937701324972355508e+02
2.334186238580297168e+00	1.931838916077430213e+02
2.340467971862688401e+00	1.924115496952175306e+02
2.346756940970738725e+00	1.914482077820809138e+02
2.353044444556199988e+00	1.906306771980029851e+02
2.359327653314069906e+00	1.906753961339220780e+02
2.365603048789861607e+00	1.895646830253376720e+02
2.371885911737665165e+00	1.889086717261401986e+02
2.378173303594019572e+00	1.880104645782412263e+02
2.384454016539381271e+00	1.870713950019724052e+02
2.390736447344785187e+00	1.864610292270060086e+02
2.397014133897952259e+00	1.858029746470502630e+02
2.403295490074321972e+00	1.849791659769265380e+02
2.409585049672506862e+00	1.845842667769061336e+02
2.415871703165322071e+00	1.839268345624478513e+02
2.422160652369088840e+00	1.832341828940997175e+02
2.428440167222748691e+00	1.825539402046809130e+02
2.434717472383889803e+00	1.820886195116181341e+02
2.441002456202044257e+00	1.811991996458001495e+02
2.447289980304530488e+00	1.806533445618114513e+02
2.453571844729242279e+00	1.798707888811324267e+02
2.459852705114058846e+00	1.792238424023727532e+02
2.466139233225018934e+00	1.788133563154436274e+02
2.472421963421291391e+00	1.778655502750348774e+02
2.478698519174224568e+00	1.779231788544158519e+02
2.484980841400355800e+00	1.774336966054440836e+02
2.491269319409339822e+00	1.762913056247300574e+02
2.497548505139029373e+00	1.757886838203380080e+02
2.503831667172610853e+00	1.753275242185730178e+02
2.510117938323931153e+00	1.747661186708802745e+02
2.516400733681277480e+00	1.737747109345508250e+02
2.522688226833368130e+00	1.733264636283120126e+02
2.528971695852665569e+00	1.728033963792208567e+02
2.535252039407670299e+00	1.723673009272723675e+02
2.541537514142774512e+00	1.715614034332230062e+02
2.547823008847572179e+00	1.709311193789222898e+02
2.554100666580690238e+00	1.707313328504558854e+02
2.560376788884177301e+00	1.700284546522837275e+02
2.566667521601497359e+00	1.693708253562752759e+02
2.572955062237090473e+00	1.688602946337991852e+02
2.579233771797999175e+00	1.684428714051508962e+02
2.585520164300948220e+00	1.678038407162815417e+02
2.591805130332431872e+00	1.674917844524274813e+02
2.598084074692260881e+00	1.669728201721149503e+02
2.604360404197643586e+00	1.664235606167826234e+02
2.610647185140439142e+00	1.659701068239268409e+02
2.616931864059273138e+00	1.655597183690658198e+02
2.623206107911065565e+00	1.651506828276024521e+02
2.629491626543270844e+00	1.646574950571256295e+02
2.635778507982642349e+00	1.637956187014012244e+02
2.642061039325260818e+00	1.634251781490269195e+02
2.648343840729305843e+00	1.628380688283580469e+02
2.654631838974855551e+00	1.626262220910550411e+02
2.660919001246303761e+00	1.622067353741541353e+02
2.667198525130066056e+00	1.614308845646768589e+02
2.673484307038032526e+00	1.610083065705350123e+02
2.679773388053849459e+00	1.606426912162117162e+02
2.686058217632288692e+00	1.601734372486616564e+02
2.692338738200057868e+00	1.594809073999301177e+02
2.698618022887226964e+00	1.593585515446752936e+02
2.704895450708277860e+00	1.589738955164876586e+02
2.711175674923682166e+00	1.585933097758089048e+02
2.717459832966957922e+00	1.581192647449220203e+02
2.723745731959044569e+00	1.577839097292122688e+02
2.730038414850594730e+00	1.570439562306411574e+02
2.736317989800789441e+00	1.569528271508188197e+02
2.742591858549239703e+00	1.565514940962551123e+02
2.748879749010778362e+00	1.559089271526572986e+02
2.755163403825859447e+00	1.558591029862111270e+02
2.761446955625852073e+00	1.552518270469995514e+02
2.767732088935374701e+00	1.549941033305388771e+02
2.774015452421743966e+00	1.544921350435189424e+02
2.780298635700591436e+00	1.542078505916562108e+02
2.786577474762241380e+00	1.539370846424707509e+02
2.792857983210164541e+00	1.532772324551718555e+02
2.799143790920211483e+00	1.530945766669515535e+02
2.805430058399325244e+00	1.528080603281382821e+02
2.811715058209780072e+00	1.523747941308500913e+02
2.817989272498773623e+00	1.520574377018459984e+02
2.824269171595737760e+00	1.518093044187741043e+02
2.830563016441804081e+00	1.513892526376867806e+02
2.836848750951622034e+00	1.513838053693967254e+02
2.843130027866129783e+00	1.506587456953464255e+02
2.849413896912404986e+00	1.506395451114634909e+02
2.855697464522425566e+00	1.502777349062016867e+02
2.861978799810683594e+00	1.500219356401917423e+02
2.868262469415629567e+00	1.494729058591286162e+02
2.874547359206753860e+00	1.496439471725088595e+02
2.880831111471525041e+00	1.491717676458583526e+02
2.887113216972382546e+00	1.488692736477165681e+02
2.893394504725182781e+00	1.485769316466248142e+02
2.899673662137033592e+00	1.483263202149918811e+02
2.905953958587380814e+00	1.482607468475618475e+02
2.912241118105161064e+00	1.478902427967166489e+02
2.918525996366671205e+00	1.478198829236905851e+02
2.924809035425688819e+00	1.476287418154402076e+02
2.931095916293684933e+00	1.471953920448652298e+02
2.937378182606774413e+00	1.469287760339977069e+02
2.943659980254369923e+00	1.466041661792630748e+02
2.949946454403890250e+00	1.465725145230468058e+02
2.956227653702202307e+00	1.465136228570226535e+02
2.962510478867462993e+00	1.462413641756616016e+02
2.968796535179442309e+00	1.459249468370595650e+02
2.975077657376874907e+00	1.456251943095968500e+02
2.981359866759223376e+00	1.454946184197040679e+02
2.987646761575656562e+00	1.456473399512314018e+02
2.993929038370399365e+00	1.453362451071853911e+02
3.000206214840962726e+00	1.454182642823724336e+02
3.006486172402415669e+00	1.447311312683415281e+02
3.012769812211594456e+00	1.449011893855807216e+02
3.019053144326170113e+00	1.450004164567028226e+02
3.025337405144251424e+00	1.446257790333768867e+02
3.031623734799107961e+00	1.445298273326736194e+02
3.037908962055872575e+00	1.445999260773206174e+02
3.044195067146031608e+00	1.443796002280172672e+02
3.050475543482170426e+00	1.444557186837356539e+02
3.056754954538277502e+00	1.443624318195508636e+02
3.063040539557494668e+00	1.443440631882723153e+02
3.069323699454357346e+00	1.443665349128781088e+02
3.075610692642898769e+00	1.441637240714093764e+02
3.081893798009918584e+00	1.441320234131956965e+02
3.088174549548037717e+00	1.440147334677731124e+02
3.094458635632868493e+00	1.439754469124457614e+02
3.100743982931558840e+00	1.439843021599487543e+02
3.107028111748448396e+00	1.439875545788654279e+02
3.113309299655494300e+00	1.439389579706996187e+02
3.119590662867241626e+00	1.439156132649277708e+02
3.125874006820172912e+00	1.439110602492924045e+02
3.132159251154602586e+00	1.439278218262599580e+02
3.138439172765940643e+00	1.439105484205563528e+02
3.144723867719826593e+00	1.442192339515743811e+02
3.151003951258561031e+00	1.441449899943602588e+02
3.157283664131563139e+00	1.443319175325733283e+02
3.163569317183839935e+00	1.441431955835988958e+02
3.169851661717792091e+00	1.443816176531097142e+02
3.176137704316093657e+00	1.445499199580617926e+02
3.182420924828643916e+00	1.443107059657529305e+02
3.188702811875577581e+00	1.443797565691217812e+02
3.194990520008989865e+00	1.446536487370416353e+02
3.201275324656983834e+00	1.445537326646099814e+02
3.207551352179861759e+00	1.450276517014553121e+02
3.213835216737041645e+00	1.449265364701396379e+02
3.220122579819103770e+00	1.447603273181086081e+02
3.226406606618656525e+00	1.446380343175247560e+02
3.232687390085645429e+00	1.441503754470473098e+02
3.238969121280456331e+00	1.441683332442883625e+02
3.245254751548589667e+00	1.435399040230048797e+02
3.251534499036136783e+00	1.433088458817770174e+02
3.257817780791052442e+00	1.430390155224219484e+02
3.264102164154097263e+00	1.425918593024806569e+02
3.270384152138468892e+00	1.422745914029394783e+02
3.276669427476867735e+00	1.420723136702925160e+02
3.282954688864507808e+00	1.417953440917973751e+02
3.289237200334947264e+00	1.415557178629980228e+02
3.295519587088236779e+00	1.412600445612724513e+02
3.301805977329951958e+00	1.410056905311371338e+02
3.308087486222440088e+00	1.405292327151453549e+02
3.314367630234227313e+00	1.402009647141470339e+02
3.320651909732194262e+00	1.399848387215453442e+02
3.326931260376857047e+00	1.398647845973337951e+02
3.333216512447217728e+00	1.394907429370615830e+02
3.339504489419978128e+00	1.389382720481994795e+02
3.345786804809928405e+00	1.389385156322639432e+02
3.352071130016277767e+00	1.386204688325899497e+02
3.358351496304225581e+00	1.384985491605451102e+02
3.364630591073392019e+00	1.381814452119394900e+02
3.370916305215045483e+00	1.377966238078877552e+02
3.377197952029413752e+00	1.375119610838037829e+02
3.383483063818085501e+00	1.371105632481457235e+02
3.389769992424469969e+00	1.371828987987136088e+02
3.396051330885982100e+00	1.368377360658449788e+02
3.402330879139463971e+00	1.367113359880564474e+02
3.408610488352048495e+00	1.363922633295573803e+02
3.414897837696641236e+00	1.360400407379025580e+02
3.421180484052105619e+00	1.358268379915462560e+02
3.427461639653846870e+00	1.357245973915327966e+02
3.433749159643459059e+00	1.354410607640963917e+02
3.440032646656798310e+00	1.351108083930321868e+02
3.446313366033385339e+00	1.347931503844273209e+02
3.452600135384134905e+00	1.347876827964646793e+02
3.458883152815406703e+00	1.345096185479411304e+02
3.465163834403715448e+00	1.341872563575496429e+02
3.471449329786229221e+00	1.339935879822927518e+02
3.477734476754053894e+00	1.338157297048523446e+02
3.484019652467224226e+00	1.336035266070426530e+02
3.490297019369712928e+00	1.333738213635088243e+02
3.496582486484379970e+00	1.331666343590390795e+02
3.502868048046865024e+00	1.328963085795237191e+02
3.509144649545451244e+00	1.324550287057623166e+02
3.515428082003116295e+00	1.325611042366694790e+02
3.521711031624695565e+00	1.321830747545115798e+02
3.527991850954735664e+00	1.322625072292764798e+02
3.534275545726699885e+00	1.320435722503935096e+02
3.540562632020772149e+00	1.317414565156705635e+02
3.546844410757220789e+00	1.314019454153654749e+02
3.553131386753758836e+00	1.313303301619768320e+02
3.559419203211965144e+00	1.312766221607701027e+02
3.565697971577579839e+00	1.308526531407507889e+02
3.571979559134798254e+00	1.307986314762776487e+02
3.578265774595833726e+00	1.306411807222984010e+02
3.584548309769353125e+00	1.306450954290946811e+02
3.590826843920031486e+00	1.302576826811414321e+02
3.597107306745233934e+00	1.301229856319871772e+02
3.603392831792229245e+00	1.299085568504533228e+02
3.609673209822572559e+00	1.297265461680709677e+02
3.615955412133016189e+00	1.296116765937386219e+02
3.622241607772384686e+00	1.295946444487830149e+02
3.628520252736676444e+00	1.293590882207221853e+02
3.634804827569451113e+00	1.292324458859381195e+02
3.641094981788862928e+00	1.289077854072535843e+02
3.647383514928639325e+00	1.288741157329724558e+02
3.653663283927725658e+00	1.287459099413404147e+02
3.659943504072155296e+00	1.285255158183642834e+02
3.666232000281138603e+00	1.284805730850420105e+02
3.672514211678317597e+00	1.278036150226413810e+02
3.678794154686042539e+00	1.282583749562961088e+02
3.685078621861909820e+00	1.280278902273531116e+02
3.691359210097977961e+00	1.280156831681743483e+02
3.697642368173791105e+00	1.277141730444852925e+02
3.703925796735277665e+00	1.275985066535644705e+02
3.710208240364660348e+00	1.278592475243933677e+02
3.716494593122387169e+00	1.274968499248116700e+02
3.722775386659595398e+00	1.274089062693574874e+02
3.729058392883481510e+00	1.272580425444323140e+02
3.735339748210807720e+00	1.272600262349413214e+02
3.741620776392969638e+00	1.269831043520461122e+02
3.747904795418762980e+00	1.269112559188639722e+02
3.754190633281219380e+00	1.269138165138679284e+02
3.760478208018912749e+00	1.268122553995696506e+02
3.766755538573464346e+00	1.267979586897037052e+02
3.773032090135151506e+00	1.265093893815735129e+02
3.779322553012896879e+00	1.266926082208715627e+02
3.785609109731308930e+00	1.264960145698957206e+02
3.791889825936295200e+00	1.261845434636135082e+02
3.798174822702435893e+00	1.265104041516011648e+02
3.804458658753491651e+00	1.263445901364584216e+02
3.810738438095723435e+00	1.263501971338196768e+02
3.817018850285747167e+00	1.260795105773932647e+02
3.823305314209427763e+00	1.259009518384731905e+02
3.829591295197792178e+00	1.261767768606429030e+02
3.835872296070849341e+00	1.259768176293106308e+02
3.842156279590906109e+00	1.261568214657784353e+02
3.848441511099312429e+00	1.261220991479834197e+02
3.854723334376886079e+00	1.258323016634217169e+02
3.861004740704794713e+00	1.259852251118592932e+02
3.867284336650660848e+00	1.256773683536332129e+02
3.873567367678779849e+00	1.257190086814346586e+02
3.879850662830422792e+00	1.256779230265109675e+02
3.886137063198143338e+00	1.256929404201901264e+02
3.892419463049126005e+00	1.257962317403964079e+02
3.898703740328622658e+00	1.257014336465404369e+02
3.904991458788179326e+00	1.257731451281771484e+02
3.911270842222104083e+00	1.259369998129196944e+02
3.917549806479573071e+00	1.257260159772700518e+02
3.923836006203090587e+00	1.256359449088852358e+02
3.930121452497870926e+00	1.257864461524312674e+02
3.936398172858230460e+00	1.258437772470625760e+02
3.942683040425962293e+00	1.258392570928833294e+02
3.948974759704379611e+00	1.257995393843982157e+02
3.955259227995065352e+00	1.257657352037975613e+02
3.961537174921395454e+00	1.260290984114270429e+02
3.967820217617139544e+00	1.261175393145349233e+02
3.974105559832568968e+00	1.260220263138684373e+02
3.980384727931198352e+00	1.257329271319981530e+02
3.986664590839849698e+00	1.260137551036008574e+02
3.992949619150675034e+00	1.259116576244560264e+02
3.999235075769965952e+00	1.261040116422852719e+02
4.005515715515433506e+00	1.258231234421922551e+02
4.011798434346478537e+00	1.265342647859164202e+02
4.018083716245132386e+00	1.263600699637784857e+02
4.024365700052603856e+00	1.266831648839397957e+02
4.030643960839860540e+00	1.266052993027402493e+02
4.036928708926215137e+00	1.265017828920241101e+02
4.043218157412017177e+00	1.264995741680636314e+02
4.049503019487663558e+00	1.267462232359166592e+02
4.055781898960511000e+00	1.270251415287637826e+02
4.062060795621602161e+00	1.268319973418738158e+02
4.068347865354716042e+00	1.271843520633940727e+02
4.074631027173265529e+00	1.273841158258948383e+02
4.080910837526078971e+00	1.274291836086746912e+02
4.087201203341442657e+00	1.274340809596111228e+02
4.093486818591942189e+00	1.274892418021310050e+02
4.099764387336505500e+00	1.280551655551979024e+02
4.106049166937662420e+00	1.278960558899052131e+02
4.112334559041358695e+00	1.280938179511342412e+02
4.118618926059533614e+00	1.283260227018384967e+02
4.124898942031112625e+00	1.281605896365427952e+02
4.131175432561665417e+00	1.285733883146091614e+02
4.137461563786142271e+00	1.287857647505988439e+02
4.143746006210170307e+00	1.286514002214138372e+02
4.150029800482964326e+00	1.290156245576955598e+02
4.156313390684649001e+00	1.290546933490147126e+02
4.162596105843763716e+00	1.292640621428547263e+02
4.168881843141768684e+00	1.293326020955214517e+02
4.175162111073220217e+00	1.298213435813025569e+02
4.181448573417560155e+00	1.299171363292856256e+02
4.187738782464171194e+00	1.300895475089942011e+02
4.194017437180169061e+00	1.303258201879922069e+02
4.200293572701767175e+00	1.303954549277593742e+02
4.206580195481546269e+00	1.307844836176055594e+02
4.212860644652220543e+00	1.310555278148640923e+02
4.219138153430114002e+00	1.312046465718848367e+02
4.225426162098283811e+00	1.316384884620895264e+02
4.231713506719782636e+00	1.316742381180412735e+02
4.237990056577191744e+00	1.319852909030998376e+02
4.244267783646744618e+00	1.320499402579822288e+02
4.250560660182562955e+00	1.322916088730525814e+02
4.256847734842668096e+00	1.325247744323425820e+02
4.263127100734456221e+00	1.328983882912089314e+02
4.269406860432507500e+00	1.332586724917535719e+02
4.275691671482192646e+00	1.332418160833292404e+02
4.281972414189518794e+00	1.337685619696074468e+02
4.288253516806755705e+00	1.338144080834042313e+02
4.294540520160492925e+00	1.339798657608731958e+02
4.300825742921731809e+00	1.344293774780052217e+02
4.307109835491901961e+00	1.345172053733844564e+02
4.313390926478413157e+00	1.350610456560423813e+02
4.319667979480563247e+00	1.352324787449379642e+02
4.325952598143786076e+00	1.355098086752845177e+02
4.332241647035422361e+00	1.357324198793221512e+02
4.338524445619096781e+00	1.363560148463919006e+02
4.344809348131129845e+00	1.364024066303100824e+02
4.351090699193166600e+00	1.365458046287664331e+02
4.357369710808320029e+00	1.368821561051737490e+02
4.363659348967174445e+00	1.372487293159295518e+02
4.369947418280990981e+00	1.372802839148714042e+02
4.376226569265827315e+00	1.379066166375739044e+02
4.382499356631129217e+00	1.382227461301456515e+02
4.388784975178015024e+00	1.383142254486026559e+02
4.395068696309480494e+00	1.384833277023765845e+02
4.401347962382031298e+00	1.390020656397382481e+02
4.407628405096517099e+00	1.385253700084451509e+02
4.413915862185140426e+00	1.391612551161420015e+02
4.420203163534264235e+00	1.396878295954297755e+02
4.426480311003382795e+00	1.396564107960850265e+02
4.432765973643649104e+00	1.402111045060368042e+02
4.439053392023870614e+00	1.397989605384402125e+02
4.445336141335588742e+00	1.405417115286346643e+02
4.451617241414883352e+00	1.403839401014356270e+02
4.457901500730311106e+00	1.407190325136471074e+02
4.464189501093017043e+00	1.406392985614931206e+02
4.470470197548729985e+00	1.411146993352067796e+02
4.476748044268524573e+00	1.408776909882105315e+02
4.483035990164653484e+00	1.411325722336771378e+02
4.489323331650528104e+00	1.410176312395417426e+02
4.495599111667934800e+00	1.414544583988544844e+02
4.501870922878794090e+00	1.410120096766505640e+02
4.508155162877705457e+00	1.409705264274189744e+02
4.514446451153479423e+00	1.410373904111758065e+02
4.520723894043856994e+00	1.408412372768502792e+02
4.527003782460155890e+00	1.405991448129861965e+02
4.533293086610313161e+00	1.403147925778579008e+02
4.539578989864040182e+00	1.400895889301530133e+02
4.545857164866476730e+00	1.397818237563469665e+02
4.552138955546025656e+00	1.399949194546671833e+02
4.558432046889146605e+00	1.395302217201846702e+02
4.564713463378488711e+00	1.393790895681870268e+02
4.570987274133244682e+00	1.390157935986518680e+02
4.577274818151045643e+00	1.388920070882258528e+02
4.583563263889338657e+00	1.387448732779089084e+02
4.589844917004465508e+00	1.386874616710657904e+02
4.596126259982004747e+00	1.389012232917445147e+02
4.602409075598298926e+00	1.388469144616021254e+02
4.608696634867644804e+00	1.391456844184873205e+02
4.614977646498861219e+00	1.389851742400662147e+02
4.621258953029527383e+00	1.386948243252888915e+02
4.627547993978874175e+00	1.387323684586388310e+02
4.633830152730579854e+00	1.390189006240812830e+02
4.640104005367354567e+00	1.394619882037393097e+02
4.646382060386754276e+00	1.388050849038427828e+02
4.652674213731970987e+00	1.391359686736219885e+02
4.658958291796220230e+00	1.389849288406807091e+02
4.665233615070169648e+00	1.394693663757083755e+02
4.671520675710307380e+00	1.397420697297398817e+02
4.677814351732177300e+00	1.397494739713439174e+02
4.684093699744638073e+00	1.399830172299199376e+02
4.690368661472568590e+00	1.397072189579269264e+02
4.696663270746453733e+00	1.398927511949795246e+02
4.702945459248681459e+00	1.405053202991844330e+02
4.709209170841929470e+00	1.407927337021761787e+02
4.715491634753063543e+00	1.401644725685954995e+02
4.721784316284933780e+00	1.410089159162719454e+02
4.728063062331094635e+00	1.412046887254347212e+02
4.734337423381671073e+00	1.411700706977440234e+02
4.740627024094544062e+00	1.419394076474635824e+02
4.746914995664547554e+00	1.418248889586711243e+02
4.753194740071086777e+00	1.426823051456091491e+02
4.759478891864783456e+00	1.423846586850738731e+02
4.765762396877359031e+00	1.425327105704079145e+02
4.772049481246195768e+00	1.435725087869855656e+02
4.778335091022592351e+00	1.431381389752231996e+02
4.784610831402393849e+00	1.435298385402814745e+02
4.790907306208476157e+00	1.434684636443873842e+02
4.797204047706418173e+00	1.444766817949671633e+02
4.803470827697504220e+00	1.442418776739036446e+02
4.809748850577324042e+00	1.450723319223640431e+02
4.816045316586602176e+00	1.453682180335006535e+02
4.822329240673497885e+00	1.457143573127529521e+02
4.828596758226470165e+00	1.454753976143684895e+02
4.834890332961369275e+00	1.469184325834094409e+02
4.841191655056394261e+00	1.468107064468809426e+02
4.847460407468000554e+00	1.473755794521912321e+02
4.853732128521334843e+00	1.475526239679232958e+02
4.860029138783373170e+00	1.471577704211865125e+02
4.866314601732018019e+00	1.475192924925785860e+02
4.872587026269203925e+00	1.489221601716770351e+02
4.878874221748241702e+00	1.489291392939329342e+02
4.885171078138658807e+00	1.501052708802800169e+02
4.891450629931857641e+00	1.506152877148254845e+02
4.897716482750221978e+00	1.506563599959032729e+02
4.904002834596266069e+00	1.503960840848534701e+02
4.910295858205786068e+00	1.519340772322403836e+02
4.916575188115905881e+00	1.519183837036595719e+02
4.922847946197084212e+00	1.529518742324773086e+02
4.929131667457151700e+00	1.526199153565993925e+02
4.935434460144239033e+00	1.538363687582211696e+02
4.941718513303545279e+00	1.540627815750505931e+02
4.947978624761803168e+00	1.536645124782075413e+02
4.954274999209829389e+00	1.556908501184705926e+02
4.960571094729937514e+00	1.564492915620241149e+02
4.966823207626954506e+00	1.565445180471159858e+02
4.973097418390337587e+00	1.576260737658984681e+02
4.979415129936382023e+00	1.572328811413236735e+02
4.985702082330368157e+00	1.584930897864190342e+02
4.991949985828016523e+00	1.586342020710962402e+02
4.998241586316924057e+00	1.601423019491078605e+02
5.004556635606089543e+00	1.606673069951923765e+02
5.010828655701208945e+00	1.610122134967338070e+02
5.017077229702536556e+00	1.626400796108087263e+02
5.023374414758113637e+00	1.624199888844403006e+02
5.029688873569548413e+00	1.645216578626091462e+02
5.035958413584124216e+00	1.640477959220471575e+02
5.042232667658486989e+00	1.664212522428842362e+02
5.048528755870775875e+00	1.665208719599725953e+02
5.054821121427484520e+00	1.665761699348993830e+02
5.061069509814582368e+00	1.680284785444253544e+02
5.067347812754101177e+00	1.682031073197234150e+02
5.073675050630431116e+00	1.701322729818907078e+02
5.079945928388977627e+00	1.706756368247444868e+02
5.086192992546071601e+00	1.720675707675197827e+02
5.092484128970163226e+00	1.720288208311561391e+02
5.098802924706086870e+00	1.718751065088085568e+02
5.105078217426394005e+00	1.745095365286800870e+02
5.111325076574067872e+00	1.747777195004288444e+02
5.117628358851224135e+00	1.756915147876770504e+02
5.123935939383525984e+00	1.773171084099886627e+02
5.130199176325612065e+00	1.785995003041299469e+02
5.136469985878846956e+00	1.785394165274168756e+02
5.142797788696348071e+00	1.804771013958155663e+02
5.149090378043822192e+00	1.822323057328198672e+02
5.155289879840074363e+00	1.828756155957297551e+02
5.161564521234301317e+00	1.835436932218467234e+02
5.167916673496016244e+00	1.847607377491352167e+02
5.174205974602950064e+00	1.870831429719023902e+02
5.180434820793812456e+00	1.869950874427567555e+02
5.186729096569634656e+00	1.901667764125811857e+02
5.193058481037780894e+00	1.891838465057013536e+02
5.199319511444338460e+00	1.923008614859040506e+02
5.205574295584361799e+00	1.934610476623006434e+02
5.211894977074066126e+00	1.949176102218609969e+02
5.218201708336958511e+00	1.965848974615347231e+02
5.224411911780083351e+00	1.982088248132676824e+02
5.230677632666463239e+00	2.004032209898245469e+02
5.237056729559757429e+00	2.018628418054537121e+02
5.243336785035660697e+00	2.041274527971131079e+02
5.249493476178225038e+00	2.059854595539809736e+02
5.255787017738318134e+00	2.058168021727221060e+02
5.262205327426889845e+00	2.088376241391642338e+02
5.268477758348532269e+00	2.086831442040611080e+02
5.274632213654732560e+00	2.111079301305022113e+02
5.280950543314659740e+00	2.147469669155942711e+02
5.287327645024750389e+00	2.151176396508552102e+02
5.293582359180156516e+00	2.158695275604603978e+02
5.299789992649893478e+00	2.174733745361825186e+02
5.306111460381987222e+00	2.194363612660790182e+02
5.312452717892129250e+00	2.238290173264023792e+02
5.318650122853046724e+00	2.273024944387999540e+02
5.324923043129819789e+00	2.270163130457974887e+02
5.331330237158205421e+00	2.316400979190453313e+02
5.337586726886338617e+00	2.304800419553402264e+02
5.343685192440848830e+00	2.327610969508861842e+02
5.350070659715249199e+00	2.321891169065762597e+02
5.356556762554878226e+00	2.358048005829677720e+02
5.362691868684501095e+00	2.381823986334919141e+02
5.368769208912516966e+00	2.417570554343851370e+02
5.375270137997677722e+00	2.467123676258798071e+02
5.381769983045385786e+00	2.448715070344823630e+02
5.387701030372958222e+00	2.464966016734708205e+02
5.393786668001271600e+00	2.499112809765577197e+02
5.400446161099396569e+00	2.533769025417026626e+02
5.406957063684501463e+00	2.563390216138358824e+02
5.412655672453426270e+00	2.601323441124711167e+02
5.418821279260546575e+00	2.618060498913791889e+02
5.425690594366304076e+00	2.663040462704258857e+02
5.432217487502165376e+00	2.727227245063413079e+02
5.437649811577258241e+00	2.778001913857349336e+02
5.443914404015878006e+00	2.776391667027088488e+02
5.450953501686320202e+00	2.700133719278259150e+02
5.457483690405861232e+00	2.851003511757610909e+02
5.462715250135157241e+00	2.762691734966754211e+02
5.469033575551323523e+00	2.859765408496899681e+02
5.476177730420278778e+00	2.901520068899149578e+02
5.482708935702562236e+00	3.050468021871900532e+02
5.487722405008360838e+00	2.978941560497129899e+02
5.494194284996126498e+00	2.967813959075963339e+02
5.501391471009256406e+00	3.025607079409967923e+02
5.507128202673079009e+00	3.286866095206184468e+02
5.512278020050448646e+00	3.374391322585099715e+02
5.519395563377015534e+00	3.110076535886425404e+02
5.526598678609708770e+00	3.051557193589783310e+02
5.532162682462509196e+00	3.111764625463601419e+02
5.537397124017139127e+00	3.223097919576645722e+02
5.544582756485218589e+00	3.338860986995234725e+02
5.551739327507637434e+00	3.847476017124700434e+02
5.557493306674907707e+00	3.054186505530569207e+02
5.562281709102816940e+00	4.485235379301885814e+02
5.569272720323164449e+00	3.870828171715269832e+02
