8.899641224696953554e-03	4.603733623011293093e+04
1.507912216506557788e-02	6.469586817157646146e+04
2.144790186456836667e-02	4.967556642141881457e+04
2.783660776489276650e-02	3.569939855311695283e+04
3.435099785803411021e-02	2.674068850166317861e+04
4.047886761425745911e-02	2.448071535686688003e+04
4.676716683575679601e-02	1.921442128759363914e+04
5.308225101765951665e-02	1.750340453306540076e+04
5.945362440940590160e-02	1.588242667566517594e+04
6.576224814588792211e-02	1.288771464323303371e+04
7.196632906698736953e-02	1.170208203357199091e+04
7.827860915688347743e-02	1.094364932816311011e+04
8.470398945834539672e-02	9.509258256350989541e+03
9.096854620527369817e-02	8.670785740217017519e+03
9.720789776830213169e-02	7.479140579203605739e+03
1.034763038959366499e-01	6.693469784250647535e+03
1.097576444254559219e-01	6.175780797336527030e+03
1.160543084780093354e-01	5.731521277103984175e+03
1.223669666537485351e-01	5.376550296122280997e+03
1.286817263090294094e-01	5.203601301350668109e+03
1.349500801664080818e-01	4.854039278917321099e+03
1.411949558842147678e-01	4.521770014504779283e+03
1.475133575747468451e-01	4.083556580255578410e+03
1.537865074252268427e-01	3.798011950527628869e+03
1.600657544051110326e-01	3.658026773140957175e+03
1.663991168687080635e-01	3.373906469716233460e+03
1.727195645776442856e-01	3.210116571019725143e+03
1.789765213377084718e-01	3.027543446424483136e+03
1.852353690647852158e-01	2.959341047137876558e+03
1.914806787341157279e-01	2.793478402494188686e+03
1.977889868651535599e-01	2.649286990952279666e+03
2.040937735447724277e-01	2.587600563925966526e+03
2.103939302609846018e-01	2.446475097293085582e+03
2.166909709822301688e-01	2.383121356148337327e+03
2.229700281216152047e-01	2.312269671619646488e+03
2.292620027086341994e-01	2.134104825360468112e+03
2.355141508366812297e-01	2.104742851164623971e+03
2.417910583817859116e-01	2.050731475053980830e+03
2.480856539439619257e-01	1.953472127723093990e+03
2.543492256872954549e-01	1.886138012305470966e+03
2.606334251884805386e-01	1.823425584576276833e+03
2.669257370896960802e-01	1.782857903144968759e+03
2.732423343141155980e-01	1.713949242590789709e+03
2.795529680084415936e-01	1.688836712823293510e+03
2.858366292314493129e-01	1.651415055282583126e+03
2.920876271394311496e-01	1.602144182550962569e+03
2.983449844439822751e-01	1.551168704958405442e+03
3.046382639407197446e-01	1.497906875487818525e+03
3.109279127003197196e-01	1.471556972311641175e+03
3.172168171618398036e-01	1.434565717086660243e+03
3.235187567944423082e-01	1.381843681260779022e+03
3.298168217550395687e-01	1.384955933800272305e+03
3.361176429457156667e-01	1.323477214375379390e+03
3.423700375709273769e-01	1.304322263065565494e+03
3.486478192666269682e-01	1.279891029582644705e+03
3.549411614411318028e-01	1.247066610910210784e+03
3.611916935421040642e-01	1.239594448511599694e+03
3.674767089563572564e-01	1.209421708795286577e+03
3.737647795277591056e-01	1.178261829299443889e+03
3.800654031475132477e-01	1.167169677893801008e+03
3.863539861259823738e-01	1.130718390184149484e+03
3.926140181364449755e-01	1.117518882562546878e+03
3.989264500321934581e-01	1.104925718060988629e+03
4.052073244576828714e-01	1.070858607669340017e+03
4.114916477570477182e-01	1.065605663388076209e+03
4.177814272116491257e-01	1.043921850769641196e+03
4.240400648725131116e-01	1.026959724698367836e+03
4.303425690270192283e-01	1.016802205111092007e+03
4.366358560255625965e-01	9.932929739713661093e+02
4.428996183220763605e-01	9.754613841566580277e+02
4.491634418529859563e-01	9.611478645923771182e+02
4.554414146254732731e-01	9.547779326068711043e+02
4.617634470301058558e-01	9.273569139710881473e+02
4.680644242023710433e-01	9.202760145157836860e+02
4.743485242764365895e-01	9.046232202522044190e+02
4.806356136815400082e-01	8.940621733720889779e+02
4.869019258388697646e-01	8.775199047046423857e+02
4.931697099599955947e-01	8.663838717194615811e+02
4.994506747144535908e-01	8.486770040077951762e+02
5.057159051335421429e-01	8.472360785168331176e+02
5.119923996268095356e-01	8.425078545225176185e+02
5.183126097768406826e-01	8.221278767346080940e+02
5.246089638029100000e-01	8.095989201830604998e+02
5.308757308483337267e-01	8.088868186815984700e+02
5.371573527946726934e-01	7.992885781052808625e+02
5.434579563783791256e-01	7.869112752756476539e+02
5.497430652392217842e-01	7.721240139083578242e+02
5.559937427501778773e-01	7.672623320894449535e+02
5.622854676609657654e-01	7.641003473847310943e+02
5.686011537227265711e-01	7.468986374622151061e+02
5.748804589422079614e-01	7.396650121690303195e+02
5.811550210340560296e-01	7.323559950827949478e+02
5.874394496660968468e-01	7.272274069159267356e+02
5.937176220296899176e-01	7.137657973068960473e+02
5.999971954793682505e-01	7.092320620031058525e+02
6.062679115124277596e-01	7.017117376740086456e+02
6.125469576444534381e-01	6.938321378402245045e+02
6.188477733041515272e-01	6.856003022117165528e+02
6.251310567437898813e-01	6.825473549061392760e+02
6.314027450383210560e-01	6.737086343362757361e+02
6.377003562732055375e-01	6.681112498421923647e+02
6.439857783314556494e-01	6.566398467548283406e+02
6.502685417166111925e-01	6.537097758659634792e+02
6.565586117699038216e-01	6.413168185083848130e+02
6.628369282359254377e-01	6.411106905945213157e+02
6.691185444962194362e-01	6.364572035677148278e+02
6.754070198575605755e-01	6.279205005222634099e+02
6.816835514593204692e-01	6.209290403857506817e+02
6.879592533861698112e-01	6.157174952616026076e+02
6.942344317039531587e-01	6.124490100067074536e+02
7.005175402434737908e-01	6.024149501788486987e+02
7.068124956608716758e-01	5.989893165648186368e+02
7.131019009674921527e-01	5.951772677609098992e+02
7.193918251171427247e-01	5.902228916039166506e+02
7.256833807598113140e-01	5.850023398350749630e+02
7.319652682709349989e-01	5.765106252667271747e+02
7.382507990484923344e-01	5.697484556590718512e+02
7.445265842115937893e-01	5.676229163108637294e+02
7.507871101942712455e-01	5.625915910532412454e+02
7.570758465316046459e-01	5.556047442179041127e+02
7.633641233600957365e-01	5.554590380059164545e+02
7.696462959862266917e-01	5.511515578502720700e+02
7.759394865175414102e-01	5.450505559780503972e+02
7.822329141989586843e-01	5.409716650852601560e+02
7.885314936520240181e-01	5.355237291668473745e+02
7.947896566979522071e-01	5.328386039053639252e+02
8.010491096592354809e-01	5.262896456664757352e+02
8.073364061727361651e-01	5.228820083804736214e+02
8.136229488373866170e-01	5.171044862815460874e+02
8.199152998961036776e-01	5.115534344208098219e+02
8.261952636392789762e-01	5.106401660655812407e+02
8.324897070080405914e-01	5.078563648993275592e+02
8.387959309210778480e-01	5.045262339867671812e+02
8.450634639703045181e-01	4.984350473156627572e+02
8.513282867562648182e-01	4.973030652673706982e+02
8.576198263902009566e-01	4.901183011958222551e+02
8.639058477062415697e-01	4.865061883856683380e+02
8.701838745487597837e-01	4.842814510018345686e+02
8.764641096075268534e-01	4.788845584293465549e+02
8.827503873399735745e-01	4.770547367671063625e+02
8.890332768393869323e-01	4.729826808568605543e+02
8.953084247113127780e-01	4.706146366083445969e+02
9.015956521667095602e-01	4.657297651656082849e+02
9.078833328094829680e-01	4.625688649215546207e+02
9.141744106319863450e-01	4.572534284466642021e+02
9.204630817717615043e-01	4.559099176819144645e+02
9.267434415264711456e-01	4.529833932348074654e+02
9.330324197354928906e-01	4.472591128781339194e+02
9.393265785573878812e-01	4.456421838264434427e+02
9.455974810398196650e-01	4.407417364003345597e+02
9.518660018545171964e-01	4.368563239421636126e+02
9.581413255531838757e-01	4.335039693081448604e+02
9.644350945109106954e-01	4.304855526970126789e+02
9.707355633568249820e-01	4.289095119814034547e+02
9.770080768450029041e-01	4.274544713727016756e+02
9.832823325363413414e-01	4.249065237602159755e+02
9.895569691966674686e-01	4.202508755696139815e+02
9.958456301921106979e-01	4.168298408938947546e+02
1.002136210743837408e+00	4.140412515729278198e+02
1.008404825335135424e+00	4.126799796820617985e+02
1.014694149836243398e+00	4.053704924100638323e+02
1.020992555437297167e+00	4.053437196079910336e+02
1.027273980437394485e+00	4.021964631204191960e+02
1.033559181896017254e+00	4.016007203164924704e+02
1.039847557392594934e+00	3.977571437309611611e+02
1.046126974943305088e+00	3.941490223053889963e+02
1.052403436811028659e+00	3.911117442404726603e+02
1.058680704651608684e+00	3.905074068326304655e+02
1.064964333065789193e+00	3.881103411950936106e+02
1.071256777440835473e+00	3.854183310061088719e+02
1.077544048801078125e+00	3.833355165597020573e+02
1.083824820188043603e+00	3.792416893013679555e+02
1.090108023942816695e+00	3.755569037302747688e+02
1.096389665956643222e+00	3.741282882110474475e+02
1.102681132058841440e+00	3.706840332215405738e+02
1.108963047594879958e+00	3.679204475521937070e+02
1.115225428463759272e+00	3.656247056421693173e+02
1.121502127614767863e+00	3.635221370954884037e+02
1.127792573824792033e+00	3.611134625977617247e+02
1.134089552668382961e+00	3.590185086027212833e+02
1.140364049650405942e+00	3.568907704405954178e+02
1.146639180320979445e+00	3.540381010296521822e+02
1.152942412991649901e+00	3.525758149153054433e+02
1.159228906751078814e+00	3.499230119095380473e+02
1.165508721887268173e+00	3.476015395604853779e+02
1.171793076256210320e+00	3.455428888129124516e+02
1.178087436369658958e+00	3.440884364179519821e+02
1.184367654251526902e+00	3.412897485670910669e+02
1.190634642299266632e+00	3.394856598089229465e+02
1.196912208834400859e+00	3.367956019588797858e+02
1.203201577354146234e+00	3.352687873514767603e+02
1.209486844441705733e+00	3.335991092391886923e+02
1.215763902074809888e+00	3.302077263090818064e+02
1.222049755171146668e+00	3.271715337815982139e+02
1.228340616621486969e+00	3.276787729257829938e+02
1.234632986576932767e+00	3.251705707688079201e+02
1.240902247176856488e+00	3.222660772968587821e+02
1.247174839144687519e+00	3.211750164468148228e+02
1.253465459933442272e+00	3.185475960925122649e+02
1.259749951892178421e+00	3.176959077867350629e+02
1.266032143127253873e+00	3.146187820552087260e+02
1.272316288472006507e+00	3.133574260106595943e+02
1.278604155058621350e+00	3.101659139230238225e+02
1.284886588933593865e+00	3.092926090955778022e+02
1.291175420066583257e+00	3.069186146911492870e+02
1.297465726373772332e+00	3.043824128963011617e+02
1.303741827011944299e+00	3.029963710208372731e+02
1.310017322922761851e+00	3.013012540393843324e+02
1.316301447662886703e+00	2.995864647386773072e+02
1.322586760363303249e+00	2.979537704829982658e+02
1.328865492452874664e+00	2.964343219140429255e+02
1.335144804954555564e+00	2.939563514225625909e+02
1.341440516272275119e+00	2.917474835278585488e+02
1.347730868417094552e+00	2.906032883280287251e+02
1.354001589994877630e+00	2.887544994210990694e+02
1.360282609297778444e+00	2.874162828701588523e+02
1.366565686457597906e+00	2.854410779531910407e+02
1.372851498482432708e+00	2.842823178224949743e+02
1.379135372929401804e+00	2.822525362838679825e+02
1.385409567149057164e+00	2.814967031003434954e+02
1.391698641219299315e+00	2.785266698820618103e+02
1.397984451439470810e+00	2.783186284609403742e+02
1.404267883409181961e+00	2.757266319269352834e+02
1.410554779484869181e+00	2.736912426203315363e+02
1.416837833547465397e+00	2.723775805409708823e+02
1.423118177187137068e+00	2.711941498023270469e+02
1.429397801164240089e+00	2.693192864758962060e+02
1.435686921822787232e+00	2.679296506968756262e+02
1.441977121769299597e+00	2.661892967464287949e+02
1.448253667853332427e+00	2.654064944418090022e+02
1.454532348972172651e+00	2.628542230537935893e+02
1.460819319151879903e+00	2.620266673512329589e+02
1.467110364402026468e+00	2.608265576390407432e+02
1.473392908948962132e+00	2.595336326478330875e+02
1.479669965243598950e+00	2.575677587904020243e+02
1.485956144602843532e+00	2.558992274761447163e+02
1.492233610763115115e+00	2.548886649763623780e+02
1.498502470379980078e+00	2.538897220766390035e+02
1.504785752051182701e+00	2.518994228272972862e+02
1.511075991894575976e+00	2.502080138175734021e+02
1.517361634985162189e+00	2.494664866741299534e+02
1.523648570969130533e+00	2.469237541176976549e+02
1.529938035715892264e+00	2.462924545929809597e+02
1.536230176913891965e+00	2.440635824393190774e+02
1.542510718779388279e+00	2.439308374794940164e+02
1.548783963082980275e+00	2.419231218367302461e+02
1.555073069779651318e+00	2.401946875082664121e+02
1.561357324927233892e+00	2.392195988156420299e+02
1.567629121053141006e+00	2.382552240287024006e+02
1.573913697404382583e+00	2.367760129016920132e+02
1.580203545230874029e+00	2.356288993610396005e+02
1.586485393434537983e+00	2.340513626514533598e+02
1.592760014263005841e+00	2.330767695435034739e+02
1.599046436394670812e+00	2.311821073499909858e+02
1.605342136637478934e+00	2.311416394162863526e+02
1.611619860919608627e+00	2.293865681797167611e+02
1.617897597081673799e+00	2.287652730252262359e+02
1.624183235481122756e+00	2.269782312440972873e+02
1.630464598531913722e+00	2.261454142425253053e+02
1.636748985747638274e+00	2.245894862594612107e+02
1.643030923698886259e+00	2.223947527838448650e+02
1.649309176648513064e+00	2.221409491409714008e+02
1.655593633940351861e+00	2.207472524664742934e+02
1.661879571405086464e+00	2.198617561571045655e+02
1.668169361685170271e+00	2.191609075614406095e+02
1.674450151530487485e+00	2.173098427607432086e+02
1.680722718978495900e+00	2.160907485977113822e+02
1.687013891340952476e+00	2.149707913535476962e+02
1.693308984907921033e+00	2.137333039069900167e+02
1.699582147428448486e+00	2.132378751545009834e+02
1.705863747055134105e+00	2.117196215878833527e+02
1.712154434283889470e+00	2.101324178343884341e+02
1.718438381579399321e+00	2.095249946141365172e+02
1.724721264464063930e+00	2.082283013919301027e+02
1.730997441276920679e+00	2.068484410029104765e+02
1.737287073528269499e+00	2.058559516855082734e+02
1.743567991878527401e+00	2.047645583889189709e+02
1.749840680212231048e+00	2.041783398710415725e+02
1.756128549091961144e+00	2.030877690295511684e+02
1.762413535324792502e+00	2.024963095291855097e+02
1.768696187669963837e+00	2.006194109874736853e+02
1.774979359379055266e+00	1.999247448071649274e+02
1.781265555576432957e+00	1.990767728892634238e+02
1.787549427830244619e+00	1.973666228072037541e+02
1.793834120011633004e+00	1.968250541982519337e+02
1.800115051552487300e+00	1.957158605896981385e+02
1.806393904854530330e+00	1.950469877778361933e+02
1.812674089667083432e+00	1.932932739064060854e+02
1.818956920109354058e+00	1.936008391167647460e+02
1.825244164118212220e+00	1.919708568396420389e+02
1.831527256642196955e+00	1.908092900958500877e+02
1.837811294935716599e+00	1.902741040843972939e+02
1.844100717411196744e+00	1.895422325764273808e+02
1.850384816792487230e+00	1.884762478239284178e+02
1.856666059735203822e+00	1.870551526274911112e+02
1.862947728675613979e+00	1.861956678489769956e+02
1.869229324466858078e+00	1.853428693632670559e+02
1.875517616802973686e+00	1.843290920069264871e+02
1.881800769033795229e+00	1.837058781234803746e+02
1.888078863416442710e+00	1.827489344631647441e+02
1.894353975182237582e+00	1.819331299085318676e+02
1.900642716154182565e+00	1.809991851469843311e+02
1.906933494748685121e+00	1.796453230944900668e+02
1.913207568676573933e+00	1.789623669419303837e+02
1.919490884732178992e+00	1.784041192266483051e+02
1.925776855684274480e+00	1.770705662814717698e+02
1.932064452961978152e+00	1.764912169575689518e+02
1.938342610030488800e+00	1.756599935010828801e+02
1.944618341543410178e+00	1.749467670952928415e+02
1.950906260203513876e+00	1.739847925203502541e+02
1.957194556613796488e+00	1.726897685328528951e+02
1.963479614559011432e+00	1.721502443634382189e+02
1.969760361532916226e+00	1.711337265456406556e+02
1.976048367034604736e+00	1.705106476234024058e+02
1.982337990217652335e+00	1.696922719628231562e+02
1.988617489259562721e+00	1.689839252068353517e+02
1.994896320665194178e+00	1.683905391548238129e+02
2.001179596222827151e+00	1.675287158553935285e+02
2.007459756923499761e+00	1.668090970091953977e+02
2.013737397779169935e+00	1.657663961475450378e+02
2.020017234677497164e+00	1.649698273314314747e+02
2.026310251015072783e+00	1.644169203106790462e+02
2.032600542948020284e+00	1.633015026702121304e+02
2.038873863192099289e+00	1.627131133102867011e+02
2.045154087821675404e+00	1.616451451851935985e+02
2.051444704514288730e+00	1.615675796760080800e+02
2.057730430280644729e+00	1.607625134082011016e+02
2.064013940455224461e+00	1.598434218838437175e+02
2.070299891179459895e+00	1.590764579347981567e+02
2.076589719964883951e+00	1.582945948190763090e+02
2.082865483794470673e+00	1.574019188245399903e+02
2.089134494859368640e+00	1.567677316655272364e+02
2.095424211360070288e+00	1.563150871007664193e+02
2.101707116664804254e+00	1.551536384143944360e+02
2.107986473933564309e+00	1.545544788788825485e+02
2.114271806543862375e+00	1.540719389586939485e+02
2.120552717288892275e+00	1.532299261336500251e+02
2.126836933207161717e+00	1.525652329845848953e+02
2.133122044791171845e+00	1.517587530387851587e+02
2.139411711910842673e+00	1.512059942531704451e+02
2.145697076775292089e+00	1.505161543717779580e+02
2.151973548606471276e+00	1.497586321687558950e+02
2.158259913555724108e+00	1.492531792917945097e+02
2.164545396699105506e+00	1.481281257488457470e+02
2.170830700377734068e+00	1.481864998327097283e+02
2.177114138849150393e+00	1.472243967199478050e+02
2.183387647576827018e+00	1.465187984809963950e+02
2.189670273687676971e+00	1.457607431526138555e+02
2.195960147934207463e+00	1.451229051129620586e+02
2.202242556317716371e+00	1.448048196445794247e+02
2.208521655981037668e+00	1.440393813426633471e+02
2.214804637081333016e+00	1.432942252050168008e+02
2.221092583349425276e+00	1.425978677200234301e+02
2.227372893591468728e+00	1.420013162131015179e+02
2.233657161144248171e+00	1.415864149299584938e+02
2.239943485394438660e+00	1.409139654675661291e+02
2.246224175264620815e+00	1.402948840738537797e+02
2.252506378421252009e+00	1.394863998839477688e+02
2.258783417054270437e+00	1.391613477107158872e+02
2.265069077371457684e+00	1.387525571743497892e+02
2.271350377044131452e+00	1.376593695462398728e+02
2.277633995145353918e+00	1.373430592658759508e+02
2.283922419579920149e+00	1.366213735685812765e+02
2.290202874392252674e+00	1.360053618953901662e+02
2.296490779970905560e+00	1.357545489465636877e+02
2.302771769934229162e+00	1.350645727668901372e+02
2.309051364164305564e+00	1.344649898802514087e+02
2.315338502539088239e+00	1.340471096926144128e+02
2.321627336503874428e+00	1.337255416461062509e+02
2.327911878297218795e+00	1.328479230591304088e+02
2.334186238580297168e+00	1.322021056326416328e+02
2.340467971862688401e+00	1.318347025415241376e+02
2.346756940970738725e+00	1.312927021420678670e+02
2.353044444556199988e+00	1.307645416915824796e+02
2.359327653314069906e+00	1.304198187997334628e+02
2.365603048789861607e+00	1.296855896434107649e+02
2.371885911737665165e+00	1.292412372843024855e+02
2.378173303594019572e+00	1.288725334715430222e+02
2.384454016539381271e+00	1.282336771555312964e+02
2.390736447344785187e+00	1.277618528813629268e+02
2.397014133897952259e+00	1.271070924710282100e+02
2.403295490074321972e+00	1.266101990512177053e+02
2.409585049672506862e+00	1.260150162443059969e+02
2.415871703165322071e+00	1.256704617561303934e+02
2.422160652369088840e+00	1.249370806419857303e+02
2.428440167222748691e+00	1.247566851033513728e+02
2.434717472383889803e+00	1.239777470731140170e+02
2.441002456202044257e+00	1.236546243306919024e+02
2.447289980304530488e+00	1.232529085973162637e+02
2.453571844729242279e+00	1.229176097704829829e+02
2.459852705114058846e+00	1.223046176526244295e+02
2.466139233225018934e+00	1.218957660874264235e+02
2.472421963421291391e+00	1.214717062467181847e+02
2.478698519174224568e+00	1.210348522439670234e+02
2.484980841400355800e+00	1.203836709543372478e+02
2.491269319409339822e+00	1.199812903135241555e+02
2.497548505139029373e+00	1.196780525330144371e+02
2.503831667172610853e+00	1.193666173518865179e+02
2.510117938323931153e+00	1.188613553759965953e+02
2.516400733681277480e+00	1.183026936194619338e+02
2.522688226833368130e+00	1.180326291071945661e+02
2.528971695852665569e+00	1.177290812999673335e+02
2.535252039407670299e+00	1.170385333211004877e+02
2.541537514142774512e+00	1.166892196040917327e+02
2.547823008847572179e+00	1.162900215831744504e+02
2.554100666580690238e+00	1.160129333618934027e+02
2.560376788884177301e+00	1.153005214666815448e+02
2.566667521601497359e+00	1.148066872270063072e+02
2.572955062237090473e+00	1.145967866563174340e+02
2.579233771797999175e+00	1.141583046504203054e+02
2.585520164300948220e+00	1.138138171844222057e+02
2.591805130332431872e+00	1.133970226748859318e+02
2.598084074692260881e+00	1.127876372791876918e+02
2.604360404197643586e+00	1.126751662185498191e+02
2.610647185140439142e+00	1.123269256942514573e+02
2.616931864059273138e+00	1.122219370169595294e+02
2.623206107911065565e+00	1.116175256417883332e+02
2.629491626543270844e+00	1.112778001135650925e+02
2.635778507982642349e+00	1.107358945002857382e+02
2.642061039325260818e+00	1.106011593996912552e+02
2.648343840729305843e+00	1.102236619118504706e+02
2.654631838974855551e+00	1.098295569764246977e+02
2.660919001246303761e+00	1.098102673395114834e+02
2.667198525130066056e+00	1.093410072833313365e+02
2.673484307038032526e+00	1.088597335450002817e+02
2.679773388053849459e+00	1.085046373471329701e+02
2.686058217632288692e+00	1.081038345459140544e+02
2.692338738200057868e+00	1.076253541824969204e+02
2.698618022887226964e+00	1.075785288875817969e+02
2.704895450708277860e+00	1.073230330460279589e+02
2.711175674923682166e+00	1.068231866511012527e+02
2.717459832966957922e+00	1.066780511992641181e+02
2.723745731959044569e+00	1.063087447701472996e+02
2.730038414850594730e+00	1.061730057318794422e+02
2.736317989800789441e+00	1.058617952488799290e+02
2.742591858549239703e+00	1.054536517017380959e+02
2.748879749010778362e+00	1.049672732683330167e+02
2.755163403825859447e+00	1.050024656549122284e+02
2.761446955625852073e+00	1.046907959416718086e+02
2.767732088935374701e+00	1.044988759709266617e+02
2.774015452421743966e+00	1.040484276399191259e+02
2.780298635700591436e+00	1.039496171019030299e+02
2.786577474762241380e+00	1.035002354077049773e+02
2.792857983210164541e+00	1.034168475457402963e+02
2.799143790920211483e+00	1.028397715870112279e+02
2.805430058399325244e+00	1.027716155061171435e+02
2.811715058209780072e+00	1.026007782563465582e+02
2.817989272498773623e+00	1.022780231843379539e+02
2.824269171595737760e+00	1.021234714122170431e+02
2.830563016441804081e+00	1.018568955463079675e+02
2.836848750951622034e+00	1.017947555569777194e+02
2.843130027866129783e+00	1.014068046736609148e+02
2.849413896912404986e+00	1.011903464085081623e+02
2.855697464522425566e+00	1.010203111925647192e+02
2.861978799810683594e+00	1.008213261832761560e+02
2.868262469415629567e+00	1.004934765908834322e+02
2.874547359206753860e+00	1.004646322790703721e+02
2.880831111471525041e+00	1.000059164558672506e+02
2.887113216972382546e+00	9.985429171352974720e+01
2.893394504725182781e+00	9.974896106100683824e+01
2.899673662137033592e+00	9.942418734076204601e+01
2.905953958587380814e+00	9.927090090546661827e+01
2.912241118105161064e+00	9.906066959229828228e+01
2.918525996366671205e+00	9.913870435366551703e+01
2.924809035425688819e+00	9.874003256156684927e+01
2.931095916293684933e+00	9.855461009897175018e+01
2.937378182606774413e+00	9.843882724924108629e+01
2.943659980254369923e+00	9.833900883383249436e+01
2.949946454403890250e+00	9.809697120146695681e+01
2.956227653702202307e+00	9.804605624406332254e+01
2.962510478867462993e+00	9.787332711829368748e+01
2.968796535179442309e+00	9.781290490797559301e+01
2.975077657376874907e+00	9.771414807269376013e+01
2.981359866759223376e+00	9.747956725340841899e+01
2.987646761575656562e+00	9.738179744013879713e+01
2.993929038370399365e+00	9.734584700817546832e+01
3.000206214840962726e+00	9.705815998025558144e+01
3.006486172402415669e+00	9.695272852820637866e+01
3.012769812211594456e+00	9.688908126373146956e+01
3.019053144326170113e+00	9.693238705544210632e+01
3.025337405144251424e+00	9.655485232472116763e+01
3.031623734799107961e+00	9.676957310588717576e+01
3.037908962055872575e+00	9.654281169694429821e+01
3.044195067146031608e+00	9.648469491831214384e+01
3.050475543482170426e+00	9.648824136219668901e+01
3.056754954538277502e+00	9.632997861320792765e+01
3.063040539557494668e+00	9.630919748371954370e+01
3.069323699454357346e+00	9.640674258804173746e+01
3.075610692642898769e+00	9.608033909507331316e+01
3.081893798009918584e+00	9.619001302516494434e+01
3.088174549548037717e+00	9.604053179439863186e+01
3.094458635632868493e+00	9.597409320319346193e+01
3.100743982931558840e+00	9.593875962968381543e+01
3.107028111748448396e+00	9.590325529715671848e+01
3.113309299655494300e+00	9.606059780724467601e+01
3.119590662867241626e+00	9.605184939046981185e+01
3.125874006820172912e+00	9.586252567769226118e+01
3.132159251154602586e+00	9.600894014275132804e+01
3.138439172765940643e+00	9.602128617810032551e+01
3.144723867719826593e+00	9.583241931988209217e+01
3.151003951258561031e+00	9.598832150626304838e+01
3.157283664131563139e+00	9.596841898946357219e+01
3.163569317183839935e+00	9.596754948095875193e+01
3.169851661717792091e+00	9.605106920919919844e+01
3.176137704316093657e+00	9.607893091454694456e+01
3.182420924828643916e+00	9.608108516089090756e+01
3.188702811875577581e+00	9.611947834087976617e+01
3.194990520008989865e+00	9.628807233396220511e+01
3.201275324656983834e+00	9.637977549312699921e+01
3.207551352179861759e+00	9.642133827944419977e+01
3.213835216737041645e+00	9.652450912356478341e+01
3.220122579819103770e+00	9.643430783217209523e+01
3.226406606618656525e+00	9.618522884608482570e+01
3.232687390085645429e+00	9.596392711821792432e+01
3.238969121280456331e+00	9.568095995052479452e+01
3.245254751548589667e+00	9.550458070283909251e+01
3.251534499036136783e+00	9.526621187888595443e+01
3.257817780791052442e+00	9.512832563716845868e+01
3.264102164154097263e+00	9.470940263980399720e+01
3.270384152138468892e+00	9.474965554187021155e+01
3.276669427476867735e+00	9.440295195673033390e+01
3.282954688864507808e+00	9.415867727931400566e+01
3.289237200334947264e+00	9.406122797615564934e+01
3.295519587088236779e+00	9.372216110957205615e+01
3.301805977329951958e+00	9.361395679394172475e+01
3.308087486222440088e+00	9.327503619926746126e+01
3.314367630234227313e+00	9.318350962415723870e+01
3.320651909732194262e+00	9.277413556884866352e+01
3.326931260376857047e+00	9.271253077105528462e+01
3.333216512447217728e+00	9.262841713086402251e+01
3.339504489419978128e+00	9.233232424341103695e+01
3.345786804809928405e+00	9.210970926089201782e+01
3.352071130016277767e+00	9.189001158897355026e+01
3.358351496304225581e+00	9.166291299623669886e+01
3.364630591073392019e+00	9.155731129032081128e+01
3.370916305215045483e+00	9.134810673425656091e+01
3.377197952029413752e+00	9.126603226300312599e+01
3.383483063818085501e+00	9.100743365691370457e+01
3.389769992424469969e+00	9.081682291190544731e+01
3.396051330885982100e+00	9.058560290229907253e+01
3.402330879139463971e+00	9.040594947536729364e+01
3.408610488352048495e+00	9.036489440064714529e+01
3.414897837696641236e+00	9.001669650989752824e+01
3.421180484052105619e+00	8.994420407352916413e+01
3.427461639653846870e+00	8.977659174428019639e+01
3.433749159643459059e+00	8.966518941397532672e+01
3.440032646656798310e+00	8.937924699908295167e+01
3.446313366033385339e+00	8.925532472374051451e+01
3.452600135384134905e+00	8.920799596527045594e+01
3.458883152815406703e+00	8.892563961533737427e+01
3.465163834403715448e+00	8.883197085537160831e+01
3.471449329786229221e+00	8.860810991608509823e+01
3.477734476754053894e+00	8.844068917320980461e+01
3.484019652467224226e+00	8.831943216347370651e+01
3.490297019369712928e+00	8.816848266435985693e+01
3.496582486484379970e+00	8.791652911818800931e+01
3.502868048046865024e+00	8.785983885375505054e+01
3.509144649545451244e+00	8.763279120605007222e+01
3.515428082003116295e+00	8.774407385880674326e+01
3.521711031624695565e+00	8.750455264968537961e+01
3.527991850954735664e+00	8.737391630928352981e+01
3.534275545726699885e+00	8.718703018531802229e+01
3.540562632020772149e+00	8.703841996184318930e+01
3.546844410757220789e+00	8.699596153312423041e+01
3.553131386753758836e+00	8.672075359804868810e+01
3.559419203211965144e+00	8.660125973242715247e+01
3.565697971577579839e+00	8.648324753006183130e+01
3.571979559134798254e+00	8.640700729466365715e+01
3.578265774595833726e+00	8.627361209645673057e+01
3.584548309769353125e+00	8.616886150975781788e+01
3.590826843920031486e+00	8.606955730584310515e+01
3.597107306745233934e+00	8.595673150376599381e+01
3.603392831792229245e+00	8.588213366595485354e+01
3.609673209822572559e+00	8.564049149471657074e+01
3.615955412133016189e+00	8.555313616556581735e+01
3.622241607772384686e+00	8.536540153356033045e+01
3.628520252736676444e+00	8.546429268295970871e+01
3.634804827569451113e+00	8.533506734790616122e+01
3.641094981788862928e+00	8.510785149512452108e+01
3.647383514928639325e+00	8.500274051576782597e+01
3.653663283927725658e+00	8.488658256360906762e+01
3.659943504072155296e+00	8.483320555094594795e+01
3.666232000281138603e+00	8.472939874174657859e+01
3.672514211678317597e+00	8.455629634668213157e+01
3.678794154686042539e+00	8.469384783502309233e+01
3.685078621861909820e+00	8.459020668425961276e+01
3.691359210097977961e+00	8.432339104150339892e+01
3.697642368173791105e+00	8.420910568486823422e+01
3.703925796735277665e+00	8.418924199008370124e+01
3.710208240364660348e+00	8.412572797965444238e+01
3.716494593122387169e+00	8.406186709677972146e+01
3.722775386659595398e+00	8.402540650967074498e+01
3.729058392883481510e+00	8.392240706282031226e+01
3.735339748210807720e+00	8.376259981172330527e+01
3.741620776392969638e+00	8.376752873925828169e+01
3.747904795418762980e+00	8.367310046900229281e+01
3.754190633281219380e+00	8.371265596653218211e+01
3.760478208018912749e+00	8.358162590662125524e+01
3.766755538573464346e+00	8.349216598886134477e+01
3.773032090135151506e+00	8.348692701541669692e+01
3.779322553012896879e+00	8.345733522147723704e+01
3.785609109731308930e+00	8.339487453617805102e+01
3.791889825936295200e+00	8.331835252010129977e+01
3.798174822702435893e+00	8.324690348162732789e+01
3.804458658753491651e+00	8.324186654949981801e+01
3.810738438095723435e+00	8.313947284654184955e+01
3.817018850285747167e+00	8.302781870149229348e+01
3.823305314209427763e+00	8.296380872795600681e+01
3.829591295197792178e+00	8.302472829445957814e+01
3.835872296070849341e+00	8.296951426778070982e+01
3.842156279590906109e+00	8.283122106105703608e+01
3.848441511099312429e+00	8.302687418105392680e+01
3.854723334376886079e+00	8.275601824534102491e+01
3.861004740704794713e+00	8.291485962014751010e+01
3.867284336650660848e+00	8.290387846465411315e+01
3.873567367678779849e+00	8.284798004068719024e+01
3.879850662830422792e+00	8.272687944597244325e+01
3.886137063198143338e+00	8.268354494022935341e+01
3.892419463049126005e+00	8.274942156710693553e+01
3.898703740328622658e+00	8.278304785134744748e+01
3.904991458788179326e+00	8.275437746578323583e+01
3.911270842222104083e+00	8.275189991861880401e+01
3.917549806479573071e+00	8.286337194549699348e+01
3.923836006203090587e+00	8.265302384590320628e+01
3.930121452497870926e+00	8.265496066289659893e+01
3.936398172858230460e+00	8.286999689580932227e+01
3.942683040425962293e+00	8.280403684035695733e+01
3.948974759704379611e+00	8.273268619122828227e+01
3.955259227995065352e+00	8.272950700511037780e+01
3.961537174921395454e+00	8.274159564609328754e+01
3.967820217617139544e+00	8.291172068267935913e+01
3.974105559832568968e+00	8.289149854760408687e+01
3.980384727931198352e+00	8.285738647633050391e+01
3.986664590839849698e+00	8.285867881966443349e+01
3.992949619150675034e+00	8.291564113393016555e+01
3.999235075769965952e+00	8.295141153835947989e+01
4.005515715515433506e+00	8.294884278745044526e+01
4.011798434346478537e+00	8.305324792842665715e+01
4.018083716245132386e+00	8.298196658738474696e+01
4.024365700052603856e+00	8.299912610981802175e+01
4.030643960839860540e+00	8.322300472133363769e+01
4.036928708926215137e+00	8.301180278004606805e+01
4.043218157412017177e+00	8.325737633403129223e+01
4.049503019487663558e+00	8.327831854172998760e+01
4.055781898960511000e+00	8.339183128914147858e+01
4.062060795621602161e+00	8.328074714340445439e+01
4.068347865354716042e+00	8.342628884111937282e+01
4.074631027173265529e+00	8.345444666979659587e+01
4.080910837526078971e+00	8.359830650121676854e+01
4.087201203341442657e+00	8.364659119629499173e+01
4.093486818591942189e+00	8.374376334188109183e+01
4.099764387336505500e+00	8.400189517137843609e+01
4.106049166937662420e+00	8.392258761257006938e+01
4.112334559041358695e+00	8.423842134703673423e+01
4.118618926059533614e+00	8.414982301694686839e+01
4.124898942031112625e+00	8.443632115163960350e+01
4.131175432561665417e+00	8.425136315100850481e+01
4.137461563786142271e+00	8.441014980527489797e+01
4.143746006210170307e+00	8.468055322089763592e+01
4.150029800482964326e+00	8.470773047703035274e+01
4.156313390684649001e+00	8.453485569767606478e+01
4.162596105843763716e+00	8.496655495640717959e+01
4.168881843141768684e+00	8.493958074628203292e+01
4.175162111073220217e+00	8.513430346164754781e+01
4.181448573417560155e+00	8.501897342320033601e+01
4.187738782464171194e+00	8.533989490755688223e+01
4.194017437180169061e+00	8.540741124752067037e+01
4.200293572701767175e+00	8.537489529918423159e+01
4.206580195481546269e+00	8.560711983625878929e+01
4.212860644652220543e+00	8.587075499458103423e+01
4.219138153430114002e+00	8.620497593042684059e+01
4.225426162098283811e+00	8.594073999194483804e+01
4.231713506719782636e+00	8.602252487722066121e+01
4.237990056577191744e+00	8.634230948585177146e+01
4.244267783646744618e+00	8.661957482014557286e+01
4.250560660182562955e+00	8.673557764687427607e+01
4.256847734842668096e+00	8.705627334762111502e+01
4.263127100734456221e+00	8.711368351677543842e+01
4.269406860432507500e+00	8.703953926322027712e+01
4.275691671482192646e+00	8.723423913659591733e+01
4.281972414189518794e+00	8.743505121843652717e+01
4.288253516806755705e+00	8.751940256839235133e+01
4.294540520160492925e+00	8.781712867025959213e+01
4.300825742921731809e+00	8.800026737206984251e+01
4.307109835491901961e+00	8.815747093533390455e+01
4.313390926478413157e+00	8.833043350476150124e+01
4.319667979480563247e+00	8.823903665683424435e+01
4.325952598143786076e+00	8.883278273096289013e+01
4.332241647035422361e+00	8.881290076461399963e+01
4.338524445619096781e+00	8.907248447749999798e+01
4.344809348131129845e+00	8.904103817092190809e+01
4.351090699193166600e+00	8.921952089877967751e+01
4.357369710808320029e+00	8.974806404318148623e+01
4.363659348967174445e+00	8.980950423364707547e+01
4.369947418280990981e+00	8.993611338849423475e+01
4.376226569265827315e+00	9.014031002840431483e+01
4.382499356631129217e+00	9.027834613178607981e+01
4.388784975178015024e+00	9.033303774542898168e+01
4.395068696309480494e+00	9.051742309020382038e+01
4.401347962382031298e+00	9.092178961408988869e+01
4.407628405096517099e+00	9.089034322838048752e+01
4.413915862185140426e+00	9.118483874315431592e+01
4.420203163534264235e+00	9.137490175128334613e+01
4.426480311003382795e+00	9.112270009495901490e+01
4.432765973643649104e+00	9.158056946499098672e+01
4.439053392023870614e+00	9.156992152155135045e+01
4.445336141335588742e+00	9.185219794509643521e+01
4.451617241414883352e+00	9.193168211345752638e+01
4.457901500730311106e+00	9.199460941623814847e+01
4.464189501093017043e+00	9.225694077133751136e+01
4.470470197548729985e+00	9.220113045558694864e+01
4.476748044268524573e+00	9.234612301812923363e+01
4.483035990164653484e+00	9.198719127593633971e+01
4.489323331650528104e+00	9.249842218498542934e+01
4.495599111667934800e+00	9.235706897961151185e+01
4.501870922878794090e+00	9.217547628081931066e+01
4.508155162877705457e+00	9.243425222487338999e+01
4.514446451153479423e+00	9.204413883121260653e+01
4.520723894043856994e+00	9.235481611656261691e+01
4.527003782460155890e+00	9.195629981402700537e+01
4.533293086610313161e+00	9.205309065015327974e+01
4.539578989864040182e+00	9.168065281568286196e+01
4.545857164866476730e+00	9.174335363365122475e+01
4.552138955546025656e+00	9.127365874911204457e+01
4.558432046889146605e+00	9.095915679784681629e+01
4.564713463378488711e+00	9.111431233777493333e+01
4.570987274133244682e+00	9.096904065101909964e+01
4.577274818151045643e+00	9.086081390732836383e+01
4.583563263889338657e+00	9.100283753664795938e+01
4.589844917004465508e+00	9.040641732449566348e+01
4.596126259982004747e+00	9.128133607040092556e+01
4.602409075598298926e+00	9.045871050129893831e+01
4.608696634867644804e+00	9.089126314848284949e+01
4.614977646498861219e+00	9.062681976390456384e+01
4.621258953029527383e+00	9.083211130426934687e+01
4.627547993978874175e+00	9.102993727536133406e+01
4.633830152730579854e+00	9.060797504652701662e+01
4.640104005367354567e+00	9.088472545857129603e+01
4.646382060386754276e+00	9.100794958096058451e+01
4.652674213731970987e+00	9.131220504652370096e+01
4.658958291796220230e+00	9.104449879459102135e+01
4.665233615070169648e+00	9.129983208056997057e+01
4.671520675710307380e+00	9.116430986087225108e+01
4.677814351732177300e+00	9.133383449103781970e+01
4.684093699744638073e+00	9.148862181890312684e+01
4.690368661472568590e+00	9.134068595486323261e+01
4.696663270746453733e+00	9.170123838479878486e+01
4.702945459248681459e+00	9.201093418542029667e+01
4.709209170841929470e+00	9.214072437446461095e+01
4.715491634753063543e+00	9.217844421082867257e+01
4.721784316284933780e+00	9.196682002617140483e+01
4.728063062331094635e+00	9.236101669318010465e+01
4.734337423381671073e+00	9.215616619604182347e+01
4.740627024094544062e+00	9.241455890713727683e+01
4.746914995664547554e+00	9.276220702605770896e+01
4.753194740071086777e+00	9.297329693148137153e+01
4.759478891864783456e+00	9.291485529187538361e+01
4.765762396877359031e+00	9.332639681118972419e+01
4.772049481246195768e+00	9.360165331296734337e+01
4.778335091022592351e+00	9.379608778064388730e+01
4.784610831402393849e+00	9.364807814410568199e+01
4.790907306208476157e+00	9.417937710741641411e+01
4.797204047706418173e+00	9.438999067320649772e+01
4.803470827697504220e+00	9.418099266179009987e+01
4.809748850577324042e+00	9.465354974344066363e+01
4.816045316586602176e+00	9.499844725288936331e+01
4.822329240673497885e+00	9.483603997627044180e+01
4.828596758226470165e+00	9.513778499883558482e+01
4.834890332961369275e+00	9.546888973250332810e+01
4.841191655056394261e+00	9.591229816707118516e+01
4.847460407468000554e+00	9.608874599356458646e+01
4.853732128521334843e+00	9.664551001202833902e+01
4.860029138783373170e+00	9.623542645813827789e+01
4.866314601732018019e+00	9.694512901834073659e+01
4.872587026269203925e+00	9.711561968477911932e+01
4.878874221748241702e+00	9.757710080504560324e+01
4.885171078138658807e+00	9.768781837870200491e+01
4.891450629931857641e+00	9.816967549934770432e+01
4.897716482750221978e+00	9.866571378878779797e+01
4.904002834596266069e+00	9.824086056616465612e+01
4.910295858205786068e+00	9.955003614218632890e+01
4.916575188115905881e+00	9.968083730264366693e+01
4.922847946197084212e+00	1.001630400208988334e+02
4.929131667457151700e+00	9.978284897819473542e+01
4.935434460144239033e+00	9.997780412764112157e+01
4.941718513303545279e+00	1.009234880277364539e+02
4.947978624761803168e+00	1.012744433716789132e+02
4.954274999209829389e+00	1.016363110622396846e+02
4.960571094729937514e+00	1.019341583770996920e+02
4.966823207626954506e+00	1.022764515502822320e+02
4.973097418390337587e+00	1.029256731733954240e+02
4.979415129936382023e+00	1.033088355351660681e+02
4.985702082330368157e+00	1.038767503265352161e+02
4.991949985828016523e+00	1.040932298354131262e+02
4.998241586316924057e+00	1.043628386688412490e+02
5.004556635606089543e+00	1.041794362726926693e+02
5.010828655701208945e+00	1.056433569211289836e+02
5.017077229702536556e+00	1.060522358832989482e+02
5.023374414758113637e+00	1.058933339270203646e+02
5.029688873569548413e+00	1.074190402949683119e+02
5.035958413584124216e+00	1.083121235904917654e+02
5.042232667658486989e+00	1.080007269241067718e+02
5.048528755870775875e+00	1.089634130129658018e+02
5.054821121427484520e+00	1.089961457958157354e+02
5.061069509814582368e+00	1.103665308673715515e+02
5.067347812754101177e+00	1.099869852797506411e+02
5.073675050630431116e+00	1.114033933534700225e+02
5.079945928388977627e+00	1.111404479956649141e+02
5.086192992546071601e+00	1.120796849886717155e+02
5.092484128970163226e+00	1.128937021355876880e+02
5.098802924706086870e+00	1.131685752738571864e+02
5.105078217426394005e+00	1.140236430377541694e+02
5.111325076574067872e+00	1.147089696618774894e+02
5.117628358851224135e+00	1.148476473724985567e+02
5.123935939383525984e+00	1.162881211077998955e+02
5.130199176325612065e+00	1.167878354278827544e+02
5.136469985878846956e+00	1.167306316026084261e+02
5.142797788696348071e+00	1.179507304409007418e+02
5.149090378043822192e+00	1.190428915007362036e+02
5.155289879840074363e+00	1.198022543895037586e+02
5.161564521234301317e+00	1.201217784093786349e+02
5.167916673496016244e+00	1.226258714295438068e+02
5.174205974602950064e+00	1.215269808174828086e+02
5.180434820793812456e+00	1.236855789270556869e+02
5.186729096569634656e+00	1.228563431475627254e+02
5.193058481037780894e+00	1.236344464281570339e+02
5.199319511444338460e+00	1.245239063450966910e+02
5.205574295584361799e+00	1.261685220244208097e+02
5.211894977074066126e+00	1.273468147939776856e+02
5.218201708336958511e+00	1.281253704437407066e+02
5.224411911780083351e+00	1.302734394183229085e+02
5.230677632666463239e+00	1.304386662023614747e+02
5.237056729559757429e+00	1.319912787531777383e+02
5.243336785035660697e+00	1.322664347472080806e+02
5.249493476178225038e+00	1.326892099296128436e+02
5.255787017738318134e+00	1.348002262615991924e+02
5.262205327426889845e+00	1.349913186445118072e+02
5.268477758348532269e+00	1.366838147255469380e+02
5.274632213654732560e+00	1.393146521619696898e+02
5.280950543314659740e+00	1.398442418013418944e+02
5.287327645024750389e+00	1.410059314059240876e+02
5.293582359180156516e+00	1.409923138969692786e+02
5.299789992649893478e+00	1.452961070037009392e+02
5.306111460381987222e+00	1.449252045442640338e+02
5.312452717892129250e+00	1.457513895218828566e+02
5.318650122853046724e+00	1.481353897412565175e+02
5.324923043129819789e+00	1.446346511193455626e+02
5.331330237158205421e+00	1.498070656816117321e+02
5.337586726886338617e+00	1.510718671855060791e+02
5.343685192440848830e+00	1.527131148467096580e+02
5.350070659715249199e+00	1.528152870052767298e+02
5.356556762554878226e+00	1.532659291771136623e+02
5.362691868684501095e+00	1.582103326135983821e+02
5.368769208912516966e+00	1.583368397709789122e+02
5.375270137997677722e+00	1.567386674823471537e+02
5.381769983045385786e+00	1.610490901842757694e+02
5.387701030372958222e+00	1.655429849313929935e+02
5.393786668001271600e+00	1.645231385674604212e+02
5.400446161099396569e+00	1.649788406255551081e+02
5.406957063684501463e+00	1.696345135072957646e+02
5.412655672453426270e+00	1.709641019634384520e+02
5.418821279260546575e+00	1.742474283217019604e+02
5.425690594366304076e+00	1.737194599005433986e+02
5.432217487502165376e+00	1.744636011325647758e+02
5.437649811577258241e+00	1.755644867650327967e+02
5.443914404015878006e+00	1.776296603793676638e+02
5.450953501686320202e+00	1.874013244771714426e+02
5.457483690405861232e+00	1.777845409901859171e+02
5.462715250135157241e+00	1.815785039552309286e+02
5.469033575551323523e+00	1.904148636789381044e+02
5.476177730420278778e+00	1.867981068338059742e+02
5.482708935702562236e+00	1.899247808520629519e+02
5.487722405008360838e+00	1.992324710608949090e+02
5.494194284996126498e+00	2.008387562316258652e+02
5.501391471009256406e+00	1.998512930807671353e+02
5.507128202673079009e+00	2.049325821813074526e+02
5.512278020050448646e+00	2.042397795520988950e+02
5.519395563377015534e+00	2.160677617385678957e+02
5.526598678609708770e+00	2.185984461026689303e+02
5.532162682462509196e+00	2.228690104714254119e+02
5.537397124017139127e+00	2.098004422204558068e+02
5.544582756485218589e+00	2.292518221033986663e+02
5.551739327507637434e+00	2.415067435676377272e+02
5.557493306674907707e+00	2.525696230633419646e+02
5.562281709102816940e+00	2.453171222006262440e+02
5.569272720323164449e+00	1.686326057427521619e+02
