8.899641224696953554e-03	9.486894506518311391e+04
1.507912216506557788e-02	1.354520831657261006e+05
2.144790186456836667e-02	7.930912556854101422e+04
2.783660776489276650e-02	5.406187568701976852e+04
3.435099785803411021e-02	3.115089277016005144e+04
4.047886761425745911e-02	2.202111786853506055e+04
4.676716683575679601e-02	1.540122798963323839e+04
5.308225101765951665e-02	1.579668580109104551e+04
5.945362440940590160e-02	1.631318008678157821e+04
6.576224814588792211e-02	1.615211988952528554e+04
7.196632906698736953e-02	1.562201056319630334e+04
7.827860915688347743e-02	1.223450355661504909e+04
8.470398945834539672e-02	1.009399902025315532e+04
9.096854620527369817e-02	7.539397994737424597e+03
9.720789776830213169e-02	6.545865073844816834e+03
1.034763038959366499e-01	5.806493510041785157e+03
1.097576444254559219e-01	5.833889784340407459e+03
1.160543084780093354e-01	5.702532136591863491e+03
1.223669666537485351e-01	5.646716905348522232e+03
1.286817263090294094e-01	5.501022166195852151e+03
1.349500801664080818e-01	4.944588130899324824e+03
1.411949558842147678e-01	4.405918511528343515e+03
1.475133575747468451e-01	3.942578660748820766e+03
1.537865074252268427e-01	3.607721259390804335e+03
1.600657544051110326e-01	3.405816937137444256e+03
1.663991168687080635e-01	3.221990459147973979e+03
1.727195645776442856e-01	3.163755402895392763e+03
1.789765213377084718e-01	2.964151520887618972e+03
1.852353690647852158e-01	2.803042574204726861e+03
1.914806787341157279e-01	2.738696370697708062e+03
1.977889868651535599e-01	2.527930022785620167e+03
2.040937735447724277e-01	2.420433528070235297e+03
2.103939302609846018e-01	2.333124840126728486e+03
2.166909709822301688e-01	2.266493051616070261e+03
2.229700281216152047e-01	2.128685653974069282e+03
2.292620027086341994e-01	2.097812644344131513e+03
2.355141508366812297e-01	2.029630862034109214e+03
2.417910583817859116e-01	1.941250469298679718e+03
2.480856539439619257e-01	1.858215418351137941e+03
2.543492256872954549e-01	1.794764541509248829e+03
2.606334251884805386e-01	1.731910546500115743e+03
2.669257370896960802e-01	1.700313647771130491e+03
2.732423343141155980e-01	1.639921500610986641e+03
2.795529680084415936e-01	1.560474277922525062e+03
2.858366292314493129e-01	1.547226579504411347e+03
2.920876271394311496e-01	1.508932953899288805e+03
2.983449844439822751e-01	1.486635648984394720e+03
3.046382639407197446e-01	1.438208121813571097e+03
3.109279127003197196e-01	1.405736719740245917e+03
3.172168171618398036e-01	1.370302521720436516e+03
3.235187567944423082e-01	1.331705078077017106e+03
3.298168217550395687e-01	1.296353500094298170e+03
3.361176429457156667e-01	1.277203242356016517e+03
3.423700375709273769e-01	1.230826101083236836e+03
3.486478192666269682e-01	1.197572966547023725e+03
3.549411614411318028e-01	1.184145295596475535e+03
3.611916935421040642e-01	1.177252327427171849e+03
3.674767089563572564e-01	1.146202636882120032e+03
3.737647795277591056e-01	1.121009654261329160e+03
3.800654031475132477e-01	1.091961748073655372e+03
3.863539861259823738e-01	1.076807381042679026e+03
3.926140181364449755e-01	1.044332285812508189e+03
3.989264500321934581e-01	1.032537982932649584e+03
4.052073244576828714e-01	1.015789290610826583e+03
4.114916477570477182e-01	1.001390057982449093e+03
4.177814272116491257e-01	9.847533474257961643e+02
4.240400648725131116e-01	9.683956135761945916e+02
4.303425690270192283e-01	9.542235180635086635e+02
4.366358560255625965e-01	9.342773725185346620e+02
4.428996183220763605e-01	9.258515276388167194e+02
4.491634418529859563e-01	9.130255988616543164e+02
4.554414146254732731e-01	8.934404407882810801e+02
4.617634470301058558e-01	8.747966306861428620e+02
4.680644242023710433e-01	8.695987208275399780e+02
4.743485242764365895e-01	8.494173922419545306e+02
4.806356136815400082e-01	8.391404136141933350e+02
4.869019258388697646e-01	8.294307982689470009e+02
4.931697099599955947e-01	8.195358756530381470e+02
4.994506747144535908e-01	8.120381725143282665e+02
5.057159051335421429e-01	7.997928089996363497e+02
5.119923996268095356e-01	7.859512475523437161e+02
5.183126097768406826e-01	7.742924819883896816e+02
5.246089638029100000e-01	7.686483902318225319e+02
5.308757308483337267e-01	7.577994080715556038e+02
5.371573527946726934e-01	7.530752408185970808e+02
5.434579563783791256e-01	7.397674295998905336e+02
5.497430652392217842e-01	7.297920901137007377e+02
5.559937427501778773e-01	7.182959282869310300e+02
5.622854676609657654e-01	7.134846399650401736e+02
5.686011537227265711e-01	7.063290658009419758e+02
5.748804589422079614e-01	6.935805522514572203e+02
5.811550210340560296e-01	6.842253478324207663e+02
5.874394496660968468e-01	6.865643545473004679e+02
5.937176220296899176e-01	6.756528749912226885e+02
5.999971954793682505e-01	6.720503075120014955e+02
6.062679115124277596e-01	6.621110907860131647e+02
6.125469576444534381e-01	6.534200670531382684e+02
6.188477733041515272e-01	6.447153830315575078e+02
6.251310567437898813e-01	6.469678523116640463e+02
6.314027450383210560e-01	6.350870384233739969e+02
6.377003562732055375e-01	6.288023827753889918e+02
6.439857783314556494e-01	6.225495621291412363e+02
6.502685417166111925e-01	6.178284313109512595e+02
6.565586117699038216e-01	6.116543233868088691e+02
6.628369282359254377e-01	6.020112312991151384e+02
6.691185444962194362e-01	5.999349217478943501e+02
6.754070198575605755e-01	5.935344704100753006e+02
6.816835514593204692e-01	5.876400186078110437e+02
6.879592533861698112e-01	5.811291722147499286e+02
6.942344317039531587e-01	5.775642351583708205e+02
7.005175402434737908e-01	5.737258015422236213e+02
7.068124956608716758e-01	5.668620291286944166e+02
7.131019009674921527e-01	5.599504770972998813e+02
7.193918251171427247e-01	5.561490093788304421e+02
7.256833807598113140e-01	5.533048762291907678e+02
7.319652682709349989e-01	5.448095851315183609e+02
7.382507990484923344e-01	5.398541998302399634e+02
7.445265842115937893e-01	5.390573956932582860e+02
7.507871101942712455e-01	5.359284643721923658e+02
7.570758465316046459e-01	5.334863800343154026e+02
7.633641233600957365e-01	5.264290066919309083e+02
7.696462959862266917e-01	5.190624116369408512e+02
7.759394865175414102e-01	5.171090652961684100e+02
7.822329141989586843e-01	5.138336215301133052e+02
7.885314936520240181e-01	5.101270030181893276e+02
7.947896566979522071e-01	5.034556007485925875e+02
8.010491096592354809e-01	5.021581273273544070e+02
8.073364061727361651e-01	4.979962008388088179e+02
8.136229488373866170e-01	4.935430609826395880e+02
8.199152998961036776e-01	4.894157082903050195e+02
8.261952636392789762e-01	4.880421777656389395e+02
8.324897070080405914e-01	4.807510462383308436e+02
8.387959309210778480e-01	4.788142753170589003e+02
8.450634639703045181e-01	4.744199052481230865e+02
8.513282867562648182e-01	4.711866812562553832e+02
8.576198263902009566e-01	4.687533366137716939e+02
8.639058477062415697e-01	4.634144192813035374e+02
8.701838745487597837e-01	4.610434728409114769e+02
8.764641096075268534e-01	4.551587080027371712e+02
8.827503873399735745e-01	4.558124698655615248e+02
8.890332768393869323e-01	4.497868666384102880e+02
8.953084247113127780e-01	4.468421565019242507e+02
9.015956521667095602e-01	4.443233023182007173e+02
9.078833328094829680e-01	4.406924139206870450e+02
9.141744106319863450e-01	4.403072117134622090e+02
9.204630817717615043e-01	4.357379176081366836e+02
9.267434415264711456e-01	4.314797791336046089e+02
9.330324197354928906e-01	4.303857750935213744e+02
9.393265785573878812e-01	4.242912403232942324e+02
9.455974810398196650e-01	4.213179036648714373e+02
9.518660018545171964e-01	4.185598621505583878e+02
9.581413255531838757e-01	4.187079111270357998e+02
9.644350945109106954e-01	4.139058138968305229e+02
9.707355633568249820e-01	4.094369891257274503e+02
9.770080768450029041e-01	4.070211071788436925e+02
9.832823325363413414e-01	4.062522891330685297e+02
9.895569691966674686e-01	4.015282911899503233e+02
9.958456301921106979e-01	4.005216801942357279e+02
1.002136210743837408e+00	3.970859020497740630e+02
1.008404825335135424e+00	3.942506794974402169e+02
1.014694149836243398e+00	3.911878705830615672e+02
1.020992555437297167e+00	3.901500390529796505e+02
1.027273980437394485e+00	3.865396701427412722e+02
1.033559181896017254e+00	3.821691605256199864e+02
1.039847557392594934e+00	3.806553473977660360e+02
1.046126974943305088e+00	3.797299952168979189e+02
1.052403436811028659e+00	3.766741256896431764e+02
1.058680704651608684e+00	3.735041406041716527e+02
1.064964333065789193e+00	3.718128366224228216e+02
1.071256777440835473e+00	3.692183872535342175e+02
1.077544048801078125e+00	3.678218320018610825e+02
1.083824820188043603e+00	3.652602239298035443e+02
1.090108023942816695e+00	3.630655398024787814e+02
1.096389665956643222e+00	3.617112720676823869e+02
1.102681132058841440e+00	3.588389277292960173e+02
1.108963047594879958e+00	3.579959024940225163e+02
1.115225428463759272e+00	3.553618125649823583e+02
1.121502127614767863e+00	3.524331782542366227e+02
1.127792573824792033e+00	3.490090780601423717e+02
1.134089552668382961e+00	3.493238455491969603e+02
1.140364049650405942e+00	3.463167521815002488e+02
1.146639180320979445e+00	3.440323783467196677e+02
1.152942412991649901e+00	3.416074402683015592e+02
1.159228906751078814e+00	3.401684159413227349e+02
1.165508721887268173e+00	3.384696466173147087e+02
1.171793076256210320e+00	3.353347450246139374e+02
1.178087436369658958e+00	3.325637378859095747e+02
1.184367654251526902e+00	3.312369122952268867e+02
1.190634642299266632e+00	3.295290922156202100e+02
1.196912208834400859e+00	3.257633189228105266e+02
1.203201577354146234e+00	3.253675925540026128e+02
1.209486844441705733e+00	3.233850067361757397e+02
1.215763902074809888e+00	3.209953233806168669e+02
1.222049755171146668e+00	3.190211381395975536e+02
1.228340616621486969e+00	3.165535042421939806e+02
1.234632986576932767e+00	3.151755869607385421e+02
1.240902247176856488e+00	3.127657971506769741e+02
1.247174839144687519e+00	3.111666458792811341e+02
1.253465459933442272e+00	3.095349353812651998e+02
1.259749951892178421e+00	3.088664345597644569e+02
1.266032143127253873e+00	3.069105802218614940e+02
1.272316288472006507e+00	3.055878684237271159e+02
1.278604155058621350e+00	3.024420710494170521e+02
1.284886588933593865e+00	3.005569237007081256e+02
1.291175420066583257e+00	2.997464776287307018e+02
1.297465726373772332e+00	2.992334897995672804e+02
1.303741827011944299e+00	2.952868308794043628e+02
1.310017322922761851e+00	2.950903708955619322e+02
1.316301447662886703e+00	2.925324574917109999e+02
1.322586760363303249e+00	2.910710204117701778e+02
1.328865492452874664e+00	2.896697276779283357e+02
1.335144804954555564e+00	2.885164419374789304e+02
1.341440516272275119e+00	2.860291813737643452e+02
1.347730868417094552e+00	2.851945026981342721e+02
1.354001589994877630e+00	2.839238914026697671e+02
1.360282609297778444e+00	2.820247911104556806e+02
1.366565686457597906e+00	2.799808724018738531e+02
1.372851498482432708e+00	2.797898312053633845e+02
1.379135372929401804e+00	2.778672831663778311e+02
1.385409567149057164e+00	2.757728957955196734e+02
1.391698641219299315e+00	2.741915725321091486e+02
1.397984451439470810e+00	2.738642856957048934e+02
1.404267883409181961e+00	2.715894766934069366e+02
1.410554779484869181e+00	2.702094337936267721e+02
1.416837833547465397e+00	2.686444767640579130e+02
1.423118177187137068e+00	2.667440324846958788e+02
1.429397801164240089e+00	2.650519906229585558e+02
1.435686921822787232e+00	2.650507356677674693e+02
1.441977121769299597e+00	2.633948060720970830e+02
1.448253667853332427e+00	2.624240594509951165e+02
1.454532348972172651e+00	2.600303863465358063e+02
1.460819319151879903e+00	2.583529432517334499e+02
1.467110364402026468e+00	2.575223120595445607e+02
1.473392908948962132e+00	2.558865927733439207e+02
1.479669965243598950e+00	2.546880401051954550e+02
1.485956144602843532e+00	2.542133757206699443e+02
1.492233610763115115e+00	2.527942853573384241e+02
1.498502470379980078e+00	2.506219437055009962e+02
1.504785752051182701e+00	2.498756877243890244e+02
1.511075991894575976e+00	2.479116048145589843e+02
1.517361634985162189e+00	2.475464047494821216e+02
1.523648570969130533e+00	2.460355817963442178e+02
1.529938035715892264e+00	2.447674545240515158e+02
1.536230176913891965e+00	2.429156012988740656e+02
1.542510718779388279e+00	2.418386306747963204e+02
1.548783963082980275e+00	2.407987849130374798e+02
1.555073069779651318e+00	2.397357510386847252e+02
1.561357324927233892e+00	2.387348656656156720e+02
1.567629121053141006e+00	2.378143796305375588e+02
1.573913697404382583e+00	2.364609129862042778e+02
1.580203545230874029e+00	2.350934233311315040e+02
1.586485393434537983e+00	2.337720235589289928e+02
1.592760014263005841e+00	2.329988330203273961e+02
1.599046436394670812e+00	2.306675643309296788e+02
1.605342136637478934e+00	2.301770733928903496e+02
1.611619860919608627e+00	2.289573610675805355e+02
1.617897597081673799e+00	2.275893552008200800e+02
1.624183235481122756e+00	2.264520647825188178e+02
1.630464598531913722e+00	2.258134421965559682e+02
1.636748985747638274e+00	2.245301675772032297e+02
1.643030923698886259e+00	2.234180489426535416e+02
1.649309176648513064e+00	2.225766137729008847e+02
1.655593633940351861e+00	2.214590249442576066e+02
1.661879571405086464e+00	2.200548722459337228e+02
1.668169361685170271e+00	2.194919450326923140e+02
1.674450151530487485e+00	2.180213432315799764e+02
1.680722718978495900e+00	2.161267422344854481e+02
1.687013891340952476e+00	2.158350940542691490e+02
1.693308984907921033e+00	2.145961494859095069e+02
1.699582147428448486e+00	2.134313021919604125e+02
1.705863747055134105e+00	2.131048389258349687e+02
1.712154434283889470e+00	2.117353392459383201e+02
1.718438381579399321e+00	2.112861712996368908e+02
1.724721264464063930e+00	2.101936197400772812e+02
1.730997441276920679e+00	2.087412168914521828e+02
1.737287073528269499e+00	2.079303114117866755e+02
1.743567991878527401e+00	2.063870497048209529e+02
1.749840680212231048e+00	2.058889138797035514e+02
1.756128549091961144e+00	2.040328363474851869e+02
1.762413535324792502e+00	2.032077891667651386e+02
1.768696187669963837e+00	2.027364446312747361e+02
1.774979359379055266e+00	2.016511023721437539e+02
1.781265555576432957e+00	2.010637137640910055e+02
1.787549427830244619e+00	1.998991976698401345e+02
1.793834120011633004e+00	1.993952873025322106e+02
1.800115051552487300e+00	1.979481545262106295e+02
1.806393904854530330e+00	1.969482317420523714e+02
1.812674089667083432e+00	1.968342958636877142e+02
1.818956920109354058e+00	1.954910115261158410e+02
1.825244164118212220e+00	1.945884417427389792e+02
1.831527256642196955e+00	1.935642071298640019e+02
1.837811294935716599e+00	1.929656132796897339e+02
1.844100717411196744e+00	1.921520891685085530e+02
1.850384816792487230e+00	1.911460015947845363e+02
1.856666059735203822e+00	1.898734431647569352e+02
1.862947728675613979e+00	1.897512023091152571e+02
1.869229324466858078e+00	1.887994650599106876e+02
1.875517616802973686e+00	1.871545684150814850e+02
1.881800769033795229e+00	1.866658486801556478e+02
1.888078863416442710e+00	1.858939994401356444e+02
1.894353975182237582e+00	1.848287289294439404e+02
1.900642716154182565e+00	1.844777918339943596e+02
1.906933494748685121e+00	1.833846696866458217e+02
1.913207568676573933e+00	1.827483465640576128e+02
1.919490884732178992e+00	1.819629770538586229e+02
1.925776855684274480e+00	1.809861372168869309e+02
1.932064452961978152e+00	1.800846846601958759e+02
1.938342610030488800e+00	1.794245403524517144e+02
1.944618341543410178e+00	1.786834729608877979e+02
1.950906260203513876e+00	1.773606019074570384e+02
1.957194556613796488e+00	1.767412005018827585e+02
1.963479614559011432e+00	1.761074072614076726e+02
1.969760361532916226e+00	1.755268995580138380e+02
1.976048367034604736e+00	1.747475291336133125e+02
1.982337990217652335e+00	1.737930252185609845e+02
1.988617489259562721e+00	1.732847936502812161e+02
1.994896320665194178e+00	1.723399010468135941e+02
2.001179596222827151e+00	1.717363601389990606e+02
2.007459756923499761e+00	1.711569772333743629e+02
2.013737397779169935e+00	1.698703717701586697e+02
2.020017234677497164e+00	1.692863662430999909e+02
2.026310251015072783e+00	1.688532861115753576e+02
2.032600542948020284e+00	1.681254142602970205e+02
2.038873863192099289e+00	1.671772794821789319e+02
2.045154087821675404e+00	1.665120023548034851e+02
2.051444704514288730e+00	1.663792131826022000e+02
2.057730430280644729e+00	1.649121682454106121e+02
2.064013940455224461e+00	1.642990317602315145e+02
2.070299891179459895e+00	1.636270063328506126e+02
2.076589719964883951e+00	1.632111234884798989e+02
2.082865483794470673e+00	1.629217364192044784e+02
2.089134494859368640e+00	1.618114024444311667e+02
2.095424211360070288e+00	1.610220450090835982e+02
2.101707116664804254e+00	1.601178788403775002e+02
2.107986473933564309e+00	1.595806619305503489e+02
2.114271806543862375e+00	1.590650810211997168e+02
2.120552717288892275e+00	1.579787948956895889e+02
2.126836933207161717e+00	1.577417671927798892e+02
2.133122044791171845e+00	1.573039817460515337e+02
2.139411711910842673e+00	1.566019479204349238e+02
2.145697076775292089e+00	1.560440509964495845e+02
2.151973548606471276e+00	1.549283682875083343e+02
2.158259913555724108e+00	1.542370681243532431e+02
2.164545396699105506e+00	1.541243746322841730e+02
2.170830700377734068e+00	1.531390462121634926e+02
2.177114138849150393e+00	1.528902869535560285e+02
2.183387647576827018e+00	1.521702869079201150e+02
2.189670273687676971e+00	1.517567464100003747e+02
2.195960147934207463e+00	1.509384131737528207e+02
2.202242556317716371e+00	1.502132553650496618e+02
2.208521655981037668e+00	1.498835370518668242e+02
2.214804637081333016e+00	1.490255920691973586e+02
2.221092583349425276e+00	1.485836275636557389e+02
2.227372893591468728e+00	1.480723425815358780e+02
2.233657161144248171e+00	1.471819549974553638e+02
2.239943485394438660e+00	1.466292736696095460e+02
2.246224175264620815e+00	1.461599082841855193e+02
2.252506378421252009e+00	1.457647264585461642e+02
2.258783417054270437e+00	1.451144168230528919e+02
2.265069077371457684e+00	1.445588306384688053e+02
2.271350377044131452e+00	1.439222104079965447e+02
2.277633995145353918e+00	1.433635517798186925e+02
2.283922419579920149e+00	1.427984978452724079e+02
2.290202874392252674e+00	1.423863314332882055e+02
2.296490779970905560e+00	1.416727144443877080e+02
2.302771769934229162e+00	1.408964566209529607e+02
2.309051364164305564e+00	1.406097700869876803e+02
2.315338502539088239e+00	1.401634423006849204e+02
2.321627336503874428e+00	1.395579469154784817e+02
2.327911878297218795e+00	1.390717723876173579e+02
2.334186238580297168e+00	1.388977796036889742e+02
2.340467971862688401e+00	1.378174708108239201e+02
2.346756940970738725e+00	1.374766742674671889e+02
2.353044444556199988e+00	1.367959079904370867e+02
2.359327653314069906e+00	1.364696543052037043e+02
2.365603048789861607e+00	1.361878049633583032e+02
2.371885911737665165e+00	1.357521481205384646e+02
2.378173303594019572e+00	1.349800837205550010e+02
2.384454016539381271e+00	1.346600645963977456e+02
2.390736447344785187e+00	1.340184257883769590e+02
2.397014133897952259e+00	1.335112198188123216e+02
2.403295490074321972e+00	1.332362669537313025e+02
2.409585049672506862e+00	1.325724688190169331e+02
2.415871703165322071e+00	1.324297814555667685e+02
2.422160652369088840e+00	1.320613677432854161e+02
2.428440167222748691e+00	1.313798967976933909e+02
2.434717472383889803e+00	1.310496739171344416e+02
2.441002456202044257e+00	1.301772816538543225e+02
2.447289980304530488e+00	1.299751049687719728e+02
2.453571844729242279e+00	1.297142655519117795e+02
2.459852705114058846e+00	1.293300084929481386e+02
2.466139233225018934e+00	1.286539350583694556e+02
2.472421963421291391e+00	1.282934169656471681e+02
2.478698519174224568e+00	1.274830238543724192e+02
2.484980841400355800e+00	1.274860293814715391e+02
2.491269319409339822e+00	1.270110994241142066e+02
2.497548505139029373e+00	1.267451984775191249e+02
2.503831667172610853e+00	1.261783453081714867e+02
2.510117938323931153e+00	1.258424224687371975e+02
2.516400733681277480e+00	1.252762548938226104e+02
2.522688226833368130e+00	1.248803874145760062e+02
2.528971695852665569e+00	1.245423905491655461e+02
2.535252039407670299e+00	1.242228471722102086e+02
2.541537514142774512e+00	1.235400288551126096e+02
2.547823008847572179e+00	1.235294198317051695e+02
2.554100666580690238e+00	1.229333417808205979e+02
2.560376788884177301e+00	1.225015159998201426e+02
2.566667521601497359e+00	1.221764941435892240e+02
2.572955062237090473e+00	1.218916097380257355e+02
2.579233771797999175e+00	1.215467588606875324e+02
2.585520164300948220e+00	1.210907399694650053e+02
2.591805130332431872e+00	1.208963979056778442e+02
2.598084074692260881e+00	1.205284312315740038e+02
2.604360404197643586e+00	1.200119390344839729e+02
2.610647185140439142e+00	1.195038145114256736e+02
2.616931864059273138e+00	1.194650434059729065e+02
2.623206107911065565e+00	1.190818646406896022e+02
2.629491626543270844e+00	1.184374878447611650e+02
2.635778507982642349e+00	1.182688179757309825e+02
2.642061039325260818e+00	1.177381882132431627e+02
2.648343840729305843e+00	1.174574677977953314e+02
2.654631838974855551e+00	1.172984719665714266e+02
2.660919001246303761e+00	1.167510743839924743e+02
2.667198525130066056e+00	1.164122410094349505e+02
2.673484307038032526e+00	1.161714148468279006e+02
2.679773388053849459e+00	1.159463856040867142e+02
2.686058217632288692e+00	1.157783166352948285e+02
2.692338738200057868e+00	1.153731941394836014e+02
2.698618022887226964e+00	1.148294031291156045e+02
2.704895450708277860e+00	1.148433760051121340e+02
2.711175674923682166e+00	1.146413296154314736e+02
2.717459832966957922e+00	1.140712404400263438e+02
2.723745731959044569e+00	1.139643990962524214e+02
2.730038414850594730e+00	1.134328746838425417e+02
2.736317989800789441e+00	1.133856589059001863e+02
2.742591858549239703e+00	1.129680576268456349e+02
2.748879749010778362e+00	1.126713963912660432e+02
2.755163403825859447e+00	1.126600350907335439e+02
2.761446955625852073e+00	1.121957933574632307e+02
2.767732088935374701e+00	1.119076906599194388e+02
2.774015452421743966e+00	1.117489846301313463e+02
2.780298635700591436e+00	1.114766695959740730e+02
2.786577474762241380e+00	1.111458298578088915e+02
2.792857983210164541e+00	1.110302166412103304e+02
2.799143790920211483e+00	1.109306994248765790e+02
2.805430058399325244e+00	1.106045916147630805e+02
2.811715058209780072e+00	1.103559884136937512e+02
2.817989272498773623e+00	1.101383676765729263e+02
2.824269171595737760e+00	1.098473088045817434e+02
2.830563016441804081e+00	1.095848069822710045e+02
2.836848750951622034e+00	1.092832263734634637e+02
2.843130027866129783e+00	1.091191039595147885e+02
2.849413896912404986e+00	1.089540994929333664e+02
2.855697464522425566e+00	1.087801708669405656e+02
2.861978799810683594e+00	1.084769147277574319e+02
2.868262469415629567e+00	1.083990191944210011e+02
2.874547359206753860e+00	1.081405750594711890e+02
2.880831111471525041e+00	1.080252937315963351e+02
2.887113216972382546e+00	1.076537305895999879e+02
2.893394504725182781e+00	1.076391855435549161e+02
2.899673662137033592e+00	1.075996501680660060e+02
2.905953958587380814e+00	1.072330001871388703e+02
2.912241118105161064e+00	1.070460347773298935e+02
2.918525996366671205e+00	1.070502023327343437e+02
2.924809035425688819e+00	1.067445039536075200e+02
2.931095916293684933e+00	1.065852300995697988e+02
2.937378182606774413e+00	1.065099872176106004e+02
2.943659980254369923e+00	1.062362491505282236e+02
2.949946454403890250e+00	1.063416779154676846e+02
2.956227653702202307e+00	1.061091787600200007e+02
2.962510478867462993e+00	1.060236791942646022e+02
2.968796535179442309e+00	1.057990217132216486e+02
2.975077657376874907e+00	1.056965184424077080e+02
2.981359866759223376e+00	1.055455875144687496e+02
2.987646761575656562e+00	1.055925718796100057e+02
2.993929038370399365e+00	1.054236933935306268e+02
3.000206214840962726e+00	1.055036645170132772e+02
3.006486172402415669e+00	1.052192531751687170e+02
3.012769812211594456e+00	1.052010416074984676e+02
3.019053144326170113e+00	1.052733884980268044e+02
3.025337405144251424e+00	1.051415144345315014e+02
3.031623734799107961e+00	1.050331277163488153e+02
3.037908962055872575e+00	1.048960006959392217e+02
3.044195067146031608e+00	1.049720432614064123e+02
3.050475543482170426e+00	1.047703212773649994e+02
3.056754954538277502e+00	1.047461155766572176e+02
3.063040539557494668e+00	1.048893525764893155e+02
3.069323699454357346e+00	1.048284923962825701e+02
3.075610692642898769e+00	1.046650332164833230e+02
3.081893798009918584e+00	1.047472968991199451e+02
3.088174549548037717e+00	1.046329088770630875e+02
3.094458635632868493e+00	1.046296124042260658e+02
3.100743982931558840e+00	1.044555803030603300e+02
3.107028111748448396e+00	1.047420276323070567e+02
3.113309299655494300e+00	1.046693367052407808e+02
3.119590662867241626e+00	1.045462681886692309e+02
3.125874006820172912e+00	1.045905886873574957e+02
3.132159251154602586e+00	1.046155822045510035e+02
3.138439172765940643e+00	1.047725725680027864e+02
3.144723867719826593e+00	1.047412332552255947e+02
3.151003951258561031e+00	1.046705264677548826e+02
3.157283664131563139e+00	1.049351499053121728e+02
3.163569317183839935e+00	1.050494535292921938e+02
3.169851661717792091e+00	1.049184367786064058e+02
3.176137704316093657e+00	1.050839199482451392e+02
3.182420924828643916e+00	1.051136520796400760e+02
3.188702811875577581e+00	1.052172741900830886e+02
3.194990520008989865e+00	1.053690108783062698e+02
3.201275324656983834e+00	1.054720750567391292e+02
3.207551352179861759e+00	1.053781102658785187e+02
3.213835216737041645e+00	1.057305681976291822e+02
3.220122579819103770e+00	1.055251580274024263e+02
3.226406606618656525e+00	1.053319834876835159e+02
3.232687390085645429e+00	1.051137363529941524e+02
3.238969121280456331e+00	1.048545601769498887e+02
3.245254751548589667e+00	1.045641010365761900e+02
3.251534499036136783e+00	1.044083458937417248e+02
3.257817780791052442e+00	1.040674249416231447e+02
3.264102164154097263e+00	1.038517194807790531e+02
3.270384152138468892e+00	1.037927100604944997e+02
3.276669427476867735e+00	1.036035071552582281e+02
3.282954688864507808e+00	1.033181362732824340e+02
3.289237200334947264e+00	1.031760892219544559e+02
3.295519587088236779e+00	1.026759450371960867e+02
3.301805977329951958e+00	1.027640795392889999e+02
3.308087486222440088e+00	1.025948187734861108e+02
3.314367630234227313e+00	1.021891652527627912e+02
3.320651909732194262e+00	1.022252921187538703e+02
3.326931260376857047e+00	1.018087697669282647e+02
3.333216512447217728e+00	1.017007579136867434e+02
3.339504489419978128e+00	1.014257920821128209e+02
3.345786804809928405e+00	1.012282336391497211e+02
3.352071130016277767e+00	1.010828199298456695e+02
3.358351496304225581e+00	1.008384419903908480e+02
3.364630591073392019e+00	1.008189593051204866e+02
3.370916305215045483e+00	1.004507114614084600e+02
3.377197952029413752e+00	1.003950229063366635e+02
3.383483063818085501e+00	1.000788370719853191e+02
3.389769992424469969e+00	1.000165819231653757e+02
3.396051330885982100e+00	9.967324655656248922e+01
3.402330879139463971e+00	9.961040657565048662e+01
3.408610488352048495e+00	9.932123519584430937e+01
3.414897837696641236e+00	9.931495779998078888e+01
3.421180484052105619e+00	9.923612833445739057e+01
3.427461639653846870e+00	9.894310450861803474e+01
3.433749159643459059e+00	9.880501392349931677e+01
3.440032646656798310e+00	9.892248884777552576e+01
3.446313366033385339e+00	9.845349178548813995e+01
3.452600135384134905e+00	9.842112687788116432e+01
3.458883152815406703e+00	9.810008725735384871e+01
3.465163834403715448e+00	9.807916823234828030e+01
3.471449329786229221e+00	9.793788129755553484e+01
3.477734476754053894e+00	9.761027150466358648e+01
3.484019652467224226e+00	9.757811287867897931e+01
3.490297019369712928e+00	9.738462819199234843e+01
3.496582486484379970e+00	9.729054957926211955e+01
3.502868048046865024e+00	9.700170837719971928e+01
3.509144649545451244e+00	9.684299856871068357e+01
3.515428082003116295e+00	9.672903787211802751e+01
3.521711031624695565e+00	9.660791648544193322e+01
3.527991850954735664e+00	9.643978319192552817e+01
3.534275545726699885e+00	9.640499453196623847e+01
3.540562632020772149e+00	9.639666355068114001e+01
3.546844410757220789e+00	9.628237963339320515e+01
3.553131386753758836e+00	9.599103717240768674e+01
3.559419203211965144e+00	9.595602431250313202e+01
3.565697971577579839e+00	9.582625208086564328e+01
3.571979559134798254e+00	9.573540741489269124e+01
3.578265774595833726e+00	9.547996400952227702e+01
3.584548309769353125e+00	9.545280932713387756e+01
3.590826843920031486e+00	9.526357227481669554e+01
3.597107306745233934e+00	9.508684346296411150e+01
3.603392831792229245e+00	9.492602218382050694e+01
3.609673209822572559e+00	9.514425685588450676e+01
3.615955412133016189e+00	9.502976086676049761e+01
3.622241607772384686e+00	9.468514596723237275e+01
3.628520252736676444e+00	9.455484413163686952e+01
3.634804827569451113e+00	9.455750089955030546e+01
3.641094981788862928e+00	9.451293696196910332e+01
3.647383514928639325e+00	9.436486568604811964e+01
3.653663283927725658e+00	9.436295778595594186e+01
3.659943504072155296e+00	9.411790651498630211e+01
3.666232000281138603e+00	9.424458198733073289e+01
3.672514211678317597e+00	9.396244939091199910e+01
3.678794154686042539e+00	9.399270796996169963e+01
3.685078621861909820e+00	9.398974147096636500e+01
3.691359210097977961e+00	9.381457557900657207e+01
3.697642368173791105e+00	9.387546041713397926e+01
3.703925796735277665e+00	9.374100675351803602e+01
3.710208240364660348e+00	9.367922759604647354e+01
3.716494593122387169e+00	9.348056310246924738e+01
3.722775386659595398e+00	9.337825487900502708e+01
3.729058392883481510e+00	9.343984837079021588e+01
3.735339748210807720e+00	9.332565182951124427e+01
3.741620776392969638e+00	9.333937139447434106e+01
3.747904795418762980e+00	9.317315303371876212e+01
3.754190633281219380e+00	9.321210227115268765e+01
3.760478208018912749e+00	9.305279584904047852e+01
3.766755538573464346e+00	9.303357380497278939e+01
3.773032090135151506e+00	9.298862201213691492e+01
3.779322553012896879e+00	9.301705457477011407e+01
3.785609109731308930e+00	9.294523462691589089e+01
3.791889825936295200e+00	9.293445263976413173e+01
3.798174822702435893e+00	9.294585280610675682e+01
3.804458658753491651e+00	9.283627641965124155e+01
3.810738438095723435e+00	9.270806259884859912e+01
3.817018850285747167e+00	9.256360112367464410e+01
3.823305314209427763e+00	9.277388720590447235e+01
3.829591295197792178e+00	9.267804544798494248e+01
3.835872296070849341e+00	9.271909724507604267e+01
3.842156279590906109e+00	9.276141842616316069e+01
3.848441511099312429e+00	9.266216195102421693e+01
3.854723334376886079e+00	9.247402364938346864e+01
3.861004740704794713e+00	9.264221345103919703e+01
3.867284336650660848e+00	9.265957855421311251e+01
3.873567367678779849e+00	9.256850113448352602e+01
3.879850662830422792e+00	9.246094758704764160e+01
3.886137063198143338e+00	9.271814641088903386e+01
3.892419463049126005e+00	9.254454720272333645e+01
3.898703740328622658e+00	9.264220727620880780e+01
3.904991458788179326e+00	9.260369774484155414e+01
3.911270842222104083e+00	9.265656936826344747e+01
3.917549806479573071e+00	9.266517308045533241e+01
3.923836006203090587e+00	9.269765500897516119e+01
3.930121452497870926e+00	9.273251279028932004e+01
3.936398172858230460e+00	9.281196174651361730e+01
3.942683040425962293e+00	9.282519349334339154e+01
3.948974759704379611e+00	9.282853887508119328e+01
3.955259227995065352e+00	9.275274679334347638e+01
3.961537174921395454e+00	9.299098683252023534e+01
3.967820217617139544e+00	9.285601360157153294e+01
3.974105559832568968e+00	9.306922243910607051e+01
3.980384727931198352e+00	9.294237211270912269e+01
3.986664590839849698e+00	9.296381652825340325e+01
3.992949619150675034e+00	9.306158983683707220e+01
3.999235075769965952e+00	9.304137634495658915e+01
4.005515715515433506e+00	9.311820976654904314e+01
4.011798434346478537e+00	9.317403012936422613e+01
4.018083716245132386e+00	9.327201965479332557e+01
4.024365700052603856e+00	9.328457983083866623e+01
4.030643960839860540e+00	9.343474289627378937e+01
4.036928708926215137e+00	9.350196461732639364e+01
4.043218157412017177e+00	9.356724512638996316e+01
4.049503019487663558e+00	9.369812472076088739e+01
4.055781898960511000e+00	9.363730588877430705e+01
4.062060795621602161e+00	9.384788883414123006e+01
4.068347865354716042e+00	9.391911872400108052e+01
4.074631027173265529e+00	9.397327895320680113e+01
4.080910837526078971e+00	9.425503567960562634e+01
4.087201203341442657e+00	9.409994201491005583e+01
4.093486818591942189e+00	9.425538458513530315e+01
4.099764387336505500e+00	9.459402810915604221e+01
4.106049166937662420e+00	9.445599498826473450e+01
4.112334559041358695e+00	9.460616477427245741e+01
4.118618926059533614e+00	9.457589340566623548e+01
4.124898942031112625e+00	9.471870074135523510e+01
4.131175432561665417e+00	9.483465524710430827e+01
4.137461563786142271e+00	9.518166608191174305e+01
4.143746006210170307e+00	9.521589054248096318e+01
4.150029800482964326e+00	9.529488509688138720e+01
4.156313390684649001e+00	9.545259687639695301e+01
4.162596105843763716e+00	9.565568293229166841e+01
4.168881843141768684e+00	9.563065360890045952e+01
4.175162111073220217e+00	9.590944924781932457e+01
4.181448573417560155e+00	9.606806822775845944e+01
4.187738782464171194e+00	9.624804471342069689e+01
4.194017437180169061e+00	9.664045496658339118e+01
4.200293572701767175e+00	9.637857210672238750e+01
4.206580195481546269e+00	9.682390200476439190e+01
4.212860644652220543e+00	9.694829131528629773e+01
4.219138153430114002e+00	9.717708351194737304e+01
4.225426162098283811e+00	9.721874444269013793e+01
4.231713506719782636e+00	9.750586361388330658e+01
4.237990056577191744e+00	9.759041127368217872e+01
4.244267783646744618e+00	9.795651273740625697e+01
4.250560660182562955e+00	9.808653957366317400e+01
4.256847734842668096e+00	9.805124511694380374e+01
4.263127100734456221e+00	9.836556864278576029e+01
4.269406860432507500e+00	9.860175769632299136e+01
4.275691671482192646e+00	9.874061410283835016e+01
4.281972414189518794e+00	9.878144200848484502e+01
4.288253516806755705e+00	9.916292978367124533e+01
4.294540520160492925e+00	9.937968581159132953e+01
4.300825742921731809e+00	9.951149711028310207e+01
4.307109835491901961e+00	9.968799835372909968e+01
4.313390926478413157e+00	1.001909892579439543e+02
4.319667979480563247e+00	1.002561991031297026e+02
4.325952598143786076e+00	1.003081059697878885e+02
4.332241647035422361e+00	1.005061592001875113e+02
4.338524445619096781e+00	1.007482843742375138e+02
4.344809348131129845e+00	1.007977442445946110e+02
4.351090699193166600e+00	1.012848907948104937e+02
4.357369710808320029e+00	1.014625570435528203e+02
4.363659348967174445e+00	1.015786208392982815e+02
4.369947418280990981e+00	1.016200727737526393e+02
4.376226569265827315e+00	1.020430491838627063e+02
4.382499356631129217e+00	1.022852218172504593e+02
4.388784975178015024e+00	1.025997662777423187e+02
4.395068696309480494e+00	1.024844634577516871e+02
4.401347962382031298e+00	1.030119035739897129e+02
4.407628405096517099e+00	1.031491054862889598e+02
4.413915862185140426e+00	1.032973295988131923e+02
4.420203163534264235e+00	1.036655488603850301e+02
4.426480311003382795e+00	1.035686190249157477e+02
4.432765973643649104e+00	1.039112373404290821e+02
4.439053392023870614e+00	1.037526379344898260e+02
4.445336141335588742e+00	1.041578066296032290e+02
4.451617241414883352e+00	1.044119553373618885e+02
4.457901500730311106e+00	1.043726809416333197e+02
4.464189501093017043e+00	1.046586511397395043e+02
4.470470197548729985e+00	1.047732766069761965e+02
4.476748044268524573e+00	1.049265483045052036e+02
4.483035990164653484e+00	1.047216099901128530e+02
4.489323331650528104e+00	1.046931251974566521e+02
4.495599111667934800e+00	1.047696626448472728e+02
4.501870922878794090e+00	1.046631202359703536e+02
4.508155162877705457e+00	1.050670628510641649e+02
4.514446451153479423e+00	1.050027293355384046e+02
4.520723894043856994e+00	1.049447531460859437e+02
4.527003782460155890e+00	1.043710506700006277e+02
4.533293086610313161e+00	1.043549658006439103e+02
4.539578989864040182e+00	1.043591532461867644e+02
4.545857164866476730e+00	1.038911539787749376e+02
4.552138955546025656e+00	1.037458726450486779e+02
4.558432046889146605e+00	1.034454048536860711e+02
4.564713463378488711e+00	1.037422263835594691e+02
4.570987274133244682e+00	1.036576437682832790e+02
4.577274818151045643e+00	1.035644916893448766e+02
4.583563263889338657e+00	1.031498581933789751e+02
4.589844917004465508e+00	1.031657992783778326e+02
4.596126259982004747e+00	1.034959149696827723e+02
4.602409075598298926e+00	1.032292266931072788e+02
4.608696634867644804e+00	1.033343757553431885e+02
4.614977646498861219e+00	1.030713277440298441e+02
4.621258953029527383e+00	1.036027457948289623e+02
4.627547993978874175e+00	1.033742193454542075e+02
4.633830152730579854e+00	1.036166509490164174e+02
4.640104005367354567e+00	1.034953008667436336e+02
4.646382060386754276e+00	1.036943769296699287e+02
4.652674213731970987e+00	1.038023839626030167e+02
4.658958291796220230e+00	1.038381221417042184e+02
4.665233615070169648e+00	1.037874336336679164e+02
4.671520675710307380e+00	1.037789881237106329e+02
4.677814351732177300e+00	1.041339605217724653e+02
4.684093699744638073e+00	1.042252275793981653e+02
4.690368661472568590e+00	1.044866021504234652e+02
4.696663270746453733e+00	1.042283558402212833e+02
4.702945459248681459e+00	1.046346097271026707e+02
4.709209170841929470e+00	1.048875823871985773e+02
4.715491634753063543e+00	1.050966210668893410e+02
4.721784316284933780e+00	1.049608092131702364e+02
4.728063062331094635e+00	1.052001319924754910e+02
4.734337423381671073e+00	1.059464185779334571e+02
4.740627024094544062e+00	1.055559301092782221e+02
4.746914995664547554e+00	1.060232197236537672e+02
4.753194740071086777e+00	1.056880055487808789e+02
4.759478891864783456e+00	1.066421646891222110e+02
4.765762396877359031e+00	1.065385910201582362e+02
4.772049481246195768e+00	1.068495484482128717e+02
4.778335091022592351e+00	1.072476537670513181e+02
4.784610831402393849e+00	1.070521674614486756e+02
4.790907306208476157e+00	1.078764213006379720e+02
4.797204047706418173e+00	1.076918418211976558e+02
4.803470827697504220e+00	1.082772885891966297e+02
4.809748850577324042e+00	1.079879264563194283e+02
4.816045316586602176e+00	1.088992634775413393e+02
4.822329240673497885e+00	1.084435257259937515e+02
4.828596758226470165e+00	1.090684998830301140e+02
4.834890332961369275e+00	1.094516850398564571e+02
4.841191655056394261e+00	1.099718960108050965e+02
4.847460407468000554e+00	1.098396554297810468e+02
4.853732128521334843e+00	1.105258674308727933e+02
4.860029138783373170e+00	1.109958823953876674e+02
4.866314601732018019e+00	1.113447851926921857e+02
4.872587026269203925e+00	1.117343300030540831e+02
4.878874221748241702e+00	1.116714693157294533e+02
4.885171078138658807e+00	1.122638370379959269e+02
4.891450629931857641e+00	1.126369734031754888e+02
4.897716482750221978e+00	1.131759132704119395e+02
4.904002834596266069e+00	1.131486514350411881e+02
4.910295858205786068e+00	1.138516503124527617e+02
4.916575188115905881e+00	1.140537809378240155e+02
4.922847946197084212e+00	1.147106098156900629e+02
4.929131667457151700e+00	1.152294086854689823e+02
4.935434460144239033e+00	1.152492385408826294e+02
4.941718513303545279e+00	1.154939723284295354e+02
4.947978624761803168e+00	1.158149871171735015e+02
4.954274999209829389e+00	1.164367113912789904e+02
4.960571094729937514e+00	1.166396960215949292e+02
4.966823207626954506e+00	1.179278342629438612e+02
4.973097418390337587e+00	1.178346934224318403e+02
4.979415129936382023e+00	1.181985840009968172e+02
4.985702082330368157e+00	1.188702812624244558e+02
4.991949985828016523e+00	1.189627239879498575e+02
4.998241586316924057e+00	1.207350834515658704e+02
5.004556635606089543e+00	1.198004190965515221e+02
5.010828655701208945e+00	1.213156914592237996e+02
5.017077229702536556e+00	1.212098086500591165e+02
5.023374414758113637e+00	1.223354231313435179e+02
5.029688873569548413e+00	1.223143968219636832e+02
5.035958413584124216e+00	1.236249112872400673e+02
5.042232667658486989e+00	1.241696288121299574e+02
5.048528755870775875e+00	1.249237179048222117e+02
5.054821121427484520e+00	1.262547999644714452e+02
5.061069509814582368e+00	1.255828948818222841e+02
5.067347812754101177e+00	1.266690550763823779e+02
5.073675050630431116e+00	1.278690771444543799e+02
5.079945928388977627e+00	1.282683599099833032e+02
5.086192992546071601e+00	1.282674662405250956e+02
5.092484128970163226e+00	1.286313634930562273e+02
5.098802924706086870e+00	1.299705501573237711e+02
5.105078217426394005e+00	1.320823558694856104e+02
5.111325076574067872e+00	1.313687620758520040e+02
5.117628358851224135e+00	1.324426271434751641e+02
5.123935939383525984e+00	1.328931980453235155e+02
5.130199176325612065e+00	1.343292745149967686e+02
5.136469985878846956e+00	1.347228900889898568e+02
5.142797788696348071e+00	1.355451548881419512e+02
5.149090378043822192e+00	1.369524064976135662e+02
5.155289879840074363e+00	1.376497462887091672e+02
5.161564521234301317e+00	1.392058803796745394e+02
5.167916673496016244e+00	1.396268751936428032e+02
5.174205974602950064e+00	1.415678809967631082e+02
5.180434820793812456e+00	1.424638189850254832e+02
5.186729096569634656e+00	1.433088548228271861e+02
5.193058481037780894e+00	1.443836335912817219e+02
5.199319511444338460e+00	1.462015833756946961e+02
5.205574295584361799e+00	1.446740990026125360e+02
5.211894977074066126e+00	1.473472542879208333e+02
5.218201708336958511e+00	1.487612961906032751e+02
5.224411911780083351e+00	1.480410237920855252e+02
5.230677632666463239e+00	1.504121035276417047e+02
5.237056729559757429e+00	1.507446639659382868e+02
5.243336785035660697e+00	1.532700864278130553e+02
5.249493476178225038e+00	1.533212788175018488e+02
5.255787017738318134e+00	1.529387682098683001e+02
5.262205327426889845e+00	1.566346307730210867e+02
5.268477758348532269e+00	1.570588254336565797e+02
5.274632213654732560e+00	1.588744117990128188e+02
5.280950543314659740e+00	1.587040174492038318e+02
5.287327645024750389e+00	1.610654115245442313e+02
5.293582359180156516e+00	1.614470061669990457e+02
5.299789992649893478e+00	1.640810765997048293e+02
5.306111460381987222e+00	1.654947568411269287e+02
5.312452717892129250e+00	1.664808875062487061e+02
5.318650122853046724e+00	1.691607826475123488e+02
5.324923043129819789e+00	1.702623962288095072e+02
5.331330237158205421e+00	1.717466900796256084e+02
5.337586726886338617e+00	1.741200686939253046e+02
5.343685192440848830e+00	1.746237713295508627e+02
5.350070659715249199e+00	1.756474723931314372e+02
5.356556762554878226e+00	1.771557419424881346e+02
5.362691868684501095e+00	1.785675961120201407e+02
5.368769208912516966e+00	1.864276850674870047e+02
5.375270137997677722e+00	1.805691969264677539e+02
5.381769983045385786e+00	1.858335644668032387e+02
5.387701030372958222e+00	1.879910258170062889e+02
5.393786668001271600e+00	1.850459972459388780e+02
5.400446161099396569e+00	1.920328975839072996e+02
5.406957063684501463e+00	1.933125683983230942e+02
5.412655672453426270e+00	1.955255072845167774e+02
5.418821279260546575e+00	1.995366444132665720e+02
5.425690594366304076e+00	1.974653411925636419e+02
5.432217487502165376e+00	2.053111568881274707e+02
5.437649811577258241e+00	2.049287947644583312e+02
5.443914404015878006e+00	2.058586962930552318e+02
5.450953501686320202e+00	2.085259721117432434e+02
5.457483690405861232e+00	2.131779059121238049e+02
5.462715250135157241e+00	2.151973248593010624e+02
5.469033575551323523e+00	2.120959878648934023e+02
5.476177730420278778e+00	2.163553610018135771e+02
5.482708935702562236e+00	2.232412623701043231e+02
5.487722405008360838e+00	2.316692440193602351e+02
5.494194284996126498e+00	2.247717205684703572e+02
5.501391471009256406e+00	2.351093011137286624e+02
5.507128202673079009e+00	2.311405183942563610e+02
5.512278020050448646e+00	2.317415157302557986e+02
5.519395563377015534e+00	2.366069321791043762e+02
5.526598678609708770e+00	2.366081052266418112e+02
5.532162682462509196e+00	2.376612143032696451e+02
5.537397124017139127e+00	2.267236863877098187e+02
5.544582756485218589e+00	2.444948343294268795e+02
5.551739327507637434e+00	2.421005849535117420e+02
5.557493306674907707e+00	2.081890722856198011e+02
5.562281709102816940e+00	3.019930369531020347e+02
5.569272720323164449e+00	2.205791826982054715e+02
