8.899641224696953554e-03	3.330909556234568299e+04
1.507912216506557788e-02	3.162853123555748607e+04
2.144790186456836667e-02	3.056335012979200110e+04
2.783660776489276650e-02	2.613731173256201146e+04
3.435099785803411021e-02	2.046744736023708174e+04
4.047886761425745911e-02	1.784778406840708340e+04
4.676716683575679601e-02	1.583187291872299647e+04
5.308225101765951665e-02	1.301578216418990633e+04
5.945362440940590160e-02	1.318083000574924154e+04
6.576224814588792211e-02	1.146720756876444284e+04
7.196632906698736953e-02	9.347860061710262016e+03
7.827860915688347743e-02	8.351873815121996813e+03
8.470398945834539672e-02	7.403277847738546370e+03
9.096854620527369817e-02	6.524992410498174650e+03
9.720789776830213169e-02	5.960070872239568416e+03
1.034763038959366499e-01	5.840451824771050269e+03
1.097576444254559219e-01	5.350793491372211065e+03
1.160543084780093354e-01	5.082578291380567862e+03
1.223669666537485351e-01	4.426503258341087530e+03
1.286817263090294094e-01	4.163483026081669777e+03
1.349500801664080818e-01	3.846170778662346947e+03
1.411949558842147678e-01	3.564693850349293371e+03
1.475133575747468451e-01	3.358818305261191199e+03
1.537865074252268427e-01	3.176811870197131157e+03
1.600657544051110326e-01	3.026734274357846971e+03
1.663991168687080635e-01	2.862073643263755457e+03
1.727195645776442856e-01	2.806149716739640553e+03
1.789765213377084718e-01	2.608906175803252609e+03
1.852353690647852158e-01	2.492930812709189922e+03
1.914806787341157279e-01	2.347470086530909612e+03
1.977889868651535599e-01	2.252274966372696326e+03
2.040937735447724277e-01	2.195906476319849844e+03
2.103939302609846018e-01	2.040748301349304484e+03
2.166909709822301688e-01	1.998597254355780251e+03
2.229700281216152047e-01	1.953892486264445552e+03
2.292620027086341994e-01	1.880906378870821300e+03
2.355141508366812297e-01	1.773840828521164212e+03
2.417910583817859116e-01	1.729544136660151707e+03
2.480856539439619257e-01	1.691000471616567211e+03
2.543492256872954549e-01	1.587841971664998937e+03
2.606334251884805386e-01	1.525018101478832477e+03
2.669257370896960802e-01	1.508521293713873774e+03
2.732423343141155980e-01	1.463209493171776785e+03
2.795529680084415936e-01	1.448774138443292259e+03
2.858366292314493129e-01	1.382604265910993036e+03
2.920876271394311496e-01	1.375854620526414465e+03
2.983449844439822751e-01	1.305102401741440872e+03
3.046382639407197446e-01	1.290333028500582486e+03
3.109279127003197196e-01	1.237982874371380831e+03
3.172168171618398036e-01	1.213281236032659081e+03
3.235187567944423082e-01	1.172518638264392621e+03
3.298168217550395687e-01	1.160596499463185182e+03
3.361176429457156667e-01	1.134804607792942761e+03
3.423700375709273769e-01	1.110100854293311158e+03
3.486478192666269682e-01	1.088445153456076469e+03
3.549411614411318028e-01	1.049442526505748674e+03
3.611916935421040642e-01	1.033728385367784540e+03
3.674767089563572564e-01	1.033255681096186890e+03
3.737647795277591056e-01	9.875324376253971650e+02
3.800654031475132477e-01	1.001810838704093158e+03
3.863539861259823738e-01	9.666490759874541254e+02
3.926140181364449755e-01	9.526236334218995125e+02
3.989264500321934581e-01	9.355526808768780711e+02
4.052073244576828714e-01	9.151568072841017738e+02
4.114916477570477182e-01	9.046260654744083922e+02
4.177814272116491257e-01	8.964239711444672594e+02
4.240400648725131116e-01	8.746076868775014646e+02
4.303425690270192283e-01	8.613030645871218667e+02
4.366358560255625965e-01	8.413015504899202597e+02
4.428996183220763605e-01	8.295345785978743152e+02
4.491634418529859563e-01	8.186698648718720506e+02
4.554414146254732731e-01	8.025031196402264868e+02
4.617634470301058558e-01	7.983496854424312232e+02
4.680644242023710433e-01	7.814910219117128918e+02
4.743485242764365895e-01	7.680192512759539341e+02
4.806356136815400082e-01	7.661503884035566898e+02
4.869019258388697646e-01	7.543676260286690649e+02
4.931697099599955947e-01	7.384172410702813067e+02
4.994506747144535908e-01	7.261335176122502162e+02
5.057159051335421429e-01	7.203326568594533228e+02
5.119923996268095356e-01	7.062616134960328509e+02
5.183126097768406826e-01	7.046357575301004772e+02
5.246089638029100000e-01	6.890259652519011979e+02
5.308757308483337267e-01	6.833081178792450601e+02
5.371573527946726934e-01	6.772082424064544739e+02
5.434579563783791256e-01	6.703781386310693051e+02
5.497430652392217842e-01	6.550438835698822686e+02
5.559937427501778773e-01	6.445594761425198840e+02
5.622854676609657654e-01	6.433125572104803496e+02
5.686011537227265711e-01	6.389372945468127227e+02
5.748804589422079614e-01	6.364610533694894912e+02
5.811550210340560296e-01	6.262260231311837515e+02
5.874394496660968468e-01	6.189668026614693872e+02
5.937176220296899176e-01	6.123594392901852643e+02
5.999971954793682505e-01	6.013696126073591586e+02
6.062679115124277596e-01	6.028013502477277825e+02
6.125469576444534381e-01	5.930733113513767876e+02
6.188477733041515272e-01	5.876625999739128474e+02
6.251310567437898813e-01	5.858184749645007514e+02
6.314027450383210560e-01	5.754090277835437064e+02
6.377003562732055375e-01	5.697919122734723487e+02
6.439857783314556494e-01	5.604277126761872978e+02
6.502685417166111925e-01	5.580855346866214859e+02
6.565586117699038216e-01	5.560764352192036313e+02
6.628369282359254377e-01	5.485949605848994679e+02
6.691185444962194362e-01	5.473146638965324655e+02
6.754070198575605755e-01	5.396785178646708800e+02
6.816835514593204692e-01	5.334905105695266911e+02
6.879592533861698112e-01	5.304913350313619276e+02
6.942344317039531587e-01	5.199845013578109274e+02
7.005175402434737908e-01	5.187684415978629886e+02
7.068124956608716758e-01	5.185528853290797997e+02
7.131019009674921527e-01	5.113477093398383317e+02
7.193918251171427247e-01	5.051132391732996325e+02
7.256833807598113140e-01	5.012959472921982069e+02
7.319652682709349989e-01	4.969149237776551900e+02
7.382507990484923344e-01	4.931952953775981427e+02
7.445265842115937893e-01	4.912016067209612515e+02
7.507871101942712455e-01	4.853288689610075153e+02
7.570758465316046459e-01	4.813164182951410339e+02
7.633641233600957365e-01	4.795750557088971959e+02
7.696462959862266917e-01	4.739415062597922201e+02
7.759394865175414102e-01	4.712932053702157305e+02
7.822329141989586843e-01	4.654603847387390374e+02
7.885314936520240181e-01	4.639331235761692938e+02
7.947896566979522071e-01	4.608610177974484827e+02
8.010491096592354809e-01	4.555547087992949287e+02
8.073364061727361651e-01	4.563267659289759877e+02
8.136229488373866170e-01	4.485831782421864204e+02
8.199152998961036776e-01	4.461743855498027074e+02
8.261952636392789762e-01	4.424817152199070733e+02
8.324897070080405914e-01	4.411872469951509856e+02
8.387959309210778480e-01	4.372974271229303440e+02
8.450634639703045181e-01	4.312335966164847036e+02
8.513282867562648182e-01	4.305631362473259856e+02
8.576198263902009566e-01	4.253694372987438328e+02
8.639058477062415697e-01	4.238264224435032475e+02
8.701838745487597837e-01	4.225636049813563204e+02
8.764641096075268534e-01	4.196330214616623380e+02
8.827503873399735745e-01	4.143271058744774678e+02
8.890332768393869323e-01	4.135497384087610726e+02
8.953084247113127780e-01	4.095592623506631185e+02
9.015956521667095602e-01	4.053111127349818616e+02
9.078833328094829680e-01	3.996078753842612628e+02
9.141744106319863450e-01	4.013790787935569142e+02
9.204630817717615043e-01	3.993948206392776115e+02
9.267434415264711456e-01	3.957076230239294432e+02
9.330324197354928906e-01	3.945436415466128892e+02
9.393265785573878812e-01	3.889134561195012338e+02
9.455974810398196650e-01	3.864293265458906035e+02
9.518660018545171964e-01	3.844308887720667940e+02
9.581413255531838757e-01	3.821179392408314470e+02
9.644350945109106954e-01	3.791652814064444215e+02
9.707355633568249820e-01	3.773553064843886204e+02
9.770080768450029041e-01	3.749458501084774866e+02
9.832823325363413414e-01	3.710031570106744994e+02
9.895569691966674686e-01	3.689754724208599441e+02
9.958456301921106979e-01	3.677380946310956347e+02
1.002136210743837408e+00	3.649266488016514245e+02
1.008404825335135424e+00	3.631291450556253153e+02
1.014694149836243398e+00	3.600861851252381030e+02
1.020992555437297167e+00	3.584755619243042020e+02
1.027273980437394485e+00	3.562356895504050271e+02
1.033559181896017254e+00	3.536617252798830009e+02
1.039847557392594934e+00	3.542645481239238165e+02
1.046126974943305088e+00	3.495191387193345918e+02
1.052403436811028659e+00	3.484189605603074256e+02
1.058680704651608684e+00	3.447477710665237396e+02
1.064964333065789193e+00	3.431761134538314764e+02
1.071256777440835473e+00	3.409360797119825861e+02
1.077544048801078125e+00	3.399430912139621910e+02
1.083824820188043603e+00	3.378572978512668215e+02
1.090108023942816695e+00	3.350580054366070613e+02
1.096389665956643222e+00	3.342059811897423174e+02
1.102681132058841440e+00	3.306523010985271753e+02
1.108963047594879958e+00	3.290150713695848026e+02
1.115225428463759272e+00	3.261142205412094199e+02
1.121502127614767863e+00	3.251406078273433309e+02
1.127792573824792033e+00	3.234500651308331385e+02
1.134089552668382961e+00	3.213470037443767069e+02
1.140364049650405942e+00	3.195585391787502090e+02
1.146639180320979445e+00	3.169074337372988452e+02
1.152942412991649901e+00	3.176730030999186170e+02
1.159228906751078814e+00	3.137146961787597093e+02
1.165508721887268173e+00	3.133390465356517893e+02
1.171793076256210320e+00	3.108897456817579723e+02
1.178087436369658958e+00	3.083594965628791442e+02
1.184367654251526902e+00	3.084586213510442576e+02
1.190634642299266632e+00	3.061778870875436382e+02
1.196912208834400859e+00	3.033821479375139347e+02
1.203201577354146234e+00	3.010771899716378925e+02
1.209486844441705733e+00	3.007848661345087180e+02
1.215763902074809888e+00	2.989490546237739750e+02
1.222049755171146668e+00	2.973018069260593279e+02
1.228340616621486969e+00	2.962143999136808361e+02
1.234632986576932767e+00	2.935808883540476018e+02
1.240902247176856488e+00	2.918281081140685274e+02
1.247174839144687519e+00	2.908165055992601538e+02
1.253465459933442272e+00	2.879148219491316354e+02
1.259749951892178421e+00	2.865395554218295615e+02
1.266032143127253873e+00	2.862265241918467495e+02
1.272316288472006507e+00	2.844325589795184328e+02
1.278604155058621350e+00	2.825188772019118915e+02
1.284886588933593865e+00	2.809426759176441806e+02
1.291175420066583257e+00	2.799310153481646353e+02
1.297465726373772332e+00	2.784146821237760037e+02
1.303741827011944299e+00	2.769393977550085424e+02
1.310017322922761851e+00	2.755329037270142294e+02
1.316301447662886703e+00	2.736669804449469439e+02
1.322586760363303249e+00	2.724976197945899230e+02
1.328865492452874664e+00	2.715456476187309249e+02
1.335144804954555564e+00	2.698557946474109599e+02
1.341440516272275119e+00	2.686747349849367197e+02
1.347730868417094552e+00	2.672331005161198618e+02
1.354001589994877630e+00	2.651460378625700400e+02
1.360282609297778444e+00	2.642261206336933697e+02
1.366565686457597906e+00	2.629433693118979249e+02
1.372851498482432708e+00	2.609442162818326096e+02
1.379135372929401804e+00	2.605979279667424180e+02
1.385409567149057164e+00	2.583463484518980522e+02
1.391698641219299315e+00	2.570462513193200493e+02
1.397984451439470810e+00	2.565745787165838010e+02
1.404267883409181961e+00	2.550471330890444221e+02
1.410554779484869181e+00	2.531472835652609206e+02
1.416837833547465397e+00	2.517729647017962122e+02
1.423118177187137068e+00	2.503793926791375952e+02
1.429397801164240089e+00	2.501660557746785116e+02
1.435686921822787232e+00	2.483985393732833131e+02
1.441977121769299597e+00	2.472172951493682831e+02
1.448253667853332427e+00	2.457255551758834144e+02
1.454532348972172651e+00	2.444962240876825774e+02
1.460819319151879903e+00	2.432440154224918842e+02
1.467110364402026468e+00	2.431545298499960381e+02
1.473392908948962132e+00	2.413061508859291280e+02
1.479669965243598950e+00	2.396366279426330550e+02
1.485956144602843532e+00	2.388627006915097581e+02
1.492233610763115115e+00	2.372519993450112281e+02
1.498502470379980078e+00	2.362330205244896320e+02
1.504785752051182701e+00	2.352452546845258325e+02
1.511075991894575976e+00	2.339051980847167727e+02
1.517361634985162189e+00	2.328893984663604613e+02
1.523648570969130533e+00	2.319323961219840839e+02
1.529938035715892264e+00	2.306895976422275396e+02
1.536230176913891965e+00	2.296285250558456994e+02
1.542510718779388279e+00	2.287179671749496208e+02
1.548783963082980275e+00	2.275608750481309812e+02
1.555073069779651318e+00	2.259687516045021312e+02
1.561357324927233892e+00	2.252182011089594198e+02
1.567629121053141006e+00	2.237564059801643168e+02
1.573913697404382583e+00	2.228189001296212837e+02
1.580203545230874029e+00	2.217773725786331909e+02
1.586485393434537983e+00	2.212337341216624793e+02
1.592760014263005841e+00	2.196088681498059714e+02
1.599046436394670812e+00	2.193739775004812600e+02
1.605342136637478934e+00	2.176227462078014412e+02
1.611619860919608627e+00	2.175996905137163253e+02
1.617897597081673799e+00	2.161378207723014953e+02
1.624183235481122756e+00	2.149432394656221561e+02
1.630464598531913722e+00	2.132500581745909187e+02
1.636748985747638274e+00	2.129263656097494675e+02
1.643030923698886259e+00	2.117192867230242541e+02
1.649309176648513064e+00	2.106976766188165300e+02
1.655593633940351861e+00	2.096310749396414792e+02
1.661879571405086464e+00	2.086474325870785265e+02
1.668169361685170271e+00	2.074946009013402488e+02
1.674450151530487485e+00	2.066985050945848457e+02
1.680722718978495900e+00	2.060669036245950281e+02
1.687013891340952476e+00	2.043944845714737824e+02
1.693308984907921033e+00	2.042827233725559495e+02
1.699582147428448486e+00	2.028010429854398922e+02
1.705863747055134105e+00	2.018621142733203158e+02
1.712154434283889470e+00	2.010348718237255810e+02
1.718438381579399321e+00	2.002356269832626481e+02
1.724721264464063930e+00	1.996721830109534892e+02
1.730997441276920679e+00	1.988294954104869134e+02
1.737287073528269499e+00	1.974523553365663702e+02
1.743567991878527401e+00	1.970705164877066977e+02
1.749840680212231048e+00	1.955657996261420521e+02
1.756128549091961144e+00	1.946299967563634539e+02
1.762413535324792502e+00	1.935271779284164779e+02
1.768696187669963837e+00	1.928820840235702860e+02
1.774979359379055266e+00	1.923328391790665535e+02
1.781265555576432957e+00	1.912763975978930091e+02
1.787549427830244619e+00	1.907910545304258108e+02
1.793834120011633004e+00	1.891891817779974474e+02
1.800115051552487300e+00	1.889125291910807789e+02
1.806393904854530330e+00	1.883093802310197020e+02
1.812674089667083432e+00	1.868580317527753039e+02
1.818956920109354058e+00	1.863463694002591637e+02
1.825244164118212220e+00	1.852838396236072072e+02
1.831527256642196955e+00	1.842834919527776663e+02
1.837811294935716599e+00	1.831068425563750850e+02
1.844100717411196744e+00	1.832751265050979725e+02
1.850384816792487230e+00	1.826285463559065363e+02
1.856666059735203822e+00	1.812961471024160005e+02
1.862947728675613979e+00	1.808080109496347347e+02
1.869229324466858078e+00	1.798552265774291641e+02
1.875517616802973686e+00	1.790142283149300226e+02
1.881800769033795229e+00	1.783248482063217750e+02
1.888078863416442710e+00	1.781911073311266307e+02
1.894353975182237582e+00	1.769418596760876881e+02
1.900642716154182565e+00	1.757555335213590979e+02
1.906933494748685121e+00	1.752043471820075524e+02
1.913207568676573933e+00	1.745054533303413393e+02
1.919490884732178992e+00	1.737609167786628745e+02
1.925776855684274480e+00	1.728743270331177087e+02
1.932064452961978152e+00	1.723434039269095877e+02
1.938342610030488800e+00	1.713066016406179415e+02
1.944618341543410178e+00	1.708444371139852365e+02
1.950906260203513876e+00	1.696224915464816831e+02
1.957194556613796488e+00	1.695571596951791946e+02
1.963479614559011432e+00	1.687053323805017158e+02
1.969760361532916226e+00	1.682450319750881533e+02
1.976048367034604736e+00	1.672999601356705739e+02
1.982337990217652335e+00	1.662776186602756070e+02
1.988617489259562721e+00	1.660847952610670006e+02
1.994896320665194178e+00	1.652382623506743187e+02
2.001179596222827151e+00	1.643461320340602185e+02
2.007459756923499761e+00	1.636326342970901067e+02
2.013737397779169935e+00	1.634034435006016110e+02
2.020017234677497164e+00	1.626117536840612843e+02
2.026310251015072783e+00	1.614401800156177558e+02
2.032600542948020284e+00	1.609246845423152763e+02
2.038873863192099289e+00	1.604149182606659849e+02
2.045154087821675404e+00	1.596010391567913302e+02
2.051444704514288730e+00	1.594115924828638526e+02
2.057730430280644729e+00	1.586526670458440549e+02
2.064013940455224461e+00	1.579127328475256320e+02
2.070299891179459895e+00	1.571065274215061720e+02
2.076589719964883951e+00	1.566592326344261608e+02
2.082865483794470673e+00	1.560502408949945732e+02
2.089134494859368640e+00	1.557102822991991786e+02
2.095424211360070288e+00	1.549524482210324550e+02
2.101707116664804254e+00	1.541493535992108832e+02
2.107986473933564309e+00	1.533852141540622824e+02
2.114271806543862375e+00	1.531147779379884923e+02
2.120552717288892275e+00	1.522991547571115802e+02
2.126836933207161717e+00	1.515145115919630996e+02
2.133122044791171845e+00	1.507076878979983121e+02
2.139411711910842673e+00	1.505227425167965407e+02
2.145697076775292089e+00	1.499001343284411973e+02
2.151973548606471276e+00	1.494543815200588028e+02
2.158259913555724108e+00	1.485484476694931288e+02
2.164545396699105506e+00	1.481634450674560810e+02
2.170830700377734068e+00	1.475841954558646307e+02
2.177114138849150393e+00	1.468295480824189667e+02
2.183387647576827018e+00	1.464382737842784650e+02
2.189670273687676971e+00	1.460061201447544477e+02
2.195960147934207463e+00	1.453675936865984113e+02
2.202242556317716371e+00	1.445832842064399983e+02
2.208521655981037668e+00	1.443125922699725265e+02
2.214804637081333016e+00	1.436187141388130044e+02
2.221092583349425276e+00	1.434023892904558863e+02
2.227372893591468728e+00	1.425802337310963992e+02
2.233657161144248171e+00	1.416417087952996212e+02
2.239943485394438660e+00	1.412830525892464095e+02
2.246224175264620815e+00	1.409634842186606818e+02
2.252506378421252009e+00	1.403728905101268651e+02
2.258783417054270437e+00	1.398107002467556583e+02
2.265069077371457684e+00	1.392829966192155098e+02
2.271350377044131452e+00	1.387996742559768677e+02
2.277633995145353918e+00	1.386040823520173717e+02
2.283922419579920149e+00	1.377737918214987189e+02
2.290202874392252674e+00	1.374209756693241502e+02
2.296490779970905560e+00	1.366640214580698967e+02
2.302771769934229162e+00	1.361527458551302345e+02
2.309051364164305564e+00	1.359279031224481287e+02
2.315338502539088239e+00	1.351709973006844905e+02
2.321627336503874428e+00	1.348720762515956153e+02
2.327911878297218795e+00	1.345262646825496233e+02
2.334186238580297168e+00	1.339153068266694220e+02
2.340467971862688401e+00	1.334927276120312172e+02
2.346756940970738725e+00	1.326775118964025921e+02
2.353044444556199988e+00	1.324443064979684550e+02
2.359327653314069906e+00	1.321395604770683860e+02
2.365603048789861607e+00	1.316425854933731046e+02
2.371885911737665165e+00	1.310708373403989242e+02
2.378173303594019572e+00	1.306440266013704843e+02
2.384454016539381271e+00	1.300720983896994767e+02
2.390736447344785187e+00	1.297011510444227156e+02
2.397014133897952259e+00	1.293156225936077988e+02
2.403295490074321972e+00	1.287256118197643104e+02
2.409585049672506862e+00	1.283931544718106181e+02
2.415871703165322071e+00	1.279792098797045128e+02
2.422160652369088840e+00	1.274468850743726591e+02
2.428440167222748691e+00	1.272055955003093288e+02
2.434717472383889803e+00	1.267792715003187851e+02
2.441002456202044257e+00	1.263043595366803942e+02
2.447289980304530488e+00	1.255561435437938087e+02
2.453571844729242279e+00	1.255056544570071537e+02
2.459852705114058846e+00	1.249724225423659476e+02
2.466139233225018934e+00	1.247906274496983912e+02
2.472421963421291391e+00	1.240681935893480130e+02
2.478698519174224568e+00	1.237151175925983040e+02
2.484980841400355800e+00	1.232734965546731161e+02
2.491269319409339822e+00	1.229879184391555498e+02
2.497548505139029373e+00	1.224933242442322552e+02
2.503831667172610853e+00	1.221920092757241747e+02
2.510117938323931153e+00	1.218956451784619333e+02
2.516400733681277480e+00	1.214013157393458044e+02
2.522688226833368130e+00	1.209569208997842651e+02
2.528971695852665569e+00	1.205696528176415256e+02
2.535252039407670299e+00	1.201175690656479844e+02
2.541537514142774512e+00	1.199439291215125820e+02
2.547823008847572179e+00	1.194651597001816867e+02
2.554100666580690238e+00	1.192951280900621782e+02
2.560376788884177301e+00	1.186461561804575098e+02
2.566667521601497359e+00	1.183901764220315442e+02
2.572955062237090473e+00	1.182711205692070280e+02
2.579233771797999175e+00	1.176176693350564051e+02
2.585520164300948220e+00	1.173602658534896221e+02
2.591805130332431872e+00	1.169270284405614149e+02
2.598084074692260881e+00	1.165425172807047005e+02
2.604360404197643586e+00	1.164673588590164570e+02
2.610647185140439142e+00	1.159446128591321070e+02
2.616931864059273138e+00	1.157080008850942079e+02
2.623206107911065565e+00	1.152424024335142150e+02
2.629491626543270844e+00	1.148648349001689724e+02
2.635778507982642349e+00	1.147970641094206457e+02
2.642061039325260818e+00	1.143317406162232572e+02
2.648343840729305843e+00	1.139860291667344114e+02
2.654631838974855551e+00	1.136657100475366633e+02
2.660919001246303761e+00	1.134842501129915320e+02
2.667198525130066056e+00	1.131741118367237817e+02
2.673484307038032526e+00	1.128200190683396045e+02
2.679773388053849459e+00	1.125584776833671299e+02
2.686058217632288692e+00	1.120840293949766675e+02
2.692338738200057868e+00	1.119359373389305432e+02
2.698618022887226964e+00	1.116252656957019980e+02
2.704895450708277860e+00	1.112910276188410847e+02
2.711175674923682166e+00	1.109510833627100510e+02
2.717459832966957922e+00	1.106635612788936527e+02
2.723745731959044569e+00	1.106756880878306362e+02
2.730038414850594730e+00	1.102763734392902393e+02
2.736317989800789441e+00	1.099745401932105722e+02
2.742591858549239703e+00	1.095831465928941810e+02
2.748879749010778362e+00	1.095629366684166399e+02
2.755163403825859447e+00	1.092715288844993182e+02
2.761446955625852073e+00	1.089431616729288095e+02
2.767732088935374701e+00	1.088011938772526150e+02
2.774015452421743966e+00	1.085443188388048412e+02
2.780298635700591436e+00	1.081733200501954428e+02
2.786577474762241380e+00	1.080083408548399291e+02
2.792857983210164541e+00	1.078367744148690974e+02
2.799143790920211483e+00	1.076443535716057482e+02
2.805430058399325244e+00	1.073940279943353175e+02
2.811715058209780072e+00	1.073527664154700858e+02
2.817989272498773623e+00	1.069246567294672303e+02
2.824269171595737760e+00	1.068156751738892751e+02
2.830563016441804081e+00	1.063691950081502569e+02
2.836848750951622034e+00	1.063042566091944963e+02
2.843130027866129783e+00	1.063781503327872713e+02
2.849413896912404986e+00	1.060978904989062102e+02
2.855697464522425566e+00	1.058832185805981396e+02
2.861978799810683594e+00	1.055623366275141279e+02
2.868262469415629567e+00	1.055283927975941936e+02
2.874547359206753860e+00	1.051424897623491574e+02
2.880831111471525041e+00	1.049695812995326776e+02
2.887113216972382546e+00	1.049164897716255922e+02
2.893394504725182781e+00	1.046617564222161718e+02
2.899673662137033592e+00	1.045698155729464958e+02
2.905953958587380814e+00	1.045055363722028403e+02
2.912241118105161064e+00	1.043798364034909412e+02
2.918525996366671205e+00	1.041831016542120665e+02
2.924809035425688819e+00	1.040881367673432862e+02
2.931095916293684933e+00	1.038470357839198641e+02
2.937378182606774413e+00	1.037326832644591832e+02
2.943659980254369923e+00	1.035384462317209113e+02
2.949946454403890250e+00	1.034873331073041385e+02
2.956227653702202307e+00	1.032435024233651433e+02
2.962510478867462993e+00	1.031228467515798428e+02
2.968796535179442309e+00	1.031265323200717035e+02
2.975077657376874907e+00	1.029543184064555277e+02
2.981359866759223376e+00	1.027470496538953597e+02
2.987646761575656562e+00	1.029066914116026936e+02
2.993929038370399365e+00	1.027514760755476715e+02
3.000206214840962726e+00	1.025479730892630386e+02
3.006486172402415669e+00	1.025008958257594429e+02
3.012769812211594456e+00	1.024705228146495415e+02
3.019053144326170113e+00	1.022785206057152010e+02
3.025337405144251424e+00	1.024809310972128316e+02
3.031623734799107961e+00	1.020703834999922464e+02
3.037908962055872575e+00	1.022021613534036248e+02
3.044195067146031608e+00	1.022192055094966179e+02
3.050475543482170426e+00	1.020261396083944305e+02
3.056754954538277502e+00	1.019730630852755269e+02
3.063040539557494668e+00	1.019602685028067697e+02
3.069323699454357346e+00	1.018568610221332023e+02
3.075610692642898769e+00	1.019608027531193954e+02
3.081893798009918584e+00	1.019151622992678625e+02
3.088174549548037717e+00	1.019434378305572295e+02
3.094458635632868493e+00	1.019531347937613646e+02
3.100743982931558840e+00	1.019915839211608528e+02
3.107028111748448396e+00	1.019109215957944059e+02
3.113309299655494300e+00	1.018377205889939461e+02
3.119590662867241626e+00	1.019844190774042971e+02
3.125874006820172912e+00	1.019288908843652308e+02
3.132159251154602586e+00	1.020351788918296023e+02
3.138439172765940643e+00	1.020751844547436633e+02
3.144723867719826593e+00	1.021037611299852017e+02
3.151003951258561031e+00	1.020444235276087142e+02
3.157283664131563139e+00	1.023007525978407131e+02
3.163569317183839935e+00	1.023296752434646493e+02
3.169851661717792091e+00	1.024313395100990220e+02
3.176137704316093657e+00	1.025139446441551314e+02
3.182420924828643916e+00	1.024683292367628837e+02
3.188702811875577581e+00	1.024924073970061755e+02
3.194990520008989865e+00	1.025877509507557761e+02
3.201275324656983834e+00	1.028129596838545723e+02
3.207551352179861759e+00	1.028575736737159900e+02
3.213835216737041645e+00	1.030042167724090234e+02
3.220122579819103770e+00	1.029690829651731150e+02
3.226406606618656525e+00	1.027699629906809236e+02
3.232687390085645429e+00	1.025079196106133423e+02
3.238969121280456331e+00	1.022600184558959313e+02
3.245254751548589667e+00	1.020069104400196807e+02
3.251534499036136783e+00	1.019364069434112281e+02
3.257817780791052442e+00	1.016382572335704282e+02
3.264102164154097263e+00	1.013507828147472480e+02
3.270384152138468892e+00	1.011596494248369709e+02
3.276669427476867735e+00	1.010053335875870459e+02
3.282954688864507808e+00	1.007502250266147286e+02
3.289237200334947264e+00	1.004217499603023924e+02
3.295519587088236779e+00	1.003727796165904209e+02
3.301805977329951958e+00	1.002686234822705558e+02
3.308087486222440088e+00	9.992496853873473128e+01
3.314367630234227313e+00	9.961631127989984691e+01
3.320651909732194262e+00	9.976821412475264594e+01
3.326931260376857047e+00	9.943283327067905475e+01
3.333216512447217728e+00	9.916274208811135793e+01
3.339504489419978128e+00	9.894351204452924264e+01
3.345786804809928405e+00	9.882223583932724864e+01
3.352071130016277767e+00	9.860631602677852925e+01
3.358351496304225581e+00	9.863088469869195762e+01
3.364630591073392019e+00	9.805412422673138906e+01
3.370916305215045483e+00	9.797093446260984706e+01
3.377197952029413752e+00	9.794005598469064466e+01
3.383483063818085501e+00	9.778334318968548189e+01
3.389769992424469969e+00	9.758362279998755184e+01
3.396051330885982100e+00	9.754760416700851522e+01
3.402330879139463971e+00	9.721746343379196276e+01
3.408610488352048495e+00	9.703483296892841281e+01
3.414897837696641236e+00	9.685635254171383224e+01
3.421180484052105619e+00	9.670538189011332975e+01
3.427461639653846870e+00	9.653276277602040523e+01
3.433749159643459059e+00	9.638577000039722975e+01
3.440032646656798310e+00	9.630899902641125720e+01
3.446313366033385339e+00	9.614707167312438685e+01
3.452600135384134905e+00	9.598427869883731489e+01
3.458883152815406703e+00	9.586402087834143515e+01
3.465163834403715448e+00	9.558810559493271342e+01
3.471449329786229221e+00	9.537836112600027150e+01
3.477734476754053894e+00	9.522264129046949677e+01
3.484019652467224226e+00	9.521700369854789869e+01
3.490297019369712928e+00	9.506632134355338337e+01
3.496582486484379970e+00	9.502821106805672002e+01
3.502868048046865024e+00	9.480864959163237415e+01
3.509144649545451244e+00	9.468738326382613479e+01
3.515428082003116295e+00	9.450095139190479188e+01
3.521711031624695565e+00	9.445328070589955871e+01
3.527991850954735664e+00	9.425123393674658701e+01
3.534275545726699885e+00	9.414522074895909043e+01
3.540562632020772149e+00	9.418648107781544354e+01
3.546844410757220789e+00	9.400309665639383638e+01
3.553131386753758836e+00	9.375911585694352368e+01
3.559419203211965144e+00	9.380084282507571913e+01
3.565697971577579839e+00	9.343719095619847792e+01
3.571979559134798254e+00	9.340238800827566479e+01
3.578265774595833726e+00	9.333178624281850944e+01
3.584548309769353125e+00	9.321522349032339605e+01
3.590826843920031486e+00	9.300877854448786763e+01
3.597107306745233934e+00	9.289948046989081831e+01
3.603392831792229245e+00	9.287657749436289123e+01
3.609673209822572559e+00	9.292715108523812262e+01
3.615955412133016189e+00	9.263133123334982599e+01
3.622241607772384686e+00	9.248821103177878911e+01
3.628520252736676444e+00	9.250685269173054337e+01
3.634804827569451113e+00	9.241557978756345904e+01
3.641094981788862928e+00	9.231662188463353402e+01
3.647383514928639325e+00	9.220437935519831285e+01
3.653663283927725658e+00	9.213540430367083900e+01
3.659943504072155296e+00	9.208203979059004496e+01
3.666232000281138603e+00	9.200266486096457186e+01
3.672514211678317597e+00	9.193497344241868063e+01
3.678794154686042539e+00	9.171161969039009421e+01
3.685078621861909820e+00	9.157621696820923773e+01
3.691359210097977961e+00	9.150610983526964048e+01
3.697642368173791105e+00	9.160112896301241392e+01
3.703925796735277665e+00	9.141560975204598094e+01
3.710208240364660348e+00	9.143110322348107388e+01
3.716494593122387169e+00	9.131091619792515246e+01
3.722775386659595398e+00	9.135719014935291682e+01
3.729058392883481510e+00	9.135135182960107159e+01
3.735339748210807720e+00	9.118552016338587407e+01
3.741620776392969638e+00	9.101124293594081394e+01
3.747904795418762980e+00	9.105778072535979106e+01
3.754190633281219380e+00	9.097513441640305132e+01
3.760478208018912749e+00	9.074608232620501269e+01
3.766755538573464346e+00	9.092263080822147003e+01
3.773032090135151506e+00	9.085308681021079735e+01
3.779322553012896879e+00	9.085875122832845818e+01
3.785609109731308930e+00	9.071693642438556537e+01
3.791889825936295200e+00	9.055943325140952993e+01
3.798174822702435893e+00	9.060985442684203406e+01
3.804458658753491651e+00	9.063947274528533171e+01
3.810738438095723435e+00	9.053230170556976475e+01
3.817018850285747167e+00	9.061166238568846154e+01
3.823305314209427763e+00	9.057965708006435079e+01
3.829591295197792178e+00	9.058783979605749437e+01
3.835872296070849341e+00	9.031920777424878111e+01
3.842156279590906109e+00	9.043896915212690146e+01
3.848441511099312429e+00	9.028198119349549700e+01
3.854723334376886079e+00	9.034226379466866774e+01
3.861004740704794713e+00	9.051663595808452101e+01
3.867284336650660848e+00	9.047222700258356554e+01
3.873567367678779849e+00	9.055745847601617982e+01
3.879850662830422792e+00	9.040622907079198001e+01
3.886137063198143338e+00	9.040445706721456531e+01
3.892419463049126005e+00	9.041235016600539609e+01
3.898703740328622658e+00	9.047690215816244574e+01
3.904991458788179326e+00	9.038977389417738095e+01
3.911270842222104083e+00	9.051203665214032412e+01
3.917549806479573071e+00	9.034676950099918713e+01
3.923836006203090587e+00	9.032019207568293950e+01
3.930121452497870926e+00	9.035990263843234516e+01
3.936398172858230460e+00	9.065507328767060358e+01
3.942683040425962293e+00	9.049552331748260769e+01
3.948974759704379611e+00	9.043407492444998752e+01
3.955259227995065352e+00	9.048222555541318002e+01
3.961537174921395454e+00	9.066561416879648050e+01
3.967820217617139544e+00	9.073926816892225133e+01
3.974105559832568968e+00	9.064240263592553504e+01
3.980384727931198352e+00	9.069483790789170996e+01
3.986664590839849698e+00	9.066849695543207588e+01
3.992949619150675034e+00	9.089890930310890838e+01
3.999235075769965952e+00	9.088457868828379560e+01
4.005515715515433506e+00	9.093018042066422879e+01
4.011798434346478537e+00	9.113584464736445057e+01
4.018083716245132386e+00	9.097702325641267862e+01
4.024365700052603856e+00	9.116156668981133748e+01
4.030643960839860540e+00	9.111864048104961000e+01
4.036928708926215137e+00	9.123935012707197245e+01
4.043218157412017177e+00	9.132701001027149346e+01
4.049503019487663558e+00	9.145399638132816733e+01
4.055781898960511000e+00	9.141080082097775517e+01
4.062060795621602161e+00	9.140637954418833999e+01
4.068347865354716042e+00	9.170878853207587156e+01
4.074631027173265529e+00	9.177156885550807885e+01
4.080910837526078971e+00	9.183185715674876803e+01
4.087201203341442657e+00	9.206559715762620044e+01
4.093486818591942189e+00	9.212673130531258892e+01
4.099764387336505500e+00	9.234126098086275647e+01
4.106049166937662420e+00	9.225054997157029391e+01
4.112334559041358695e+00	9.253037004710759561e+01
4.118618926059533614e+00	9.243674331824114176e+01
4.124898942031112625e+00	9.248298581385789419e+01
4.131175432561665417e+00	9.280198532074879836e+01
4.137461563786142271e+00	9.301948852776737908e+01
4.143746006210170307e+00	9.314824294045889985e+01
4.150029800482964326e+00	9.317348117886278658e+01
4.156313390684649001e+00	9.347003200292763836e+01
4.162596105843763716e+00	9.350694574344561261e+01
4.168881843141768684e+00	9.344573812755893982e+01
4.175162111073220217e+00	9.373141653670393225e+01
4.181448573417560155e+00	9.371980962028266049e+01
4.187738782464171194e+00	9.402513017325591704e+01
4.194017437180169061e+00	9.406645445189346333e+01
4.200293572701767175e+00	9.429905099016275472e+01
4.206580195481546269e+00	9.436545108590081554e+01
4.212860644652220543e+00	9.478867199135596877e+01
4.219138153430114002e+00	9.515002916696853674e+01
4.225426162098283811e+00	9.508048106634703345e+01
4.231713506719782636e+00	9.533695265357530957e+01
4.237990056577191744e+00	9.544017322345129628e+01
4.244267783646744618e+00	9.569374805598378941e+01
4.250560660182562955e+00	9.571113100536111062e+01
4.256847734842668096e+00	9.611880807418059192e+01
4.263127100734456221e+00	9.621574226526453799e+01
4.269406860432507500e+00	9.646033657340034040e+01
4.275691671482192646e+00	9.672983869196986007e+01
4.281972414189518794e+00	9.679516739045696738e+01
4.288253516806755705e+00	9.672207954511195283e+01
4.294540520160492925e+00	9.728566630061193621e+01
4.300825742921731809e+00	9.745619495577852831e+01
4.307109835491901961e+00	9.762632436450550699e+01
4.313390926478413157e+00	9.772834501945187924e+01
4.319667979480563247e+00	9.796416925659242736e+01
4.325952598143786076e+00	9.827357905822034922e+01
4.332241647035422361e+00	9.850477775604966268e+01
4.338524445619096781e+00	9.868152820141953896e+01
4.344809348131129845e+00	9.881801878268136363e+01
4.351090699193166600e+00	9.910398406571704299e+01
4.357369710808320029e+00	9.931922867591582360e+01
4.363659348967174445e+00	9.939221544721051771e+01
4.369947418280990981e+00	9.941453624778398535e+01
4.376226569265827315e+00	9.982174062861454900e+01
4.382499356631129217e+00	1.001483649489039323e+02
4.388784975178015024e+00	1.003502146685735283e+02
4.395068696309480494e+00	1.003062427937700534e+02
4.401347962382031298e+00	1.010707213886043405e+02
4.407628405096517099e+00	1.010259910810340074e+02
4.413915862185140426e+00	1.011243477085821638e+02
4.420203163534264235e+00	1.014902029055084540e+02
4.426480311003382795e+00	1.014851118553605716e+02
4.432765973643649104e+00	1.017998856528304117e+02
4.439053392023870614e+00	1.014888775099658176e+02
4.445336141335588742e+00	1.021888999138507899e+02
4.451617241414883352e+00	1.020737923523014814e+02
4.457901500730311106e+00	1.017583953448246490e+02
4.464189501093017043e+00	1.025942842929964343e+02
4.470470197548729985e+00	1.020187079285626055e+02
4.476748044268524573e+00	1.028268918512840173e+02
4.483035990164653484e+00	1.024986000376388944e+02
4.489323331650528104e+00	1.028021703674570659e+02
4.495599111667934800e+00	1.028593525329099236e+02
4.501870922878794090e+00	1.027863111732761183e+02
4.508155162877705457e+00	1.026948464160847720e+02
4.514446451153479423e+00	1.024821359981076370e+02
4.520723894043856994e+00	1.027011020860811641e+02
4.527003782460155890e+00	1.023487682837670860e+02
4.533293086610313161e+00	1.022020258176987682e+02
4.539578989864040182e+00	1.021267405028890778e+02
4.545857164866476730e+00	1.018412280816372970e+02
4.552138955546025656e+00	1.014265362934346513e+02
4.558432046889146605e+00	1.016731565875873144e+02
4.564713463378488711e+00	1.013636375078339853e+02
4.570987274133244682e+00	1.012103378834134304e+02
4.577274818151045643e+00	1.013356598873273526e+02
4.583563263889338657e+00	1.013128568901134656e+02
4.589844917004465508e+00	1.010941985913323578e+02
4.596126259982004747e+00	1.014147615167818941e+02
4.602409075598298926e+00	1.011176398151370535e+02
4.608696634867644804e+00	1.012028732034206797e+02
4.614977646498861219e+00	1.016253417437542481e+02
4.621258953029527383e+00	1.009933136406537955e+02
4.627547993978874175e+00	1.012788909515772957e+02
4.633830152730579854e+00	1.014107479683409991e+02
4.640104005367354567e+00	1.018073873309059394e+02
4.646382060386754276e+00	1.016017803830230974e+02
4.652674213731970987e+00	1.013843233148032681e+02
4.658958291796220230e+00	1.017894879894645186e+02
4.665233615070169648e+00	1.017615385235338010e+02
4.671520675710307380e+00	1.018010726699383781e+02
4.677814351732177300e+00	1.021846596577766917e+02
4.684093699744638073e+00	1.027514384507842777e+02
4.690368661472568590e+00	1.026722913145274845e+02
4.696663270746453733e+00	1.024982006641847931e+02
4.702945459248681459e+00	1.023679940039581311e+02
4.709209170841929470e+00	1.026809743150743657e+02
4.715491634753063543e+00	1.033668217753924807e+02
4.721784316284933780e+00	1.027455108918993147e+02
4.728063062331094635e+00	1.035511925212877173e+02
4.734337423381671073e+00	1.032122974385916194e+02
4.740627024094544062e+00	1.037535829766669337e+02
4.746914995664547554e+00	1.035492958514913227e+02
4.753194740071086777e+00	1.037802632786654584e+02
4.759478891864783456e+00	1.043947107229877105e+02
4.765762396877359031e+00	1.041687766515337330e+02
4.772049481246195768e+00	1.045385905446820800e+02
4.778335091022592351e+00	1.050019826260252103e+02
4.784610831402393849e+00	1.048508254135381037e+02
4.790907306208476157e+00	1.055213954519470292e+02
4.797204047706418173e+00	1.057164670012887910e+02
4.803470827697504220e+00	1.059088387949099541e+02
4.809748850577324042e+00	1.061406926741726124e+02
4.816045316586602176e+00	1.065102882609767789e+02
4.822329240673497885e+00	1.065377560955155900e+02
4.828596758226470165e+00	1.069580689289647069e+02
4.834890332961369275e+00	1.072358902941821981e+02
4.841191655056394261e+00	1.076877009097744633e+02
4.847460407468000554e+00	1.077634445237163447e+02
4.853732128521334843e+00	1.081819852205630781e+02
4.860029138783373170e+00	1.080922473033435978e+02
4.866314601732018019e+00	1.087581489513556363e+02
4.872587026269203925e+00	1.092993779584767822e+02
4.878874221748241702e+00	1.095008850596190513e+02
4.885171078138658807e+00	1.102349776804008599e+02
4.891450629931857641e+00	1.098966280731125948e+02
4.897716482750221978e+00	1.106473471588336679e+02
4.904002834596266069e+00	1.106746020809947453e+02
4.910295858205786068e+00	1.109398571281518002e+02
4.916575188115905881e+00	1.122130717896863388e+02
4.922847946197084212e+00	1.121228368624843768e+02
4.929131667457151700e+00	1.120799683242726132e+02
4.935434460144239033e+00	1.134960628786175647e+02
4.941718513303545279e+00	1.133241894693676812e+02
4.947978624761803168e+00	1.136640666658099974e+02
4.954274999209829389e+00	1.149112638064602123e+02
4.960571094729937514e+00	1.147265586189740105e+02
4.966823207626954506e+00	1.151441786002794601e+02
4.973097418390337587e+00	1.159713833613945013e+02
4.979415129936382023e+00	1.165271723239699782e+02
4.985702082330368157e+00	1.165724616358542676e+02
4.991949985828016523e+00	1.177162253943734669e+02
4.998241586316924057e+00	1.179045284959640156e+02
5.004556635606089543e+00	1.181110156936653794e+02
5.010828655701208945e+00	1.183809468692408160e+02
5.017077229702536556e+00	1.188220473366985317e+02
5.023374414758113637e+00	1.197887966821102168e+02
5.029688873569548413e+00	1.198334453616311208e+02
5.035958413584124216e+00	1.210074575491318143e+02
5.042232667658486989e+00	1.207177323682304149e+02
5.048528755870775875e+00	1.217067663813759424e+02
5.054821121427484520e+00	1.224798742540971119e+02
5.061069509814582368e+00	1.233041115365959115e+02
5.067347812754101177e+00	1.236241993026592496e+02
5.073675050630431116e+00	1.240323737776962645e+02
5.079945928388977627e+00	1.261091587806205041e+02
5.086192992546071601e+00	1.270847914791666824e+02
5.092484128970163226e+00	1.272068435813574894e+02
5.098802924706086870e+00	1.265220271116041033e+02
5.105078217426394005e+00	1.281607408166421180e+02
5.111325076574067872e+00	1.300629998955811573e+02
5.117628358851224135e+00	1.295112272193055958e+02
5.123935939383525984e+00	1.304475801471652119e+02
5.130199176325612065e+00	1.320043681761952143e+02
5.136469985878846956e+00	1.326495887861624396e+02
5.142797788696348071e+00	1.326180940729027782e+02
5.149090378043822192e+00	1.337071901106805285e+02
5.155289879840074363e+00	1.348940958295827670e+02
5.161564521234301317e+00	1.354649538547502061e+02
5.167916673496016244e+00	1.374968052657261524e+02
5.174205974602950064e+00	1.390579158319850137e+02
5.180434820793812456e+00	1.379396091459954903e+02
5.186729096569634656e+00	1.409529674695440917e+02
5.193058481037780894e+00	1.420373648398391992e+02
5.199319511444338460e+00	1.424196828294625163e+02
5.205574295584361799e+00	1.429012380060661656e+02
5.211894977074066126e+00	1.435457469732613447e+02
5.218201708336958511e+00	1.464906474295977716e+02
5.224411911780083351e+00	1.461380323265913148e+02
5.230677632666463239e+00	1.462710165585501159e+02
5.237056729559757429e+00	1.487299620250435339e+02
5.243336785035660697e+00	1.497686088420126111e+02
5.249493476178225038e+00	1.507925453167132162e+02
5.255787017738318134e+00	1.524365270442225722e+02
5.262205327426889845e+00	1.530152346070714202e+02
5.268477758348532269e+00	1.560408339842036582e+02
5.274632213654732560e+00	1.547867299453159262e+02
5.280950543314659740e+00	1.564275507217919312e+02
5.287327645024750389e+00	1.583127767012835534e+02
5.293582359180156516e+00	1.581249979418402916e+02
5.299789992649893478e+00	1.629260858594715842e+02
5.306111460381987222e+00	1.619881839884815236e+02
5.312452717892129250e+00	1.657208820770609634e+02
5.318650122853046724e+00	1.652466868289765216e+02
5.324923043129819789e+00	1.661669699872575734e+02
5.331330237158205421e+00	1.685697479244749388e+02
5.337586726886338617e+00	1.670707030073745614e+02
5.343685192440848830e+00	1.746019290387383194e+02
5.350070659715249199e+00	1.722554184113450333e+02
5.356556762554878226e+00	1.767588869753070639e+02
5.362691868684501095e+00	1.745327265573032776e+02
5.368769208912516966e+00	1.817045600854204110e+02
5.375270137997677722e+00	1.811961862505453951e+02
5.381769983045385786e+00	1.822094118487804906e+02
5.387701030372958222e+00	1.845988403406342684e+02
5.393786668001271600e+00	1.833755466647701553e+02
5.400446161099396569e+00	1.870223825706251830e+02
5.406957063684501463e+00	1.920666092640047964e+02
5.412655672453426270e+00	1.904362300438499744e+02
5.418821279260546575e+00	1.928069842668309377e+02
5.425690594366304076e+00	1.953571498165386515e+02
5.432217487502165376e+00	1.996441956585567823e+02
5.437649811577258241e+00	2.027196187034283525e+02
5.443914404015878006e+00	1.988922619791112254e+02
5.450953501686320202e+00	2.061646875804018180e+02
5.457483690405861232e+00	2.032466762616595588e+02
5.462715250135157241e+00	2.217385283921493908e+02
5.469033575551323523e+00	2.132112906297042798e+02
5.476177730420278778e+00	2.135258800965538626e+02
5.482708935702562236e+00	2.324882181072473202e+02
5.487722405008360838e+00	2.219677049251031349e+02
5.494194284996126498e+00	2.270518211912422544e+02
5.501391471009256406e+00	2.293267813431054378e+02
5.507128202673079009e+00	2.310626108550702611e+02
5.512278020050448646e+00	2.457447929172178931e+02
5.519395563377015534e+00	2.373566432015016119e+02
5.526598678609708770e+00	2.440819613755004127e+02
5.532162682462509196e+00	2.465287667431231284e+02
5.537397124017139127e+00	2.435029357073156291e+02
5.544582756485218589e+00	2.391939931229978527e+02
5.551739327507637434e+00	2.824432528118307459e+02
5.557493306674907707e+00	1.958150732206872817e+02
5.562281709102816940e+00	3.468479377676238755e+02
5.569272720323164449e+00	5.746873937503024763e+02
