8.899641224696953554e-03	3.992471176763741096e+04
1.507912216506557788e-02	3.145952336644132083e+04
2.144790186456836667e-02	3.383704039022374491e+04
2.783660776489276650e-02	2.652738869996972790e+04
3.435099785803411021e-02	2.174349176212406746e+04
4.047886761425745911e-02	1.665535779081809233e+04
4.676716683575679601e-02	1.431765234047432568e+04
5.308225101765951665e-02	1.362280447507677854e+04
5.945362440940590160e-02	1.245978471486613125e+04
6.576224814588792211e-02	1.173099480314463835e+04
7.196632906698736953e-02	9.294899348556176847e+03
7.827860915688347743e-02	8.487041212605128749e+03
8.470398945834539672e-02	7.211177855368419841e+03
9.096854620527369817e-02	5.947269209588234844e+03
9.720789776830213169e-02	5.659411854184582808e+03
1.034763038959366499e-01	5.094045330578727771e+03
1.097576444254559219e-01	4.980976004799153088e+03
1.160543084780093354e-01	4.613835399092913576e+03
1.223669666537485351e-01	4.355364881109745511e+03
1.286817263090294094e-01	4.109996864170353547e+03
1.349500801664080818e-01	3.602520380427437885e+03
1.411949558842147678e-01	3.388356121988966152e+03
1.475133575747468451e-01	3.135667325532818268e+03
1.537865074252268427e-01	2.885430980057719353e+03
1.600657544051110326e-01	2.803901349231695804e+03
1.663991168687080635e-01	2.680965103711850588e+03
1.727195645776442856e-01	2.509924847433518153e+03
1.789765213377084718e-01	2.419695248043289666e+03
1.852353690647852158e-01	2.307482360169181902e+03
1.914806787341157279e-01	2.141469473740204194e+03
1.977889868651535599e-01	2.087679279036246044e+03
2.040937735447724277e-01	1.960436500170568479e+03
2.103939302609846018e-01	1.876454357277276813e+03
2.166909709822301688e-01	1.793123379420782612e+03
2.229700281216152047e-01	1.702915478457654444e+03
2.292620027086341994e-01	1.653702125783142719e+03
2.355141508366812297e-01	1.603403205616408968e+03
2.417910583817859116e-01	1.572766705446372725e+03
2.480856539439619257e-01	1.491059026786879258e+03
2.543492256872954549e-01	1.435676206924898224e+03
2.606334251884805386e-01	1.385518079686535657e+03
2.669257370896960802e-01	1.377730949397637914e+03
2.732423343141155980e-01	1.323503861305940973e+03
2.795529680084415936e-01	1.287868927227332961e+03
2.858366292314493129e-01	1.226194655560451565e+03
2.920876271394311496e-01	1.192589132441768925e+03
2.983449844439822751e-01	1.159205794352529665e+03
3.046382639407197446e-01	1.127361895859985680e+03
3.109279127003197196e-01	1.112225960779907609e+03
3.172168171618398036e-01	1.086323685355176849e+03
3.235187567944423082e-01	1.043304399631801061e+03
3.298168217550395687e-01	1.023308231446453988e+03
3.361176429457156667e-01	9.980085319802768709e+02
3.423700375709273769e-01	9.798172680861016488e+02
3.486478192666269682e-01	9.458836653835985544e+02
3.549411614411318028e-01	9.301279018105391287e+02
3.611916935421040642e-01	9.166299471522029307e+02
3.674767089563572564e-01	8.942193788373465395e+02
3.737647795277591056e-01	8.863096718130705085e+02
3.800654031475132477e-01	8.629435907686428209e+02
3.863539861259823738e-01	8.454653021696063888e+02
3.926140181364449755e-01	8.229054396122126036e+02
3.989264500321934581e-01	8.146221475991851548e+02
4.052073244576828714e-01	7.961680013681500441e+02
4.114916477570477182e-01	7.757719725163475459e+02
4.177814272116491257e-01	7.667554943222974089e+02
4.240400648725131116e-01	7.524594360354057017e+02
4.303425690270192283e-01	7.279664491437523566e+02
4.366358560255625965e-01	7.290841297522138120e+02
4.428996183220763605e-01	7.123290014988208441e+02
4.491634418529859563e-01	7.027722288830287880e+02
4.554414146254732731e-01	6.938787604713568271e+02
4.617634470301058558e-01	6.747587470210019092e+02
4.680644242023710433e-01	6.736706456326418220e+02
4.743485242764365895e-01	6.654860340107850334e+02
4.806356136815400082e-01	6.526489748156956239e+02
4.869019258388697646e-01	6.455442046687984430e+02
4.931697099599955947e-01	6.321799353952242200e+02
4.994506747144535908e-01	6.264477204361346594e+02
5.057159051335421429e-01	6.209165253169884409e+02
5.119923996268095356e-01	6.095145982750495932e+02
5.183126097768406826e-01	5.960894427404142561e+02
5.246089638029100000e-01	5.899940941545055466e+02
5.308757308483337267e-01	5.811603012887426303e+02
5.371573527946726934e-01	5.766715540898450172e+02
5.434579563783791256e-01	5.729140871888057518e+02
5.497430652392217842e-01	5.638759398485996144e+02
5.559937427501778773e-01	5.532061125135156772e+02
5.622854676609657654e-01	5.496260520101563998e+02
5.686011537227265711e-01	5.422993735589552671e+02
5.748804589422079614e-01	5.345663046548413604e+02
5.811550210340560296e-01	5.305492449318446688e+02
5.874394496660968468e-01	5.281167765640323069e+02
5.937176220296899176e-01	5.135568721187047458e+02
5.999971954793682505e-01	5.096981116743348821e+02
6.062679115124277596e-01	5.037514549277450442e+02
6.125469576444534381e-01	5.020447113071443255e+02
6.188477733041515272e-01	4.925427191965758311e+02
6.251310567437898813e-01	4.905398530773298944e+02
6.314027450383210560e-01	4.830529643141213683e+02
6.377003562732055375e-01	4.812435845672435448e+02
6.439857783314556494e-01	4.755561111060168287e+02
6.502685417166111925e-01	4.692121088195348761e+02
6.565586117699038216e-01	4.642391082105378928e+02
6.628369282359254377e-01	4.604177773670741658e+02
6.691185444962194362e-01	4.584583404827388904e+02
6.754070198575605755e-01	4.519452793940664606e+02
6.816835514593204692e-01	4.452728036386720873e+02
6.879592533861698112e-01	4.440465572881254843e+02
6.942344317039531587e-01	4.380931493187061392e+02
7.005175402434737908e-01	4.358813387358882210e+02
7.068124956608716758e-01	4.317462089050258101e+02
7.131019009674921527e-01	4.275192777769347572e+02
7.193918251171427247e-01	4.211763122668156711e+02
7.256833807598113140e-01	4.205409599622112751e+02
7.319652682709349989e-01	4.168632801563467751e+02
7.382507990484923344e-01	4.119059548508790840e+02
7.445265842115937893e-01	4.095335828149129043e+02
7.507871101942712455e-01	4.049161195957357222e+02
7.570758465316046459e-01	4.022374113904726300e+02
7.633641233600957365e-01	3.988643912431021477e+02
7.696462959862266917e-01	3.952731929206461245e+02
7.759394865175414102e-01	3.926074359063440511e+02
7.822329141989586843e-01	3.903612714104652923e+02
7.885314936520240181e-01	3.856243553656235008e+02
7.947896566979522071e-01	3.835121351041926800e+02
8.010491096592354809e-01	3.794130035834431851e+02
8.073364061727361651e-01	3.762206114139086708e+02
8.136229488373866170e-01	3.753254603897089510e+02
8.199152998961036776e-01	3.691318338614941581e+02
8.261952636392789762e-01	3.676889821427775473e+02
8.324897070080405914e-01	3.645357154870536078e+02
8.387959309210778480e-01	3.631415807812787193e+02
8.450634639703045181e-01	3.584652188674241984e+02
8.513282867562648182e-01	3.541920763200384386e+02
8.576198263902009566e-01	3.541469967413918312e+02
8.639058477062415697e-01	3.510496240536485288e+02
8.701838745487597837e-01	3.499216931273243176e+02
8.764641096075268534e-01	3.458418697476745365e+02
8.827503873399735745e-01	3.440832129364745811e+02
8.890332768393869323e-01	3.433353513226901441e+02
8.953084247113127780e-01	3.395657147986085533e+02
9.015956521667095602e-01	3.358497095300923547e+02
9.078833328094829680e-01	3.339912648480435564e+02
9.141744106319863450e-01	3.316788043654079843e+02
9.204630817717615043e-01	3.304224943943179369e+02
9.267434415264711456e-01	3.275340601297058356e+02
9.330324197354928906e-01	3.253700499962023400e+02
9.393265785573878812e-01	3.212898357374789953e+02
9.455974810398196650e-01	3.193058111461915587e+02
9.518660018545171964e-01	3.189304262035203124e+02
9.581413255531838757e-01	3.154663522609287725e+02
9.644350945109106954e-01	3.144309456361347088e+02
9.707355633568249820e-01	3.120499760890944003e+02
9.770080768450029041e-01	3.099611431550064253e+02
9.832823325363413414e-01	3.076246105246027582e+02
9.895569691966674686e-01	3.055186518786477450e+02
9.958456301921106979e-01	3.034441479893109772e+02
1.002136210743837408e+00	3.013928700424518183e+02
1.008404825335135424e+00	2.999007154708939993e+02
1.014694149836243398e+00	2.979123532611532141e+02
1.020992555437297167e+00	2.956416395309945528e+02
1.027273980437394485e+00	2.931634505372129524e+02
1.033559181896017254e+00	2.925277519367976424e+02
1.039847557392594934e+00	2.894629210960796968e+02
1.046126974943305088e+00	2.886334587010109090e+02
1.052403436811028659e+00	2.873809014005587983e+02
1.058680704651608684e+00	2.846412672264469279e+02
1.064964333065789193e+00	2.838491153318921079e+02
1.071256777440835473e+00	2.822163112572014256e+02
1.077544048801078125e+00	2.806870223670945848e+02
1.083824820188043603e+00	2.785337156643668095e+02
1.090108023942816695e+00	2.765930479282087617e+02
1.096389665956643222e+00	2.746366646558298612e+02
1.102681132058841440e+00	2.725458934835825175e+02
1.108963047594879958e+00	2.721296215414486710e+02
1.115225428463759272e+00	2.688592721545297195e+02
1.121502127614767863e+00	2.680497677632220075e+02
1.127792573824792033e+00	2.663603708591923009e+02
1.134089552668382961e+00	2.650632474945115291e+02
1.140364049650405942e+00	2.628551712630177235e+02
1.146639180320979445e+00	2.621677172996781451e+02
1.152942412991649901e+00	2.613391505561153849e+02
1.159228906751078814e+00	2.584900615184176331e+02
1.165508721887268173e+00	2.567351140117473278e+02
1.171793076256210320e+00	2.549719554357255618e+02
1.178087436369658958e+00	2.537095229753734884e+02
1.184367654251526902e+00	2.525072386641179492e+02
1.190634642299266632e+00	2.510775553748715936e+02
1.196912208834400859e+00	2.500476491471447957e+02
1.203201577354146234e+00	2.487913381183440436e+02
1.209486844441705733e+00	2.460793804383129952e+02
1.215763902074809888e+00	2.458088518993399418e+02
1.222049755171146668e+00	2.444387988388788528e+02
1.228340616621486969e+00	2.424203902374532618e+02
1.234632986576932767e+00	2.415479664422573762e+02
1.240902247176856488e+00	2.392791711386211944e+02
1.247174839144687519e+00	2.385256824389606436e+02
1.253465459933442272e+00	2.371545165206070465e+02
1.259749951892178421e+00	2.354907981442972016e+02
1.266032143127253873e+00	2.352365442978183410e+02
1.272316288472006507e+00	2.341473389082448762e+02
1.278604155058621350e+00	2.323925740464402452e+02
1.284886588933593865e+00	2.311722218443223085e+02
1.291175420066583257e+00	2.297459128845791554e+02
1.297465726373772332e+00	2.287776491619323735e+02
1.303741827011944299e+00	2.277402589511642361e+02
1.310017322922761851e+00	2.254706823882980586e+02
1.316301447662886703e+00	2.251707454849711212e+02
1.322586760363303249e+00	2.230645804742285634e+02
1.328865492452874664e+00	2.227376640312874372e+02
1.335144804954555564e+00	2.214359214699022402e+02
1.341440516272275119e+00	2.206592001179746774e+02
1.347730868417094552e+00	2.191183443108297411e+02
1.354001589994877630e+00	2.170736203133325262e+02
1.360282609297778444e+00	2.161616998401867420e+02
1.366565686457597906e+00	2.149829171630317148e+02
1.372851498482432708e+00	2.138331157218839280e+02
1.379135372929401804e+00	2.137768034844623060e+02
1.385409567149057164e+00	2.121397834750544291e+02
1.391698641219299315e+00	2.119988858844603499e+02
1.397984451439470810e+00	2.095218103358668031e+02
1.404267883409181961e+00	2.085330739107423312e+02
1.410554779484869181e+00	2.076433802081323563e+02
1.416837833547465397e+00	2.066216962603008653e+02
1.423118177187137068e+00	2.056729344436877795e+02
1.429397801164240089e+00	2.041840357595694400e+02
1.435686921822787232e+00	2.037702322450567181e+02
1.441977121769299597e+00	2.023573054267869225e+02
1.448253667853332427e+00	2.017730656979731236e+02
1.454532348972172651e+00	2.004496742815881305e+02
1.460819319151879903e+00	1.999296936398527862e+02
1.467110364402026468e+00	1.983161405826072325e+02
1.473392908948962132e+00	1.970667423114555277e+02
1.479669965243598950e+00	1.965609668073046521e+02
1.485956144602843532e+00	1.950259750599993822e+02
1.492233610763115115e+00	1.942254782251763174e+02
1.498502470379980078e+00	1.935510997203976160e+02
1.504785752051182701e+00	1.922305901173501752e+02
1.511075991894575976e+00	1.914037186948606006e+02
1.517361634985162189e+00	1.910769986321338934e+02
1.523648570969130533e+00	1.894666022229829423e+02
1.529938035715892264e+00	1.880046387060982624e+02
1.536230176913891965e+00	1.878143614866768019e+02
1.542510718779388279e+00	1.871734400997407874e+02
1.548783963082980275e+00	1.854774941372307921e+02
1.555073069779651318e+00	1.849783861886683667e+02
1.561357324927233892e+00	1.842362202475115112e+02
1.567629121053141006e+00	1.830348542606363367e+02
1.573913697404382583e+00	1.817678032283868959e+02
1.580203545230874029e+00	1.814946276052302778e+02
1.586485393434537983e+00	1.804310714820254020e+02
1.592760014263005841e+00	1.795794349733991737e+02
1.599046436394670812e+00	1.787796027817940114e+02
1.605342136637478934e+00	1.781855691570727913e+02
1.611619860919608627e+00	1.774972658086778665e+02
1.617897597081673799e+00	1.766268940601174791e+02
1.624183235481122756e+00	1.751382599904482333e+02
1.630464598531913722e+00	1.750913776160795692e+02
1.636748985747638274e+00	1.732922990265317083e+02
1.643030923698886259e+00	1.729300154626972130e+02
1.649309176648513064e+00	1.724379305892042851e+02
1.655593633940351861e+00	1.713798598556643924e+02
1.661879571405086464e+00	1.705735615296805179e+02
1.668169361685170271e+00	1.699768407639681982e+02
1.674450151530487485e+00	1.690632193924656690e+02
1.680722718978495900e+00	1.685396997135462982e+02
1.687013891340952476e+00	1.674303599123562947e+02
1.693308984907921033e+00	1.668527532991524254e+02
1.699582147428448486e+00	1.661808341031729128e+02
1.705863747055134105e+00	1.651695760550231853e+02
1.712154434283889470e+00	1.641026452680841601e+02
1.718438381579399321e+00	1.633091536521624505e+02
1.724721264464063930e+00	1.626806415244779487e+02
1.730997441276920679e+00	1.615627432669793677e+02
1.737287073528269499e+00	1.613666722177442523e+02
1.743567991878527401e+00	1.605422864525637294e+02
1.749840680212231048e+00	1.599780335808745235e+02
1.756128549091961144e+00	1.589209029547123180e+02
1.762413535324792502e+00	1.581200315417716240e+02
1.768696187669963837e+00	1.575603504300248687e+02
1.774979359379055266e+00	1.572026928114834163e+02
1.781265555576432957e+00	1.560170804858348390e+02
1.787549427830244619e+00	1.551096911966620553e+02
1.793834120011633004e+00	1.544412756128975843e+02
1.800115051552487300e+00	1.539685418445191090e+02
1.806393904854530330e+00	1.530177114745648908e+02
1.812674089667083432e+00	1.526675847928655969e+02
1.818956920109354058e+00	1.517154500226088203e+02
1.825244164118212220e+00	1.513644399712527786e+02
1.831527256642196955e+00	1.504277258548106317e+02
1.837811294935716599e+00	1.497632641831935700e+02
1.844100717411196744e+00	1.495272730360903495e+02
1.850384816792487230e+00	1.484095278031984435e+02
1.856666059735203822e+00	1.478034643383624598e+02
1.862947728675613979e+00	1.473235267309695757e+02
1.869229324466858078e+00	1.465786181844967757e+02
1.875517616802973686e+00	1.462233796647408042e+02
1.881800769033795229e+00	1.455681515594282871e+02
1.888078863416442710e+00	1.450962269522893280e+02
1.894353975182237582e+00	1.444070835506493893e+02
1.900642716154182565e+00	1.431647040034652605e+02
1.906933494748685121e+00	1.427833810682211322e+02
1.913207568676573933e+00	1.427165359705231538e+02
1.919490884732178992e+00	1.420141708734240638e+02
1.925776855684274480e+00	1.411597440262427767e+02
1.932064452961978152e+00	1.405246502896944492e+02
1.938342610030488800e+00	1.400349621438085990e+02
1.944618341543410178e+00	1.392464948317095832e+02
1.950906260203513876e+00	1.388272594613237061e+02
1.957194556613796488e+00	1.380525532042730390e+02
1.963479614559011432e+00	1.377280593000708677e+02
1.969760361532916226e+00	1.370522251902163475e+02
1.976048367034604736e+00	1.363581155006825156e+02
1.982337990217652335e+00	1.358135766697920133e+02
1.988617489259562721e+00	1.351866727046866288e+02
1.994896320665194178e+00	1.345474822374601160e+02
2.001179596222827151e+00	1.342629345887515058e+02
2.007459756923499761e+00	1.337987230276537503e+02
2.013737397779169935e+00	1.332652006195155536e+02
2.020017234677497164e+00	1.326978673808530118e+02
2.026310251015072783e+00	1.318165561876691072e+02
2.032600542948020284e+00	1.314094952673287935e+02
2.038873863192099289e+00	1.307580358388246964e+02
2.045154087821675404e+00	1.300813290597201899e+02
2.051444704514288730e+00	1.296441000374483963e+02
2.057730430280644729e+00	1.291305632208494956e+02
2.064013940455224461e+00	1.285639915365026411e+02
2.070299891179459895e+00	1.282083909683390743e+02
2.076589719964883951e+00	1.275994752720928744e+02
2.082865483794470673e+00	1.272806500645180421e+02
2.089134494859368640e+00	1.267053412458915886e+02
2.095424211360070288e+00	1.262384394004429566e+02
2.101707116664804254e+00	1.257269651988443542e+02
2.107986473933564309e+00	1.249441773513398601e+02
2.114271806543862375e+00	1.245728289320218209e+02
2.120552717288892275e+00	1.241104084382769912e+02
2.126836933207161717e+00	1.236737493569931132e+02
2.133122044791171845e+00	1.231392920957066792e+02
2.139411711910842673e+00	1.228287159337477732e+02
2.145697076775292089e+00	1.219348732533393758e+02
2.151973548606471276e+00	1.216027837423698941e+02
2.158259913555724108e+00	1.210814209341134813e+02
2.164545396699105506e+00	1.205202656385841209e+02
2.170830700377734068e+00	1.203251659539339329e+02
2.177114138849150393e+00	1.199669347237370118e+02
2.183387647576827018e+00	1.193468467928915118e+02
2.189670273687676971e+00	1.186325057554830238e+02
2.195960147934207463e+00	1.183721647799798404e+02
2.202242556317716371e+00	1.178720955549370757e+02
2.208521655981037668e+00	1.173072991725600218e+02
2.214804637081333016e+00	1.170199290963944918e+02
2.221092583349425276e+00	1.163463361052195495e+02
2.227372893591468728e+00	1.160471459573761166e+02
2.233657161144248171e+00	1.158160895720972974e+02
2.239943485394438660e+00	1.152744302837724746e+02
2.246224175264620815e+00	1.148870895407907398e+02
2.252506378421252009e+00	1.143110404456117521e+02
2.258783417054270437e+00	1.137452144726494225e+02
2.265069077371457684e+00	1.137245078245502725e+02
2.271350377044131452e+00	1.131215670722813655e+02
2.277633995145353918e+00	1.126440328979935401e+02
2.283922419579920149e+00	1.122814200025811999e+02
2.290202874392252674e+00	1.116661751796727202e+02
2.296490779970905560e+00	1.112514569885031221e+02
2.302771769934229162e+00	1.110218997096128106e+02
2.309051364164305564e+00	1.106539247837794022e+02
2.315338502539088239e+00	1.102910070045485895e+02
2.321627336503874428e+00	1.096587944935949679e+02
2.327911878297218795e+00	1.091935692111489402e+02
2.334186238580297168e+00	1.089849951495343703e+02
2.340467971862688401e+00	1.086474006407943307e+02
2.346756940970738725e+00	1.080744623802194724e+02
2.353044444556199988e+00	1.078337799765091063e+02
2.359327653314069906e+00	1.073184454896568383e+02
2.365603048789861607e+00	1.070662927755892468e+02
2.371885911737665165e+00	1.068847130962202669e+02
2.378173303594019572e+00	1.062565556233578405e+02
2.384454016539381271e+00	1.057516380096777056e+02
2.390736447344785187e+00	1.056784509563113659e+02
2.397014133897952259e+00	1.049012284902767931e+02
2.403295490074321972e+00	1.047845973402006194e+02
2.409585049672506862e+00	1.045645180490228654e+02
2.415871703165322071e+00	1.041161915122192738e+02
2.422160652369088840e+00	1.037631584271412493e+02
2.428440167222748691e+00	1.033970134112327059e+02
2.434717472383889803e+00	1.030738251131713383e+02
2.441002456202044257e+00	1.024744034937828729e+02
2.447289980304530488e+00	1.021247630006096472e+02
2.453571844729242279e+00	1.019541264678174741e+02
2.459852705114058846e+00	1.015433884631582231e+02
2.466139233225018934e+00	1.014363011749362187e+02
2.472421963421291391e+00	1.008524672419108583e+02
2.478698519174224568e+00	1.007827984676108315e+02
2.484980841400355800e+00	1.000223805100115300e+02
2.491269319409339822e+00	9.989996337611860611e+01
2.497548505139029373e+00	9.961060635367500993e+01
2.503831667172610853e+00	9.933576551070061100e+01
2.510117938323931153e+00	9.901364166773187492e+01
2.516400733681277480e+00	9.868248060127235988e+01
2.522688226833368130e+00	9.835517704428310992e+01
2.528971695852665569e+00	9.809425517296713792e+01
2.535252039407670299e+00	9.760071154640733937e+01
2.541537514142774512e+00	9.760839448993344547e+01
2.547823008847572179e+00	9.705351429761569193e+01
2.554100666580690238e+00	9.669171246862796920e+01
2.560376788884177301e+00	9.654436753598282905e+01
2.566667521601497359e+00	9.642829400316391286e+01
2.572955062237090473e+00	9.604393904960672046e+01
2.579233771797999175e+00	9.578060918508921873e+01
2.585520164300948220e+00	9.555243778160426871e+01
2.591805130332431872e+00	9.514250388994766183e+01
2.598084074692260881e+00	9.490239934998865579e+01
2.604360404197643586e+00	9.459860948754267440e+01
2.610647185140439142e+00	9.436904474990400615e+01
2.616931864059273138e+00	9.390226206605673553e+01
2.623206107911065565e+00	9.376529646854686462e+01
2.629491626543270844e+00	9.332680025101741705e+01
2.635778507982642349e+00	9.337552160225739328e+01
2.642061039325260818e+00	9.289977075372520687e+01
2.648343840729305843e+00	9.268280243398453422e+01
2.654631838974855551e+00	9.253229317246679386e+01
2.660919001246303761e+00	9.220232373463672104e+01
2.667198525130066056e+00	9.190208971364353374e+01
2.673484307038032526e+00	9.167330995566832996e+01
2.679773388053849459e+00	9.141463231204335216e+01
2.686058217632288692e+00	9.120062579995062890e+01
2.692338738200057868e+00	9.103759511589677800e+01
2.698618022887226964e+00	9.071824224755759758e+01
2.704895450708277860e+00	9.040920849666578363e+01
2.711175674923682166e+00	9.031758219220874651e+01
2.717459832966957922e+00	9.003552207629688553e+01
2.723745731959044569e+00	8.987679973044380688e+01
2.730038414850594730e+00	8.974666115778201458e+01
2.736317989800789441e+00	8.955425054413777275e+01
2.742591858549239703e+00	8.926005660018745402e+01
2.748879749010778362e+00	8.909943277843672149e+01
2.755163403825859447e+00	8.884097942051430152e+01
2.761446955625852073e+00	8.838394216594976172e+01
2.767732088935374701e+00	8.848061743547934554e+01
2.774015452421743966e+00	8.816707488940316750e+01
2.780298635700591436e+00	8.794135804484155017e+01
2.786577474762241380e+00	8.777224312060695866e+01
2.792857983210164541e+00	8.756895611604610963e+01
2.799143790920211483e+00	8.757008227994511174e+01
2.805430058399325244e+00	8.724990011022048009e+01
2.811715058209780072e+00	8.705926127227675693e+01
2.817989272498773623e+00	8.695578137849443578e+01
2.824269171595737760e+00	8.667403594302248848e+01
2.830563016441804081e+00	8.650312436987503872e+01
2.836848750951622034e+00	8.656353016485937246e+01
2.843130027866129783e+00	8.621737211076012386e+01
2.849413896912404986e+00	8.596161666222209874e+01
2.855697464522425566e+00	8.595287407047389650e+01
2.861978799810683594e+00	8.560017339001377934e+01
2.868262469415629567e+00	8.560702967293464383e+01
2.874547359206753860e+00	8.539890112648708964e+01
2.880831111471525041e+00	8.521665860129779446e+01
2.887113216972382546e+00	8.513208942474797425e+01
2.893394504725182781e+00	8.505715169411718080e+01
2.899673662137033592e+00	8.487658499123816114e+01
2.905953958587380814e+00	8.475293275255204151e+01
2.912241118105161064e+00	8.484672461721866910e+01
2.918525996366671205e+00	8.442915709207358077e+01
2.924809035425688819e+00	8.431247849299302288e+01
2.931095916293684933e+00	8.428646937796364114e+01
2.937378182606774413e+00	8.425964477603112357e+01
2.943659980254369923e+00	8.401720435526129904e+01
2.949946454403890250e+00	8.398165336325770625e+01
2.956227653702202307e+00	8.388067456442105652e+01
2.962510478867462993e+00	8.375021284694877011e+01
2.968796535179442309e+00	8.370187639707279459e+01
2.975077657376874907e+00	8.359860391605603525e+01
2.981359866759223376e+00	8.345474860237467851e+01
2.987646761575656562e+00	8.347121769397035962e+01
2.993929038370399365e+00	8.331871072426228864e+01
3.000206214840962726e+00	8.326394338960405150e+01
3.006486172402415669e+00	8.332695355959396011e+01
3.012769812211594456e+00	8.306505389924198823e+01
3.019053144326170113e+00	8.303380972095345669e+01
3.025337405144251424e+00	8.293561234044054231e+01
3.031623734799107961e+00	8.289135845149982629e+01
3.037908962055872575e+00	8.279387030422988403e+01
3.044195067146031608e+00	8.297001673478025907e+01
3.050475543482170426e+00	8.266645397055245326e+01
3.056754954538277502e+00	8.269687687538595355e+01
3.063040539557494668e+00	8.272870958963673615e+01
3.069323699454357346e+00	8.279980412290628067e+01
3.075610692642898769e+00	8.266769443435273956e+01
3.081893798009918584e+00	8.267107183682220750e+01
3.088174549548037717e+00	8.263079102139258225e+01
3.094458635632868493e+00	8.265057482106858799e+01
3.100743982931558840e+00	8.255372929489568889e+01
3.107028111748448396e+00	8.263831870801392654e+01
3.113309299655494300e+00	8.278611111060283179e+01
3.119590662867241626e+00	8.272630025590393643e+01
3.125874006820172912e+00	8.273769585117514680e+01
3.132159251154602586e+00	8.269719464831823075e+01
3.138439172765940643e+00	8.265496603381359364e+01
3.144723867719826593e+00	8.276580914932354460e+01
3.151003951258561031e+00	8.276239524272973824e+01
3.157283664131563139e+00	8.296083396349543193e+01
3.163569317183839935e+00	8.301022058911318879e+01
3.169851661717792091e+00	8.290717849061880429e+01
3.176137704316093657e+00	8.315645461560042406e+01
3.182420924828643916e+00	8.311590317187507537e+01
3.188702811875577581e+00	8.323523882803516472e+01
3.194990520008989865e+00	8.336869796192742399e+01
3.201275324656983834e+00	8.333874423949283994e+01
3.207551352179861759e+00	8.336272669376022293e+01
3.213835216737041645e+00	8.349903158801264169e+01
3.220122579819103770e+00	8.351743538137252187e+01
3.226406606618656525e+00	8.321542550431163932e+01
3.232687390085645429e+00	8.303415287239315035e+01
3.238969121280456331e+00	8.283172347779267852e+01
3.245254751548589667e+00	8.274248391837581096e+01
3.251534499036136783e+00	8.254423052355440404e+01
3.257817780791052442e+00	8.230863121300505725e+01
3.264102164154097263e+00	8.217326764555868124e+01
3.270384152138468892e+00	8.205283616440885908e+01
3.276669427476867735e+00	8.190149601856943207e+01
3.282954688864507808e+00	8.168273469948501031e+01
3.289237200334947264e+00	8.148961701123600676e+01
3.295519587088236779e+00	8.116462868235247186e+01
3.301805977329951958e+00	8.108180321991183348e+01
3.308087486222440088e+00	8.103488695679099862e+01
3.314367630234227313e+00	8.078590879309435024e+01
3.320651909732194262e+00	8.072912300996577528e+01
3.326931260376857047e+00	8.048386554217410094e+01
3.333216512447217728e+00	8.027841953064600489e+01
3.339504489419978128e+00	8.015589772733596874e+01
3.345786804809928405e+00	8.003310381396079265e+01
3.352071130016277767e+00	7.987152285182676792e+01
3.358351496304225581e+00	7.967798190023941629e+01
3.364630591073392019e+00	7.961144212714644652e+01
3.370916305215045483e+00	7.942333387460061545e+01
3.377197952029413752e+00	7.924235057623172906e+01
3.383483063818085501e+00	7.923250141436429317e+01
3.389769992424469969e+00	7.906638506844919334e+01
3.396051330885982100e+00	7.892073545201526485e+01
3.402330879139463971e+00	7.874939281929927404e+01
3.408610488352048495e+00	7.859680921466804193e+01
3.414897837696641236e+00	7.854880482425329546e+01
3.421180484052105619e+00	7.839643860709995238e+01
3.427461639653846870e+00	7.799599959717063768e+01
3.433749159643459059e+00	7.815519947014482227e+01
3.440032646656798310e+00	7.793491281352170574e+01
3.446313366033385339e+00	7.772522244666667746e+01
3.452600135384134905e+00	7.776490464344229281e+01
3.458883152815406703e+00	7.763390167310544143e+01
3.465163834403715448e+00	7.750293177690116408e+01
3.471449329786229221e+00	7.740768296204271337e+01
3.477734476754053894e+00	7.729034948042522046e+01
3.484019652467224226e+00	7.701679878898293907e+01
3.490297019369712928e+00	7.703012017419324309e+01
3.496582486484379970e+00	7.693077734186104522e+01
3.502868048046865024e+00	7.677307992343521903e+01
3.509144649545451244e+00	7.663616740129290861e+01
3.515428082003116295e+00	7.647066224058445982e+01
3.521711031624695565e+00	7.644114957165994895e+01
3.527991850954735664e+00	7.632940787453782150e+01
3.534275545726699885e+00	7.626373906103137301e+01
3.540562632020772149e+00	7.622807371819342848e+01
3.546844410757220789e+00	7.603588179592566121e+01
3.553131386753758836e+00	7.585112853972729852e+01
3.559419203211965144e+00	7.591143084170785471e+01
3.565697971577579839e+00	7.566934497819265459e+01
3.571979559134798254e+00	7.557766594465884680e+01
3.578265774595833726e+00	7.548226953140918738e+01
3.584548309769353125e+00	7.556197268501175301e+01
3.590826843920031486e+00	7.531367416836876316e+01
3.597107306745233934e+00	7.532372058105946167e+01
3.603392831792229245e+00	7.517192060423239752e+01
3.609673209822572559e+00	7.504057644136138094e+01
3.615955412133016189e+00	7.506878311357512246e+01
3.622241607772384686e+00	7.497612021246055747e+01
3.628520252736676444e+00	7.481346539605208079e+01
3.634804827569451113e+00	7.469514416345448637e+01
3.641094981788862928e+00	7.471440083106344332e+01
3.647383514928639325e+00	7.471222165803662563e+01
3.653663283927725658e+00	7.461762734695933830e+01
3.659943504072155296e+00	7.448185644852846110e+01
3.666232000281138603e+00	7.460960729445258721e+01
3.672514211678317597e+00	7.445903322846446315e+01
3.678794154686042539e+00	7.429034776901956150e+01
3.685078621861909820e+00	7.418606706060322153e+01
3.691359210097977961e+00	7.415288967474518245e+01
3.697642368173791105e+00	7.412408059921044412e+01
3.703925796735277665e+00	7.410543594180681737e+01
3.710208240364660348e+00	7.397798226799535826e+01
3.716494593122387169e+00	7.384581158473810092e+01
3.722775386659595398e+00	7.393143236530727336e+01
3.729058392883481510e+00	7.385700700843624134e+01
3.735339748210807720e+00	7.383050867646178972e+01
3.741620776392969638e+00	7.376852628095745956e+01
3.747904795418762980e+00	7.378823351513626960e+01
3.754190633281219380e+00	7.361158409425931382e+01
3.760478208018912749e+00	7.360681248626364948e+01
3.766755538573464346e+00	7.366151198376900311e+01
3.773032090135151506e+00	7.347985307272806210e+01
3.779322553012896879e+00	7.349015312689154200e+01
3.785609109731308930e+00	7.350747490366229897e+01
3.791889825936295200e+00	7.330918635585287291e+01
3.798174822702435893e+00	7.335156169686693772e+01
3.804458658753491651e+00	7.330563128823332875e+01
3.810738438095723435e+00	7.328630430456198042e+01
3.817018850285747167e+00	7.330024567858919227e+01
3.823305314209427763e+00	7.329315457237163400e+01
3.829591295197792178e+00	7.336932044291293664e+01
3.835872296070849341e+00	7.335692718205919505e+01
3.842156279590906109e+00	7.325603873206947014e+01
3.848441511099312429e+00	7.333985659918724309e+01
3.854723334376886079e+00	7.327625819540783425e+01
3.861004740704794713e+00	7.329728482321108629e+01
3.867284336650660848e+00	7.314966069383336844e+01
3.873567367678779849e+00	7.327137477169777924e+01
3.879850662830422792e+00	7.307120047592735546e+01
3.886137063198143338e+00	7.323112530265862574e+01
3.892419463049126005e+00	7.328032735575929735e+01
3.898703740328622658e+00	7.336602491833563988e+01
3.904991458788179326e+00	7.329580892553762794e+01
3.911270842222104083e+00	7.322928921818619585e+01
3.917549806479573071e+00	7.320339080810080645e+01
3.923836006203090587e+00	7.323611875496509072e+01
3.930121452497870926e+00	7.338425094591018194e+01
3.936398172858230460e+00	7.338047605068643975e+01
3.942683040425962293e+00	7.335867481589899342e+01
3.948974759704379611e+00	7.341154753524101295e+01
3.955259227995065352e+00	7.339535703214771445e+01
3.961537174921395454e+00	7.351376362306243095e+01
3.967820217617139544e+00	7.351217908562902892e+01
3.974105559832568968e+00	7.343739318170987929e+01
3.980384727931198352e+00	7.378154311047725855e+01
3.986664590839849698e+00	7.359623206219089298e+01
3.992949619150675034e+00	7.364257241507377216e+01
3.999235075769965952e+00	7.355630661971817119e+01
4.005515715515433506e+00	7.376766178991124434e+01
4.011798434346478537e+00	7.382162795511273146e+01
4.018083716245132386e+00	7.392623585784072304e+01
4.024365700052603856e+00	7.394365066281700649e+01
4.030643960839860540e+00	7.375915146776397080e+01
4.036928708926215137e+00	7.415911914558760998e+01
4.043218157412017177e+00	7.409219261326090589e+01
4.049503019487663558e+00	7.415589086974348731e+01
4.055781898960511000e+00	7.421886639464393909e+01
4.062060795621602161e+00	7.422960924503402680e+01
4.068347865354716042e+00	7.428946950409141436e+01
4.074631027173265529e+00	7.455900587957549419e+01
4.080910837526078971e+00	7.456841926320272762e+01
4.087201203341442657e+00	7.461533210525585957e+01
4.093486818591942189e+00	7.469894640522839779e+01
4.099764387336505500e+00	7.478219495992345855e+01
4.106049166937662420e+00	7.480349886659912784e+01
4.112334559041358695e+00	7.490689248404490286e+01
4.118618926059533614e+00	7.501707943213924068e+01
4.124898942031112625e+00	7.520920590520671567e+01
4.131175432561665417e+00	7.527528949890880483e+01
4.137461563786142271e+00	7.531435598566824297e+01
4.143746006210170307e+00	7.546815678573727837e+01
4.150029800482964326e+00	7.567428640934934947e+01
4.156313390684649001e+00	7.580635248495099177e+01
4.162596105843763716e+00	7.568709849322526395e+01
4.168881843141768684e+00	7.603808304273407259e+01
4.175162111073220217e+00	7.607915626626478911e+01
4.181448573417560155e+00	7.623865458784977989e+01
4.187738782464171194e+00	7.624566618536580620e+01
4.194017437180169061e+00	7.652097112306942961e+01
4.200293572701767175e+00	7.654048891982225200e+01
4.206580195481546269e+00	7.656122796658101493e+01
4.212860644652220543e+00	7.665722554068196359e+01
4.219138153430114002e+00	7.696640570665491055e+01
4.225426162098283811e+00	7.714093421098345971e+01
4.231713506719782636e+00	7.721642453331506317e+01
4.237990056577191744e+00	7.726017323929667668e+01
4.244267783646744618e+00	7.741184628982917104e+01
4.250560660182562955e+00	7.767753327678973108e+01
4.256847734842668096e+00	7.773515626735040485e+01
4.263127100734456221e+00	7.794245385478940591e+01
4.269406860432507500e+00	7.808659050593884388e+01
4.275691671482192646e+00	7.824854245683830811e+01
4.281972414189518794e+00	7.830092507497867871e+01
4.288253516806755705e+00	7.860427888895144122e+01
4.294540520160492925e+00	7.874235600007760638e+01
4.300825742921731809e+00	7.887472506868691369e+01
4.307109835491901961e+00	7.905802018967015954e+01
4.313390926478413157e+00	7.935113702499299393e+01
4.319667979480563247e+00	7.924806874898237652e+01
4.325952598143786076e+00	7.949135344540303549e+01
4.332241647035422361e+00	7.969204816796975877e+01
4.338524445619096781e+00	7.994594749541313661e+01
4.344809348131129845e+00	8.017420088035154890e+01
4.351090699193166600e+00	8.016373196887350616e+01
4.357369710808320029e+00	8.092060750110422873e+01
4.363659348967174445e+00	8.064558986455752176e+01
4.369947418280990981e+00	8.084916428594206650e+01
4.376226569265827315e+00	8.117526575703088554e+01
4.382499356631129217e+00	8.130984663684795066e+01
4.388784975178015024e+00	8.149083667766991823e+01
4.395068696309480494e+00	8.155715168857260267e+01
4.401347962382031298e+00	8.153518729531194253e+01
4.407628405096517099e+00	8.172797715198480262e+01
4.413915862185140426e+00	8.212993531409364323e+01
4.420203163534264235e+00	8.232343533693217807e+01
4.426480311003382795e+00	8.205424027640287932e+01
4.432765973643649104e+00	8.276788866533699718e+01
4.439053392023870614e+00	8.237936280222561436e+01
4.445336141335588742e+00	8.271086178192811644e+01
4.451617241414883352e+00	8.286170066035982984e+01
4.457901500730311106e+00	8.294079997568586293e+01
4.464189501093017043e+00	8.284351504110009046e+01
4.470470197548729985e+00	8.293022938014438239e+01
4.476748044268524573e+00	8.313617604519181725e+01
4.483035990164653484e+00	8.337051649719361990e+01
4.489323331650528104e+00	8.331660992986161318e+01
4.495599111667934800e+00	8.338840639136653010e+01
4.501870922878794090e+00	8.344814352118748957e+01
4.508155162877705457e+00	8.331791803228557569e+01
4.514446451153479423e+00	8.313239297641338510e+01
4.520723894043856994e+00	8.338681030240442738e+01
4.527003782460155890e+00	8.296181885688268665e+01
4.533293086610313161e+00	8.301146190626965904e+01
4.539578989864040182e+00	8.293237541227200893e+01
4.545857164866476730e+00	8.257195180537837587e+01
4.552138955546025656e+00	8.246595145390287485e+01
4.558432046889146605e+00	8.238615256258250952e+01
4.564713463378488711e+00	8.238940060138814658e+01
4.570987274133244682e+00	8.230407391695695196e+01
4.577274818151045643e+00	8.220350686949957719e+01
4.583563263889338657e+00	8.207898716418307572e+01
4.589844917004465508e+00	8.215661385799175775e+01
4.596126259982004747e+00	8.186228953964064203e+01
4.602409075598298926e+00	8.190722372978279964e+01
4.608696634867644804e+00	8.229485526949753194e+01
4.614977646498861219e+00	8.213932945877721181e+01
4.621258953029527383e+00	8.223581098240049414e+01
4.627547993978874175e+00	8.222230014130769860e+01
4.633830152730579854e+00	8.235383568385358899e+01
4.640104005367354567e+00	8.214440064636150396e+01
4.646382060386754276e+00	8.246301246298571641e+01
4.652674213731970987e+00	8.225810938556008978e+01
4.658958291796220230e+00	8.244608899145802638e+01
4.665233615070169648e+00	8.267900136468699657e+01
4.671520675710307380e+00	8.279408818529462621e+01
4.677814351732177300e+00	8.305682611896476431e+01
4.684093699744638073e+00	8.298271775504662173e+01
4.690368661472568590e+00	8.310904413670394320e+01
4.696663270746453733e+00	8.303798098021505325e+01
4.702945459248681459e+00	8.278399379108265066e+01
4.709209170841929470e+00	8.351602269539253598e+01
4.715491634753063543e+00	8.371685388161520791e+01
4.721784316284933780e+00	8.386896357468972951e+01
4.728063062331094635e+00	8.395054797825630999e+01
4.734337423381671073e+00	8.376815830644409289e+01
4.740627024094544062e+00	8.388901675694859250e+01
4.746914995664547554e+00	8.408282021658804695e+01
4.753194740071086777e+00	8.444212428177539209e+01
4.759478891864783456e+00	8.428932571308200750e+01
4.765762396877359031e+00	8.463562787091910877e+01
4.772049481246195768e+00	8.474694374601202185e+01
4.778335091022592351e+00	8.530999380507881824e+01
4.784610831402393849e+00	8.533237379058198258e+01
4.790907306208476157e+00	8.555327507243858065e+01
4.797204047706418173e+00	8.537672069932973784e+01
4.803470827697504220e+00	8.583534748725539032e+01
4.809748850577324042e+00	8.635864258176863473e+01
4.816045316586602176e+00	8.601162046027461372e+01
4.822329240673497885e+00	8.654670229021245120e+01
4.828596758226470165e+00	8.673739579978851566e+01
4.834890332961369275e+00	8.736587673889636108e+01
4.841191655056394261e+00	8.718439551489859696e+01
4.847460407468000554e+00	8.718312324806326785e+01
4.853732128521334843e+00	8.737931168366137058e+01
4.860029138783373170e+00	8.790547285836515812e+01
4.866314601732018019e+00	8.804441854672590750e+01
4.872587026269203925e+00	8.854264782841336512e+01
4.878874221748241702e+00	8.860113747067615009e+01
4.885171078138658807e+00	8.933189512322260839e+01
4.891450629931857641e+00	8.962066881308604138e+01
4.897716482750221978e+00	8.994528700547978417e+01
4.904002834596266069e+00	9.001313971698075989e+01
4.910295858205786068e+00	9.020409873055935179e+01
4.916575188115905881e+00	9.103945268668614688e+01
4.922847946197084212e+00	9.112406108645423330e+01
4.929131667457151700e+00	9.078793636993238181e+01
4.935434460144239033e+00	9.152837793682756740e+01
4.941718513303545279e+00	9.221081424916788194e+01
4.947978624761803168e+00	9.217004507702665705e+01
4.954274999209829389e+00	9.273233554976144433e+01
4.960571094729937514e+00	9.304519245627245994e+01
4.966823207626954506e+00	9.331514424693189369e+01
4.973097418390337587e+00	9.425725819367171709e+01
4.979415129936382023e+00	9.432335124660787073e+01
4.985702082330368157e+00	9.466529861088736197e+01
4.991949985828016523e+00	9.540553872095451027e+01
4.998241586316924057e+00	9.537314868611085217e+01
5.004556635606089543e+00	9.631139894061342943e+01
5.010828655701208945e+00	9.598083827007317836e+01
5.017077229702536556e+00	9.678653964428953316e+01
5.023374414758113637e+00	9.712697871347657497e+01
5.029688873569548413e+00	9.764589883405601256e+01
5.035958413584124216e+00	9.781513066506870757e+01
5.042232667658486989e+00	9.899388625975691980e+01
5.048528755870775875e+00	9.908740315397655252e+01
5.054821121427484520e+00	9.913090462890028220e+01
5.061069509814582368e+00	1.002405515408628531e+02
5.067347812754101177e+00	1.004894874022718767e+02
5.073675050630431116e+00	1.015034048824174704e+02
5.079945928388977627e+00	1.021119554830070086e+02
5.086192992546071601e+00	1.028280335714220115e+02
5.092484128970163226e+00	1.041050718138819917e+02
5.098802924706086870e+00	1.034023792128347026e+02
5.105078217426394005e+00	1.036852415924071096e+02
5.111325076574067872e+00	1.052102889416067484e+02
5.117628358851224135e+00	1.052814845462832665e+02
5.123935939383525984e+00	1.067857499660693037e+02
5.130199176325612065e+00	1.067773889608627087e+02
5.136469985878846956e+00	1.079527425140503993e+02
5.142797788696348071e+00	1.088588778783441882e+02
5.149090378043822192e+00	1.088173381964627850e+02
5.155289879840074363e+00	1.102155456629718913e+02
5.161564521234301317e+00	1.105400550877252925e+02
5.167916673496016244e+00	1.112603099933193960e+02
5.174205974602950064e+00	1.119931035026127972e+02
5.180434820793812456e+00	1.131620853361774692e+02
5.186729096569634656e+00	1.141163706665330579e+02
5.193058481037780894e+00	1.151280260121670693e+02
5.199319511444338460e+00	1.159068843798734179e+02
5.205574295584361799e+00	1.151494643477885944e+02
5.211894977074066126e+00	1.175339592314198143e+02
5.218201708336958511e+00	1.183595657112241781e+02
5.224411911780083351e+00	1.187086604984881149e+02
5.230677632666463239e+00	1.190095479917605132e+02
5.237056729559757429e+00	1.206905899548774102e+02
5.243336785035660697e+00	1.221570588565806759e+02
5.249493476178225038e+00	1.227404823210431744e+02
5.255787017738318134e+00	1.254058135030062147e+02
5.262205327426889845e+00	1.263803279283685441e+02
5.268477758348532269e+00	1.257017072658375838e+02
5.274632213654732560e+00	1.281580261053596246e+02
5.280950543314659740e+00	1.279538305939823317e+02
5.287327645024750389e+00	1.287368319324494337e+02
5.293582359180156516e+00	1.299882154269503758e+02
5.299789992649893478e+00	1.308254311163926786e+02
5.306111460381987222e+00	1.334289467584985118e+02
5.312452717892129250e+00	1.329637329374259025e+02
5.318650122853046724e+00	1.351018740979791630e+02
5.324923043129819789e+00	1.373516027681828291e+02
5.331330237158205421e+00	1.389641729752064236e+02
5.337586726886338617e+00	1.391635946448878940e+02
5.343685192440848830e+00	1.406185258393863080e+02
5.350070659715249199e+00	1.426098230805136495e+02
5.356556762554878226e+00	1.459620751865792556e+02
5.362691868684501095e+00	1.464549147680827730e+02
5.368769208912516966e+00	1.469546202909204737e+02
5.375270137997677722e+00	1.472078607067092832e+02
5.381769983045385786e+00	1.462921634113511686e+02
5.387701030372958222e+00	1.500954844475458572e+02
5.393786668001271600e+00	1.536330319076147077e+02
5.400446161099396569e+00	1.569927024636929218e+02
5.406957063684501463e+00	1.540865570905516790e+02
5.412655672453426270e+00	1.563877576050257971e+02
5.418821279260546575e+00	1.576983741491848718e+02
5.425690594366304076e+00	1.597555069131485936e+02
5.432217487502165376e+00	1.658403450574482463e+02
5.437649811577258241e+00	1.643040281824212627e+02
5.443914404015878006e+00	1.636963600560503664e+02
5.450953501686320202e+00	1.684401186683522553e+02
5.457483690405861232e+00	1.711219920767073006e+02
5.462715250135157241e+00	1.700199920345691282e+02
5.469033575551323523e+00	1.738902813646402024e+02
5.476177730420278778e+00	1.735158311443720436e+02
5.482708935702562236e+00	1.736226818238811518e+02
5.487722405008360838e+00	1.780714314205210940e+02
5.494194284996126498e+00	1.870282392766623900e+02
5.501391471009256406e+00	1.863793617088479664e+02
5.507128202673079009e+00	1.738497891109455793e+02
5.512278020050448646e+00	1.876099490506351231e+02
5.519395563377015534e+00	1.992122380690678085e+02
5.526598678609708770e+00	2.041584596777588558e+02
5.532162682462509196e+00	1.872034898984964570e+02
5.537397124017139127e+00	1.955519391260011446e+02
5.544582756485218589e+00	1.765432102163733248e+02
5.551739327507637434e+00	2.027321779329221272e+02
5.557493306674907707e+00	1.385055342237371860e+02
5.562281709102816940e+00	2.048629940321253002e+02
5.569272720323164449e+00	4.051064985634286586e+02
