8.899641224696953554e-03	1.041885486784953508e+06
1.507912216506557788e-02	7.428191247604886303e+05
2.144790186456836667e-02	2.716548114029083517e+05
2.783660776489276650e-02	9.220062791794391524e+04
3.435099785803411021e-02	3.902649017129734420e+04
4.047886761425745911e-02	2.304350634961889227e+04
4.676716683575679601e-02	2.814877099510103290e+04
5.308225101765951665e-02	3.867409799575066427e+04
5.945362440940590160e-02	4.220584586884100281e+04
6.576224814588792211e-02	3.499447277518390911e+04
7.196632906698736953e-02	2.948317402055429920e+04
7.827860915688347743e-02	2.090318564525687179e+04
8.470398945834539672e-02	1.706809700372492080e+04
9.096854620527369817e-02	1.393956446588972904e+04
9.720789776830213169e-02	1.308059963279101794e+04
1.034763038959366499e-01	1.267380891760542727e+04
1.097576444254559219e-01	1.190537897637357491e+04
1.160543084780093354e-01	1.148455893553769056e+04
1.223669666537485351e-01	1.016947842373336243e+04
1.286817263090294094e-01	9.747833395718382235e+03
1.349500801664080818e-01	8.887090084814659349e+03
1.411949558842147678e-01	7.990553933409005367e+03
1.475133575747468451e-01	7.437813797735660955e+03
1.537865074252268427e-01	7.194772713989168551e+03
1.600657544051110326e-01	6.575016313617797096e+03
1.663991168687080635e-01	6.256420301136774469e+03
1.727195645776442856e-01	6.108265912797266537e+03
1.789765213377084718e-01	5.778594222312620332e+03
1.852353690647852158e-01	5.459747449750678243e+03
1.914806787341157279e-01	5.289381221306500265e+03
1.977889868651535599e-01	5.093426238524839391e+03
2.040937735447724277e-01	4.820603753666510784e+03
2.103939302609846018e-01	4.669095225176803979e+03
2.166909709822301688e-01	4.540553296735271942e+03
2.229700281216152047e-01	4.323744700949927392e+03
2.292620027086341994e-01	4.207698675597283000e+03
2.355141508366812297e-01	4.020092493725135228e+03
2.417910583817859116e-01	3.897495743638281510e+03
2.480856539439619257e-01	3.803109801128927757e+03
2.543492256872954549e-01	3.722834547107976505e+03
2.606334251884805386e-01	3.580493473689607981e+03
2.669257370896960802e-01	3.514491167553299420e+03
2.732423343141155980e-01	3.392140442634445208e+03
2.795529680084415936e-01	3.280926877442076602e+03
2.858366292314493129e-01	3.270054855676550233e+03
2.920876271394311496e-01	3.160660017627623802e+03
2.983449844439822751e-01	3.079345376963685794e+03
3.046382639407197446e-01	2.983550509837391019e+03
3.109279127003197196e-01	2.942355885022710936e+03
3.172168171618398036e-01	2.858989980836946415e+03
3.235187567944423082e-01	2.788356847340379318e+03
3.298168217550395687e-01	2.702391258084990113e+03
3.361176429457156667e-01	2.715585205758808570e+03
3.423700375709273769e-01	2.646663023069872906e+03
3.486478192666269682e-01	2.611891185669853712e+03
3.549411614411318028e-01	2.529962927511790440e+03
3.611916935421040642e-01	2.501754757941027947e+03
3.674767089563572564e-01	2.460329880700191097e+03
3.737647795277591056e-01	2.416508998019416140e+03
3.800654031475132477e-01	2.340050719955098884e+03
3.863539861259823738e-01	2.309836052504152121e+03
3.926140181364449755e-01	2.288622750379874105e+03
3.989264500321934581e-01	2.225601982042693180e+03
4.052073244576828714e-01	2.212791927652940103e+03
4.114916477570477182e-01	2.176038404252517466e+03
4.177814272116491257e-01	2.141187732040678839e+03
4.240400648725131116e-01	2.114610883309472229e+03
4.303425690270192283e-01	2.079502208257351867e+03
4.366358560255625965e-01	2.015686809351757802e+03
4.428996183220763605e-01	2.006154818990164358e+03
4.491634418529859563e-01	1.967807392129309846e+03
4.554414146254732731e-01	1.927837784795296784e+03
4.617634470301058558e-01	1.909806296413091559e+03
4.680644242023710433e-01	1.883780111608126845e+03
4.743485242764365895e-01	1.856532926757711948e+03
4.806356136815400082e-01	1.833956059264212172e+03
4.869019258388697646e-01	1.811118299886118393e+03
4.931697099599955947e-01	1.782103357850873181e+03
4.994506747144535908e-01	1.746275715259975868e+03
5.057159051335421429e-01	1.725128118106463944e+03
5.119923996268095356e-01	1.704369830708383461e+03
5.183126097768406826e-01	1.700107852666808867e+03
5.246089638029100000e-01	1.659603248709113586e+03
5.308757308483337267e-01	1.640954813397697535e+03
5.371573527946726934e-01	1.628192682129002833e+03
5.434579563783791256e-01	1.598263707480523180e+03
5.497430652392217842e-01	1.584932547128587203e+03
5.559937427501778773e-01	1.558122710956782157e+03
5.622854676609657654e-01	1.546837278659556659e+03
5.686011537227265711e-01	1.506302969503743725e+03
5.748804589422079614e-01	1.499394335499968747e+03
5.811550210340560296e-01	1.481930102823889001e+03
5.874394496660968468e-01	1.468940619183892750e+03
5.937176220296899176e-01	1.451690366222075681e+03
5.999971954793682505e-01	1.438304010833125631e+03
6.062679115124277596e-01	1.410631030097712483e+03
6.125469576444534381e-01	1.406705340877218077e+03
6.188477733041515272e-01	1.378669089497082496e+03
6.251310567437898813e-01	1.360483807657444913e+03
6.314027450383210560e-01	1.357464586517748558e+03
6.377003562732055375e-01	1.344201734719283195e+03
6.439857783314556494e-01	1.329389527251671325e+03
6.502685417166111925e-01	1.306299662040629528e+03
6.565586117699038216e-01	1.299430894908598702e+03
6.628369282359254377e-01	1.285930516949859339e+03
6.691185444962194362e-01	1.277458669975118710e+03
6.754070198575605755e-01	1.257962258211467770e+03
6.816835514593204692e-01	1.241624752101829472e+03
6.879592533861698112e-01	1.225654039226625855e+03
6.942344317039531587e-01	1.214328765295987523e+03
7.005175402434737908e-01	1.196047410238640396e+03
7.068124956608716758e-01	1.183296500710209102e+03
7.131019009674921527e-01	1.167631964456955984e+03
7.193918251171427247e-01	1.154871578870259782e+03
7.256833807598113140e-01	1.148741102766986387e+03
7.319652682709349989e-01	1.132296602908532577e+03
7.382507990484923344e-01	1.122754393201210632e+03
7.445265842115937893e-01	1.109710121992564609e+03
7.507871101942712455e-01	1.096969734238900401e+03
7.570758465316046459e-01	1.087500244425170195e+03
7.633641233600957365e-01	1.080471325217205276e+03
7.696462959862266917e-01	1.063726041352318589e+03
7.759394865175414102e-01	1.051770172001329911e+03
7.822329141989586843e-01	1.039635111278367276e+03
7.885314936520240181e-01	1.036276651418559140e+03
7.947896566979522071e-01	1.024310592702921895e+03
8.010491096592354809e-01	1.013046607544982749e+03
8.073364061727361651e-01	1.006275287491154813e+03
8.136229488373866170e-01	9.935461689013883415e+02
8.199152998961036776e-01	9.826059453898917582e+02
8.261952636392789762e-01	9.750457059901240200e+02
8.324897070080405914e-01	9.617078475878772679e+02
8.387959309210778480e-01	9.557029219396794133e+02
8.450634639703045181e-01	9.522980191738604390e+02
8.513282867562648182e-01	9.360000799582288664e+02
8.576198263902009566e-01	9.253425297163857977e+02
8.639058477062415697e-01	9.207603298717169764e+02
8.701838745487597837e-01	9.140127714039897455e+02
8.764641096075268534e-01	9.047386271386621956e+02
8.827503873399735745e-01	8.982085147500395124e+02
8.890332768393869323e-01	8.909214129569663783e+02
8.953084247113127780e-01	8.778623517105014571e+02
9.015956521667095602e-01	8.728347193538526199e+02
9.078833328094829680e-01	8.679444590391149177e+02
9.141744106319863450e-01	8.565657030462626835e+02
9.204630817717615043e-01	8.461332315919012217e+02
9.267434415264711456e-01	8.439953483088066832e+02
9.330324197354928906e-01	8.316305569698874933e+02
9.393265785573878812e-01	8.250734118359420108e+02
9.455974810398196650e-01	8.181061617790203400e+02
9.518660018545171964e-01	8.144690129163600432e+02
9.581413255531838757e-01	8.073399600969313497e+02
9.644350945109106954e-01	7.962550787560304570e+02
9.707355633568249820e-01	7.898239100179786192e+02
9.770080768450029041e-01	7.812587221347876039e+02
9.832823325363413414e-01	7.704357441473005110e+02
9.895569691966674686e-01	7.685779496224544118e+02
9.958456301921106979e-01	7.627402771180295531e+02
1.002136210743837408e+00	7.563806368405190597e+02
1.008404825335135424e+00	7.499571629568422395e+02
1.014694149836243398e+00	7.450086316328095108e+02
1.020992555437297167e+00	7.335697881911527247e+02
1.027273980437394485e+00	7.296197074678763101e+02
1.033559181896017254e+00	7.252749727066641299e+02
1.039847557392594934e+00	7.190771518625874705e+02
1.046126974943305088e+00	7.113088213435729585e+02
1.052403436811028659e+00	7.024243905805260511e+02
1.058680704651608684e+00	6.985485732009680078e+02
1.064964333065789193e+00	6.929861912560594419e+02
1.071256777440835473e+00	6.859611839623217975e+02
1.077544048801078125e+00	6.832838705882070371e+02
1.083824820188043603e+00	6.792714264127498609e+02
1.090108023942816695e+00	6.731475382849467906e+02
1.096389665956643222e+00	6.644856548470856978e+02
1.102681132058841440e+00	6.575228061167237001e+02
1.108963047594879958e+00	6.512628001088394285e+02
1.115225428463759272e+00	6.485885400989604932e+02
1.121502127614767863e+00	6.445400655377535486e+02
1.127792573824792033e+00	6.369408667811073883e+02
1.134089552668382961e+00	6.348841341652261008e+02
1.140364049650405942e+00	6.272901159705991176e+02
1.146639180320979445e+00	6.292310459133993845e+02
1.152942412991649901e+00	6.167132499933128429e+02
1.159228906751078814e+00	6.115103572457093151e+02
1.165508721887268173e+00	6.097403507339099633e+02
1.171793076256210320e+00	6.015592763430540799e+02
1.178087436369658958e+00	5.990041570844265379e+02
1.184367654251526902e+00	5.951470997787586157e+02
1.190634642299266632e+00	5.894455766510220656e+02
1.196912208834400859e+00	5.850137208145691829e+02
1.203201577354146234e+00	5.819255812149917801e+02
1.209486844441705733e+00	5.772439247056641989e+02
1.215763902074809888e+00	5.731031664605292235e+02
1.222049755171146668e+00	5.655495801293816385e+02
1.228340616621486969e+00	5.618513529798310628e+02
1.234632986576932767e+00	5.559801986402774219e+02
1.240902247176856488e+00	5.558798524148816114e+02
1.247174839144687519e+00	5.505007947044616685e+02
1.253465459933442272e+00	5.464804028034031944e+02
1.259749951892178421e+00	5.419075389309884940e+02
1.266032143127253873e+00	5.370449677822226704e+02
1.272316288472006507e+00	5.337036405822298093e+02
1.278604155058621350e+00	5.282580848141250272e+02
1.284886588933593865e+00	5.238166076623017489e+02
1.291175420066583257e+00	5.217542629838228549e+02
1.297465726373772332e+00	5.177154079695877726e+02
1.303741827011944299e+00	5.139286868866668101e+02
1.310017322922761851e+00	5.086794252403960854e+02
1.316301447662886703e+00	5.074729680747445286e+02
1.322586760363303249e+00	5.019173800111157675e+02
1.328865492452874664e+00	4.982554216880346303e+02
1.335144804954555564e+00	4.945916912766388691e+02
1.341440516272275119e+00	4.923558089921663736e+02
1.347730868417094552e+00	4.899190055577984708e+02
1.354001589994877630e+00	4.835897150713196311e+02
1.360282609297778444e+00	4.805573228563808925e+02
1.366565686457597906e+00	4.783446895577914688e+02
1.372851498482432708e+00	4.747072436845328980e+02
1.379135372929401804e+00	4.713533114468574468e+02
1.385409567149057164e+00	4.658875669779930604e+02
1.391698641219299315e+00	4.651749387031362062e+02
1.397984451439470810e+00	4.615558411798408542e+02
1.404267883409181961e+00	4.578018780938261330e+02
1.410554779484869181e+00	4.536250430024765024e+02
1.416837833547465397e+00	4.497714661810236407e+02
1.423118177187137068e+00	4.480072276783364487e+02
1.429397801164240089e+00	4.456752458451598500e+02
1.435686921822787232e+00	4.410532344003864864e+02
1.441977121769299597e+00	4.392210316724004429e+02
1.448253667853332427e+00	4.349394431760846373e+02
1.454532348972172651e+00	4.327151231365806439e+02
1.460819319151879903e+00	4.299292416288411687e+02
1.467110364402026468e+00	4.272770374627822889e+02
1.473392908948962132e+00	4.236996441032733856e+02
1.479669965243598950e+00	4.208482771208955455e+02
1.485956144602843532e+00	4.185750412497695834e+02
1.492233610763115115e+00	4.161535426940950515e+02
1.498502470379980078e+00	4.130967876307062738e+02
1.504785752051182701e+00	4.122082642916168993e+02
1.511075991894575976e+00	4.073476434270380082e+02
1.517361634985162189e+00	4.055867335506989093e+02
1.523648570969130533e+00	4.027157968861978929e+02
1.529938035715892264e+00	3.984214574989729840e+02
1.536230176913891965e+00	3.972167287400735631e+02
1.542510718779388279e+00	3.942654072759407882e+02
1.548783963082980275e+00	3.931967789451560407e+02
1.555073069779651318e+00	3.896916529647535299e+02
1.561357324927233892e+00	3.883067797028292034e+02
1.567629121053141006e+00	3.848962993568616184e+02
1.573913697404382583e+00	3.819983532992388291e+02
1.580203545230874029e+00	3.805379242092321874e+02
1.586485393434537983e+00	3.774284818809214812e+02
1.592760014263005841e+00	3.746451266184085966e+02
1.599046436394670812e+00	3.723539683144769583e+02
1.605342136637478934e+00	3.698369137999017084e+02
1.611619860919608627e+00	3.686046454109697379e+02
1.617897597081673799e+00	3.661139178140590502e+02
1.624183235481122756e+00	3.639964150972921288e+02
1.630464598531913722e+00	3.616812864211580063e+02
1.636748985747638274e+00	3.589751579768720831e+02
1.643030923698886259e+00	3.572407670748254418e+02
1.649309176648513064e+00	3.546262942579804189e+02
1.655593633940351861e+00	3.525496081232629422e+02
1.661879571405086464e+00	3.497087589624543966e+02
1.668169361685170271e+00	3.474811631069979398e+02
1.674450151530487485e+00	3.449550344795173942e+02
1.680722718978495900e+00	3.427336197909633597e+02
1.687013891340952476e+00	3.409162749000220174e+02
1.693308984907921033e+00	3.390792944668861537e+02
1.699582147428448486e+00	3.367847427527805166e+02
1.705863747055134105e+00	3.346304925844766558e+02
1.712154434283889470e+00	3.331485756510296596e+02
1.718438381579399321e+00	3.304330712817772451e+02
1.724721264464063930e+00	3.294341648004873946e+02
1.730997441276920679e+00	3.268891092763057031e+02
1.737287073528269499e+00	3.245037242346206199e+02
1.743567991878527401e+00	3.233494090149380895e+02
1.749840680212231048e+00	3.206998113042401428e+02
1.756128549091961144e+00	3.189610923217546201e+02
1.762413535324792502e+00	3.173751413834380628e+02
1.768696187669963837e+00	3.154282629165758749e+02
1.774979359379055266e+00	3.139688233103528319e+02
1.781265555576432957e+00	3.119320648185457685e+02
1.787549427830244619e+00	3.107677543537513998e+02
1.793834120011633004e+00	3.084957369387543054e+02
1.800115051552487300e+00	3.066382750174595913e+02
1.806393904854530330e+00	3.050354621676482338e+02
1.812674089667083432e+00	3.029528014360794828e+02
1.818956920109354058e+00	3.016491579813201724e+02
1.825244164118212220e+00	2.994851240800974210e+02
1.831527256642196955e+00	2.981553595665843091e+02
1.837811294935716599e+00	2.954231972077097339e+02
1.844100717411196744e+00	2.941139906723767012e+02
1.850384816792487230e+00	2.923814544529736850e+02
1.856666059735203822e+00	2.908482268411572704e+02
1.862947728675613979e+00	2.893485722947607997e+02
1.869229324466858078e+00	2.873236184985913155e+02
1.875517616802973686e+00	2.863548816769800851e+02
1.881800769033795229e+00	2.846007040598425419e+02
1.888078863416442710e+00	2.835873474785548751e+02
1.894353975182237582e+00	2.806492892072750465e+02
1.900642716154182565e+00	2.805195099413492699e+02
1.906933494748685121e+00	2.786192785185245953e+02
1.913207568676573933e+00	2.767942619921098526e+02
1.919490884732178992e+00	2.751929031300765587e+02
1.925776855684274480e+00	2.728557512795819662e+02
1.932064452961978152e+00	2.724446583008108860e+02
1.938342610030488800e+00	2.708548042349715388e+02
1.944618341543410178e+00	2.696708419012524018e+02
1.950906260203513876e+00	2.675949101226382822e+02
1.957194556613796488e+00	2.660287731658371513e+02
1.963479614559011432e+00	2.650730403558795274e+02
1.969760361532916226e+00	2.645877797666617539e+02
1.976048367034604736e+00	2.623834902209644611e+02
1.982337990217652335e+00	2.609663702556561589e+02
1.988617489259562721e+00	2.594725164090884277e+02
1.994896320665194178e+00	2.579438991888441706e+02
2.001179596222827151e+00	2.557018957766650828e+02
2.007459756923499761e+00	2.562569203080680609e+02
2.013737397779169935e+00	2.541249181680985600e+02
2.020017234677497164e+00	2.529510818097577953e+02
2.026310251015072783e+00	2.514831365269459411e+02
2.032600542948020284e+00	2.500516852089502891e+02
2.038873863192099289e+00	2.489336473428270438e+02
2.045154087821675404e+00	2.473696011126694145e+02
2.051444704514288730e+00	2.466992900044102157e+02
2.057730430280644729e+00	2.446097910007651421e+02
2.064013940455224461e+00	2.440888554895585116e+02
2.070299891179459895e+00	2.420448471203126246e+02
2.076589719964883951e+00	2.416412776612387745e+02
2.082865483794470673e+00	2.396520282054483744e+02
2.089134494859368640e+00	2.385119519769291117e+02
2.095424211360070288e+00	2.376262646357329515e+02
2.101707116664804254e+00	2.358849922509397459e+02
2.107986473933564309e+00	2.346753861647569579e+02
2.114271806543862375e+00	2.337630826202071717e+02
2.120552717288892275e+00	2.319855212642429194e+02
2.126836933207161717e+00	2.313608365695088764e+02
2.133122044791171845e+00	2.306338028128174926e+02
2.139411711910842673e+00	2.296538166720529830e+02
2.145697076775292089e+00	2.288160275655080227e+02
2.151973548606471276e+00	2.274665358688731374e+02
2.158259913555724108e+00	2.265387665559750303e+02
2.164545396699105506e+00	2.249255252051011951e+02
2.170830700377734068e+00	2.240925072289774391e+02
2.177114138849150393e+00	2.229569493652421386e+02
2.183387647576827018e+00	2.220926531476006005e+02
2.189670273687676971e+00	2.207109612115915240e+02
2.195960147934207463e+00	2.196028108846323903e+02
2.202242556317716371e+00	2.187330195152696035e+02
2.208521655981037668e+00	2.180865538534467589e+02
2.214804637081333016e+00	2.168853673087959066e+02
2.221092583349425276e+00	2.159475811500078919e+02
2.227372893591468728e+00	2.142848779190812252e+02
2.233657161144248171e+00	2.133819093383210941e+02
2.239943485394438660e+00	2.125501770510898893e+02
2.246224175264620815e+00	2.115068387803522967e+02
2.252506378421252009e+00	2.107419607823904357e+02
2.258783417054270437e+00	2.098788517074571018e+02
2.265069077371457684e+00	2.087723198779606264e+02
2.271350377044131452e+00	2.077343476010466929e+02
2.277633995145353918e+00	2.068476744705354236e+02
2.283922419579920149e+00	2.058228121414984457e+02
2.290202874392252674e+00	2.050271468241716377e+02
2.296490779970905560e+00	2.036197610637210289e+02
2.302771769934229162e+00	2.028875121634733887e+02
2.309051364164305564e+00	2.020875872760843777e+02
2.315338502539088239e+00	2.004173399719913107e+02
2.321627336503874428e+00	1.999811905214955914e+02
2.327911878297218795e+00	1.990311249586591771e+02
2.334186238580297168e+00	1.978982859491405861e+02
2.340467971862688401e+00	1.973730250697443864e+02
2.346756940970738725e+00	1.962526197587604599e+02
2.353044444556199988e+00	1.956314902384175980e+02
2.359327653314069906e+00	1.942910226534885112e+02
2.365603048789861607e+00	1.934252892121875789e+02
2.371885911737665165e+00	1.933370175981890782e+02
2.378173303594019572e+00	1.926584484083758753e+02
2.384454016539381271e+00	1.915661471712272714e+02
2.390736447344785187e+00	1.904741615185658645e+02
2.397014133897952259e+00	1.898476117402874763e+02
2.403295490074321972e+00	1.887118100313495859e+02
2.409585049672506862e+00	1.882827948346899802e+02
2.415871703165322071e+00	1.874436775075299693e+02
2.422160652369088840e+00	1.866431834356881723e+02
2.428440167222748691e+00	1.855801789867724381e+02
2.434717472383889803e+00	1.850933189502624430e+02
2.441002456202044257e+00	1.845528093253732038e+02
2.447289980304530488e+00	1.833913230342563168e+02
2.453571844729242279e+00	1.826472002931994609e+02
2.459852705114058846e+00	1.818786788272124397e+02
2.466139233225018934e+00	1.813304222486418951e+02
2.472421963421291391e+00	1.806044097117099625e+02
2.478698519174224568e+00	1.801142729175709007e+02
2.484980841400355800e+00	1.789630741151021311e+02
2.491269319409339822e+00	1.784534690817657463e+02
2.497548505139029373e+00	1.775219139066888090e+02
2.503831667172610853e+00	1.770257344624353948e+02
2.510117938323931153e+00	1.760626131196664232e+02
2.516400733681277480e+00	1.755977673476032237e+02
2.522688226833368130e+00	1.748844256718537622e+02
2.528971695852665569e+00	1.742326096554814967e+02
2.535252039407670299e+00	1.734582286188129956e+02
2.541537514142774512e+00	1.730697754416543148e+02
2.547823008847572179e+00	1.720193446901563163e+02
2.554100666580690238e+00	1.714406185714027515e+02
2.560376788884177301e+00	1.712565554658785061e+02
2.566667521601497359e+00	1.706905792771026995e+02
2.572955062237090473e+00	1.695466329408594675e+02
2.579233771797999175e+00	1.689919912734075069e+02
2.585520164300948220e+00	1.682980482222082799e+02
2.591805130332431872e+00	1.676900560133708780e+02
2.598084074692260881e+00	1.671274516540714501e+02
2.604360404197643586e+00	1.668591930188746915e+02
2.610647185140439142e+00	1.661286251169163393e+02
2.616931864059273138e+00	1.652673118048343497e+02
2.623206107911065565e+00	1.649819424558259016e+02
2.629491626543270844e+00	1.642527967557480792e+02
2.635778507982642349e+00	1.638185527965912058e+02
2.642061039325260818e+00	1.631717518767829915e+02
2.648343840729305843e+00	1.626611845168030754e+02
2.654631838974855551e+00	1.618586570592121632e+02
2.660919001246303761e+00	1.614372660455338178e+02
2.667198525130066056e+00	1.610808308993682374e+02
2.673484307038032526e+00	1.604090732552382690e+02
2.679773388053849459e+00	1.598510500963413961e+02
2.686058217632288692e+00	1.594128595795329204e+02
2.692338738200057868e+00	1.587265320630825443e+02
2.698618022887226964e+00	1.583535560047650108e+02
2.704895450708277860e+00	1.576091804312267186e+02
2.711175674923682166e+00	1.571172469678284074e+02
2.717459832966957922e+00	1.569358284021232350e+02
2.723745731959044569e+00	1.561861035157648416e+02
2.730038414850594730e+00	1.556775012351356509e+02
2.736317989800789441e+00	1.551758648352603416e+02
2.742591858549239703e+00	1.548081601444540354e+02
2.748879749010778362e+00	1.542489500241123892e+02
2.755163403825859447e+00	1.539409275802903494e+02
2.761446955625852073e+00	1.535748546579636979e+02
2.767732088935374701e+00	1.529194523344591232e+02
2.774015452421743966e+00	1.524515111337975952e+02
2.780298635700591436e+00	1.519731233829638199e+02
2.786577474762241380e+00	1.515418681743164768e+02
2.792857983210164541e+00	1.509632968375966584e+02
2.799143790920211483e+00	1.506656257826938656e+02
2.805430058399325244e+00	1.504351276642449307e+02
2.811715058209780072e+00	1.500420596593400830e+02
2.817989272498773623e+00	1.496350316299021870e+02
2.824269171595737760e+00	1.490994564567749308e+02
2.830563016441804081e+00	1.487534750509308594e+02
2.836848750951622034e+00	1.485342096535968039e+02
2.843130027866129783e+00	1.478426801169056262e+02
2.849413896912404986e+00	1.474570972949815086e+02
2.855697464522425566e+00	1.473537617974755562e+02
2.861978799810683594e+00	1.471483840313357234e+02
2.868262469415629567e+00	1.467111453709720763e+02
2.874547359206753860e+00	1.462792843540479168e+02
2.880831111471525041e+00	1.459984461145281216e+02
2.887113216972382546e+00	1.455010021345861446e+02
2.893394504725182781e+00	1.452550094508339100e+02
2.899673662137033592e+00	1.448275323726367958e+02
2.905953958587380814e+00	1.446141301833138186e+02
2.912241118105161064e+00	1.444962473233771334e+02
2.918525996366671205e+00	1.442231206133557180e+02
2.924809035425688819e+00	1.438613375036587456e+02
2.931095916293684933e+00	1.436352407121664214e+02
2.937378182606774413e+00	1.434101940385742182e+02
2.943659980254369923e+00	1.432271932630098661e+02
2.949946454403890250e+00	1.428994278425727487e+02
2.956227653702202307e+00	1.425811638338456362e+02
2.962510478867462993e+00	1.424169568654199054e+02
2.968796535179442309e+00	1.420146106282515177e+02
2.975077657376874907e+00	1.418110711601318030e+02
2.981359866759223376e+00	1.415596948671627047e+02
2.987646761575656562e+00	1.414507041639404861e+02
2.993929038370399365e+00	1.412129119991217863e+02
3.000206214840962726e+00	1.408315981836111064e+02
3.006486172402415669e+00	1.408221539685053187e+02
3.012769812211594456e+00	1.409155389957348632e+02
3.019053144326170113e+00	1.404581743513463721e+02
3.025337405144251424e+00	1.401858074145464172e+02
3.031623734799107961e+00	1.402235338886000591e+02
3.037908962055872575e+00	1.398358425367860036e+02
3.044195067146031608e+00	1.396751667941740607e+02
3.050475543482170426e+00	1.396208134168021502e+02
3.056754954538277502e+00	1.395332829072427785e+02
3.063040539557494668e+00	1.395597558261214886e+02
3.069323699454357346e+00	1.394717631114884853e+02
3.075610692642898769e+00	1.391742253685220021e+02
3.081893798009918584e+00	1.393273374220545975e+02
3.088174549548037717e+00	1.390661602335946725e+02
3.094458635632868493e+00	1.386444512894417471e+02
3.100743982931558840e+00	1.388280648395211756e+02
3.107028111748448396e+00	1.385903534142642854e+02
3.113309299655494300e+00	1.386674920492605452e+02
3.119590662867241626e+00	1.385231248112945366e+02
3.125874006820172912e+00	1.384112643714070714e+02
3.132159251154602586e+00	1.386820950978690803e+02
3.138439172765940643e+00	1.382581510240742375e+02
3.144723867719826593e+00	1.385814061593957831e+02
3.151003951258561031e+00	1.386485774409198086e+02
3.157283664131563139e+00	1.386168887439422690e+02
3.163569317183839935e+00	1.385901089690570984e+02
3.169851661717792091e+00	1.386608568174416405e+02
3.176137704316093657e+00	1.385149101985510072e+02
3.182420924828643916e+00	1.384721053381075251e+02
3.188702811875577581e+00	1.384545527457655680e+02
3.194990520008989865e+00	1.386379276469270962e+02
3.201275324656983834e+00	1.386341827953669963e+02
3.207551352179861759e+00	1.387369044184954134e+02
3.213835216737041645e+00	1.388900552218063353e+02
3.220122579819103770e+00	1.390281665978827732e+02
3.226406606618656525e+00	1.385418251761500130e+02
3.232687390085645429e+00	1.382535634435025997e+02
3.238969121280456331e+00	1.378293371714311206e+02
3.245254751548589667e+00	1.374316525759861634e+02
3.251534499036136783e+00	1.368521662038304783e+02
3.257817780791052442e+00	1.364852976577448374e+02
3.264102164154097263e+00	1.365925137145667350e+02
3.270384152138468892e+00	1.359194883433782195e+02
3.276669427476867735e+00	1.355596279049426016e+02
3.282954688864507808e+00	1.354027146619987718e+02
3.289237200334947264e+00	1.347645756024507762e+02
3.295519587088236779e+00	1.344134375879312415e+02
3.301805977329951958e+00	1.343515746917701961e+02
3.308087486222440088e+00	1.340848656840614410e+02
3.314367630234227313e+00	1.334827989929611931e+02
3.320651909732194262e+00	1.332792717025126308e+02
3.326931260376857047e+00	1.328439684211733436e+02
3.333216512447217728e+00	1.325640698584451513e+02
3.339504489419978128e+00	1.322564934609773388e+02
3.345786804809928405e+00	1.319381935597331221e+02
3.352071130016277767e+00	1.317671676783265866e+02
3.358351496304225581e+00	1.313368601373659885e+02
3.364630591073392019e+00	1.310988130982902078e+02
3.370916305215045483e+00	1.307890611279827340e+02
3.377197952029413752e+00	1.307323104726111467e+02
3.383483063818085501e+00	1.303687831344861934e+02
3.389769992424469969e+00	1.302322238026863772e+02
3.396051330885982100e+00	1.298940503688086778e+02
3.402330879139463971e+00	1.294029126765680644e+02
3.408610488352048495e+00	1.292007296016059286e+02
3.414897837696641236e+00	1.289160320013093610e+02
3.421180484052105619e+00	1.286021856654977853e+02
3.427461639653846870e+00	1.283952441826077120e+02
3.433749159643459059e+00	1.282272091074123068e+02
3.440032646656798310e+00	1.281350660312504033e+02
3.446313366033385339e+00	1.278752728849109417e+02
3.452600135384134905e+00	1.275863038898531983e+02
3.458883152815406703e+00	1.273865058295074135e+02
3.465163834403715448e+00	1.268832330212787980e+02
3.471449329786229221e+00	1.266642902013754650e+02
3.477734476754053894e+00	1.267072882931995395e+02
3.484019652467224226e+00	1.263118927234090449e+02
3.490297019369712928e+00	1.262258534040342113e+02
3.496582486484379970e+00	1.258629746926979891e+02
3.502868048046865024e+00	1.256767648203921084e+02
3.509144649545451244e+00	1.254746128421867013e+02
3.515428082003116295e+00	1.251607835350954332e+02
3.521711031624695565e+00	1.250637191200324594e+02
3.527991850954735664e+00	1.249200367162944758e+02
3.534275545726699885e+00	1.246284353397251294e+02
3.540562632020772149e+00	1.244534478001917535e+02
3.546844410757220789e+00	1.241872020811341031e+02
3.553131386753758836e+00	1.240724070926956557e+02
3.559419203211965144e+00	1.240042634585268644e+02
3.565697971577579839e+00	1.236296040017173254e+02
3.571979559134798254e+00	1.236225870425040370e+02
3.578265774595833726e+00	1.230609771200414428e+02
3.584548309769353125e+00	1.231134767558385192e+02
3.590826843920031486e+00	1.229470994702827937e+02
3.597107306745233934e+00	1.227740211036640829e+02
3.603392831792229245e+00	1.226462815360243752e+02
3.609673209822572559e+00	1.224304100710104279e+02
3.615955412133016189e+00	1.220879717052399229e+02
3.622241607772384686e+00	1.218887378019547185e+02
3.628520252736676444e+00	1.217859597006768837e+02
3.634804827569451113e+00	1.217136337161474273e+02
3.641094981788862928e+00	1.213128526245863839e+02
3.647383514928639325e+00	1.213872924519041021e+02
3.653663283927725658e+00	1.211921300131503614e+02
3.659943504072155296e+00	1.210121618525267024e+02
3.666232000281138603e+00	1.207359355909358243e+02
3.672514211678317597e+00	1.207472841131943397e+02
3.678794154686042539e+00	1.206242703385080119e+02
3.685078621861909820e+00	1.204937426297330347e+02
3.691359210097977961e+00	1.202782149925292146e+02
3.697642368173791105e+00	1.202282513725697584e+02
3.703925796735277665e+00	1.199404893148364550e+02
3.710208240364660348e+00	1.199667161649392710e+02
3.716494593122387169e+00	1.198390389102006424e+02
3.722775386659595398e+00	1.197391796752396829e+02
3.729058392883481510e+00	1.196674656591997632e+02
3.735339748210807720e+00	1.195818514209012164e+02
3.741620776392969638e+00	1.192545087172406681e+02
3.747904795418762980e+00	1.192359905882696864e+02
3.754190633281219380e+00	1.190216605095859705e+02
3.760478208018912749e+00	1.189689360026615788e+02
3.766755538573464346e+00	1.190288015753035467e+02
3.773032090135151506e+00	1.185738062354964910e+02
3.779322553012896879e+00	1.186384899459426947e+02
3.785609109731308930e+00	1.185278814601346937e+02
3.791889825936295200e+00	1.183674787824842980e+02
3.798174822702435893e+00	1.183355479933847079e+02
3.804458658753491651e+00	1.182314467379049745e+02
3.810738438095723435e+00	1.181961397547634220e+02
3.817018850285747167e+00	1.183096045534457943e+02
3.823305314209427763e+00	1.180113033080445035e+02
3.829591295197792178e+00	1.181661388326098887e+02
3.835872296070849341e+00	1.180052341612288984e+02
3.842156279590906109e+00	1.180955182147297791e+02
3.848441511099312429e+00	1.179238474404070729e+02
3.854723334376886079e+00	1.177652760720925187e+02
3.861004740704794713e+00	1.177324763097065699e+02
3.867284336650660848e+00	1.177744259021849587e+02
3.873567367678779849e+00	1.176776922130551952e+02
3.879850662830422792e+00	1.177903016663771183e+02
3.886137063198143338e+00	1.178507077788271289e+02
3.892419463049126005e+00	1.177009883907814327e+02
3.898703740328622658e+00	1.175793356976613069e+02
3.904991458788179326e+00	1.176202949182096660e+02
3.911270842222104083e+00	1.175344888491094792e+02
3.917549806479573071e+00	1.176573453783813790e+02
3.923836006203090587e+00	1.175513068446551443e+02
3.930121452497870926e+00	1.173772215687895510e+02
3.936398172858230460e+00	1.176019770890371490e+02
3.942683040425962293e+00	1.173985841478167629e+02
3.948974759704379611e+00	1.174848985735245321e+02
3.955259227995065352e+00	1.173660016018261274e+02
3.961537174921395454e+00	1.175926716375047647e+02
3.967820217617139544e+00	1.175117094408947480e+02
3.974105559832568968e+00	1.174077235497630625e+02
3.980384727931198352e+00	1.174842771403937860e+02
3.986664590839849698e+00	1.172724306718533995e+02
3.992949619150675034e+00	1.174992307820595130e+02
3.999235075769965952e+00	1.178145903674285933e+02
4.005515715515433506e+00	1.176748286518126463e+02
4.011798434346478537e+00	1.177889455602192896e+02
4.018083716245132386e+00	1.177928012091919499e+02
4.024365700052603856e+00	1.180249217137379247e+02
4.030643960839860540e+00	1.177325146488389578e+02
4.036928708926215137e+00	1.179539555851389991e+02
4.043218157412017177e+00	1.181009742603516202e+02
4.049503019487663558e+00	1.182434024371934811e+02
4.055781898960511000e+00	1.182228709822023234e+02
4.062060795621602161e+00	1.181368827211678507e+02
4.068347865354716042e+00	1.184659918332254733e+02
4.074631027173265529e+00	1.183081757968795102e+02
4.080910837526078971e+00	1.183630191656907300e+02
4.087201203341442657e+00	1.187059837388846404e+02
4.093486818591942189e+00	1.187314626394437909e+02
4.099764387336505500e+00	1.188558063818907584e+02
4.106049166937662420e+00	1.189325565755109153e+02
4.112334559041358695e+00	1.191757051938865999e+02
4.118618926059533614e+00	1.192532758571047111e+02
4.124898942031112625e+00	1.192437549716709952e+02
4.131175432561665417e+00	1.192552861458453037e+02
4.137461563786142271e+00	1.194131561427122818e+02
4.143746006210170307e+00	1.198237462761625238e+02
4.150029800482964326e+00	1.198572716839265553e+02
4.156313390684649001e+00	1.201409401879833041e+02
4.162596105843763716e+00	1.203937951705118650e+02
4.168881843141768684e+00	1.205918448320468883e+02
4.175162111073220217e+00	1.203284276460233286e+02
4.181448573417560155e+00	1.204895909900316866e+02
4.187738782464171194e+00	1.210176985080526606e+02
4.194017437180169061e+00	1.212145929610476998e+02
4.200293572701767175e+00	1.210420025016287866e+02
4.206580195481546269e+00	1.216424058298736526e+02
4.212860644652220543e+00	1.214165957642844091e+02
4.219138153430114002e+00	1.219347040929874595e+02
4.225426162098283811e+00	1.222285995518266901e+02
4.231713506719782636e+00	1.221574039175186215e+02
4.237990056577191744e+00	1.224847167594724482e+02
4.244267783646744618e+00	1.226239726947286499e+02
4.250560660182562955e+00	1.228416805844309323e+02
4.256847734842668096e+00	1.228907191756750876e+02
4.263127100734456221e+00	1.233672022064082796e+02
4.269406860432507500e+00	1.234480382061755108e+02
4.275691671482192646e+00	1.237901338547651164e+02
4.281972414189518794e+00	1.237423678793253714e+02
4.288253516806755705e+00	1.240554959564686044e+02
4.294540520160492925e+00	1.246201151146462536e+02
4.300825742921731809e+00	1.245281289409771404e+02
4.307109835491901961e+00	1.248425197971833143e+02
4.313390926478413157e+00	1.253125996975242487e+02
4.319667979480563247e+00	1.252958607118218310e+02
4.325952598143786076e+00	1.255434065919011317e+02
4.332241647035422361e+00	1.257310402709948391e+02
4.338524445619096781e+00	1.258333790950812272e+02
4.344809348131129845e+00	1.262334694311765020e+02
4.351090699193166600e+00	1.262363798808885065e+02
4.357369710808320029e+00	1.268782838785060392e+02
4.363659348967174445e+00	1.268898992655322786e+02
4.369947418280990981e+00	1.272522231553281813e+02
4.376226569265827315e+00	1.273358721208069397e+02
4.382499356631129217e+00	1.277442374194815784e+02
4.388784975178015024e+00	1.276878800098311757e+02
4.395068696309480494e+00	1.280224701123161424e+02
4.401347962382031298e+00	1.283521356209409134e+02
4.407628405096517099e+00	1.286972557038275511e+02
4.413915862185140426e+00	1.286898172414780106e+02
4.420203163534264235e+00	1.289937485087618825e+02
4.426480311003382795e+00	1.287271083592318917e+02
4.432765973643649104e+00	1.296329790580110455e+02
4.439053392023870614e+00	1.291671553903267124e+02
4.445336141335588742e+00	1.299557311303483402e+02
4.451617241414883352e+00	1.296920801446284770e+02
4.457901500730311106e+00	1.300045326330411513e+02
4.464189501093017043e+00	1.305063086403462478e+02
4.470470197548729985e+00	1.305387229664350173e+02
4.476748044268524573e+00	1.303438329878244417e+02
4.483035990164653484e+00	1.305734851116930884e+02
4.489323331650528104e+00	1.302930823518800594e+02
4.495599111667934800e+00	1.303725397837991125e+02
4.501870922878794090e+00	1.304174911190222019e+02
4.508155162877705457e+00	1.309122677146837077e+02
4.514446451153479423e+00	1.303888454855387522e+02
4.520723894043856994e+00	1.302663447376790202e+02
4.527003782460155890e+00	1.302774352481001472e+02
4.533293086610313161e+00	1.298425632691211433e+02
4.539578989864040182e+00	1.296523914906779282e+02
4.545857164866476730e+00	1.294104856177559668e+02
4.552138955546025656e+00	1.289659229485689309e+02
4.558432046889146605e+00	1.288027406333679892e+02
4.564713463378488711e+00	1.285292547704892456e+02
4.570987274133244682e+00	1.285930068673938820e+02
4.577274818151045643e+00	1.283494969611829220e+02
4.583563263889338657e+00	1.280148613570518137e+02
4.589844917004465508e+00	1.282087543244889218e+02
4.596126259982004747e+00	1.281145381331158148e+02
4.602409075598298926e+00	1.279919940384341430e+02
4.608696634867644804e+00	1.281566863953099187e+02
4.614977646498861219e+00	1.274524026810568955e+02
4.621258953029527383e+00	1.281519458036069921e+02
4.627547993978874175e+00	1.279268775627996462e+02
4.633830152730579854e+00	1.282145712406007476e+02
4.640104005367354567e+00	1.282122258794597656e+02
4.646382060386754276e+00	1.282333257821396160e+02
4.652674213731970987e+00	1.285392152838826405e+02
4.658958291796220230e+00	1.288001575720843164e+02
4.665233615070169648e+00	1.289320748418350320e+02
4.671520675710307380e+00	1.288963161553691918e+02
4.677814351732177300e+00	1.289525037979856563e+02
4.684093699744638073e+00	1.290273180631415926e+02
4.690368661472568590e+00	1.291243982562153292e+02
4.696663270746453733e+00	1.293546472145315533e+02
4.702945459248681459e+00	1.294796967446679332e+02
4.709209170841929470e+00	1.298593415137567604e+02
4.715491634753063543e+00	1.295949758522429818e+02
4.721784316284933780e+00	1.303683306787327183e+02
4.728063062331094635e+00	1.300305390881217988e+02
4.734337423381671073e+00	1.311325594436855795e+02
4.740627024094544062e+00	1.304929657691812110e+02
4.746914995664547554e+00	1.307479103188098293e+02
4.753194740071086777e+00	1.314648290460488340e+02
4.759478891864783456e+00	1.310370302760714765e+02
4.765762396877359031e+00	1.315647577561456671e+02
4.772049481246195768e+00	1.321446860573009019e+02
4.778335091022592351e+00	1.322815964153957395e+02
4.784610831402393849e+00	1.318950315905465800e+02
4.790907306208476157e+00	1.323226777360224276e+02
4.797204047706418173e+00	1.329529900699021425e+02
4.803470827697504220e+00	1.329132318223225013e+02
4.809748850577324042e+00	1.335317469440623199e+02
4.816045316586602176e+00	1.338054319159311945e+02
4.822329240673497885e+00	1.343182587856158534e+02
4.828596758226470165e+00	1.346580188692502134e+02
4.834890332961369275e+00	1.347364971594082022e+02
4.841191655056394261e+00	1.353879849638094868e+02
4.847460407468000554e+00	1.349831343733539768e+02
4.853732128521334843e+00	1.358368282363648802e+02
4.860029138783373170e+00	1.361132802089054223e+02
4.866314601732018019e+00	1.365014117344853730e+02
4.872587026269203925e+00	1.372442387469382084e+02
4.878874221748241702e+00	1.368429217627234493e+02
4.885171078138658807e+00	1.373629508174253999e+02
4.891450629931857641e+00	1.387964003206720918e+02
4.897716482750221978e+00	1.390058206332582529e+02
4.904002834596266069e+00	1.395649956829259395e+02
4.910295858205786068e+00	1.396648753948643673e+02
4.916575188115905881e+00	1.396603860784215385e+02
4.922847946197084212e+00	1.399444354148126308e+02
4.929131667457151700e+00	1.403450495265699374e+02
4.935434460144239033e+00	1.416479012564263371e+02
4.941718513303545279e+00	1.415489977348904063e+02
4.947978624761803168e+00	1.426142956399956176e+02
4.954274999209829389e+00	1.429147886417000564e+02
4.960571094729937514e+00	1.435081155326762143e+02
4.966823207626954506e+00	1.440214555145696238e+02
4.973097418390337587e+00	1.439696591978475340e+02
4.979415129936382023e+00	1.452232567792905797e+02
4.985702082330368157e+00	1.465073321978014178e+02
4.991949985828016523e+00	1.462532778628322490e+02
4.998241586316924057e+00	1.476657709035688413e+02
5.004556635606089543e+00	1.481216597177281926e+02
5.010828655701208945e+00	1.486493100716135132e+02
5.017077229702536556e+00	1.473305935187126749e+02
5.023374414758113637e+00	1.489623916266220363e+02
5.029688873569548413e+00	1.501358247243974233e+02
5.035958413584124216e+00	1.515353989857981958e+02
5.042232667658486989e+00	1.515125990108366807e+02
5.048528755870775875e+00	1.514917932802123630e+02
5.054821121427484520e+00	1.531441181701072196e+02
5.061069509814582368e+00	1.543998187589733675e+02
5.067347812754101177e+00	1.540399317365087484e+02
5.073675050630431116e+00	1.546101262477673117e+02
5.079945928388977627e+00	1.560633267193369420e+02
5.086192992546071601e+00	1.570253576809141975e+02
5.092484128970163226e+00	1.585430836374229955e+02
5.098802924706086870e+00	1.587713043020408747e+02
5.105078217426394005e+00	1.595405895478540970e+02
5.111325076574067872e+00	1.590929055251172599e+02
5.117628358851224135e+00	1.604633903327317341e+02
5.123935939383525984e+00	1.619050745071012045e+02
5.130199176325612065e+00	1.628748539700089566e+02
5.136469985878846956e+00	1.647790767001659162e+02
5.142797788696348071e+00	1.651248228983961894e+02
5.149090378043822192e+00	1.662860972500719470e+02
5.155289879840074363e+00	1.680873681671201041e+02
5.161564521234301317e+00	1.675385784083998146e+02
5.167916673496016244e+00	1.696825758714495862e+02
5.174205974602950064e+00	1.687189330777949010e+02
5.180434820793812456e+00	1.719091189446563419e+02
5.186729096569634656e+00	1.720098393713296048e+02
5.193058481037780894e+00	1.734543523286751281e+02
5.199319511444338460e+00	1.763170977505859298e+02
5.205574295584361799e+00	1.771710715476718008e+02
5.211894977074066126e+00	1.779208794894958601e+02
5.218201708336958511e+00	1.815119907967162192e+02
5.224411911780083351e+00	1.827321496259240519e+02
5.230677632666463239e+00	1.824779292418292584e+02
5.237056729559757429e+00	1.840336900890796130e+02
5.243336785035660697e+00	1.862255561827359145e+02
5.249493476178225038e+00	1.876143621316894894e+02
5.255787017738318134e+00	1.877594845152965775e+02
5.262205327426889845e+00	1.901655445599363645e+02
5.268477758348532269e+00	1.905939897311812388e+02
5.274632213654732560e+00	1.942013963600037414e+02
5.280950543314659740e+00	1.950551910570768257e+02
5.287327645024750389e+00	1.955797417016974578e+02
5.293582359180156516e+00	1.959501809110026898e+02
5.299789992649893478e+00	1.999777852964566875e+02
5.306111460381987222e+00	2.002076115704705899e+02
5.312452717892129250e+00	2.054031883683786361e+02
5.318650122853046724e+00	2.058756106868798952e+02
5.324923043129819789e+00	2.068871640185298588e+02
5.331330237158205421e+00	2.079326543283206945e+02
5.337586726886338617e+00	2.087207775250725206e+02
5.343685192440848830e+00	2.135594704458636386e+02
5.350070659715249199e+00	2.128052109443764550e+02
5.356556762554878226e+00	2.194459933115234662e+02
5.362691868684501095e+00	2.192492346418084992e+02
5.368769208912516966e+00	2.219680100194567274e+02
5.375270137997677722e+00	2.231066939407399730e+02
5.381769983045385786e+00	2.281266339989952314e+02
5.387701030372958222e+00	2.287947452397575887e+02
5.393786668001271600e+00	2.282976793582879225e+02
5.400446161099396569e+00	2.348434432974995332e+02
5.406957063684501463e+00	2.359141147590408423e+02
5.412655672453426270e+00	2.338714873555377096e+02
5.418821279260546575e+00	2.449127636767523768e+02
5.425690594366304076e+00	2.391086281651268166e+02
5.432217487502165376e+00	2.516149630829534090e+02
5.437649811577258241e+00	2.534866868564121205e+02
5.443914404015878006e+00	2.504215125809847393e+02
5.450953501686320202e+00	2.588804883830950416e+02
5.457483690405861232e+00	2.617912843115895498e+02
5.462715250135157241e+00	2.610645535149792522e+02
5.469033575551323523e+00	2.596473419267638860e+02
5.476177730420278778e+00	2.629198802517016702e+02
5.482708935702562236e+00	2.684997319256065680e+02
5.487722405008360838e+00	2.629935028928179577e+02
5.494194284996126498e+00	2.648811700365088200e+02
5.501391471009256406e+00	2.790927695192594342e+02
5.507128202673079009e+00	2.637011257297621682e+02
5.512278020050448646e+00	2.622480384091981023e+02
5.519395563377015534e+00	2.917521419342725153e+02
5.526598678609708770e+00	2.851756479121068537e+02
5.532162682462509196e+00	3.182129930736739425e+02
5.537397124017139127e+00	3.298290850517403783e+02
5.544582756485218589e+00	2.669604014410945751e+02
5.551739327507637434e+00	2.843801422873527258e+02
5.557493306674907707e+00	2.923367875717664788e+02
5.562281709102816940e+00	4.196075501092109334e+02
5.569272720323164449e+00	4.427712670476180392e+02
