8.899641224696953554e-03	2.371051262661506480e+05
1.507912216506557788e-02	2.514833616232389468e+05
2.144790186456836667e-02	1.280077955436682678e+05
2.783660776489276650e-02	7.160499486093847372e+04
3.435099785803411021e-02	3.929853708927312982e+04
4.047886761425745911e-02	3.349512399280604586e+04
4.676716683575679601e-02	3.287834093437526462e+04
5.308225101765951665e-02	2.820731018391368707e+04
5.945362440940590160e-02	2.786632720919669373e+04
6.576224814588792211e-02	2.096570444853611480e+04
7.196632906698736953e-02	1.753307947671499278e+04
7.827860915688347743e-02	1.352378222334705242e+04
8.470398945834539672e-02	1.120358425008879203e+04
9.096854620527369817e-02	1.058225328695081771e+04
9.720789776830213169e-02	1.003383201083340464e+04
1.034763038959366499e-01	9.804745437074885558e+03
1.097576444254559219e-01	8.783228957179024292e+03
1.160543084780093354e-01	8.161568374440379557e+03
1.223669666537485351e-01	7.111010612072067488e+03
1.286817263090294094e-01	6.691109067116964070e+03
1.349500801664080818e-01	6.051828836964414222e+03
1.411949558842147678e-01	5.787187242666719612e+03
1.475133575747468451e-01	5.301594406296616398e+03
1.537865074252268427e-01	5.113821792405949054e+03
1.600657544051110326e-01	4.807573545807154005e+03
1.663991168687080635e-01	4.602224497366416472e+03
1.727195645776442856e-01	4.090210698800563023e+03
1.789765213377084718e-01	4.044207855560468488e+03
1.852353690647852158e-01	3.890933914308508975e+03
1.914806787341157279e-01	3.609803900116770365e+03
1.977889868651535599e-01	3.581612487598289590e+03
2.040937735447724277e-01	3.413419719693294610e+03
2.103939302609846018e-01	3.258376450681826555e+03
2.166909709822301688e-01	3.051893757423199077e+03
2.229700281216152047e-01	3.092504007737130905e+03
2.292620027086341994e-01	2.891371132838371977e+03
2.355141508366812297e-01	2.789751687568515081e+03
2.417910583817859116e-01	2.696773953649750183e+03
2.480856539439619257e-01	2.610298207873775937e+03
2.543492256872954549e-01	2.532475864415321212e+03
2.606334251884805386e-01	2.455319653584847401e+03
2.669257370896960802e-01	2.345382957651139805e+03
2.732423343141155980e-01	2.360259920558664817e+03
2.795529680084415936e-01	2.244494228466008281e+03
2.858366292314493129e-01	2.179003236354845285e+03
2.920876271394311496e-01	2.120798633153611263e+03
2.983449844439822751e-01	2.084799395408661439e+03
3.046382639407197446e-01	2.068949494395224065e+03
3.109279127003197196e-01	1.957323687271785730e+03
3.172168171618398036e-01	1.926890464565090269e+03
3.235187567944423082e-01	1.889101656323107591e+03
3.298168217550395687e-01	1.848290497429871039e+03
3.361176429457156667e-01	1.824979306926455138e+03
3.423700375709273769e-01	1.773346656112327537e+03
3.486478192666269682e-01	1.738323501536317053e+03
3.549411614411318028e-01	1.714109241074334250e+03
3.611916935421040642e-01	1.684644878391664633e+03
3.674767089563572564e-01	1.657250317135054047e+03
3.737647795277591056e-01	1.635759680564227665e+03
3.800654031475132477e-01	1.590023551491116905e+03
3.863539861259823738e-01	1.558190477821715376e+03
3.926140181364449755e-01	1.519697502177753222e+03
3.989264500321934581e-01	1.506276019613347671e+03
4.052073244576828714e-01	1.478748077505983247e+03
4.114916477570477182e-01	1.441172984405331590e+03
4.177814272116491257e-01	1.426818682983622466e+03
4.240400648725131116e-01	1.402317224997502990e+03
4.303425690270192283e-01	1.380134866302563069e+03
4.366358560255625965e-01	1.368042778192218520e+03
4.428996183220763605e-01	1.340370762564489041e+03
4.491634418529859563e-01	1.317104820682159243e+03
4.554414146254732731e-01	1.300785349814633037e+03
4.617634470301058558e-01	1.285156382176863644e+03
4.680644242023710433e-01	1.264887878160213404e+03
4.743485242764365895e-01	1.251413365426530390e+03
4.806356136815400082e-01	1.230673898552232004e+03
4.869019258388697646e-01	1.205754880549374093e+03
4.931697099599955947e-01	1.189219656723002345e+03
4.994506747144535908e-01	1.187464870478714374e+03
5.057159051335421429e-01	1.166210560698641757e+03
5.119923996268095356e-01	1.142313630629957970e+03
5.183126097768406826e-01	1.133782960946102548e+03
5.246089638029100000e-01	1.117375729662245931e+03
5.308757308483337267e-01	1.101448626160292406e+03
5.371573527946726934e-01	1.091897936195791317e+03
5.434579563783791256e-01	1.073877362293570968e+03
5.497430652392217842e-01	1.067222757395695908e+03
5.559937427501778773e-01	1.053789502367450496e+03
5.622854676609657654e-01	1.038235363970030221e+03
5.686011537227265711e-01	1.027410360355521561e+03
5.748804589422079614e-01	1.012901795975398613e+03
5.811550210340560296e-01	1.007303133207862857e+03
5.874394496660968468e-01	1.003452966947040295e+03
5.937176220296899176e-01	9.876462107127769059e+02
5.999971954793682505e-01	9.820406135852598482e+02
6.062679115124277596e-01	9.685798604521943389e+02
6.125469576444534381e-01	9.573613248289136664e+02
6.188477733041515272e-01	9.511211124746486121e+02
6.251310567437898813e-01	9.341181332206532488e+02
6.314027450383210560e-01	9.302658324959694482e+02
6.377003562732055375e-01	9.185963440984570525e+02
6.439857783314556494e-01	9.079381658763085170e+02
6.502685417166111925e-01	8.941279737575733861e+02
6.565586117699038216e-01	8.875638560693643058e+02
6.628369282359254377e-01	8.727343396715709787e+02
6.691185444962194362e-01	8.716139975884357227e+02
6.754070198575605755e-01	8.629681587137503129e+02
6.816835514593204692e-01	8.578478449128691636e+02
6.879592533861698112e-01	8.536964108527845383e+02
6.942344317039531587e-01	8.364034967457866969e+02
7.005175402434737908e-01	8.317710349537628645e+02
7.068124956608716758e-01	8.240187770665172593e+02
7.131019009674921527e-01	8.110841627763696806e+02
7.193918251171427247e-01	7.994319635704525808e+02
7.256833807598113140e-01	7.979681743562866814e+02
7.319652682709349989e-01	7.906934150003966124e+02
7.382507990484923344e-01	7.810126264017201265e+02
7.445265842115937893e-01	7.790077450184177223e+02
7.507871101942712455e-01	7.674629558346109661e+02
7.570758465316046459e-01	7.655041729724551942e+02
7.633641233600957365e-01	7.572490129216823789e+02
7.696462959862266917e-01	7.507194721834164284e+02
7.759394865175414102e-01	7.481509588853754167e+02
7.822329141989586843e-01	7.393149238846378921e+02
7.885314936520240181e-01	7.325959176506287349e+02
7.947896566979522071e-01	7.280366278986975885e+02
8.010491096592354809e-01	7.198629827202702245e+02
8.073364061727361651e-01	7.164841638468484462e+02
8.136229488373866170e-01	7.077992133084073885e+02
8.199152998961036776e-01	7.020270731841245606e+02
8.261952636392789762e-01	6.973212670081304623e+02
8.324897070080405914e-01	6.925965668187869824e+02
8.387959309210778480e-01	6.885309321419472326e+02
8.450634639703045181e-01	6.780992182947162519e+02
8.513282867562648182e-01	6.737364330889964776e+02
8.576198263902009566e-01	6.697746025150488549e+02
8.639058477062415697e-01	6.641524527967829954e+02
8.701838745487597837e-01	6.553677799335092686e+02
8.764641096075268534e-01	6.513685000540656347e+02
8.827503873399735745e-01	6.473383610923681317e+02
8.890332768393869323e-01	6.410183318966171555e+02
8.953084247113127780e-01	6.362837216168431951e+02
9.015956521667095602e-01	6.339053277500838703e+02
9.078833328094829680e-01	6.279530771051547617e+02
9.141744106319863450e-01	6.233130043072059152e+02
9.204630817717615043e-01	6.193063284468189522e+02
9.267434415264711456e-01	6.121633207994009354e+02
9.330324197354928906e-01	6.090375114061473596e+02
9.393265785573878812e-01	6.044343367634090782e+02
9.455974810398196650e-01	5.983856523358931554e+02
9.518660018545171964e-01	5.920803998636454253e+02
9.581413255531838757e-01	5.866125685624931521e+02
9.644350945109106954e-01	5.837157467076948478e+02
9.707355633568249820e-01	5.792761137940898379e+02
9.770080768450029041e-01	5.759716120821030927e+02
9.832823325363413414e-01	5.730221124154428480e+02
9.895569691966674686e-01	5.704528397667844501e+02
9.958456301921106979e-01	5.642772239696407723e+02
1.002136210743837408e+00	5.576614328998392693e+02
1.008404825335135424e+00	5.547944221623855583e+02
1.014694149836243398e+00	5.486463100007073308e+02
1.020992555437297167e+00	5.454878792984961819e+02
1.027273980437394485e+00	5.415994040707690829e+02
1.033559181896017254e+00	5.382907080527996868e+02
1.039847557392594934e+00	5.321659387919460187e+02
1.046126974943305088e+00	5.328554563294471791e+02
1.052403436811028659e+00	5.260866336101390743e+02
1.058680704651608684e+00	5.228637327621144095e+02
1.064964333065789193e+00	5.173471351694208806e+02
1.071256777440835473e+00	5.160601882871354746e+02
1.077544048801078125e+00	5.092241080013245664e+02
1.083824820188043603e+00	5.083268945263781688e+02
1.090108023942816695e+00	5.021865758429282778e+02
1.096389665956643222e+00	4.993701892606172237e+02
1.102681132058841440e+00	4.971407568305784821e+02
1.108963047594879958e+00	4.934264464356432427e+02
1.115225428463759272e+00	4.913809462247144211e+02
1.121502127614767863e+00	4.870893139599613164e+02
1.127792573824792033e+00	4.829637038382788887e+02
1.134089552668382961e+00	4.790254581277221178e+02
1.140364049650405942e+00	4.763221425516382510e+02
1.146639180320979445e+00	4.748126756848087098e+02
1.152942412991649901e+00	4.710446039138800529e+02
1.159228906751078814e+00	4.678112014620334094e+02
1.165508721887268173e+00	4.656105114453881697e+02
1.171793076256210320e+00	4.583789328663040124e+02
1.178087436369658958e+00	4.594379851850115415e+02
1.184367654251526902e+00	4.556864123106118427e+02
1.190634642299266632e+00	4.528571156930922825e+02
1.196912208834400859e+00	4.501816534882201495e+02
1.203201577354146234e+00	4.473034834551643257e+02
1.209486844441705733e+00	4.432959899954893785e+02
1.215763902074809888e+00	4.393596994271891276e+02
1.222049755171146668e+00	4.361404649014698407e+02
1.228340616621486969e+00	4.348029544722584205e+02
1.234632986576932767e+00	4.303961311151501263e+02
1.240902247176856488e+00	4.288663610165595514e+02
1.247174839144687519e+00	4.255886109647630633e+02
1.253465459933442272e+00	4.227660940837923818e+02
1.259749951892178421e+00	4.215316733144707655e+02
1.266032143127253873e+00	4.174625140984364293e+02
1.272316288472006507e+00	4.149764704721141015e+02
1.278604155058621350e+00	4.136371059179147665e+02
1.284886588933593865e+00	4.099753998729177056e+02
1.291175420066583257e+00	4.076545268977979504e+02
1.297465726373772332e+00	4.054787036893076788e+02
1.303741827011944299e+00	4.016032307199089360e+02
1.310017322922761851e+00	3.993780495691930810e+02
1.316301447662886703e+00	3.979957565381329800e+02
1.322586760363303249e+00	3.950079883077573299e+02
1.328865492452874664e+00	3.929980431928597682e+02
1.335144804954555564e+00	3.888323138052925856e+02
1.341440516272275119e+00	3.879900849320322891e+02
1.347730868417094552e+00	3.846002978151913112e+02
1.354001589994877630e+00	3.818410277102008195e+02
1.360282609297778444e+00	3.801919676274004587e+02
1.366565686457597906e+00	3.770385486446765526e+02
1.372851498482432708e+00	3.753013058894351275e+02
1.379135372929401804e+00	3.729731174013987811e+02
1.385409567149057164e+00	3.706249512525735099e+02
1.391698641219299315e+00	3.680645400950929229e+02
1.397984451439470810e+00	3.658699286096929768e+02
1.404267883409181961e+00	3.639093590254047967e+02
1.410554779484869181e+00	3.613510193751145607e+02
1.416837833547465397e+00	3.581710811246534831e+02
1.423118177187137068e+00	3.573472036338980047e+02
1.429397801164240089e+00	3.553750462380623389e+02
1.435686921822787232e+00	3.520149634198061790e+02
1.441977121769299597e+00	3.513437686366085586e+02
1.448253667853332427e+00	3.492046410254749844e+02
1.454532348972172651e+00	3.459033546855576446e+02
1.460819319151879903e+00	3.435409884668330847e+02
1.467110364402026468e+00	3.419369377666540117e+02
1.473392908948962132e+00	3.398565849034022790e+02
1.479669965243598950e+00	3.371774408582007254e+02
1.485956144602843532e+00	3.350221745172798364e+02
1.492233610763115115e+00	3.341552865261274405e+02
1.498502470379980078e+00	3.318912138242597507e+02
1.504785752051182701e+00	3.299342765110849882e+02
1.511075991894575976e+00	3.281240523007026013e+02
1.517361634985162189e+00	3.260103279072869782e+02
1.523648570969130533e+00	3.237736248213354884e+02
1.529938035715892264e+00	3.231019715011798326e+02
1.536230176913891965e+00	3.200076508395103474e+02
1.542510718779388279e+00	3.191099551387072779e+02
1.548783963082980275e+00	3.176210940400789013e+02
1.555073069779651318e+00	3.149911406706746675e+02
1.561357324927233892e+00	3.128889663720318026e+02
1.567629121053141006e+00	3.115206346477024226e+02
1.573913697404382583e+00	3.084003348005136900e+02
1.580203545230874029e+00	3.082303509983010485e+02
1.586485393434537983e+00	3.058771413391067995e+02
1.592760014263005841e+00	3.037848593433129167e+02
1.599046436394670812e+00	3.017945105568094277e+02
1.605342136637478934e+00	3.010446768894975662e+02
1.611619860919608627e+00	2.995140250370209287e+02
1.617897597081673799e+00	2.971246847889607920e+02
1.624183235481122756e+00	2.953705192695317692e+02
1.630464598531913722e+00	2.950262154920748685e+02
1.636748985747638274e+00	2.927271664689642421e+02
1.643030923698886259e+00	2.911449417935447173e+02
1.649309176648513064e+00	2.887559562232007124e+02
1.655593633940351861e+00	2.874278482779795922e+02
1.661879571405086464e+00	2.859518667974788286e+02
1.668169361685170271e+00	2.845220906610810516e+02
1.674450151530487485e+00	2.834865111401532545e+02
1.680722718978495900e+00	2.815288736611822742e+02
1.687013891340952476e+00	2.799301464037585561e+02
1.693308984907921033e+00	2.785350756251875737e+02
1.699582147428448486e+00	2.769681631877054997e+02
1.705863747055134105e+00	2.749266202170034603e+02
1.712154434283889470e+00	2.738144103122884871e+02
1.718438381579399321e+00	2.725478330936575162e+02
1.724721264464063930e+00	2.707233350900401661e+02
1.730997441276920679e+00	2.698551537462429337e+02
1.737287073528269499e+00	2.681856428410664535e+02
1.743567991878527401e+00	2.671573809914224285e+02
1.749840680212231048e+00	2.654022494502834775e+02
1.756128549091961144e+00	2.638466487465769319e+02
1.762413535324792502e+00	2.628323637725149524e+02
1.768696187669963837e+00	2.607996979440529799e+02
1.774979359379055266e+00	2.601468079481251721e+02
1.781265555576432957e+00	2.584811945849026529e+02
1.787549427830244619e+00	2.565327105062177679e+02
1.793834120011633004e+00	2.563026685404631735e+02
1.800115051552487300e+00	2.543117409498517532e+02
1.806393904854530330e+00	2.531827726660251869e+02
1.812674089667083432e+00	2.520379416709225495e+02
1.818956920109354058e+00	2.504927798704670465e+02
1.825244164118212220e+00	2.489349411945771351e+02
1.831527256642196955e+00	2.476349511807277679e+02
1.837811294935716599e+00	2.466313944762468111e+02
1.844100717411196744e+00	2.452018670591966440e+02
1.850384816792487230e+00	2.438813102046374581e+02
1.856666059735203822e+00	2.429673405329397440e+02
1.862947728675613979e+00	2.419345362327503040e+02
1.869229324466858078e+00	2.404920483246878575e+02
1.875517616802973686e+00	2.391638902186143980e+02
1.881800769033795229e+00	2.375879436276426873e+02
1.888078863416442710e+00	2.367767722185509740e+02
1.894353975182237582e+00	2.350286669283985077e+02
1.900642716154182565e+00	2.350224716718119566e+02
1.906933494748685121e+00	2.330669464579602561e+02
1.913207568676573933e+00	2.315139518621313925e+02
1.919490884732178992e+00	2.306257656895843979e+02
1.925776855684274480e+00	2.295280774885141284e+02
1.932064452961978152e+00	2.289479214714973239e+02
1.938342610030488800e+00	2.269208811792707650e+02
1.944618341543410178e+00	2.254451407525901061e+02
1.950906260203513876e+00	2.250719451926091779e+02
1.957194556613796488e+00	2.240714675525790369e+02
1.963479614559011432e+00	2.227625971000715595e+02
1.969760361532916226e+00	2.218554889285775573e+02
1.976048367034604736e+00	2.209186602429674053e+02
1.982337990217652335e+00	2.193546988712846826e+02
1.988617489259562721e+00	2.185722474236425228e+02
1.994896320665194178e+00	2.173188964869083293e+02
2.001179596222827151e+00	2.170198670198952016e+02
2.007459756923499761e+00	2.156741223279767610e+02
2.013737397779169935e+00	2.137804347690285169e+02
2.020017234677497164e+00	2.137613611822069117e+02
2.026310251015072783e+00	2.122644172733832022e+02
2.032600542948020284e+00	2.114263082441378003e+02
2.038873863192099289e+00	2.106677173314114668e+02
2.045154087821675404e+00	2.097792332190514060e+02
2.051444704514288730e+00	2.084430388290149097e+02
2.057730430280644729e+00	2.072849856819987053e+02
2.064013940455224461e+00	2.066641618731045185e+02
2.070299891179459895e+00	2.060132887926310161e+02
2.076589719964883951e+00	2.050431565447389062e+02
2.082865483794470673e+00	2.035781849621046149e+02
2.089134494859368640e+00	2.030658701966144974e+02
2.095424211360070288e+00	2.016119351837636202e+02
2.101707116664804254e+00	2.010734927513780690e+02
2.107986473933564309e+00	1.998897771568480550e+02
2.114271806543862375e+00	1.990957060242650982e+02
2.120552717288892275e+00	1.982349949095295472e+02
2.126836933207161717e+00	1.974997446391822109e+02
2.133122044791171845e+00	1.967916479861162884e+02
2.139411711910842673e+00	1.955881752785903984e+02
2.145697076775292089e+00	1.949484087775294938e+02
2.151973548606471276e+00	1.937913336833716187e+02
2.158259913555724108e+00	1.931655544447451121e+02
2.164545396699105506e+00	1.919807374913929721e+02
2.170830700377734068e+00	1.916564128743809476e+02
2.177114138849150393e+00	1.903642408880356811e+02
2.183387647576827018e+00	1.897273078326857672e+02
2.189670273687676971e+00	1.885446065291897355e+02
2.195960147934207463e+00	1.876682311764783435e+02
2.202242556317716371e+00	1.873077390331273193e+02
2.208521655981037668e+00	1.864398628144558927e+02
2.214804637081333016e+00	1.851933492982788891e+02
2.221092583349425276e+00	1.842077016881790428e+02
2.227372893591468728e+00	1.835459497086606007e+02
2.233657161144248171e+00	1.829811601777388717e+02
2.239943485394438660e+00	1.823297861487787657e+02
2.246224175264620815e+00	1.813098096839942173e+02
2.252506378421252009e+00	1.807710280238357257e+02
2.258783417054270437e+00	1.800027433345734948e+02
2.265069077371457684e+00	1.790721090636510837e+02
2.271350377044131452e+00	1.784478245871226250e+02
2.277633995145353918e+00	1.778537584029614038e+02
2.283922419579920149e+00	1.766498540558205832e+02
2.290202874392252674e+00	1.759308636477068717e+02
2.296490779970905560e+00	1.752647242985885327e+02
2.302771769934229162e+00	1.750119748099114929e+02
2.309051364164305564e+00	1.737260981559597610e+02
2.315338502539088239e+00	1.733903293836939383e+02
2.321627336503874428e+00	1.724694016542683528e+02
2.327911878297218795e+00	1.721346860968014596e+02
2.334186238580297168e+00	1.709558257530119931e+02
2.340467971862688401e+00	1.704164236862028474e+02
2.346756940970738725e+00	1.698537354736519092e+02
2.353044444556199988e+00	1.690301647764414668e+02
2.359327653314069906e+00	1.683155996787317861e+02
2.365603048789861607e+00	1.676763998540281193e+02
2.371885911737665165e+00	1.666726834909385673e+02
2.378173303594019572e+00	1.660854832718493981e+02
2.384454016539381271e+00	1.655368186113718139e+02
2.390736447344785187e+00	1.647532918949862619e+02
2.397014133897952259e+00	1.641250810953200698e+02
2.403295490074321972e+00	1.633004895774086833e+02
2.409585049672506862e+00	1.626850985183486955e+02
2.415871703165322071e+00	1.619891595530067150e+02
2.422160652369088840e+00	1.614465216865872037e+02
2.428440167222748691e+00	1.611455124979503637e+02
2.434717472383889803e+00	1.601245314162872262e+02
2.441002456202044257e+00	1.597083372118730153e+02
2.447289980304530488e+00	1.589791572694837782e+02
2.453571844729242279e+00	1.582659418475752773e+02
2.459852705114058846e+00	1.577059953672488177e+02
2.466139233225018934e+00	1.575361284872751639e+02
2.472421963421291391e+00	1.565336183969305921e+02
2.478698519174224568e+00	1.563683872094910328e+02
2.484980841400355800e+00	1.555998207560489277e+02
2.491269319409339822e+00	1.550537565670830418e+02
2.497548505139029373e+00	1.545914220040093028e+02
2.503831667172610853e+00	1.540074468429343426e+02
2.510117938323931153e+00	1.532372904793998316e+02
2.516400733681277480e+00	1.526759203172862271e+02
2.522688226833368130e+00	1.523393441024147990e+02
2.528971695852665569e+00	1.514819629790773092e+02
2.535252039407670299e+00	1.510046229289942517e+02
2.541537514142774512e+00	1.505563340437120416e+02
2.547823008847572179e+00	1.501409134492402870e+02
2.554100666580690238e+00	1.494293086310550223e+02
2.560376788884177301e+00	1.486710205666630884e+02
2.566667521601497359e+00	1.485081735585967522e+02
2.572955062237090473e+00	1.479223400342035291e+02
2.579233771797999175e+00	1.473406866261169057e+02
2.585520164300948220e+00	1.468192789648671237e+02
2.591805130332431872e+00	1.462691175658835050e+02
2.598084074692260881e+00	1.457973145646762703e+02
2.604360404197643586e+00	1.454101314259706612e+02
2.610647185140439142e+00	1.449128795679032748e+02
2.616931864059273138e+00	1.443360358533520582e+02
2.623206107911065565e+00	1.440769317241459646e+02
2.629491626543270844e+00	1.434942447411593207e+02
2.635778507982642349e+00	1.432855924974774382e+02
2.642061039325260818e+00	1.427401062404957486e+02
2.648343840729305843e+00	1.422542556343260571e+02
2.654631838974855551e+00	1.419417834562155747e+02
2.660919001246303761e+00	1.412577264134702943e+02
2.667198525130066056e+00	1.408056091675886137e+02
2.673484307038032526e+00	1.401684428879060533e+02
2.679773388053849459e+00	1.402508644907797475e+02
2.686058217632288692e+00	1.395010207331567358e+02
2.692338738200057868e+00	1.391867083902139939e+02
2.698618022887226964e+00	1.392442846109064760e+02
2.704895450708277860e+00	1.384294005079900671e+02
2.711175674923682166e+00	1.380379390732699676e+02
2.717459832966957922e+00	1.378465959228194038e+02
2.723745731959044569e+00	1.372960497566120637e+02
2.730038414850594730e+00	1.369941956307788473e+02
2.736317989800789441e+00	1.363229079596174245e+02
2.742591858549239703e+00	1.360661602325017441e+02
2.748879749010778362e+00	1.354984269369624030e+02
2.755163403825859447e+00	1.354789869777747242e+02
2.761446955625852073e+00	1.348538118165006949e+02
2.767732088935374701e+00	1.344190999832562170e+02
2.774015452421743966e+00	1.340471496755010037e+02
2.780298635700591436e+00	1.339533627936404514e+02
2.786577474762241380e+00	1.336021025404790805e+02
2.792857983210164541e+00	1.330076423990511785e+02
2.799143790920211483e+00	1.327579009149071680e+02
2.805430058399325244e+00	1.323287534075019778e+02
2.811715058209780072e+00	1.320773854874186668e+02
2.817989272498773623e+00	1.320989161035668928e+02
2.824269171595737760e+00	1.316875805477984613e+02
2.830563016441804081e+00	1.313016010475405722e+02
2.836848750951622034e+00	1.310842779232363284e+02
2.843130027866129783e+00	1.308435545088988192e+02
2.849413896912404986e+00	1.302619359113885196e+02
2.855697464522425566e+00	1.302142641954770284e+02
2.861978799810683594e+00	1.298094432146621386e+02
2.868262469415629567e+00	1.294409603906602229e+02
2.874547359206753860e+00	1.294673697668220029e+02
2.880831111471525041e+00	1.292445313144288548e+02
2.887113216972382546e+00	1.289094221145808490e+02
2.893394504725182781e+00	1.285306369536355362e+02
2.899673662137033592e+00	1.280755673797073086e+02
2.905953958587380814e+00	1.281824656096993067e+02
2.912241118105161064e+00	1.279136168244285443e+02
2.918525996366671205e+00	1.275375374288250754e+02
2.924809035425688819e+00	1.275317485744650128e+02
2.931095916293684933e+00	1.273218253694210063e+02
2.937378182606774413e+00	1.272247281245241624e+02
2.943659980254369923e+00	1.268809456953703148e+02
2.949946454403890250e+00	1.266231062516453818e+02
2.956227653702202307e+00	1.264324804170886551e+02
2.962510478867462993e+00	1.262098089550793105e+02
2.968796535179442309e+00	1.259986597587585777e+02
2.975077657376874907e+00	1.258616586487896001e+02
2.981359866759223376e+00	1.258201035774288528e+02
2.987646761575656562e+00	1.255967412933689786e+02
2.993929038370399365e+00	1.254670187316909704e+02
3.000206214840962726e+00	1.254053765323285177e+02
3.006486172402415669e+00	1.250591242306783926e+02
3.012769812211594456e+00	1.249573553728852318e+02
3.019053144326170113e+00	1.247550009543013374e+02
3.025337405144251424e+00	1.246059669117583155e+02
3.031623734799107961e+00	1.246404740614367910e+02
3.037908962055872575e+00	1.244293831937940382e+02
3.044195067146031608e+00	1.244533947700129062e+02
3.050475543482170426e+00	1.242902284262946324e+02
3.056754954538277502e+00	1.241313285355237497e+02
3.063040539557494668e+00	1.241186547494273924e+02
3.069323699454357346e+00	1.240362213154253510e+02
3.075610692642898769e+00	1.239917165969697237e+02
3.081893798009918584e+00	1.239129795602938344e+02
3.088174549548037717e+00	1.239434001668977885e+02
3.094458635632868493e+00	1.240581411877011249e+02
3.100743982931558840e+00	1.238004384418984216e+02
3.107028111748448396e+00	1.238897439798120814e+02
3.113309299655494300e+00	1.237080344490558730e+02
3.119590662867241626e+00	1.236891870381905534e+02
3.125874006820172912e+00	1.238240478833464095e+02
3.132159251154602586e+00	1.235979648721357904e+02
3.138439172765940643e+00	1.237790830448410446e+02
3.144723867719826593e+00	1.237583078533476169e+02
3.151003951258561031e+00	1.239149493304780094e+02
3.157283664131563139e+00	1.238548557129874581e+02
3.163569317183839935e+00	1.239533980499434307e+02
3.169851661717792091e+00	1.238779724276483023e+02
3.176137704316093657e+00	1.239760316253107248e+02
3.182420924828643916e+00	1.240583438881191114e+02
3.188702811875577581e+00	1.239219430513480802e+02
3.194990520008989865e+00	1.239814790140262204e+02
3.201275324656983834e+00	1.242484177462744839e+02
3.207551352179861759e+00	1.243989207523700316e+02
3.213835216737041645e+00	1.244585759881447586e+02
3.220122579819103770e+00	1.244025048413449213e+02
3.226406606618656525e+00	1.239959657710992502e+02
3.232687390085645429e+00	1.235559108817835750e+02
3.238969121280456331e+00	1.233744434554962197e+02
3.245254751548589667e+00	1.231138375058601326e+02
3.251534499036136783e+00	1.228358121943942223e+02
3.257817780791052442e+00	1.225344252006268277e+02
3.264102164154097263e+00	1.220801973104984768e+02
3.270384152138468892e+00	1.219212030668557531e+02
3.276669427476867735e+00	1.217888246551936930e+02
3.282954688864507808e+00	1.213944641835052067e+02
3.289237200334947264e+00	1.210422534775039196e+02
3.295519587088236779e+00	1.207292841263184187e+02
3.301805977329951958e+00	1.204098176728633121e+02
3.308087486222440088e+00	1.201244972051889732e+02
3.314367630234227313e+00	1.200158549999906086e+02
3.320651909732194262e+00	1.197253567843868893e+02
3.326931260376857047e+00	1.193630797214601813e+02
3.333216512447217728e+00	1.190998480989628376e+02
3.339504489419978128e+00	1.189894793602323233e+02
3.345786804809928405e+00	1.187029508220514913e+02
3.352071130016277767e+00	1.182484577761818656e+02
3.358351496304225581e+00	1.180654387650618986e+02
3.364630591073392019e+00	1.179075989750533893e+02
3.370916305215045483e+00	1.178865918796765158e+02
3.377197952029413752e+00	1.173408417827044588e+02
3.383483063818085501e+00	1.173563308016378386e+02
3.389769992424469969e+00	1.171372833548104637e+02
3.396051330885982100e+00	1.167214480234713108e+02
3.402330879139463971e+00	1.165170879017706511e+02
3.408610488352048495e+00	1.163420687796639186e+02
3.414897837696641236e+00	1.159311812021115884e+02
3.421180484052105619e+00	1.159240856848268066e+02
3.427461639653846870e+00	1.158250580008033808e+02
3.433749159643459059e+00	1.154319765611347748e+02
3.440032646656798310e+00	1.152798781396071632e+02
3.446313366033385339e+00	1.149665566721565853e+02
3.452600135384134905e+00	1.147123607547865163e+02
3.458883152815406703e+00	1.145016487756685279e+02
3.465163834403715448e+00	1.142736164777676464e+02
3.471449329786229221e+00	1.142858520558184381e+02
3.477734476754053894e+00	1.139202541349154814e+02
3.484019652467224226e+00	1.137967087028234090e+02
3.490297019369712928e+00	1.137149491784975055e+02
3.496582486484379970e+00	1.132246832136607964e+02
3.502868048046865024e+00	1.131139044577524260e+02
3.509144649545451244e+00	1.128676462714847162e+02
3.515428082003116295e+00	1.130613949700552041e+02
3.521711031624695565e+00	1.127430324965103807e+02
3.527991850954735664e+00	1.124392688860771443e+02
3.534275545726699885e+00	1.123244484008547772e+02
3.540562632020772149e+00	1.120695918355188070e+02
3.546844410757220789e+00	1.117486973762020881e+02
3.553131386753758836e+00	1.117242279206948439e+02
3.559419203211965144e+00	1.115354573304961718e+02
3.565697971577579839e+00	1.114681515796214768e+02
3.571979559134798254e+00	1.111531948680201083e+02
3.578265774595833726e+00	1.111254506070148409e+02
3.584548309769353125e+00	1.111048876569856674e+02
3.590826843920031486e+00	1.107625205349043966e+02
3.597107306745233934e+00	1.104547541869316092e+02
3.603392831792229245e+00	1.103420874586294502e+02
3.609673209822572559e+00	1.102690738378882855e+02
3.615955412133016189e+00	1.102443710979419933e+02
3.622241607772384686e+00	1.100775478206557381e+02
3.628520252736676444e+00	1.098935969431832973e+02
3.634804827569451113e+00	1.097312924804926837e+02
3.641094981788862928e+00	1.096061898153268572e+02
3.647383514928639325e+00	1.094691579928616392e+02
3.653663283927725658e+00	1.095079122353793792e+02
3.659943504072155296e+00	1.093636603330170090e+02
3.666232000281138603e+00	1.092047695341768190e+02
3.672514211678317597e+00	1.089103118256829106e+02
3.678794154686042539e+00	1.088456006186244309e+02
3.685078621861909820e+00	1.085459344015183376e+02
3.691359210097977961e+00	1.086210178935124304e+02
3.697642368173791105e+00	1.085977158388784574e+02
3.703925796735277665e+00	1.085594182448881924e+02
3.710208240364660348e+00	1.085429298332115309e+02
3.716494593122387169e+00	1.080586759311709528e+02
3.722775386659595398e+00	1.079672477999340856e+02
3.729058392883481510e+00	1.079667676519563742e+02
3.735339748210807720e+00	1.078506003668389894e+02
3.741620776392969638e+00	1.076625064525794784e+02
3.747904795418762980e+00	1.077367490800841949e+02
3.754190633281219380e+00	1.076121019601389719e+02
3.760478208018912749e+00	1.075823937066142975e+02
3.766755538573464346e+00	1.073123763235618782e+02
3.773032090135151506e+00	1.072034311829232820e+02
3.779322553012896879e+00	1.071618183940023101e+02
3.785609109731308930e+00	1.069264884633203820e+02
3.791889825936295200e+00	1.071898760093245784e+02
3.798174822702435893e+00	1.071462451179672257e+02
3.804458658753491651e+00	1.070477073061529865e+02
3.810738438095723435e+00	1.068766144041196497e+02
3.817018850285747167e+00	1.066405327925107542e+02
3.823305314209427763e+00	1.066241833071762102e+02
3.829591295197792178e+00	1.067192453198841804e+02
3.835872296070849341e+00	1.065112580057446223e+02
3.842156279590906109e+00	1.066516782323041639e+02
3.848441511099312429e+00	1.063985761574367643e+02
3.854723334376886079e+00	1.062818543443406014e+02
3.861004740704794713e+00	1.063857507599434911e+02
3.867284336650660848e+00	1.063338769791614880e+02
3.873567367678779849e+00	1.064681987347043020e+02
3.879850662830422792e+00	1.061286824712274637e+02
3.886137063198143338e+00	1.064759451102669914e+02
3.892419463049126005e+00	1.063313754660294563e+02
3.898703740328622658e+00	1.061288745957020154e+02
3.904991458788179326e+00	1.061834101453216732e+02
3.911270842222104083e+00	1.062885229410245671e+02
3.917549806479573071e+00	1.063191571611206570e+02
3.923836006203090587e+00	1.065049028984039126e+02
3.930121452497870926e+00	1.061199474931494962e+02
3.936398172858230460e+00	1.062264902264314941e+02
3.942683040425962293e+00	1.062052412706767228e+02
3.948974759704379611e+00	1.060325794459055686e+02
3.955259227995065352e+00	1.063007991211694474e+02
3.961537174921395454e+00	1.062108970056006285e+02
3.967820217617139544e+00	1.062070531021030604e+02
3.974105559832568968e+00	1.062933830456728685e+02
3.980384727931198352e+00	1.063888923978647227e+02
3.986664590839849698e+00	1.062993465346370527e+02
3.992949619150675034e+00	1.062874693513292499e+02
3.999235075769965952e+00	1.065680327864107966e+02
4.005515715515433506e+00	1.062864798780517646e+02
4.011798434346478537e+00	1.067637074883236892e+02
4.018083716245132386e+00	1.065135976545886081e+02
4.024365700052603856e+00	1.068239836991374858e+02
4.030643960839860540e+00	1.067602052026437036e+02
4.036928708926215137e+00	1.068345069235764555e+02
4.043218157412017177e+00	1.066881559218664108e+02
4.049503019487663558e+00	1.069110052636700061e+02
4.055781898960511000e+00	1.068708414739863031e+02
4.062060795621602161e+00	1.068914321164104138e+02
4.068347865354716042e+00	1.070907251502521262e+02
4.074631027173265529e+00	1.071704887007129088e+02
4.080910837526078971e+00	1.072609128270512997e+02
4.087201203341442657e+00	1.076042619446429143e+02
4.093486818591942189e+00	1.075901013821427483e+02
4.099764387336505500e+00	1.076631869708285336e+02
4.106049166937662420e+00	1.075906125403592597e+02
4.112334559041358695e+00	1.076279269058498613e+02
4.118618926059533614e+00	1.080383603424788106e+02
4.124898942031112625e+00	1.081609659798313885e+02
4.131175432561665417e+00	1.082758741422842661e+02
4.137461563786142271e+00	1.082812259524203000e+02
4.143746006210170307e+00	1.085203044545262401e+02
4.150029800482964326e+00	1.087200260303432060e+02
4.156313390684649001e+00	1.088680402956822917e+02
4.162596105843763716e+00	1.089707785431705105e+02
4.168881843141768684e+00	1.088654760601169755e+02
4.175162111073220217e+00	1.090435590568664566e+02
4.181448573417560155e+00	1.093134305076341235e+02
4.187738782464171194e+00	1.096040279474647576e+02
4.194017437180169061e+00	1.097139027213363960e+02
4.200293572701767175e+00	1.096038026441437552e+02
4.206580195481546269e+00	1.098997286343953874e+02
4.212860644652220543e+00	1.099999013175176827e+02
4.219138153430114002e+00	1.102675474061270648e+02
4.225426162098283811e+00	1.104159349706963269e+02
4.231713506719782636e+00	1.103713381744510116e+02
4.237990056577191744e+00	1.108010657382354083e+02
4.244267783646744618e+00	1.107393281600312775e+02
4.250560660182562955e+00	1.112356986217758390e+02
4.256847734842668096e+00	1.112985677564024627e+02
4.263127100734456221e+00	1.113762113033974828e+02
4.269406860432507500e+00	1.117567404140152121e+02
4.275691671482192646e+00	1.119558018200547025e+02
4.281972414189518794e+00	1.121200357150386537e+02
4.288253516806755705e+00	1.124310105787752434e+02
4.294540520160492925e+00	1.125815060906088974e+02
4.300825742921731809e+00	1.128246193227953000e+02
4.307109835491901961e+00	1.130875847779377068e+02
4.313390926478413157e+00	1.132479224940861116e+02
4.319667979480563247e+00	1.131551692290495197e+02
4.325952598143786076e+00	1.136199434335643303e+02
4.332241647035422361e+00	1.137965129299776663e+02
4.338524445619096781e+00	1.140002882747644861e+02
4.344809348131129845e+00	1.139744887157816606e+02
4.351090699193166600e+00	1.143743351488802205e+02
4.357369710808320029e+00	1.151126343265489851e+02
4.363659348967174445e+00	1.146500550384862436e+02
4.369947418280990981e+00	1.150913897131692210e+02
4.376226569265827315e+00	1.155404729318121895e+02
4.382499356631129217e+00	1.156475764374691124e+02
4.388784975178015024e+00	1.159410137107245760e+02
4.395068696309480494e+00	1.161242498494246007e+02
4.401347962382031298e+00	1.163008287292116023e+02
4.407628405096517099e+00	1.163623362460935766e+02
4.413915862185140426e+00	1.166547271469201519e+02
4.420203163534264235e+00	1.169267996391150035e+02
4.426480311003382795e+00	1.163797557132620994e+02
4.432765973643649104e+00	1.172000785919289143e+02
4.439053392023870614e+00	1.168234047187418554e+02
4.445336141335588742e+00	1.174372035930466467e+02
4.451617241414883352e+00	1.173662449686247840e+02
4.457901500730311106e+00	1.173678272116084145e+02
4.464189501093017043e+00	1.178508191553550120e+02
4.470470197548729985e+00	1.175326840767599919e+02
4.476748044268524573e+00	1.182912644969812277e+02
4.483035990164653484e+00	1.175270484764617720e+02
4.489323331650528104e+00	1.178682141411050139e+02
4.495599111667934800e+00	1.175912455038798328e+02
4.501870922878794090e+00	1.175229420252157695e+02
4.508155162877705457e+00	1.179218625018025364e+02
4.514446451153479423e+00	1.175996405300401193e+02
4.520723894043856994e+00	1.177905534348438152e+02
4.527003782460155890e+00	1.174702693875172770e+02
4.533293086610313161e+00	1.173142001781832136e+02
4.539578989864040182e+00	1.172481792399284615e+02
4.545857164866476730e+00	1.168905086193045690e+02
4.552138955546025656e+00	1.165070284069201563e+02
4.558432046889146605e+00	1.163298930569225149e+02
4.564713463378488711e+00	1.162296670576008211e+02
4.570987274133244682e+00	1.159293594693784968e+02
4.577274818151045643e+00	1.160624590522315884e+02
4.583563263889338657e+00	1.155258116262117625e+02
4.589844917004465508e+00	1.158326699890105687e+02
4.596126259982004747e+00	1.156090942044172749e+02
4.602409075598298926e+00	1.155983140953382104e+02
4.608696634867644804e+00	1.157691295578834456e+02
4.614977646498861219e+00	1.155965636079602206e+02
4.621258953029527383e+00	1.155211789244717266e+02
4.627547993978874175e+00	1.156782447636066991e+02
4.633830152730579854e+00	1.155188458411904691e+02
4.640104005367354567e+00	1.155921307412387193e+02
4.646382060386754276e+00	1.158996927628387823e+02
4.652674213731970987e+00	1.156023174102980562e+02
4.658958291796220230e+00	1.162596926543477167e+02
4.665233615070169648e+00	1.159162117463223751e+02
4.671520675710307380e+00	1.157850116511786496e+02
4.677814351732177300e+00	1.165290604382542483e+02
4.684093699744638073e+00	1.161443121736732564e+02
4.690368661472568590e+00	1.164895060392070150e+02
4.696663270746453733e+00	1.163702418973543331e+02
4.702945459248681459e+00	1.164370445663691243e+02
4.709209170841929470e+00	1.167968940453805118e+02
4.715491634753063543e+00	1.168179390337632952e+02
4.721784316284933780e+00	1.170933811662487898e+02
4.728063062331094635e+00	1.169088802219704490e+02
4.734337423381671073e+00	1.174459274417792329e+02
4.740627024094544062e+00	1.171803833422135739e+02
4.746914995664547554e+00	1.179131808808397608e+02
4.753194740071086777e+00	1.178539228965324668e+02
4.759478891864783456e+00	1.181251146769428857e+02
4.765762396877359031e+00	1.181858394479153560e+02
4.772049481246195768e+00	1.187709789897865988e+02
4.778335091022592351e+00	1.190100048512586426e+02
4.784610831402393849e+00	1.192344184880436586e+02
4.790907306208476157e+00	1.193098685636413165e+02
4.797204047706418173e+00	1.193579117406532504e+02
4.803470827697504220e+00	1.204344603134452854e+02
4.809748850577324042e+00	1.203529381550966946e+02
4.816045316586602176e+00	1.206736632097260014e+02
4.822329240673497885e+00	1.205626017668141117e+02
4.828596758226470165e+00	1.208988854519015348e+02
4.834890332961369275e+00	1.211497135106901482e+02
4.841191655056394261e+00	1.215382443926470728e+02
4.847460407468000554e+00	1.216527742054563817e+02
4.853732128521334843e+00	1.222609455714729592e+02
4.860029138783373170e+00	1.223448929773132079e+02
4.866314601732018019e+00	1.225745515573573812e+02
4.872587026269203925e+00	1.229086835531783919e+02
4.878874221748241702e+00	1.232378618750064589e+02
4.885171078138658807e+00	1.238791205569995242e+02
4.891450629931857641e+00	1.237538531898404983e+02
4.897716482750221978e+00	1.241283789050785060e+02
4.904002834596266069e+00	1.252451777357380251e+02
4.910295858205786068e+00	1.256351214064412289e+02
4.916575188115905881e+00	1.256418487530255845e+02
4.922847946197084212e+00	1.264102283276553607e+02
4.929131667457151700e+00	1.263100824219747409e+02
4.935434460144239033e+00	1.271769107622217518e+02
4.941718513303545279e+00	1.285159996654485042e+02
4.947978624761803168e+00	1.281984950378012798e+02
4.954274999209829389e+00	1.285899867705030317e+02
4.960571094729937514e+00	1.295277206851947369e+02
4.966823207626954506e+00	1.290009238459434471e+02
4.973097418390337587e+00	1.298680352377522524e+02
4.979415129936382023e+00	1.306210061482863125e+02
4.985702082330368157e+00	1.313755119730365095e+02
4.991949985828016523e+00	1.327445132900592739e+02
4.998241586316924057e+00	1.316167481826632866e+02
5.004556635606089543e+00	1.324031816279449743e+02
5.010828655701208945e+00	1.325942061736432720e+02
5.017077229702536556e+00	1.339664736241041965e+02
5.023374414758113637e+00	1.343932191172551427e+02
5.029688873569548413e+00	1.353842871481645886e+02
5.035958413584124216e+00	1.356658649234007328e+02
5.042232667658486989e+00	1.371916253412483968e+02
5.048528755870775875e+00	1.372268840196517772e+02
5.054821121427484520e+00	1.379083627510857184e+02
5.061069509814582368e+00	1.380436588249725389e+02
5.067347812754101177e+00	1.390854116404875072e+02
5.073675050630431116e+00	1.399527551579267879e+02
5.079945928388977627e+00	1.406282788609380532e+02
5.086192992546071601e+00	1.409733618491528659e+02
5.092484128970163226e+00	1.411296436480929515e+02
5.098802924706086870e+00	1.437598516117855638e+02
5.105078217426394005e+00	1.445721689090223947e+02
5.111325076574067872e+00	1.454179626986432652e+02
5.117628358851224135e+00	1.450807926754571042e+02
5.123935939383525984e+00	1.462641764209880364e+02
5.130199176325612065e+00	1.468687379706034619e+02
5.136469985878846956e+00	1.475633984429194072e+02
5.142797788696348071e+00	1.493382442235260328e+02
5.149090378043822192e+00	1.494941535995982917e+02
5.155289879840074363e+00	1.514138470013669746e+02
5.161564521234301317e+00	1.505323470790822569e+02
5.167916673496016244e+00	1.527339019200384200e+02
5.174205974602950064e+00	1.550078856546164729e+02
5.180434820793812456e+00	1.559552848921088923e+02
5.186729096569634656e+00	1.572605492473693118e+02
5.193058481037780894e+00	1.575111265346795619e+02
5.199319511444338460e+00	1.587807025749791876e+02
5.205574295584361799e+00	1.618831622387962739e+02
5.211894977074066126e+00	1.611490616667995823e+02
5.218201708336958511e+00	1.642442248837931231e+02
5.224411911780083351e+00	1.632924113739863685e+02
5.230677632666463239e+00	1.635514565093847636e+02
5.237056729559757429e+00	1.657219536979010002e+02
5.243336785035660697e+00	1.686538518001928253e+02
5.249493476178225038e+00	1.683386439636313980e+02
5.255787017738318134e+00	1.683650178013203345e+02
5.262205327426889845e+00	1.734306393535524649e+02
5.268477758348532269e+00	1.727463463592789310e+02
5.274632213654732560e+00	1.729742896584131131e+02
5.280950543314659740e+00	1.765437842695934876e+02
5.287327645024750389e+00	1.770567780635215058e+02
5.293582359180156516e+00	1.792325562609461826e+02
5.299789992649893478e+00	1.803852576761470061e+02
5.306111460381987222e+00	1.840449637783237335e+02
5.312452717892129250e+00	1.826303936699400765e+02
5.318650122853046724e+00	1.828086209212545441e+02
5.324923043129819789e+00	1.871003008392056870e+02
5.331330237158205421e+00	1.877568428737963018e+02
5.337586726886338617e+00	1.907268820085466245e+02
5.343685192440848830e+00	1.913466715637151196e+02
5.350070659715249199e+00	1.930319283713576795e+02
5.356556762554878226e+00	1.930946127816704347e+02
5.362691868684501095e+00	1.960779512183705151e+02
5.368769208912516966e+00	2.022568997534032178e+02
5.375270137997677722e+00	1.982396104862324364e+02
5.381769983045385786e+00	2.034941164450826534e+02
5.387701030372958222e+00	2.027939720922715878e+02
5.393786668001271600e+00	2.012044783870432241e+02
5.400446161099396569e+00	2.113392828021802643e+02
5.406957063684501463e+00	2.090988472868411918e+02
5.412655672453426270e+00	2.114838318737356531e+02
5.418821279260546575e+00	2.147806360913689332e+02
5.425690594366304076e+00	2.159847324122094392e+02
5.432217487502165376e+00	2.157659717359091758e+02
5.437649811577258241e+00	2.278289492094608306e+02
5.443914404015878006e+00	2.236299245480280149e+02
5.450953501686320202e+00	2.264899484692779481e+02
5.457483690405861232e+00	2.316518018300954509e+02
5.462715250135157241e+00	2.305302794444076255e+02
5.469033575551323523e+00	2.351343856822469149e+02
5.476177730420278778e+00	2.317658821837368919e+02
5.482708935702562236e+00	2.398290756726627251e+02
5.487722405008360838e+00	2.338677048212335876e+02
5.494194284996126498e+00	2.502985343102494653e+02
5.501391471009256406e+00	2.498618572241734057e+02
5.507128202673079009e+00	2.586766220180045934e+02
5.512278020050448646e+00	2.436667623176866471e+02
5.519395563377015534e+00	2.569934622366336612e+02
5.526598678609708770e+00	2.456249109228872669e+02
5.532162682462509196e+00	2.321484666720582482e+02
5.537397124017139127e+00	2.764654373369837117e+02
5.544582756485218589e+00	2.571222449514070263e+02
5.551739327507637434e+00	2.933694933384418846e+02
5.557493306674907707e+00	2.432685912503732482e+02
5.562281709102816940e+00	2.752872665289855831e+02
5.569272720323164449e+00	3.516545373130563803e+02
