8.899641224696953554e-03	1.160728160844811937e+05
1.507912216506557788e-02	7.187157589878181170e+04
2.144790186456836667e-02	5.596382654533909226e+04
2.783660776489276650e-02	4.205770357453436009e+04
3.435099785803411021e-02	2.284157524965939592e+04
4.047886761425745911e-02	2.087397842781696818e+04
4.676716683575679601e-02	1.454794501982645852e+04
5.308225101765951665e-02	1.220555362679086647e+04
5.945362440940590160e-02	1.209524093295317289e+04
6.576224814588792211e-02	1.055203592024527097e+04
7.196632906698736953e-02	1.005426273544799187e+04
7.827860915688347743e-02	8.639924083650950706e+03
8.470398945834539672e-02	7.691386285528957160e+03
9.096854620527369817e-02	6.213624392628587884e+03
9.720789776830213169e-02	5.228159779357180923e+03
1.034763038959366499e-01	4.478062829069855070e+03
1.097576444254559219e-01	3.898105922640042536e+03
1.160543084780093354e-01	3.586627058403021238e+03
1.223669666537485351e-01	3.578070479508296557e+03
1.286817263090294094e-01	3.311255460698227125e+03
1.349500801664080818e-01	3.179040642978103278e+03
1.411949558842147678e-01	3.065638577463023921e+03
1.475133575747468451e-01	2.689042956525376212e+03
1.537865074252268427e-01	2.421587017953424947e+03
1.600657544051110326e-01	2.248478095913658763e+03
1.663991168687080635e-01	2.094624087850864271e+03
1.727195645776442856e-01	1.926064819540560848e+03
1.789765213377084718e-01	1.875281793799374782e+03
1.852353690647852158e-01	1.761586308714953475e+03
1.914806787341157279e-01	1.703856151063108200e+03
1.977889868651535599e-01	1.596321893563761478e+03
2.040937735447724277e-01	1.536910948877235796e+03
2.103939302609846018e-01	1.478329539198250814e+03
2.166909709822301688e-01	1.379864357608093542e+03
2.229700281216152047e-01	1.347559082055752697e+03
2.292620027086341994e-01	1.272710143174855830e+03
2.355141508366812297e-01	1.210636162782609972e+03
2.417910583817859116e-01	1.174409914130436391e+03
2.480856539439619257e-01	1.105179069937374379e+03
2.543492256872954549e-01	1.091228222157859818e+03
2.606334251884805386e-01	1.032678003420274081e+03
2.669257370896960802e-01	9.828815206735663423e+02
2.732423343141155980e-01	9.571865261617828082e+02
2.795529680084415936e-01	9.394850790102028668e+02
2.858366292314493129e-01	9.041232686093362645e+02
2.920876271394311496e-01	8.797197784275064123e+02
2.983449844439822751e-01	8.431323464417624791e+02
3.046382639407197446e-01	8.163125477329625710e+02
3.109279127003197196e-01	7.822215681791795987e+02
3.172168171618398036e-01	7.609600848725481228e+02
3.235187567944423082e-01	7.538508796043413440e+02
3.298168217550395687e-01	7.269358208060649531e+02
3.361176429457156667e-01	7.054741901598636105e+02
3.423700375709273769e-01	6.956518916715945124e+02
3.486478192666269682e-01	6.745825149593958940e+02
3.549411614411318028e-01	6.570826846050078984e+02
3.611916935421040642e-01	6.340835645042583337e+02
3.674767089563572564e-01	6.250188703045701004e+02
3.737647795277591056e-01	6.130359137136211984e+02
3.800654031475132477e-01	5.884741380229443166e+02
3.863539861259823738e-01	5.787484669798078585e+02
3.926140181364449755e-01	5.620254093840928817e+02
3.989264500321934581e-01	5.543930788481856098e+02
4.052073244576828714e-01	5.439979782509830102e+02
4.114916477570477182e-01	5.320446211617818335e+02
4.177814272116491257e-01	5.223401224699205159e+02
4.240400648725131116e-01	5.161124746875821074e+02
4.303425690270192283e-01	4.988100676778306024e+02
4.366358560255625965e-01	4.941902401653705965e+02
4.428996183220763605e-01	4.849703254984558498e+02
4.491634418529859563e-01	4.757808836275304998e+02
4.554414146254732731e-01	4.664449499498028899e+02
4.617634470301058558e-01	4.566474477227117745e+02
4.680644242023710433e-01	4.475304832759120472e+02
4.743485242764365895e-01	4.365782779288123834e+02
4.806356136815400082e-01	4.313369688246812075e+02
4.869019258388697646e-01	4.237145497046414562e+02
4.931697099599955947e-01	4.182144521919706790e+02
4.994506747144535908e-01	4.131131727729316481e+02
5.057159051335421429e-01	4.046954688749523825e+02
5.119923996268095356e-01	3.964292326769842703e+02
5.183126097768406826e-01	3.927831426828408325e+02
5.246089638029100000e-01	3.869841779976703151e+02
5.308757308483337267e-01	3.811872583943600148e+02
5.371573527946726934e-01	3.743997590393802852e+02
5.434579563783791256e-01	3.696999661170347053e+02
5.497430652392217842e-01	3.624657989305657679e+02
5.559937427501778773e-01	3.607387769847126719e+02
5.622854676609657654e-01	3.538628032082022514e+02
5.686011537227265711e-01	3.479036432874029288e+02
5.748804589422079614e-01	3.460130471000375678e+02
5.811550210340560296e-01	3.410453136985793208e+02
5.874394496660968468e-01	3.358756684608306955e+02
5.937176220296899176e-01	3.267847111360429153e+02
5.999971954793682505e-01	3.292301335106432134e+02
6.062679115124277596e-01	3.232508492089791048e+02
6.125469576444534381e-01	3.192013284724736195e+02
6.188477733041515272e-01	3.176865112581294284e+02
6.251310567437898813e-01	3.098021995118908194e+02
6.314027450383210560e-01	3.101538724854583506e+02
6.377003562732055375e-01	3.035753382441829444e+02
6.439857783314556494e-01	3.035573184029263984e+02
6.502685417166111925e-01	2.985111497824171920e+02
6.565586117699038216e-01	2.957410420850280275e+02
6.628369282359254377e-01	2.928481347232151393e+02
6.691185444962194362e-01	2.868501346432494188e+02
6.754070198575605755e-01	2.842077878712771053e+02
6.816835514593204692e-01	2.802833904322539524e+02
6.879592533861698112e-01	2.771608155961564535e+02
6.942344317039531587e-01	2.752652844371790479e+02
7.005175402434737908e-01	2.734483137232502941e+02
7.068124956608716758e-01	2.685000224101331696e+02
7.131019009674921527e-01	2.662340460048212663e+02
7.193918251171427247e-01	2.646187206184674210e+02
7.256833807598113140e-01	2.625194988204046922e+02
7.319652682709349989e-01	2.596843629648922160e+02
7.382507990484923344e-01	2.565794392645390190e+02
7.445265842115937893e-01	2.541473580648976736e+02
7.507871101942712455e-01	2.523115376675403354e+02
7.570758465316046459e-01	2.502883718690775936e+02
7.633641233600957365e-01	2.463262883970961923e+02
7.696462959862266917e-01	2.441176061419128018e+02
7.759394865175414102e-01	2.422138237495104249e+02
7.822329141989586843e-01	2.387882299743912995e+02
7.885314936520240181e-01	2.385825081773208467e+02
7.947896566979522071e-01	2.359415590514577161e+02
8.010491096592354809e-01	2.341174840889113682e+02
8.073364061727361651e-01	2.309855846002749047e+02
8.136229488373866170e-01	2.296195485550416890e+02
8.199152998961036776e-01	2.280672359655397372e+02
8.261952636392789762e-01	2.270861043575165468e+02
8.324897070080405914e-01	2.249770203843586103e+02
8.387959309210778480e-01	2.211459559296618522e+02
8.450634639703045181e-01	2.200409297525518468e+02
8.513282867562648182e-01	2.188934133583839809e+02
8.576198263902009566e-01	2.158186091090556999e+02
8.639058477062415697e-01	2.146337490029997923e+02
8.701838745487597837e-01	2.133203829784606853e+02
8.764641096075268534e-01	2.108898411209989092e+02
8.827503873399735745e-01	2.082164110591216115e+02
8.890332768393869323e-01	2.084340769773779698e+02
8.953084247113127780e-01	2.061539254676226847e+02
9.015956521667095602e-01	2.041520926553886568e+02
9.078833328094829680e-01	2.033723839598589791e+02
9.141744106319863450e-01	2.001173663147581010e+02
9.204630817717615043e-01	1.994598176504450748e+02
9.267434415264711456e-01	1.978419028332479570e+02
9.330324197354928906e-01	1.960667942881383112e+02
9.393265785573878812e-01	1.957705673690441586e+02
9.455974810398196650e-01	1.936562142116918039e+02
9.518660018545171964e-01	1.919186567369295346e+02
9.581413255531838757e-01	1.905619054234164480e+02
9.644350945109106954e-01	1.890218003189516196e+02
9.707355633568249820e-01	1.877466811043605617e+02
9.770080768450029041e-01	1.864279438520389363e+02
9.832823325363413414e-01	1.845246902932954640e+02
9.895569691966674686e-01	1.839837568854529479e+02
9.958456301921106979e-01	1.831136013915725016e+02
1.002136210743837408e+00	1.809770041089671224e+02
1.008404825335135424e+00	1.798472103129459470e+02
1.014694149836243398e+00	1.784998998407839679e+02
1.020992555437297167e+00	1.777712956971110998e+02
1.027273980437394485e+00	1.763733202534147324e+02
1.033559181896017254e+00	1.749188197266943519e+02
1.039847557392594934e+00	1.735503796273959836e+02
1.046126974943305088e+00	1.720333716716159245e+02
1.052403436811028659e+00	1.713263520395061050e+02
1.058680704651608684e+00	1.694670895946761391e+02
1.064964333065789193e+00	1.681014634336839890e+02
1.071256777440835473e+00	1.673313694957662960e+02
1.077544048801078125e+00	1.659919479902116279e+02
1.083824820188043603e+00	1.651049279543063051e+02
1.090108023942816695e+00	1.640519034327260499e+02
1.096389665956643222e+00	1.627232907779659286e+02
1.102681132058841440e+00	1.620768859570057714e+02
1.108963047594879958e+00	1.610875915277872821e+02
1.115225428463759272e+00	1.598069328152832611e+02
1.121502127614767863e+00	1.587509122756655700e+02
1.127792573824792033e+00	1.574432986165973603e+02
1.134089552668382961e+00	1.563997086870112412e+02
1.140364049650405942e+00	1.557028892663331874e+02
1.146639180320979445e+00	1.541355591459656864e+02
1.152942412991649901e+00	1.532210478576802757e+02
1.159228906751078814e+00	1.520818421666059805e+02
1.165508721887268173e+00	1.518657858401028591e+02
1.171793076256210320e+00	1.508188110336948284e+02
1.178087436369658958e+00	1.494708558639007379e+02
1.184367654251526902e+00	1.493230571278593288e+02
1.190634642299266632e+00	1.474131213757128478e+02
1.196912208834400859e+00	1.475051153995604523e+02
1.203201577354146234e+00	1.462425436302475816e+02
1.209486844441705733e+00	1.450862083557883864e+02
1.215763902074809888e+00	1.441848449413326421e+02
1.222049755171146668e+00	1.435018942398763784e+02
1.228340616621486969e+00	1.427612559103106946e+02
1.234632986576932767e+00	1.415822014299994009e+02
1.240902247176856488e+00	1.407183316021084352e+02
1.247174839144687519e+00	1.398006660093656990e+02
1.253465459933442272e+00	1.392635779182634508e+02
1.259749951892178421e+00	1.380174912012552397e+02
1.266032143127253873e+00	1.377370540831972789e+02
1.272316288472006507e+00	1.367285208409951167e+02
1.278604155058621350e+00	1.359528214732871447e+02
1.284886588933593865e+00	1.350984724852669672e+02
1.291175420066583257e+00	1.343854368995100117e+02
1.297465726373772332e+00	1.338658070832312603e+02
1.303741827011944299e+00	1.322287177784505161e+02
1.310017322922761851e+00	1.318118088580631877e+02
1.316301447662886703e+00	1.310755378899867196e+02
1.322586760363303249e+00	1.305605252589272141e+02
1.328865492452874664e+00	1.296604735622268265e+02
1.335144804954555564e+00	1.293095918202511996e+02
1.341440516272275119e+00	1.283715621918376542e+02
1.347730868417094552e+00	1.276514423792977766e+02
1.354001589994877630e+00	1.269181907407689636e+02
1.360282609297778444e+00	1.260653931621572923e+02
1.366565686457597906e+00	1.259844780145692198e+02
1.372851498482432708e+00	1.244698492510406425e+02
1.379135372929401804e+00	1.235112507039914078e+02
1.385409567149057164e+00	1.237374495948304798e+02
1.391698641219299315e+00	1.231972422595299577e+02
1.397984451439470810e+00	1.223253619254660407e+02
1.404267883409181961e+00	1.213737878261568710e+02
1.410554779484869181e+00	1.205944432851719199e+02
1.416837833547465397e+00	1.198036573166128420e+02
1.423118177187137068e+00	1.196712164873498523e+02
1.429397801164240089e+00	1.188037057072837115e+02
1.435686921822787232e+00	1.183503261234923798e+02
1.441977121769299597e+00	1.176017868615021058e+02
1.448253667853332427e+00	1.173940054139713141e+02
1.454532348972172651e+00	1.163422394086636729e+02
1.460819319151879903e+00	1.158728988647227283e+02
1.467110364402026468e+00	1.149009038608338216e+02
1.473392908948962132e+00	1.145795394772443672e+02
1.479669965243598950e+00	1.140182809945582108e+02
1.485956144602843532e+00	1.127397716994128700e+02
1.492233610763115115e+00	1.129194359430547792e+02
1.498502470379980078e+00	1.120929831838794968e+02
1.504785752051182701e+00	1.114056483317706778e+02
1.511075991894575976e+00	1.110624363778538992e+02
1.517361634985162189e+00	1.106111433271053670e+02
1.523648570969130533e+00	1.095931439094959927e+02
1.529938035715892264e+00	1.096158235896381683e+02
1.536230176913891965e+00	1.088711288483943065e+02
1.542510718779388279e+00	1.083856169410063188e+02
1.548783963082980275e+00	1.079095061248088285e+02
1.555073069779651318e+00	1.070870194929161272e+02
1.561357324927233892e+00	1.066041414063203376e+02
1.567629121053141006e+00	1.062172859174981312e+02
1.573913697404382583e+00	1.055436156923455258e+02
1.580203545230874029e+00	1.049344391008670812e+02
1.586485393434537983e+00	1.044377500362775208e+02
1.592760014263005841e+00	1.042212600294341343e+02
1.599046436394670812e+00	1.032822716638930132e+02
1.605342136637478934e+00	1.032026088797960313e+02
1.611619860919608627e+00	1.025781924819960409e+02
1.617897597081673799e+00	1.021302938205340496e+02
1.624183235481122756e+00	1.016154506261251100e+02
1.630464598531913722e+00	1.011180493816232371e+02
1.636748985747638274e+00	1.009823667003044818e+02
1.643030923698886259e+00	1.004662287383411297e+02
1.649309176648513064e+00	9.993243726817836148e+01
1.655593633940351861e+00	9.937892341612939617e+01
1.661879571405086464e+00	9.890668823726623771e+01
1.668169361685170271e+00	9.845416926942348823e+01
1.674450151530487485e+00	9.790812390692209988e+01
1.680722718978495900e+00	9.743620245224086318e+01
1.687013891340952476e+00	9.702789328716737316e+01
1.693308984907921033e+00	9.637552825614332619e+01
1.699582147428448486e+00	9.640607116778525665e+01
1.705863747055134105e+00	9.562471013267979458e+01
1.712154434283889470e+00	9.523389782252752411e+01
1.718438381579399321e+00	9.481149379727244764e+01
1.724721264464063930e+00	9.441483567116041797e+01
1.730997441276920679e+00	9.419627698505674118e+01
1.737287073528269499e+00	9.345939492175443775e+01
1.743567991878527401e+00	9.318541930560658670e+01
1.749840680212231048e+00	9.270452646869397029e+01
1.756128549091961144e+00	9.230871643928695391e+01
1.762413535324792502e+00	9.191301324943044904e+01
1.768696187669963837e+00	9.146686544895595716e+01
1.774979359379055266e+00	9.119668447574703407e+01
1.781265555576432957e+00	9.072806914993688565e+01
1.787549427830244619e+00	9.026608110022844755e+01
1.793834120011633004e+00	8.978359903296897926e+01
1.800115051552487300e+00	8.939467058169803693e+01
1.806393904854530330e+00	8.914758612694738815e+01
1.812674089667083432e+00	8.860296263949372531e+01
1.818956920109354058e+00	8.856665713291241104e+01
1.825244164118212220e+00	8.784938176940178778e+01
1.831527256642196955e+00	8.773619586510962165e+01
1.837811294935716599e+00	8.726827563245805663e+01
1.844100717411196744e+00	8.677306855931701079e+01
1.850384816792487230e+00	8.652794672050454494e+01
1.856666059735203822e+00	8.615675525400990864e+01
1.862947728675613979e+00	8.555135673049672107e+01
1.869229324466858078e+00	8.544760036905542222e+01
1.875517616802973686e+00	8.506253807997288163e+01
1.881800769033795229e+00	8.472597868436388069e+01
1.888078863416442710e+00	8.428810803661981765e+01
1.894353975182237582e+00	8.397744920324181805e+01
1.900642716154182565e+00	8.369666655136749966e+01
1.906933494748685121e+00	8.321179026452925598e+01
1.913207568676573933e+00	8.300008979149679078e+01
1.919490884732178992e+00	8.268896489905353064e+01
1.925776855684274480e+00	8.243713061826274213e+01
1.932064452961978152e+00	8.197845957145716511e+01
1.938342610030488800e+00	8.165096037893005132e+01
1.944618341543410178e+00	8.124594171137935916e+01
1.950906260203513876e+00	8.076571736803816748e+01
1.957194556613796488e+00	8.062270825808833763e+01
1.963479614559011432e+00	8.046835250315501753e+01
1.969760361532916226e+00	7.998118254984800046e+01
1.976048367034604736e+00	7.980408202314360722e+01
1.982337990217652335e+00	7.944963106614154924e+01
1.988617489259562721e+00	7.924273128359769203e+01
1.994896320665194178e+00	7.882998389562932573e+01
2.001179596222827151e+00	7.855166392436917988e+01
2.007459756923499761e+00	7.827206203730308687e+01
2.013737397779169935e+00	7.775052812409084879e+01
2.020017234677497164e+00	7.742373632153041285e+01
2.026310251015072783e+00	7.724761488562948841e+01
2.032600542948020284e+00	7.694918266921376926e+01
2.038873863192099289e+00	7.671585475991716407e+01
2.045154087821675404e+00	7.647570417374872420e+01
2.051444704514288730e+00	7.619926648855806661e+01
2.057730430280644729e+00	7.578867666590278418e+01
2.064013940455224461e+00	7.550017292649096134e+01
2.070299891179459895e+00	7.522766583567756982e+01
2.076589719964883951e+00	7.483504867380054293e+01
2.082865483794470673e+00	7.455214332863562277e+01
2.089134494859368640e+00	7.431989348143116558e+01
2.095424211360070288e+00	7.415470389970585074e+01
2.101707116664804254e+00	7.372138878558300235e+01
2.107986473933564309e+00	7.345799187455517654e+01
2.114271806543862375e+00	7.327197422872380628e+01
2.120552717288892275e+00	7.316663999242292959e+01
2.126836933207161717e+00	7.282836697333463860e+01
2.133122044791171845e+00	7.255219731728890054e+01
2.139411711910842673e+00	7.226337682240119875e+01
2.145697076775292089e+00	7.193712195105356955e+01
2.151973548606471276e+00	7.173561394105691136e+01
2.158259913555724108e+00	7.127889734579989067e+01
2.164545396699105506e+00	7.105493397490556617e+01
2.170830700377734068e+00	7.087036874747722948e+01
2.177114138849150393e+00	7.072924752958799388e+01
2.183387647576827018e+00	7.029121931915359767e+01
2.189670273687676971e+00	7.006027425334791303e+01
2.195960147934207463e+00	6.975831575381724292e+01
2.202242556317716371e+00	6.958675772533229065e+01
2.208521655981037668e+00	6.930364650609344324e+01
2.214804637081333016e+00	6.900664091062654393e+01
2.221092583349425276e+00	6.889259878946286619e+01
2.227372893591468728e+00	6.874747291665825344e+01
2.233657161144248171e+00	6.832206250329672059e+01
2.239943485394438660e+00	6.810293448841552788e+01
2.246224175264620815e+00	6.795645311200996730e+01
2.252506378421252009e+00	6.773779231538668455e+01
2.258783417054270437e+00	6.729755433709357249e+01
2.265069077371457684e+00	6.722570713777149365e+01
2.271350377044131452e+00	6.701623497271623364e+01
2.277633995145353918e+00	6.670091084208408461e+01
2.283922419579920149e+00	6.652548488426926099e+01
2.290202874392252674e+00	6.631332777673233636e+01
2.296490779970905560e+00	6.605119423665692580e+01
2.302771769934229162e+00	6.573733490889446784e+01
2.309051364164305564e+00	6.560517356315371273e+01
2.315338502539088239e+00	6.543113464399293377e+01
2.321627336503874428e+00	6.516329740336399823e+01
2.327911878297218795e+00	6.492708717589957246e+01
2.334186238580297168e+00	6.470757761339810088e+01
2.340467971862688401e+00	6.447859166609846682e+01
2.346756940970738725e+00	6.432899809960782989e+01
2.353044444556199988e+00	6.401506620123163316e+01
2.359327653314069906e+00	6.383865442792792066e+01
2.365603048789861607e+00	6.357622214188770471e+01
2.371885911737665165e+00	6.338255775605762210e+01
2.378173303594019572e+00	6.325793600193155442e+01
2.384454016539381271e+00	6.312852985198090039e+01
2.390736447344785187e+00	6.286682261252582293e+01
2.397014133897952259e+00	6.276289251179258599e+01
2.403295490074321972e+00	6.238019617873430178e+01
2.409585049672506862e+00	6.217539611951522716e+01
2.415871703165322071e+00	6.202842783210063260e+01
2.422160652369088840e+00	6.187286361395705825e+01
2.428440167222748691e+00	6.153905942244906413e+01
2.434717472383889803e+00	6.136363099982522584e+01
2.441002456202044257e+00	6.130696277369045788e+01
2.447289980304530488e+00	6.110669512141402038e+01
2.453571844729242279e+00	6.085265290128172211e+01
2.459852705114058846e+00	6.069899275283171391e+01
2.466139233225018934e+00	6.045934243262193064e+01
2.472421963421291391e+00	6.034343268938619786e+01
2.478698519174224568e+00	6.013742492294041853e+01
2.484980841400355800e+00	6.000831438367595183e+01
2.491269319409339822e+00	5.983306172186908611e+01
2.497548505139029373e+00	5.965417217529340377e+01
2.503831667172610853e+00	5.938450062637711113e+01
2.510117938323931153e+00	5.920998834080588580e+01
2.516400733681277480e+00	5.904819786283184158e+01
2.522688226833368130e+00	5.895144459046345986e+01
2.528971695852665569e+00	5.880826858603627727e+01
2.535252039407670299e+00	5.853372731188867562e+01
2.541537514142774512e+00	5.841747269875347115e+01
2.547823008847572179e+00	5.837630558047092677e+01
2.554100666580690238e+00	5.818691054615093350e+01
2.560376788884177301e+00	5.795714796385597367e+01
2.566667521601497359e+00	5.776301512364334201e+01
2.572955062237090473e+00	5.763499342414125692e+01
2.579233771797999175e+00	5.737252050366386413e+01
2.585520164300948220e+00	5.728128550286087517e+01
2.591805130332431872e+00	5.711487796741881340e+01
2.598084074692260881e+00	5.697819977267982949e+01
2.604360404197643586e+00	5.685097406543252418e+01
2.610647185140439142e+00	5.678610226422630092e+01
2.616931864059273138e+00	5.654609312427800205e+01
2.623206107911065565e+00	5.640941468027023120e+01
2.629491626543270844e+00	5.620955230309461115e+01
2.635778507982642349e+00	5.602721042457311995e+01
2.642061039325260818e+00	5.602676537177197957e+01
2.648343840729305843e+00	5.583997935475979801e+01
2.654631838974855551e+00	5.571496631847053038e+01
2.660919001246303761e+00	5.560200476913361456e+01
2.667198525130066056e+00	5.542049168587245589e+01
2.673484307038032526e+00	5.530551607236939304e+01
2.679773388053849459e+00	5.522582283544490878e+01
2.686058217632288692e+00	5.504441190552797991e+01
2.692338738200057868e+00	5.489790655417767340e+01
2.698618022887226964e+00	5.474541096129088658e+01
2.704895450708277860e+00	5.468984907327187983e+01
2.711175674923682166e+00	5.453564842056138673e+01
2.717459832966957922e+00	5.439605174059403225e+01
2.723745731959044569e+00	5.436012467880417631e+01
2.730038414850594730e+00	5.426086360077214721e+01
2.736317989800789441e+00	5.409339076309885286e+01
2.742591858549239703e+00	5.401702739653505603e+01
2.748879749010778362e+00	5.392705707805178150e+01
2.755163403825859447e+00	5.377880429849192012e+01
2.761446955625852073e+00	5.371011997366203161e+01
2.767732088935374701e+00	5.356005140641959628e+01
2.774015452421743966e+00	5.340786833076445816e+01
2.780298635700591436e+00	5.336142107165299109e+01
2.786577474762241380e+00	5.327062845047496609e+01
2.792857983210164541e+00	5.316200620305870217e+01
2.799143790920211483e+00	5.299381954375375869e+01
2.805430058399325244e+00	5.295905806061455934e+01
2.811715058209780072e+00	5.280036528093835102e+01
2.817989272498773623e+00	5.274008779944180247e+01
2.824269171595737760e+00	5.269087990778176334e+01
2.830563016441804081e+00	5.264025131295817772e+01
2.836848750951622034e+00	5.248469408345053466e+01
2.843130027866129783e+00	5.241529710465072611e+01
2.849413896912404986e+00	5.233276517132748040e+01
2.855697464522425566e+00	5.220432001919482445e+01
2.861978799810683594e+00	5.212377483065143480e+01
2.868262469415629567e+00	5.216492003556745516e+01
2.874547359206753860e+00	5.205894058369529631e+01
2.880831111471525041e+00	5.194035058561033935e+01
2.887113216972382546e+00	5.190351451803579153e+01
2.893394504725182781e+00	5.179383842651591152e+01
2.899673662137033592e+00	5.179879539305084535e+01
2.905953958587380814e+00	5.165292068597803166e+01
2.912241118105161064e+00	5.164215132596108759e+01
2.918525996366671205e+00	5.152576569875665768e+01
2.924809035425688819e+00	5.146192949154124818e+01
2.931095916293684933e+00	5.149523943209974419e+01
2.937378182606774413e+00	5.144417974338269062e+01
2.943659980254369923e+00	5.136737645333172964e+01
2.949946454403890250e+00	5.131164793284798264e+01
2.956227653702202307e+00	5.117585575404053344e+01
2.962510478867462993e+00	5.118590428961125127e+01
2.968796535179442309e+00	5.113775563527255485e+01
2.975077657376874907e+00	5.110655483988415426e+01
2.981359866759223376e+00	5.110524770964505592e+01
2.987646761575656562e+00	5.094284630421719839e+01
2.993929038370399365e+00	5.096947029089285763e+01
3.000206214840962726e+00	5.092982484981730806e+01
3.006486172402415669e+00	5.093682956892929070e+01
3.012769812211594456e+00	5.091462387984458360e+01
3.019053144326170113e+00	5.085777026967105741e+01
3.025337405144251424e+00	5.082680861895676117e+01
3.031623734799107961e+00	5.086817301275097947e+01
3.037908962055872575e+00	5.078852548501270547e+01
3.044195067146031608e+00	5.084254789063269442e+01
3.050475543482170426e+00	5.088048912528392265e+01
3.056754954538277502e+00	5.086812677974651109e+01
3.063040539557494668e+00	5.081673425057670812e+01
3.069323699454357346e+00	5.080535199628909737e+01
3.075610692642898769e+00	5.084934953965431248e+01
3.081893798009918584e+00	5.081936250108808650e+01
3.088174549548037717e+00	5.087176305408710419e+01
3.094458635632868493e+00	5.079141982133629085e+01
3.100743982931558840e+00	5.082368166130815013e+01
3.107028111748448396e+00	5.088210168607869122e+01
3.113309299655494300e+00	5.090016499274778283e+01
3.119590662867241626e+00	5.088280276047917283e+01
3.125874006820172912e+00	5.087449897686242650e+01
3.132159251154602586e+00	5.092216771059817404e+01
3.138439172765940643e+00	5.103416219932442743e+01
3.144723867719826593e+00	5.101282741916752883e+01
3.151003951258561031e+00	5.104551659103301375e+01
3.157283664131563139e+00	5.111246279784205626e+01
3.163569317183839935e+00	5.113948213117863872e+01
3.169851661717792091e+00	5.110042306838266057e+01
3.176137704316093657e+00	5.122117356942818134e+01
3.182420924828643916e+00	5.127901619773693653e+01
3.188702811875577581e+00	5.139464356180913995e+01
3.194990520008989865e+00	5.133118422077399856e+01
3.201275324656983834e+00	5.147820585478753941e+01
3.207551352179861759e+00	5.153253023228604235e+01
3.213835216737041645e+00	5.161468959978300575e+01
3.220122579819103770e+00	5.154395071838302300e+01
3.226406606618656525e+00	5.141248279490373108e+01
3.232687390085645429e+00	5.131250921852691249e+01
3.238969121280456331e+00	5.116454069271156158e+01
3.245254751548589667e+00	5.104288371523997370e+01
3.251534499036136783e+00	5.086380814745876933e+01
3.257817780791052442e+00	5.075363610793231572e+01
3.264102164154097263e+00	5.064707951820722087e+01
3.270384152138468892e+00	5.060760491431878449e+01
3.276669427476867735e+00	5.039944355769638662e+01
3.282954688864507808e+00	5.042557932580677971e+01
3.289237200334947264e+00	5.017054493024968309e+01
3.295519587088236779e+00	4.998376464567581934e+01
3.301805977329951958e+00	4.994835492795387921e+01
3.308087486222440088e+00	4.986453656073224039e+01
3.314367630234227313e+00	4.972962391650138159e+01
3.320651909732194262e+00	4.963962730179579097e+01
3.326931260376857047e+00	4.950926122693448406e+01
3.333216512447217728e+00	4.943864829953484019e+01
3.339504489419978128e+00	4.936983097259211917e+01
3.345786804809928405e+00	4.932256422533968987e+01
3.352071130016277767e+00	4.916897195150583855e+01
3.358351496304225581e+00	4.913413921052599420e+01
3.364630591073392019e+00	4.901328903482153265e+01
3.370916305215045483e+00	4.898004367789224034e+01
3.377197952029413752e+00	4.886517086525679332e+01
3.383483063818085501e+00	4.880012380696336294e+01
3.389769992424469969e+00	4.876686016756497821e+01
3.396051330885982100e+00	4.862443457928047508e+01
3.402330879139463971e+00	4.855921017207912627e+01
3.408610488352048495e+00	4.839021540707361169e+01
3.414897837696641236e+00	4.852844148731388429e+01
3.421180484052105619e+00	4.830588324290264524e+01
3.427461639653846870e+00	4.819818860974144314e+01
3.433749159643459059e+00	4.814241549291317313e+01
3.440032646656798310e+00	4.810654376064317717e+01
3.446313366033385339e+00	4.805215765574937592e+01
3.452600135384134905e+00	4.799313446235651526e+01
3.458883152815406703e+00	4.793924356751553972e+01
3.465163834403715448e+00	4.790787390185536765e+01
3.471449329786229221e+00	4.773576842724031621e+01
3.477734476754053894e+00	4.774201523506967959e+01
3.484019652467224226e+00	4.768876799915441467e+01
3.490297019369712928e+00	4.762966288589112196e+01
3.496582486484379970e+00	4.758318021217988303e+01
3.502868048046865024e+00	4.747372233351128301e+01
3.509144649545451244e+00	4.747589581368399791e+01
3.515428082003116295e+00	4.743092823088139909e+01
3.521711031624695565e+00	4.734716794181432675e+01
3.527991850954735664e+00	4.739422612378970001e+01
3.534275545726699885e+00	4.725034143752913707e+01
3.540562632020772149e+00	4.723315251419521132e+01
3.546844410757220789e+00	4.718530065590950784e+01
3.553131386753758836e+00	4.717128407872719720e+01
3.559419203211965144e+00	4.709484743517415950e+01
3.565697971577579839e+00	4.704133404485374115e+01
3.571979559134798254e+00	4.707096265851585315e+01
3.578265774595833726e+00	4.702681810057335809e+01
3.584548309769353125e+00	4.695868164764429764e+01
3.590826843920031486e+00	4.692607997341030313e+01
3.597107306745233934e+00	4.683015257387756236e+01
3.603392831792229245e+00	4.682755972356185481e+01
3.609673209822572559e+00	4.684610252547916076e+01
3.615955412133016189e+00	4.679566013900353738e+01
3.622241607772384686e+00	4.672236714207751618e+01
3.628520252736676444e+00	4.676616183774530100e+01
3.634804827569451113e+00	4.664546845798295749e+01
3.641094981788862928e+00	4.660763778153297920e+01
3.647383514928639325e+00	4.661445930271447224e+01
3.653663283927725658e+00	4.649363583597252614e+01
3.659943504072155296e+00	4.646959597994961655e+01
3.666232000281138603e+00	4.657373863573176465e+01
3.672514211678317597e+00	4.640763364172120475e+01
3.678794154686042539e+00	4.647151522164175219e+01
3.685078621861909820e+00	4.635680760116479604e+01
3.691359210097977961e+00	4.638684784739315603e+01
3.697642368173791105e+00	4.642339097039002382e+01
3.703925796735277665e+00	4.639063360413442894e+01
3.710208240364660348e+00	4.631894598595924606e+01
3.716494593122387169e+00	4.634572365543173333e+01
3.722775386659595398e+00	4.641104501056871356e+01
3.729058392883481510e+00	4.631849615326870406e+01
3.735339748210807720e+00	4.629803300023350232e+01
3.741620776392969638e+00	4.630812466623716972e+01
3.747904795418762980e+00	4.635240932973756145e+01
3.754190633281219380e+00	4.624144633249708392e+01
3.760478208018912749e+00	4.628415914198769343e+01
3.766755538573464346e+00	4.627472255054387773e+01
3.773032090135151506e+00	4.623174981124545724e+01
3.779322553012896879e+00	4.616751608007081842e+01
3.785609109731308930e+00	4.616771847104774196e+01
3.791889825936295200e+00	4.620643097993769288e+01
3.798174822702435893e+00	4.630060650618948870e+01
3.804458658753491651e+00	4.624542446763701520e+01
3.810738438095723435e+00	4.622406336636468893e+01
3.817018850285747167e+00	4.622421793934432799e+01
3.823305314209427763e+00	4.626315660038426358e+01
3.829591295197792178e+00	4.623499690949720531e+01
3.835872296070849341e+00	4.615065969396105316e+01
3.842156279590906109e+00	4.626658976810890067e+01
3.848441511099312429e+00	4.637255152350646625e+01
3.854723334376886079e+00	4.618865289238284078e+01
3.861004740704794713e+00	4.625340014481240303e+01
3.867284336650660848e+00	4.637460368759816731e+01
3.873567367678779849e+00	4.627816467191367167e+01
3.879850662830422792e+00	4.628806320077504921e+01
3.886137063198143338e+00	4.632076320182373053e+01
3.892419463049126005e+00	4.630145829001355651e+01
3.898703740328622658e+00	4.639670942647496332e+01
3.904991458788179326e+00	4.645614727094985597e+01
3.911270842222104083e+00	4.636005212788655427e+01
3.917549806479573071e+00	4.644973167461964181e+01
3.923836006203090587e+00	4.650305105753533041e+01
3.930121452497870926e+00	4.646780080561663340e+01
3.936398172858230460e+00	4.643125168378239920e+01
3.942683040425962293e+00	4.648378275782244629e+01
3.948974759704379611e+00	4.663019390309602130e+01
3.955259227995065352e+00	4.660579793372213686e+01
3.961537174921395454e+00	4.664102781442996815e+01
3.967820217617139544e+00	4.665959626176496045e+01
3.974105559832568968e+00	4.672737870538116312e+01
3.980384727931198352e+00	4.676084191425238146e+01
3.986664590839849698e+00	4.673229665357852269e+01
3.992949619150675034e+00	4.693050307601152582e+01
3.999235075769965952e+00	4.694730441690716560e+01
4.005515715515433506e+00	4.689977396132403697e+01
4.011798434346478537e+00	4.692094829296384972e+01
4.018083716245132386e+00	4.697755510090472342e+01
4.024365700052603856e+00	4.698125542501711749e+01
4.030643960839860540e+00	4.709890653704889019e+01
4.036928708926215137e+00	4.720020267435992878e+01
4.043218157412017177e+00	4.725785544622239343e+01
4.049503019487663558e+00	4.728924005381923479e+01
4.055781898960511000e+00	4.738711230970432808e+01
4.062060795621602161e+00	4.745690732297313019e+01
4.068347865354716042e+00	4.746363820010466839e+01
4.074631027173265529e+00	4.751615204206119358e+01
4.080910837526078971e+00	4.762756664618361668e+01
4.087201203341442657e+00	4.774901469863717551e+01
4.093486818591942189e+00	4.772884842528453930e+01
4.099764387336505500e+00	4.777960747190320490e+01
4.106049166937662420e+00	4.786799417704909843e+01
4.112334559041358695e+00	4.800463531237465986e+01
4.118618926059533614e+00	4.808159311897858856e+01
4.124898942031112625e+00	4.817120863658315244e+01
4.131175432561665417e+00	4.823180674034786364e+01
4.137461563786142271e+00	4.819587595943961844e+01
4.143746006210170307e+00	4.836129245276848110e+01
4.150029800482964326e+00	4.846344089303322988e+01
4.156313390684649001e+00	4.846617623346241999e+01
4.162596105843763716e+00	4.862582657958290611e+01
4.168881843141768684e+00	4.866483470747537865e+01
4.175162111073220217e+00	4.885148386230137163e+01
4.181448573417560155e+00	4.898493730887866349e+01
4.187738782464171194e+00	4.906978572447197706e+01
4.194017437180169061e+00	4.925968130744699636e+01
4.200293572701767175e+00	4.928893536423554167e+01
4.206580195481546269e+00	4.941968306114534215e+01
4.212860644652220543e+00	4.946455936882407656e+01
4.219138153430114002e+00	4.947411092859790216e+01
4.225426162098283811e+00	4.956783735762079601e+01
4.231713506719782636e+00	4.972679174925157497e+01
4.237990056577191744e+00	4.992261944247453442e+01
4.244267783646744618e+00	4.997116334523954606e+01
4.250560660182562955e+00	5.007782218526674711e+01
4.256847734842668096e+00	5.015977095482194414e+01
4.263127100734456221e+00	5.036662653350395402e+01
4.269406860432507500e+00	5.043647172313722393e+01
4.275691671482192646e+00	5.054219811520152206e+01
4.281972414189518794e+00	5.079591259010016557e+01
4.288253516806755705e+00	5.076114417527808342e+01
4.294540520160492925e+00	5.101871418133131897e+01
4.300825742921731809e+00	5.105070444952207254e+01
4.307109835491901961e+00	5.118990817254087489e+01
4.313390926478413157e+00	5.121293904187571400e+01
4.319667979480563247e+00	5.127570179646697568e+01
4.325952598143786076e+00	5.151624351564981907e+01
4.332241647035422361e+00	5.154663744601165831e+01
4.338524445619096781e+00	5.174192525194247594e+01
4.344809348131129845e+00	5.175331354776952253e+01
4.351090699193166600e+00	5.191764324848004719e+01
4.357369710808320029e+00	5.217694092108494175e+01
4.363659348967174445e+00	5.216023225223715798e+01
4.369947418280990981e+00	5.228021547879091457e+01
4.376226569265827315e+00	5.243056571275431565e+01
4.382499356631129217e+00	5.258128609558038136e+01
4.388784975178015024e+00	5.282179125361948024e+01
4.395068696309480494e+00	5.273986049616778615e+01
4.401347962382031298e+00	5.304569690489690714e+01
4.407628405096517099e+00	5.309601702307682558e+01
4.413915862185140426e+00	5.322785593026928552e+01
4.420203163534264235e+00	5.332969800685142303e+01
4.426480311003382795e+00	5.332431253443291297e+01
4.432765973643649104e+00	5.352981133481729614e+01
4.439053392023870614e+00	5.339807495241061730e+01
4.445336141335588742e+00	5.367837951462202994e+01
4.451617241414883352e+00	5.379381999956117966e+01
4.457901500730311106e+00	5.396020013986239405e+01
4.464189501093017043e+00	5.402856147846299706e+01
4.470470197548729985e+00	5.399606899631244517e+01
4.476748044268524573e+00	5.423366219532875476e+01
4.483035990164653484e+00	5.399601748319120986e+01
4.489323331650528104e+00	5.414841751322818908e+01
4.495599111667934800e+00	5.417303773617007323e+01
4.501870922878794090e+00	5.408020746107505516e+01
4.508155162877705457e+00	5.432945796069432731e+01
4.514446451153479423e+00	5.404329477544356308e+01
4.520723894043856994e+00	5.430497063170530936e+01
4.527003782460155890e+00	5.421005318767077341e+01
4.533293086610313161e+00	5.417389836284073112e+01
4.539578989864040182e+00	5.411729216304893697e+01
4.545857164866476730e+00	5.404963617615219817e+01
4.552138955546025656e+00	5.378707825608254467e+01
4.558432046889146605e+00	5.391644468167029913e+01
4.564713463378488711e+00	5.369296411221052523e+01
4.570987274133244682e+00	5.376067278597611931e+01
4.577274818151045643e+00	5.362007506648615873e+01
4.583563263889338657e+00	5.359070966403067615e+01
4.589844917004465508e+00	5.384528874338036530e+01
4.596126259982004747e+00	5.389102580578909851e+01
4.602409075598298926e+00	5.375793958246508453e+01
4.608696634867644804e+00	5.357602390324912278e+01
4.614977646498861219e+00	5.379954247161852976e+01
4.621258953029527383e+00	5.374679040883329151e+01
4.627547993978874175e+00	5.378242373134875720e+01
4.633830152730579854e+00	5.378855727336726744e+01
4.640104005367354567e+00	5.386249093595674253e+01
4.646382060386754276e+00	5.399253823754593640e+01
4.652674213731970987e+00	5.424033856108295737e+01
4.658958291796220230e+00	5.445030780192570319e+01
4.665233615070169648e+00	5.436196063089576569e+01
4.671520675710307380e+00	5.424048173665836003e+01
4.677814351732177300e+00	5.443038072808022321e+01
4.684093699744638073e+00	5.449862345232012473e+01
4.690368661472568590e+00	5.447955169357931027e+01
4.696663270746453733e+00	5.465906849134276513e+01
4.702945459248681459e+00	5.487353362727569817e+01
4.709209170841929470e+00	5.497008655465194948e+01
4.715491634753063543e+00	5.495141513368054120e+01
4.721784316284933780e+00	5.502281332996820851e+01
4.728063062331094635e+00	5.521413318313182828e+01
4.734337423381671073e+00	5.541584432247281455e+01
4.740627024094544062e+00	5.520184328679436447e+01
4.746914995664547554e+00	5.567585259785413854e+01
4.753194740071086777e+00	5.563843636594216235e+01
4.759478891864783456e+00	5.565212971794279895e+01
4.765762396877359031e+00	5.606041438132480437e+01
4.772049481246195768e+00	5.590437102028185734e+01
4.778335091022592351e+00	5.613988761991249277e+01
4.784610831402393849e+00	5.620340054763112647e+01
4.790907306208476157e+00	5.651904570262657757e+01
4.797204047706418173e+00	5.667906580414170037e+01
4.803470827697504220e+00	5.674364620745008381e+01
4.809748850577324042e+00	5.716117697916442353e+01
4.816045316586602176e+00	5.705613389912907252e+01
4.822329240673497885e+00	5.727223962297187398e+01
4.828596758226470165e+00	5.737474135392587016e+01
4.834890332961369275e+00	5.753432997758365985e+01
4.841191655056394261e+00	5.800855396573044942e+01
4.847460407468000554e+00	5.806419147158820238e+01
4.853732128521334843e+00	5.836409056221434355e+01
4.860029138783373170e+00	5.836558660911718022e+01
4.866314601732018019e+00	5.873769813495948000e+01
4.872587026269203925e+00	5.861442710222521413e+01
4.878874221748241702e+00	5.877770164855486001e+01
4.885171078138658807e+00	5.910166939541363007e+01
4.891450629931857641e+00	5.909056087100024968e+01
4.897716482750221978e+00	5.971221861194018032e+01
4.904002834596266069e+00	5.961553622480493431e+01
4.910295858205786068e+00	6.001380168070970456e+01
4.916575188115905881e+00	6.034933858954997987e+01
4.922847946197084212e+00	6.060726244857482214e+01
4.929131667457151700e+00	6.056058639824831857e+01
4.935434460144239033e+00	6.131394858229452183e+01
4.941718513303545279e+00	6.133745579989872709e+01
4.947978624761803168e+00	6.134063159700134804e+01
4.954274999209829389e+00	6.198044026168069109e+01
4.960571094729937514e+00	6.231588444779569613e+01
4.966823207626954506e+00	6.205254671293512558e+01
4.973097418390337587e+00	6.270345831121053948e+01
4.979415129936382023e+00	6.306349397430542325e+01
4.985702082330368157e+00	6.318254355266742550e+01
4.991949985828016523e+00	6.384091115217074019e+01
4.998241586316924057e+00	6.372323585019530157e+01
5.004556635606089543e+00	6.411143577298541629e+01
5.010828655701208945e+00	6.383827642522987844e+01
5.017077229702536556e+00	6.489644676280911995e+01
5.023374414758113637e+00	6.520670260378415151e+01
5.029688873569548413e+00	6.535805073467541604e+01
5.035958413584124216e+00	6.584612027548983804e+01
5.042232667658486989e+00	6.614415381162962149e+01
5.048528755870775875e+00	6.649766075723952952e+01
5.054821121427484520e+00	6.686751693434858623e+01
5.061069509814582368e+00	6.703337254592975114e+01
5.067347812754101177e+00	6.750055358904769776e+01
5.073675050630431116e+00	6.781970709658817498e+01
5.079945928388977627e+00	6.795325035530774471e+01
5.086192992546071601e+00	6.864198942584911833e+01
5.092484128970163226e+00	6.911851896542722784e+01
5.098802924706086870e+00	6.934934362617607917e+01
5.105078217426394005e+00	6.995408190180604890e+01
5.111325076574067872e+00	7.030813667719964144e+01
5.117628358851224135e+00	7.060426245783713739e+01
5.123935939383525984e+00	7.145286246041675327e+01
5.130199176325612065e+00	7.165034171840613908e+01
5.136469985878846956e+00	7.191956322258336343e+01
5.142797788696348071e+00	7.275537400006740540e+01
5.149090378043822192e+00	7.362626808431959091e+01
5.155289879840074363e+00	7.351740470297191621e+01
5.161564521234301317e+00	7.412502916611396131e+01
5.167916673496016244e+00	7.473626305363147537e+01
5.174205974602950064e+00	7.574421162266784791e+01
5.180434820793812456e+00	7.614796304560401552e+01
5.186729096569634656e+00	7.632295060273411025e+01
5.193058481037780894e+00	7.655639575463763435e+01
5.199319511444338460e+00	7.751929698205474040e+01
5.205574295584361799e+00	7.853198239900260091e+01
5.211894977074066126e+00	7.815775597958499077e+01
5.218201708336958511e+00	7.977042694445346172e+01
5.224411911780083351e+00	7.958427204776243968e+01
5.230677632666463239e+00	7.982622762066110056e+01
5.237056729559757429e+00	8.113253854582407598e+01
5.243336785035660697e+00	8.243908644556211129e+01
5.249493476178225038e+00	8.262613425594201999e+01
5.255787017738318134e+00	8.238237047558376958e+01
5.262205327426889845e+00	8.280919026162730745e+01
5.268477758348532269e+00	8.493605076653736319e+01
5.274632213654732560e+00	8.461852123632820621e+01
5.280950543314659740e+00	8.577735693951795781e+01
5.287327645024750389e+00	8.664638184087306172e+01
5.293582359180156516e+00	8.773697990558778770e+01
5.299789992649893478e+00	8.923595297576918028e+01
5.306111460381987222e+00	8.923197713631982708e+01
5.312452717892129250e+00	9.079945361870584009e+01
5.318650122853046724e+00	8.962717581131782651e+01
5.324923043129819789e+00	9.184908653675246626e+01
5.331330237158205421e+00	9.323712548969250236e+01
5.337586726886338617e+00	9.356242944728387556e+01
5.343685192440848830e+00	9.419207801123532420e+01
5.350070659715249199e+00	9.541485052732444672e+01
5.356556762554878226e+00	9.837977979180094223e+01
5.362691868684501095e+00	9.765622389746387455e+01
5.368769208912516966e+00	9.840048672484746817e+01
5.375270137997677722e+00	9.986693227234748349e+01
5.381769983045385786e+00	1.014453496359224260e+02
5.387701030372958222e+00	1.019695024639099046e+02
5.393786668001271600e+00	1.010764460533503240e+02
5.400446161099396569e+00	1.024797435385983704e+02
5.406957063684501463e+00	1.058237735530218089e+02
5.412655672453426270e+00	1.055932987316550538e+02
5.418821279260546575e+00	1.062299195678463946e+02
5.425690594366304076e+00	1.104241042669485040e+02
5.432217487502165376e+00	1.109969098116783925e+02
5.437649811577258241e+00	1.115581586489157360e+02
5.443914404015878006e+00	1.128436053584579213e+02
5.450953501686320202e+00	1.122238898561084568e+02
5.457483690405861232e+00	1.152672280239000884e+02
5.462715250135157241e+00	1.158204802747372923e+02
5.469033575551323523e+00	1.172132702212164759e+02
5.476177730420278778e+00	1.196027588303479945e+02
5.482708935702562236e+00	1.143660785183255086e+02
5.487722405008360838e+00	1.211517533533631763e+02
5.494194284996126498e+00	1.224363859889807316e+02
5.501391471009256406e+00	1.250742568673668416e+02
5.507128202673079009e+00	1.267080235272327968e+02
5.512278020050448646e+00	1.263274451522125759e+02
5.519395563377015534e+00	1.282183174182518428e+02
5.526598678609708770e+00	1.395863819523506777e+02
5.532162682462509196e+00	1.225869986210395837e+02
5.537397124017139127e+00	1.418616819573058763e+02
5.544582756485218589e+00	1.227084531609914677e+02
5.551739327507637434e+00	1.367469851017155236e+02
5.557493306674907707e+00	1.776164527589019713e+02
5.562281709102816940e+00	1.108678626492146861e+02
5.569272720323164449e+00	5.573192802191082507e+01
