8.899641224696953554e-03	6.979759727123490848e+03
1.507912216506557788e-02	8.901151155159024711e+03
2.144790186456836667e-02	7.812334890972846551e+03
2.783660776489276650e-02	6.900233597428651592e+03
3.435099785803411021e-02	6.501441741634581376e+03
4.047886761425745911e-02	5.858710545316029311e+03
4.676716683575679601e-02	5.994580728361312140e+03
5.308225101765951665e-02	5.580911524432651277e+03
5.945362440940590160e-02	5.325450240168926030e+03
6.576224814588792211e-02	5.252179623392458780e+03
7.196632906698736953e-02	4.657795459592498446e+03
7.827860915688347743e-02	4.245529651104769073e+03
8.470398945834539672e-02	3.693954707823193985e+03
9.096854620527369817e-02	3.525293677770302111e+03
9.720789776830213169e-02	3.408766277331239962e+03
1.034763038959366499e-01	3.116930739176172665e+03
1.097576444254559219e-01	2.985523130434981340e+03
1.160543084780093354e-01	2.780088329877145043e+03
1.223669666537485351e-01	2.619654240397652302e+03
1.286817263090294094e-01	2.473478446987093776e+03
1.349500801664080818e-01	2.398743041777874623e+03
1.411949558842147678e-01	2.183205557043767385e+03
1.475133575747468451e-01	2.065537735968948255e+03
1.537865074252268427e-01	2.049859424089588174e+03
1.600657544051110326e-01	1.857493577906963083e+03
1.663991168687080635e-01	1.788024486304113907e+03
1.727195645776442856e-01	1.691218776153661111e+03
1.789765213377084718e-01	1.626222177858286386e+03
1.852353690647852158e-01	1.575607599610324996e+03
1.914806787341157279e-01	1.475044669861639704e+03
1.977889868651535599e-01	1.432415965783694901e+03
2.040937735447724277e-01	1.342807728000298312e+03
2.103939302609846018e-01	1.321009325353684289e+03
2.166909709822301688e-01	1.279839657844137037e+03
2.229700281216152047e-01	1.243994453987412044e+03
2.292620027086341994e-01	1.187232325005497842e+03
2.355141508366812297e-01	1.118474882119750191e+03
2.417910583817859116e-01	1.118683632696111999e+03
2.480856539439619257e-01	1.061897021657979622e+03
2.543492256872954549e-01	1.042011412045454790e+03
2.606334251884805386e-01	9.945369093644841314e+02
2.669257370896960802e-01	9.671879025431001082e+02
2.732423343141155980e-01	9.424784276047910225e+02
2.795529680084415936e-01	9.216932772818142894e+02
2.858366292314493129e-01	9.072462443136338379e+02
2.920876271394311496e-01	8.691472611321906925e+02
2.983449844439822751e-01	8.389877165988741581e+02
3.046382639407197446e-01	8.283233819193651470e+02
3.109279127003197196e-01	8.018919438922938525e+02
3.172168171618398036e-01	7.872928934183186129e+02
3.235187567944423082e-01	7.642946089505344389e+02
3.298168217550395687e-01	7.472123637186673477e+02
3.361176429457156667e-01	7.281033809108946571e+02
3.423700375709273769e-01	7.138547482853822430e+02
3.486478192666269682e-01	6.949360031070087871e+02
3.549411614411318028e-01	6.901489507992297376e+02
3.611916935421040642e-01	6.683409664655188180e+02
3.674767089563572564e-01	6.628412086699341899e+02
3.737647795277591056e-01	6.498872118884020210e+02
3.800654031475132477e-01	6.242301272428030643e+02
3.863539861259823738e-01	6.197801572380892594e+02
3.926140181364449755e-01	6.049798371268886967e+02
3.989264500321934581e-01	5.978293818432669013e+02
4.052073244576828714e-01	5.886055742469881125e+02
4.114916477570477182e-01	5.728240674495523308e+02
4.177814272116491257e-01	5.599451045695496987e+02
4.240400648725131116e-01	5.512050511042484686e+02
4.303425690270192283e-01	5.442205189889851908e+02
4.366358560255625965e-01	5.350267859133194861e+02
4.428996183220763605e-01	5.210636297501931722e+02
4.491634418529859563e-01	5.225266961885578212e+02
4.554414146254732731e-01	5.080164188577364826e+02
4.617634470301058558e-01	5.062114589217919161e+02
4.680644242023710433e-01	4.951651285962317388e+02
4.743485242764365895e-01	4.856064258428035600e+02
4.806356136815400082e-01	4.800496751872342429e+02
4.869019258388697646e-01	4.775837450276890763e+02
4.931697099599955947e-01	4.681709459882718534e+02
4.994506747144535908e-01	4.592465238163186427e+02
5.057159051335421429e-01	4.563498425709152571e+02
5.119923996268095356e-01	4.490585599406422261e+02
5.183126097768406826e-01	4.431558058004506506e+02
5.246089638029100000e-01	4.375053220292070364e+02
5.308757308483337267e-01	4.305290771257910478e+02
5.371573527946726934e-01	4.247955529640092891e+02
5.434579563783791256e-01	4.190312913778723782e+02
5.497430652392217842e-01	4.189113983252040043e+02
5.559937427501778773e-01	4.111758315338234979e+02
5.622854676609657654e-01	4.052875534567548357e+02
5.686011537227265711e-01	4.008295777262482034e+02
5.748804589422079614e-01	3.961452378370543670e+02
5.811550210340560296e-01	3.922673595385249996e+02
5.874394496660968468e-01	3.879023777004292697e+02
5.937176220296899176e-01	3.845405108864706563e+02
5.999971954793682505e-01	3.809507489747645650e+02
6.062679115124277596e-01	3.751641648001745466e+02
6.125469576444534381e-01	3.711001577556772304e+02
6.188477733041515272e-01	3.672067627982773956e+02
6.251310567437898813e-01	3.632642021502863372e+02
6.314027450383210560e-01	3.563558686528447197e+02
6.377003562732055375e-01	3.566775885807422810e+02
6.439857783314556494e-01	3.522025859896848488e+02
6.502685417166111925e-01	3.499475150494470199e+02
6.565586117699038216e-01	3.449506695667600980e+02
6.628369282359254377e-01	3.437514642262880784e+02
6.691185444962194362e-01	3.398272676233912648e+02
6.754070198575605755e-01	3.358519717078951317e+02
6.816835514593204692e-01	3.358292523578946884e+02
6.879592533861698112e-01	3.324449756378577376e+02
6.942344317039531587e-01	3.294859107135905560e+02
7.005175402434737908e-01	3.249498969166541542e+02
7.068124956608716758e-01	3.224296333764086739e+02
7.131019009674921527e-01	3.198451649525667335e+02
7.193918251171427247e-01	3.171006219402190140e+02
7.256833807598113140e-01	3.128426822737100679e+02
7.319652682709349989e-01	3.107805291513936368e+02
7.382507990484923344e-01	3.089671562567511955e+02
7.445265842115937893e-01	3.063567208713345735e+02
7.507871101942712455e-01	3.045180366857724721e+02
7.570758465316046459e-01	3.008847546015904300e+02
7.633641233600957365e-01	2.982636343872660518e+02
7.696462959862266917e-01	2.968634427167507397e+02
7.759394865175414102e-01	2.944553452237058195e+02
7.822329141989586843e-01	2.926160707396183511e+02
7.885314936520240181e-01	2.904342502477925905e+02
7.947896566979522071e-01	2.886300360259492095e+02
8.010491096592354809e-01	2.854153808529337653e+02
8.073364061727361651e-01	2.837596826071447822e+02
8.136229488373866170e-01	2.824621047790166131e+02
8.199152998961036776e-01	2.795686914845574051e+02
8.261952636392789762e-01	2.771623123856838902e+02
8.324897070080405914e-01	2.744554919455723052e+02
8.387959309210778480e-01	2.730162555837210334e+02
8.450634639703045181e-01	2.717081264339531117e+02
8.513282867562648182e-01	2.675278809222821224e+02
8.576198263902009566e-01	2.670077549710065341e+02
8.639058477062415697e-01	2.670492794734204836e+02
8.701838745487597837e-01	2.630815803363931877e+02
8.764641096075268534e-01	2.634655570693320215e+02
8.827503873399735745e-01	2.603423518741181510e+02
8.890332768393869323e-01	2.583323785464821185e+02
8.953084247113127780e-01	2.572863978305772434e+02
9.015956521667095602e-01	2.548919170572495716e+02
9.078833328094829680e-01	2.551378920584990340e+02
9.141744106319863450e-01	2.521265263933752578e+02
9.204630817717615043e-01	2.506649666203295226e+02
9.267434415264711456e-01	2.484128996092954935e+02
9.330324197354928906e-01	2.479909620875646112e+02
9.393265785573878812e-01	2.456891952130706329e+02
9.455974810398196650e-01	2.440924809486117795e+02
9.518660018545171964e-01	2.415811377823472696e+02
9.581413255531838757e-01	2.410860282641331764e+02
9.644350945109106954e-01	2.398874446553154201e+02
9.707355633568249820e-01	2.383716729686376539e+02
9.770080768450029041e-01	2.376782808622716345e+02
9.832823325363413414e-01	2.352937107615839807e+02
9.895569691966674686e-01	2.342583073932906075e+02
9.958456301921106979e-01	2.337647125724732291e+02
1.002136210743837408e+00	2.319867473393872501e+02
1.008404825335135424e+00	2.301163835900598826e+02
1.014694149836243398e+00	2.280512181132445733e+02
1.020992555437297167e+00	2.280681610652834479e+02
1.027273980437394485e+00	2.256318425172920286e+02
1.033559181896017254e+00	2.253694616394535331e+02
1.039847557392594934e+00	2.236673961348120656e+02
1.046126974943305088e+00	2.221940362042175536e+02
1.052403436811028659e+00	2.214094789560963079e+02
1.058680704651608684e+00	2.202376931360171000e+02
1.064964333065789193e+00	2.176638251482608837e+02
1.071256777440835473e+00	2.180550852367653647e+02
1.077544048801078125e+00	2.162385582268321400e+02
1.083824820188043603e+00	2.159975561147193730e+02
1.090108023942816695e+00	2.138818784828951891e+02
1.096389665956643222e+00	2.131333701486551888e+02
1.102681132058841440e+00	2.121872297450161966e+02
1.108963047594879958e+00	2.115082189935450003e+02
1.115225428463759272e+00	2.102366971864486516e+02
1.121502127614767863e+00	2.084221311810366615e+02
1.127792573824792033e+00	2.080344077593899215e+02
1.134089552668382961e+00	2.072701587012344930e+02
1.140364049650405942e+00	2.057836235141632528e+02
1.146639180320979445e+00	2.048070418104222199e+02
1.152942412991649901e+00	2.033625476880440885e+02
1.159228906751078814e+00	2.027373654301334227e+02
1.165508721887268173e+00	2.017247858987476548e+02
1.171793076256210320e+00	2.006985678383984464e+02
1.178087436369658958e+00	1.997337218794461364e+02
1.184367654251526902e+00	1.980329992015877849e+02
1.190634642299266632e+00	1.979509913802554877e+02
1.196912208834400859e+00	1.971496930668559457e+02
1.203201577354146234e+00	1.962681669340836947e+02
1.209486844441705733e+00	1.954231979957425551e+02
1.215763902074809888e+00	1.936720655312221027e+02
1.222049755171146668e+00	1.934625031036654264e+02
1.228340616621486969e+00	1.923865164425666308e+02
1.234632986576932767e+00	1.910831901348049655e+02
1.240902247176856488e+00	1.896906542013980186e+02
1.247174839144687519e+00	1.892995008289551890e+02
1.253465459933442272e+00	1.874306284617695724e+02
1.259749951892178421e+00	1.879627284158696341e+02
1.266032143127253873e+00	1.870653896633387774e+02
1.272316288472006507e+00	1.856212860843567967e+02
1.278604155058621350e+00	1.847255059174456164e+02
1.284886588933593865e+00	1.839264300217633092e+02
1.291175420066583257e+00	1.829921183694282547e+02
1.297465726373772332e+00	1.830682971505807757e+02
1.303741827011944299e+00	1.819911972879894506e+02
1.310017322922761851e+00	1.808885334910210361e+02
1.316301447662886703e+00	1.799831555468396687e+02
1.322586760363303249e+00	1.789576173705847566e+02
1.328865492452874664e+00	1.779017453704920797e+02
1.335144804954555564e+00	1.775465378415450743e+02
1.341440516272275119e+00	1.765321179876748943e+02
1.347730868417094552e+00	1.759804539037890265e+02
1.354001589994877630e+00	1.754180540905616397e+02
1.360282609297778444e+00	1.743110303413857878e+02
1.366565686457597906e+00	1.736346089296216064e+02
1.372851498482432708e+00	1.732598737168152354e+02
1.379135372929401804e+00	1.727546082422063023e+02
1.385409567149057164e+00	1.716204510224160913e+02
1.391698641219299315e+00	1.708444958114490362e+02
1.397984451439470810e+00	1.703648681514815735e+02
1.404267883409181961e+00	1.698322686293551271e+02
1.410554779484869181e+00	1.685558305353190178e+02
1.416837833547465397e+00	1.673354190087050597e+02
1.423118177187137068e+00	1.666786417679347210e+02
1.429397801164240089e+00	1.665111418029866854e+02
1.435686921822787232e+00	1.662483774661957625e+02
1.441977121769299597e+00	1.647958850578982890e+02
1.448253667853332427e+00	1.641951655358274422e+02
1.454532348972172651e+00	1.636795852870746444e+02
1.460819319151879903e+00	1.632796636833610648e+02
1.467110364402026468e+00	1.622063942789689577e+02
1.473392908948962132e+00	1.615997304075066836e+02
1.479669965243598950e+00	1.613943123045255277e+02
1.485956144602843532e+00	1.599746068276595565e+02
1.492233610763115115e+00	1.594470178720850981e+02
1.498502470379980078e+00	1.591905302449731039e+02
1.504785752051182701e+00	1.580552332330135528e+02
1.511075991894575976e+00	1.579417532843303036e+02
1.517361634985162189e+00	1.568562060945392602e+02
1.523648570969130533e+00	1.566188000716000772e+02
1.529938035715892264e+00	1.558834173368188090e+02
1.536230176913891965e+00	1.547847562538083537e+02
1.542510718779388279e+00	1.545076921920302482e+02
1.548783963082980275e+00	1.536602922223640064e+02
1.555073069779651318e+00	1.536400546534269154e+02
1.561357324927233892e+00	1.529993241305023162e+02
1.567629121053141006e+00	1.520828510907670648e+02
1.573913697404382583e+00	1.518669783078306352e+02
1.580203545230874029e+00	1.506862282138738180e+02
1.586485393434537983e+00	1.503039165332702112e+02
1.592760014263005841e+00	1.500273692731697395e+02
1.599046436394670812e+00	1.490781860896692024e+02
1.605342136637478934e+00	1.485518316651454427e+02
1.611619860919608627e+00	1.482043172008604870e+02
1.617897597081673799e+00	1.476733462097591882e+02
1.624183235481122756e+00	1.471657643402538440e+02
1.630464598531913722e+00	1.463194605126029160e+02
1.636748985747638274e+00	1.456821066242952725e+02
1.643030923698886259e+00	1.452039893446717542e+02
1.649309176648513064e+00	1.444816692305587651e+02
1.655593633940351861e+00	1.439194389476850517e+02
1.661879571405086464e+00	1.433379200567370901e+02
1.668169361685170271e+00	1.429036076241147839e+02
1.674450151530487485e+00	1.421674459802158879e+02
1.680722718978495900e+00	1.419071101709334073e+02
1.687013891340952476e+00	1.416631340805126911e+02
1.693308984907921033e+00	1.412073362691983789e+02
1.699582147428448486e+00	1.404800901335149490e+02
1.705863747055134105e+00	1.398946394784744029e+02
1.712154434283889470e+00	1.393790798616332722e+02
1.718438381579399321e+00	1.387953247062251023e+02
1.724721264464063930e+00	1.380264433822910632e+02
1.730997441276920679e+00	1.378586102845991661e+02
1.737287073528269499e+00	1.370466911685122113e+02
1.743567991878527401e+00	1.366446507620402997e+02
1.749840680212231048e+00	1.363125425890223426e+02
1.756128549091961144e+00	1.351795218002791614e+02
1.762413535324792502e+00	1.350646360815360367e+02
1.768696187669963837e+00	1.347654447309969896e+02
1.774979359379055266e+00	1.339957625731192934e+02
1.781265555576432957e+00	1.335812845267143985e+02
1.787549427830244619e+00	1.330840843091480679e+02
1.793834120011633004e+00	1.328560908464442889e+02
1.800115051552487300e+00	1.321535772982676917e+02
1.806393904854530330e+00	1.317571205225331141e+02
1.812674089667083432e+00	1.312836826968492971e+02
1.818956920109354058e+00	1.307742920081472846e+02
1.825244164118212220e+00	1.302059941124623208e+02
1.831527256642196955e+00	1.302089901159046690e+02
1.837811294935716599e+00	1.290619262698756131e+02
1.844100717411196744e+00	1.288610592437612468e+02
1.850384816792487230e+00	1.282613897571612824e+02
1.856666059735203822e+00	1.282494654573848436e+02
1.862947728675613979e+00	1.271280787756726340e+02
1.869229324466858078e+00	1.270720226377147100e+02
1.875517616802973686e+00	1.265064411819768679e+02
1.881800769033795229e+00	1.260030583020932937e+02
1.888078863416442710e+00	1.255986049027135891e+02
1.894353975182237582e+00	1.250059316783357843e+02
1.900642716154182565e+00	1.247676668700111264e+02
1.906933494748685121e+00	1.244291473736236782e+02
1.913207568676573933e+00	1.239583100424096074e+02
1.919490884732178992e+00	1.235303521602402412e+02
1.925776855684274480e+00	1.227164311786723090e+02
1.932064452961978152e+00	1.226612634933432417e+02
1.938342610030488800e+00	1.222452300032476131e+02
1.944618341543410178e+00	1.217209026192094541e+02
1.950906260203513876e+00	1.213218818386310431e+02
1.957194556613796488e+00	1.207406235846627567e+02
1.963479614559011432e+00	1.204540438330884342e+02
1.969760361532916226e+00	1.196547182830364591e+02
1.976048367034604736e+00	1.193081406863839362e+02
1.982337990217652335e+00	1.188213371958082831e+02
1.988617489259562721e+00	1.187827775729249851e+02
1.994896320665194178e+00	1.184509896224265759e+02
2.001179596222827151e+00	1.181584496720387421e+02
2.007459756923499761e+00	1.173327095645020961e+02
2.013737397779169935e+00	1.171154748172328652e+02
2.020017234677497164e+00	1.166202748235481010e+02
2.026310251015072783e+00	1.164255427260351752e+02
2.032600542948020284e+00	1.157960153626515449e+02
2.038873863192099289e+00	1.153435126099137875e+02
2.045154087821675404e+00	1.150915035414956975e+02
2.051444704514288730e+00	1.146382673900710216e+02
2.057730430280644729e+00	1.144074382078249670e+02
2.064013940455224461e+00	1.139696749695334290e+02
2.070299891179459895e+00	1.134739634563396180e+02
2.076589719964883951e+00	1.130941749788871391e+02
2.082865483794470673e+00	1.127693842044053270e+02
2.089134494859368640e+00	1.123352272545047725e+02
2.095424211360070288e+00	1.118135073580321830e+02
2.101707116664804254e+00	1.117720401808637689e+02
2.107986473933564309e+00	1.112466189546798319e+02
2.114271806543862375e+00	1.108592007040698348e+02
2.120552717288892275e+00	1.105180332462366266e+02
2.126836933207161717e+00	1.101977419242610097e+02
2.133122044791171845e+00	1.097673960160401663e+02
2.139411711910842673e+00	1.093207960399493146e+02
2.145697076775292089e+00	1.090548961191503281e+02
2.151973548606471276e+00	1.086988112488944864e+02
2.158259913555724108e+00	1.083847270302000538e+02
2.164545396699105506e+00	1.078592913216316873e+02
2.170830700377734068e+00	1.076900722527923477e+02
2.177114138849150393e+00	1.071865703166618573e+02
2.183387647576827018e+00	1.069190008450883909e+02
2.189670273687676971e+00	1.067459574805831437e+02
2.195960147934207463e+00	1.061522990560949182e+02
2.202242556317716371e+00	1.057512252426661661e+02
2.208521655981037668e+00	1.056834632207451534e+02
2.214804637081333016e+00	1.051919594394359478e+02
2.221092583349425276e+00	1.049895037767475117e+02
2.227372893591468728e+00	1.048074342505982486e+02
2.233657161144248171e+00	1.041974552583448457e+02
2.239943485394438660e+00	1.038646598293174321e+02
2.246224175264620815e+00	1.034353681848913311e+02
2.252506378421252009e+00	1.032015865892054052e+02
2.258783417054270437e+00	1.030186338525814733e+02
2.265069077371457684e+00	1.026656191512081051e+02
2.271350377044131452e+00	1.022713537929346330e+02
2.277633995145353918e+00	1.019932490380544294e+02
2.283922419579920149e+00	1.016129575542837529e+02
2.290202874392252674e+00	1.013127761308726065e+02
2.296490779970905560e+00	1.010593763928643511e+02
2.302771769934229162e+00	1.007809195918478906e+02
2.309051364164305564e+00	1.002717893400051707e+02
2.315338502539088239e+00	1.001611444064564154e+02
2.321627336503874428e+00	9.971169665126537041e+01
2.327911878297218795e+00	9.946846907681792516e+01
2.334186238580297168e+00	9.923266987067921718e+01
2.340467971862688401e+00	9.897039652446791536e+01
2.346756940970738725e+00	9.866386823198365619e+01
2.353044444556199988e+00	9.821815159360772896e+01
2.359327653314069906e+00	9.812928432727379402e+01
2.365603048789861607e+00	9.773830906283852471e+01
2.371885911737665165e+00	9.748540594053085329e+01
2.378173303594019572e+00	9.711476901446407339e+01
2.384454016539381271e+00	9.672743657371495374e+01
2.390736447344785187e+00	9.630640167202479063e+01
2.397014133897952259e+00	9.618468578050125473e+01
2.403295490074321972e+00	9.601347204579522554e+01
2.409585049672506862e+00	9.560376203680347373e+01
2.415871703165322071e+00	9.542502995917294584e+01
2.422160652369088840e+00	9.528359779490716619e+01
2.428440167222748691e+00	9.507371347387669402e+01
2.434717472383889803e+00	9.454245788250510429e+01
2.441002456202044257e+00	9.435299866913724998e+01
2.447289980304530488e+00	9.403387206131031917e+01
2.453571844729242279e+00	9.387642932570032883e+01
2.459852705114058846e+00	9.356517284548357338e+01
2.466139233225018934e+00	9.329765838690605051e+01
2.472421963421291391e+00	9.298846130012263700e+01
2.478698519174224568e+00	9.288110142108010336e+01
2.484980841400355800e+00	9.253627592717339212e+01
2.491269319409339822e+00	9.227792241501290960e+01
2.497548505139029373e+00	9.212808717619087417e+01
2.503831667172610853e+00	9.181110361183910129e+01
2.510117938323931153e+00	9.153110416936040394e+01
2.516400733681277480e+00	9.154610658507027665e+01
2.522688226833368130e+00	9.100884688809763645e+01
2.528971695852665569e+00	9.102892216579196827e+01
2.535252039407670299e+00	9.034789596671649292e+01
2.541537514142774512e+00	9.060315852924804858e+01
2.547823008847572179e+00	9.007848482738246787e+01
2.554100666580690238e+00	9.008439950258885176e+01
2.560376788884177301e+00	8.974570068910115594e+01
2.566667521601497359e+00	8.951040445704073534e+01
2.572955062237090473e+00	8.927652587456931599e+01
2.579233771797999175e+00	8.911787699115127737e+01
2.585520164300948220e+00	8.877191645476207782e+01
2.591805130332431872e+00	8.855663268560276435e+01
2.598084074692260881e+00	8.831643998313467137e+01
2.604360404197643586e+00	8.815784152101828397e+01
2.610647185140439142e+00	8.807118580729839152e+01
2.616931864059273138e+00	8.778803124988885997e+01
2.623206107911065565e+00	8.747425624056403137e+01
2.629491626543270844e+00	8.742988746678979339e+01
2.635778507982642349e+00	8.729675911788596920e+01
2.642061039325260818e+00	8.700876774377643130e+01
2.648343840729305843e+00	8.694793652407435047e+01
2.654631838974855551e+00	8.661358680280063993e+01
2.660919001246303761e+00	8.619270116562266537e+01
2.667198525130066056e+00	8.617903476738712243e+01
2.673484307038032526e+00	8.617654996652517241e+01
2.679773388053849459e+00	8.573443260209639050e+01
2.686058217632288692e+00	8.577494458933688293e+01
2.692338738200057868e+00	8.560027198487512123e+01
2.698618022887226964e+00	8.525873327065899332e+01
2.704895450708277860e+00	8.524657643301073051e+01
2.711175674923682166e+00	8.515736997849352008e+01
2.717459832966957922e+00	8.471450547712694856e+01
2.723745731959044569e+00	8.463824667401178203e+01
2.730038414850594730e+00	8.452132075373731368e+01
2.736317989800789441e+00	8.445723067305672771e+01
2.742591858549239703e+00	8.422982842215242272e+01
2.748879749010778362e+00	8.391699220851246821e+01
2.755163403825859447e+00	8.395598482582727229e+01
2.761446955625852073e+00	8.359273769362610551e+01
2.767732088935374701e+00	8.359095762325119949e+01
2.774015452421743966e+00	8.338127460362896670e+01
2.780298635700591436e+00	8.327103884492083807e+01
2.786577474762241380e+00	8.307785079014200846e+01
2.792857983210164541e+00	8.298694183363349453e+01
2.799143790920211483e+00	8.296430324290204794e+01
2.805430058399325244e+00	8.284279062096956636e+01
2.811715058209780072e+00	8.252838505768418997e+01
2.817989272498773623e+00	8.259306224468421931e+01
2.824269171595737760e+00	8.240792039666631297e+01
2.830563016441804081e+00	8.232665717956354001e+01
2.836848750951622034e+00	8.223060691801229893e+01
2.843130027866129783e+00	8.194416111059776142e+01
2.849413896912404986e+00	8.195519844839196821e+01
2.855697464522425566e+00	8.187529751293935476e+01
2.861978799810683594e+00	8.169895156661857527e+01
2.868262469415629567e+00	8.146083617979471114e+01
2.874547359206753860e+00	8.139664053152364431e+01
2.880831111471525041e+00	8.136863120376555969e+01
2.887113216972382546e+00	8.133527986323392156e+01
2.893394504725182781e+00	8.120450106154187608e+01
2.899673662137033592e+00	8.093173065688600332e+01
2.905953958587380814e+00	8.102946774805330676e+01
2.912241118105161064e+00	8.088060041317329762e+01
2.918525996366671205e+00	8.084173667079140557e+01
2.924809035425688819e+00	8.081193642536204891e+01
2.931095916293684933e+00	8.064895774420563157e+01
2.937378182606774413e+00	8.067182864406984777e+01
2.943659980254369923e+00	8.050421427681499154e+01
2.949946454403890250e+00	8.047939453222247153e+01
2.956227653702202307e+00	8.039384465149747427e+01
2.962510478867462993e+00	8.041833671139664830e+01
2.968796535179442309e+00	8.027523409708703639e+01
2.975077657376874907e+00	8.025784292317919721e+01
2.981359866759223376e+00	8.024592024248384803e+01
2.987646761575656562e+00	8.018142937262554426e+01
2.993929038370399365e+00	8.012207678933150135e+01
3.000206214840962726e+00	8.010250765096928660e+01
3.006486172402415669e+00	8.002907768272359590e+01
3.012769812211594456e+00	7.999476973657979784e+01
3.019053144326170113e+00	8.009419475932750743e+01
3.025337405144251424e+00	7.996285329797244401e+01
3.031623734799107961e+00	7.994637007551619945e+01
3.037908962055872575e+00	7.994333708658869853e+01
3.044195067146031608e+00	7.992146447795924757e+01
3.050475543482170426e+00	7.995593072143313407e+01
3.056754954538277502e+00	7.994314304946107086e+01
3.063040539557494668e+00	7.996375992238102981e+01
3.069323699454357346e+00	8.004959083805735531e+01
3.075610692642898769e+00	7.999489183683043336e+01
3.081893798009918584e+00	7.997179500452691059e+01
3.088174549548037717e+00	8.000547559874500791e+01
3.094458635632868493e+00	7.983376681171910150e+01
3.100743982931558840e+00	7.995629961199129809e+01
3.107028111748448396e+00	8.016034478559022602e+01
3.113309299655494300e+00	8.024514701458896582e+01
3.119590662867241626e+00	8.007693967785814948e+01
3.125874006820172912e+00	8.016374421880425416e+01
3.132159251154602586e+00	8.026668210033591322e+01
3.138439172765940643e+00	8.050452637621721408e+01
3.144723867719826593e+00	8.035584892177080008e+01
3.151003951258561031e+00	8.050545023632366792e+01
3.157283664131563139e+00	8.045495613217153164e+01
3.163569317183839935e+00	8.064683349118219269e+01
3.169851661717792091e+00	8.061086634255056538e+01
3.176137704316093657e+00	8.070996608838889586e+01
3.182420924828643916e+00	8.086708608041988100e+01
3.188702811875577581e+00	8.091275402833755948e+01
3.194990520008989865e+00	8.100331433791727420e+01
3.201275324656983834e+00	8.107381696993944331e+01
3.207551352179861759e+00	8.106707279564275836e+01
3.213835216737041645e+00	8.150447281193596893e+01
3.220122579819103770e+00	8.126014852476843942e+01
3.226406606618656525e+00	8.109236151016875738e+01
3.232687390085645429e+00	8.095932822190113143e+01
3.238969121280456331e+00	8.090372506209054393e+01
3.245254751548589667e+00	8.056300111630781657e+01
3.251534499036136783e+00	8.062370040935689985e+01
3.257817780791052442e+00	8.043923179328736239e+01
3.264102164154097263e+00	8.025410280851765776e+01
3.270384152138468892e+00	8.018083789443066678e+01
3.276669427476867735e+00	7.992611972063863846e+01
3.282954688864507808e+00	7.984937122467464121e+01
3.289237200334947264e+00	7.959539125381448343e+01
3.295519587088236779e+00	7.960537247009193607e+01
3.301805977329951958e+00	7.955967586802645997e+01
3.308087486222440088e+00	7.930785064976265630e+01
3.314367630234227313e+00	7.908112020247014584e+01
3.320651909732194262e+00	7.904839926896300994e+01
3.326931260376857047e+00	7.883126810794288986e+01
3.333216512447217728e+00	7.874839583393426778e+01
3.339504489419978128e+00	7.871504073893962072e+01
3.345786804809928405e+00	7.850113369514902217e+01
3.352071130016277767e+00	7.854133713152367591e+01
3.358351496304225581e+00	7.825043396230876169e+01
3.364630591073392019e+00	7.815794219037410073e+01
3.370916305215045483e+00	7.810430481928068502e+01
3.377197952029413752e+00	7.785316690012128049e+01
3.383483063818085501e+00	7.783492591223632928e+01
3.389769992424469969e+00	7.763768147110951645e+01
3.396051330885982100e+00	7.768362918098702607e+01
3.402330879139463971e+00	7.748334632898476571e+01
3.408610488352048495e+00	7.730351380420576390e+01
3.414897837696641236e+00	7.727057600447366781e+01
3.421180484052105619e+00	7.714223899127436823e+01
3.427461639653846870e+00	7.705873358121986882e+01
3.433749159643459059e+00	7.699652742690325624e+01
3.440032646656798310e+00	7.679510415452406846e+01
3.446313366033385339e+00	7.679389465683183857e+01
3.452600135384134905e+00	7.656215527780190655e+01
3.458883152815406703e+00	7.660376002028523601e+01
3.465163834403715448e+00	7.652614167360665931e+01
3.471449329786229221e+00	7.634897460259122681e+01
3.477734476754053894e+00	7.625225969329822817e+01
3.484019652467224226e+00	7.612627585666648145e+01
3.490297019369712928e+00	7.619950910902832675e+01
3.496582486484379970e+00	7.602409433834858987e+01
3.502868048046865024e+00	7.598239313472859635e+01
3.509144649545451244e+00	7.587854272876515438e+01
3.515428082003116295e+00	7.578167092115191394e+01
3.521711031624695565e+00	7.564444094622508885e+01
3.527991850954735664e+00	7.557141176355766277e+01
3.534275545726699885e+00	7.553122478383119187e+01
3.540562632020772149e+00	7.549416073432585961e+01
3.546844410757220789e+00	7.534870311494398720e+01
3.553131386753758836e+00	7.529421049938264332e+01
3.559419203211965144e+00	7.520311159090093156e+01
3.565697971577579839e+00	7.515149625744830075e+01
3.571979559134798254e+00	7.511045987686379988e+01
3.578265774595833726e+00	7.495578854777799904e+01
3.584548309769353125e+00	7.500589574315023356e+01
3.590826843920031486e+00	7.488241163698866387e+01
3.597107306745233934e+00	7.484989488845181427e+01
3.603392831792229245e+00	7.478808184872006848e+01
3.609673209822572559e+00	7.465889585325474798e+01
3.615955412133016189e+00	7.480054939249069434e+01
3.622241607772384686e+00	7.453243149714307947e+01
3.628520252736676444e+00	7.457339653738598884e+01
3.634804827569451113e+00	7.450714628413652463e+01
3.641094981788862928e+00	7.440460556667638059e+01
3.647383514928639325e+00	7.431709400895135786e+01
3.653663283927725658e+00	7.424406763865749781e+01
3.659943504072155296e+00	7.425806613889712082e+01
3.666232000281138603e+00	7.426024057904345455e+01
3.672514211678317597e+00	7.414548688574686253e+01
3.678794154686042539e+00	7.413165001139259402e+01
3.685078621861909820e+00	7.398861424377190588e+01
3.691359210097977961e+00	7.402264321855605544e+01
3.697642368173791105e+00	7.393147863303114775e+01
3.703925796735277665e+00	7.401931698439715035e+01
3.710208240364660348e+00	7.392475079615923050e+01
3.716494593122387169e+00	7.394607262867447162e+01
3.722775386659595398e+00	7.387044057419514331e+01
3.729058392883481510e+00	7.387086078214474583e+01
3.735339748210807720e+00	7.382330657718236466e+01
3.741620776392969638e+00	7.370469899176623585e+01
3.747904795418762980e+00	7.373930218496550992e+01
3.754190633281219380e+00	7.376356600483107684e+01
3.760478208018912749e+00	7.363087792217733352e+01
3.766755538573464346e+00	7.366477050823233697e+01
3.773032090135151506e+00	7.358445972387336553e+01
3.779322553012896879e+00	7.363400412494179648e+01
3.785609109731308930e+00	7.348752254954509056e+01
3.791889825936295200e+00	7.365924410267274425e+01
3.798174822702435893e+00	7.360385651925292905e+01
3.804458658753491651e+00	7.362288516622307100e+01
3.810738438095723435e+00	7.362359300342804147e+01
3.817018850285747167e+00	7.348653141993914062e+01
3.823305314209427763e+00	7.357888294284053643e+01
3.829591295197792178e+00	7.354580374899842354e+01
3.835872296070849341e+00	7.343003375373815800e+01
3.842156279590906109e+00	7.362086526426408284e+01
3.848441511099312429e+00	7.352827019106551631e+01
3.854723334376886079e+00	7.358920426938600201e+01
3.861004740704794713e+00	7.361539287645950935e+01
3.867284336650660848e+00	7.363116651269565693e+01
3.873567367678779849e+00	7.360429405374270573e+01
3.879850662830422792e+00	7.359536239607444941e+01
3.886137063198143338e+00	7.363068865195457136e+01
3.892419463049126005e+00	7.364818508697464949e+01
3.898703740328622658e+00	7.372407610076039930e+01
3.904991458788179326e+00	7.354397855072465973e+01
3.911270842222104083e+00	7.376264369945796773e+01
3.917549806479573071e+00	7.376787365328718238e+01
3.923836006203090587e+00	7.401176254841320201e+01
3.930121452497870926e+00	7.385304827358014279e+01
3.936398172858230460e+00	7.389511811127016472e+01
3.942683040425962293e+00	7.389508343255701561e+01
3.948974759704379611e+00	7.386771989854653953e+01
3.955259227995065352e+00	7.394885354260108556e+01
3.961537174921395454e+00	7.414071856232725111e+01
3.967820217617139544e+00	7.407366522645182272e+01
3.974105559832568968e+00	7.435214155491748045e+01
3.980384727931198352e+00	7.424277986335467006e+01
3.986664590839849698e+00	7.422383016240158327e+01
3.992949619150675034e+00	7.428340447393911461e+01
3.999235075769965952e+00	7.446765219569228123e+01
4.005515715515433506e+00	7.440783150100331511e+01
4.011798434346478537e+00	7.455138473348246464e+01
4.018083716245132386e+00	7.452996165824824004e+01
4.024365700052603856e+00	7.470776597319466816e+01
4.030643960839860540e+00	7.481857037449240977e+01
4.036928708926215137e+00	7.480059747456991204e+01
4.043218157412017177e+00	7.500293289085681181e+01
4.049503019487663558e+00	7.491055054090347198e+01
4.055781898960511000e+00	7.517871763496324888e+01
4.062060795621602161e+00	7.524477630712931386e+01
4.068347865354716042e+00	7.530556306586187532e+01
4.074631027173265529e+00	7.536651527176607601e+01
4.080910837526078971e+00	7.536573809604858809e+01
4.087201203341442657e+00	7.557071213946407795e+01
4.093486818591942189e+00	7.566879433971456592e+01
4.099764387336505500e+00	7.584354494151673975e+01
4.106049166937662420e+00	7.576976596179299861e+01
4.112334559041358695e+00	7.602508098008593151e+01
4.118618926059533614e+00	7.614273360720871153e+01
4.124898942031112625e+00	7.620785008033934105e+01
4.131175432561665417e+00	7.623214742041533043e+01
4.137461563786142271e+00	7.648353955804937243e+01
4.143746006210170307e+00	7.661500562510319412e+01
4.150029800482964326e+00	7.661311941825812255e+01
4.156313390684649001e+00	7.679995928340092348e+01
4.162596105843763716e+00	7.689302547817420930e+01
4.168881843141768684e+00	7.710419184257190750e+01
4.175162111073220217e+00	7.720271606214367921e+01
4.181448573417560155e+00	7.735737740216967495e+01
4.187738782464171194e+00	7.747569336655256222e+01
4.194017437180169061e+00	7.768309433351953430e+01
4.200293572701767175e+00	7.774948637762895487e+01
4.206580195481546269e+00	7.795096306267116404e+01
4.212860644652220543e+00	7.812456796593531294e+01
4.219138153430114002e+00	7.840864456103531666e+01
4.225426162098283811e+00	7.837134129083882783e+01
4.231713506719782636e+00	7.851994975913869723e+01
4.237990056577191744e+00	7.872875835769757202e+01
4.244267783646744618e+00	7.883959896865312089e+01
4.250560660182562955e+00	7.915093524430929506e+01
4.256847734842668096e+00	7.919421350360617851e+01
4.263127100734456221e+00	7.970644277939511824e+01
4.269406860432507500e+00	7.942504952611371039e+01
4.275691671482192646e+00	7.978555285327678348e+01
4.281972414189518794e+00	8.006258387191870440e+01
4.288253516806755705e+00	8.011467289820009796e+01
4.294540520160492925e+00	8.032422932904748336e+01
4.300825742921731809e+00	8.069452673732730830e+01
4.307109835491901961e+00	8.079122105270100462e+01
4.313390926478413157e+00	8.105531235450530403e+01
4.319667979480563247e+00	8.084150406112253506e+01
4.325952598143786076e+00	8.131508129113555583e+01
4.332241647035422361e+00	8.146380907523217729e+01
4.338524445619096781e+00	8.162430684510174217e+01
4.344809348131129845e+00	8.185739302231779391e+01
4.351090699193166600e+00	8.192446414823658074e+01
4.357369710808320029e+00	8.247483239869575300e+01
4.363659348967174445e+00	8.246789977342810118e+01
4.369947418280990981e+00	8.265725191647855752e+01
4.376226569265827315e+00	8.272756954405930685e+01
4.382499356631129217e+00	8.288724307683180825e+01
4.388784975178015024e+00	8.314804820468299340e+01
4.395068696309480494e+00	8.326742467798297298e+01
4.401347962382031298e+00	8.373412120780028545e+01
4.407628405096517099e+00	8.365642473923698219e+01
4.413915862185140426e+00	8.396445469817376761e+01
4.420203163534264235e+00	8.405938837198767999e+01
4.426480311003382795e+00	8.409390155239081821e+01
4.432765973643649104e+00	8.446960392134806739e+01
4.439053392023870614e+00	8.436552166049858670e+01
4.445336141335588742e+00	8.471623938288806244e+01
4.451617241414883352e+00	8.491782496335773089e+01
4.457901500730311106e+00	8.502152551079220189e+01
4.464189501093017043e+00	8.504521163486931812e+01
4.470470197548729985e+00	8.516209005804552135e+01
4.476748044268524573e+00	8.540397284473323225e+01
4.483035990164653484e+00	8.531634387199149216e+01
4.489323331650528104e+00	8.542559948796335334e+01
4.495599111667934800e+00	8.552323385770165487e+01
4.501870922878794090e+00	8.520371965185577778e+01
4.508155162877705457e+00	8.550639067875027877e+01
4.514446451153479423e+00	8.546828445006404706e+01
4.520723894043856994e+00	8.560895630369218168e+01
4.527003782460155890e+00	8.518527331331570451e+01
4.533293086610313161e+00	8.506842058275026375e+01
4.539578989864040182e+00	8.551976218658971618e+01
4.545857164866476730e+00	8.471648282473756808e+01
4.552138955546025656e+00	8.479350431413138267e+01
4.558432046889146605e+00	8.481807592403920637e+01
4.564713463378488711e+00	8.457505852314358208e+01
4.570987274133244682e+00	8.445928308531912876e+01
4.577274818151045643e+00	8.472285100477616027e+01
4.583563263889338657e+00	8.436293277340982399e+01
4.589844917004465508e+00	8.431015967114007026e+01
4.596126259982004747e+00	8.436433914025623437e+01
4.602409075598298926e+00	8.474131924716505182e+01
4.608696634867644804e+00	8.479238716094735651e+01
4.614977646498861219e+00	8.455615320480130492e+01
4.621258953029527383e+00	8.440275829451434220e+01
4.627547993978874175e+00	8.462688610961286884e+01
4.633830152730579854e+00	8.511277402833125905e+01
4.640104005367354567e+00	8.503597775814606052e+01
4.646382060386754276e+00	8.487713389445278267e+01
4.652674213731970987e+00	8.509109460354284238e+01
4.658958291796220230e+00	8.493733363816154736e+01
4.665233615070169648e+00	8.530673471986153800e+01
4.671520675710307380e+00	8.486307156300563292e+01
4.677814351732177300e+00	8.520301027153540474e+01
4.684093699744638073e+00	8.541417378161017382e+01
4.690368661472568590e+00	8.600524083170078882e+01
4.696663270746453733e+00	8.597647558566681880e+01
4.702945459248681459e+00	8.619592852099214042e+01
4.709209170841929470e+00	8.624058483847990431e+01
4.715491634753063543e+00	8.610473469394358403e+01
4.721784316284933780e+00	8.650560286468662241e+01
4.728063062331094635e+00	8.637641961805358903e+01
4.734337423381671073e+00	8.698415855957576071e+01
4.740627024094544062e+00	8.698500909347455945e+01
4.746914995664547554e+00	8.671815191766771136e+01
4.753194740071086777e+00	8.727891471789635602e+01
4.759478891864783456e+00	8.747238151987811250e+01
4.765762396877359031e+00	8.759907112836923204e+01
4.772049481246195768e+00	8.775291115444454704e+01
4.778335091022592351e+00	8.825608040895455986e+01
4.784610831402393849e+00	8.795820325324196176e+01
4.790907306208476157e+00	8.853792992364449788e+01
4.797204047706418173e+00	8.876102392715374378e+01
4.803470827697504220e+00	8.883974788954874668e+01
4.809748850577324042e+00	8.891298671595961878e+01
4.816045316586602176e+00	8.899931922499543191e+01
4.822329240673497885e+00	8.948584085212549155e+01
4.828596758226470165e+00	8.994980570680657195e+01
4.834890332961369275e+00	8.971831655324351118e+01
4.841191655056394261e+00	8.980901778220402321e+01
4.847460407468000554e+00	9.035440521893075072e+01
4.853732128521334843e+00	9.091566040609411914e+01
4.860029138783373170e+00	9.131584052832272391e+01
4.866314601732018019e+00	9.141464934322920044e+01
4.872587026269203925e+00	9.160662383740276482e+01
4.878874221748241702e+00	9.240721724431588768e+01
4.885171078138658807e+00	9.247812805852744589e+01
4.891450629931857641e+00	9.215424696265679927e+01
4.897716482750221978e+00	9.348032390602207897e+01
4.904002834596266069e+00	9.301659071707813098e+01
4.910295858205786068e+00	9.334152107739561188e+01
4.916575188115905881e+00	9.379007308821005040e+01
4.922847946197084212e+00	9.429351108001925752e+01
4.929131667457151700e+00	9.422982734008293448e+01
4.935434460144239033e+00	9.563927256649169806e+01
4.941718513303545279e+00	9.539754327431840863e+01
4.947978624761803168e+00	9.603640523659127837e+01
4.954274999209829389e+00	9.576725463728189425e+01
4.960571094729937514e+00	9.699735601132159957e+01
4.966823207626954506e+00	9.706119402202618573e+01
4.973097418390337587e+00	9.775988410246412741e+01
4.979415129936382023e+00	9.804800016059017764e+01
4.985702082330368157e+00	9.870403473634887348e+01
4.991949985828016523e+00	9.939860442062489199e+01
4.998241586316924057e+00	9.958634757712515295e+01
5.004556635606089543e+00	9.931512334000697706e+01
5.010828655701208945e+00	9.991230066836916990e+01
5.017077229702536556e+00	1.008000933866840114e+02
5.023374414758113637e+00	1.011129724153189358e+02
5.029688873569548413e+00	1.016565544720459684e+02
5.035958413584124216e+00	1.023522356033478786e+02
5.042232667658486989e+00	1.022163595480848386e+02
5.048528755870775875e+00	1.032066331158481063e+02
5.054821121427484520e+00	1.040048059785272869e+02
5.061069509814582368e+00	1.043988874967971441e+02
5.067347812754101177e+00	1.049894571180716270e+02
5.073675050630431116e+00	1.053750891197010446e+02
5.079945928388977627e+00	1.061703850310244519e+02
5.086192992546071601e+00	1.068564847089152892e+02
5.092484128970163226e+00	1.066274757482425031e+02
5.098802924706086870e+00	1.077348241985963710e+02
5.105078217426394005e+00	1.083863868145512583e+02
5.111325076574067872e+00	1.096755348690613232e+02
5.117628358851224135e+00	1.096804933906261539e+02
5.123935939383525984e+00	1.095354113725231713e+02
5.130199176325612065e+00	1.123308394232956857e+02
5.136469985878846956e+00	1.116169410708521781e+02
5.142797788696348071e+00	1.129494731491861472e+02
5.149090378043822192e+00	1.130730271799256883e+02
5.155289879840074363e+00	1.146758789583879263e+02
5.161564521234301317e+00	1.153579328469520391e+02
5.167916673496016244e+00	1.150463531301845848e+02
5.174205974602950064e+00	1.169178466188995600e+02
5.180434820793812456e+00	1.175821924728724213e+02
5.186729096569634656e+00	1.174435976354866256e+02
5.193058481037780894e+00	1.183985806076212555e+02
5.199319511444338460e+00	1.202225623832152053e+02
5.205574295584361799e+00	1.211889821460418801e+02
5.211894977074066126e+00	1.214887204831355518e+02
5.218201708336958511e+00	1.217259084776837028e+02
5.224411911780083351e+00	1.227354992466735979e+02
5.230677632666463239e+00	1.244324015672058863e+02
5.237056729559757429e+00	1.253017984907746296e+02
5.243336785035660697e+00	1.250238843120760492e+02
5.249493476178225038e+00	1.283633960556784359e+02
5.255787017738318134e+00	1.291477702119600792e+02
5.262205327426889845e+00	1.303699681266011510e+02
5.268477758348532269e+00	1.315433784362880090e+02
5.274632213654732560e+00	1.310031785082430247e+02
5.280950543314659740e+00	1.313844555274383765e+02
5.287327645024750389e+00	1.335291719985239070e+02
5.293582359180156516e+00	1.349580087593034534e+02
5.299789992649893478e+00	1.360665339434511907e+02
5.306111460381987222e+00	1.392340546425137120e+02
5.312452717892129250e+00	1.376320317488643070e+02
5.318650122853046724e+00	1.400841529852009444e+02
5.324923043129819789e+00	1.393909998047665226e+02
5.331330237158205421e+00	1.427511565982800334e+02
5.337586726886338617e+00	1.463559899974287930e+02
5.343685192440848830e+00	1.460426883542698135e+02
5.350070659715249199e+00	1.482185323115558617e+02
5.356556762554878226e+00	1.493378296574573199e+02
5.362691868684501095e+00	1.510993103481292223e+02
5.368769208912516966e+00	1.479938099061557182e+02
5.375270137997677722e+00	1.537601135264794721e+02
5.381769983045385786e+00	1.574358653461236202e+02
5.387701030372958222e+00	1.566453589549680032e+02
5.393786668001271600e+00	1.593730777187670924e+02
5.400446161099396569e+00	1.616155753014630534e+02
5.406957063684501463e+00	1.629320055179464646e+02
5.412655672453426270e+00	1.630903163366335491e+02
5.418821279260546575e+00	1.647975527045992123e+02
5.425690594366304076e+00	1.675066713525097555e+02
5.432217487502165376e+00	1.646109056628385190e+02
5.437649811577258241e+00	1.732450667493470178e+02
5.443914404015878006e+00	1.706666109888551830e+02
5.450953501686320202e+00	1.723786306771463614e+02
5.457483690405861232e+00	1.759036927337034513e+02
5.462715250135157241e+00	1.828865915745829795e+02
5.469033575551323523e+00	1.798379897397305456e+02
5.476177730420278778e+00	1.818573346192815166e+02
5.482708935702562236e+00	1.834824279574622494e+02
5.487722405008360838e+00	1.832209399997504988e+02
5.494194284996126498e+00	1.903528625846884665e+02
5.501391471009256406e+00	1.811651557685708838e+02
5.507128202673079009e+00	1.939025228415810318e+02
5.512278020050448646e+00	1.872834413666231228e+02
5.519395563377015534e+00	2.028515026590773971e+02
5.526598678609708770e+00	1.947645309009236598e+02
5.532162682462509196e+00	2.097113030991980054e+02
5.537397124017139127e+00	2.403692818238013444e+02
5.544582756485218589e+00	2.114043484319504387e+02
5.551739327507637434e+00	2.018577686913624518e+02
5.557493306674907707e+00	1.873481614858606292e+02
5.562281709102816940e+00	2.069718506946021819e+02
5.569272720323164449e+00	1.855085184106987981e+02
