8.899641224696953554e-03	8.525768650569110468e+04
1.507912216506557788e-02	1.319483813330406556e+05
2.144790186456836667e-02	7.509844681491727533e+04
2.783660776489276650e-02	6.098505541066841397e+04
3.435099785803411021e-02	3.982838766521557409e+04
4.047886761425745911e-02	2.366696857209371956e+04
4.676716683575679601e-02	2.319348593159000666e+04
5.308225101765951665e-02	1.946482944883114760e+04
5.945362440940590160e-02	1.961575480848650113e+04
6.576224814588792211e-02	1.637509907252206540e+04
7.196632906698736953e-02	1.427413118931746249e+04
7.827860915688347743e-02	1.112551532387892803e+04
8.470398945834539672e-02	9.150119491375749931e+03
9.096854620527369817e-02	8.259618292608616684e+03
9.720789776830213169e-02	7.615191816935215684e+03
1.034763038959366499e-01	6.796128982938806075e+03
1.097576444254559219e-01	6.503705775947979419e+03
1.160543084780093354e-01	6.210909862933233853e+03
1.223669666537485351e-01	5.568075960570098687e+03
1.286817263090294094e-01	5.268409337848672294e+03
1.349500801664080818e-01	4.759591724275026536e+03
1.411949558842147678e-01	4.330029437708102705e+03
1.475133575747468451e-01	4.075873955255858164e+03
1.537865074252268427e-01	3.703494105462415064e+03
1.600657544051110326e-01	3.562439461435219073e+03
1.663991168687080635e-01	3.391685709426852554e+03
1.727195645776442856e-01	3.254723650484169411e+03
1.789765213377084718e-01	3.117694127108884459e+03
1.852353690647852158e-01	2.887873070688794542e+03
1.914806787341157279e-01	2.791597204450069967e+03
1.977889868651535599e-01	2.640498604020965104e+03
2.040937735447724277e-01	2.486323826062696753e+03
2.103939302609846018e-01	2.366131218270737918e+03
2.166909709822301688e-01	2.258028834250289492e+03
2.229700281216152047e-01	2.167747635807582810e+03
2.292620027086341994e-01	2.111050236939168826e+03
2.355141508366812297e-01	2.059751965360364466e+03
2.417910583817859116e-01	1.945725987354085419e+03
2.480856539439619257e-01	1.910371093096800678e+03
2.543492256872954549e-01	1.823234182426352618e+03
2.606334251884805386e-01	1.780357620751205104e+03
2.669257370896960802e-01	1.722328158208028071e+03
2.732423343141155980e-01	1.692457715659467112e+03
2.795529680084415936e-01	1.621970469084611523e+03
2.858366292314493129e-01	1.571109793019215431e+03
2.920876271394311496e-01	1.500111129271023401e+03
2.983449844439822751e-01	1.475327866243477274e+03
3.046382639407197446e-01	1.437136292327341835e+03
3.109279127003197196e-01	1.404963114077918817e+03
3.172168171618398036e-01	1.362015730955550225e+03
3.235187567944423082e-01	1.326343139088786302e+03
3.298168217550395687e-01	1.308447356334729193e+03
3.361176429457156667e-01	1.264543680933614723e+03
3.423700375709273769e-01	1.235939805248752464e+03
3.486478192666269682e-01	1.217599801728726561e+03
3.549411614411318028e-01	1.201931909354009349e+03
3.611916935421040642e-01	1.150983099934687061e+03
3.674767089563572564e-01	1.154207553184967765e+03
3.737647795277591056e-01	1.115837791252489296e+03
3.800654031475132477e-01	1.085076725885224960e+03
3.863539861259823738e-01	1.077401452048821739e+03
3.926140181364449755e-01	1.062010394914416338e+03
3.989264500321934581e-01	1.039842581941579738e+03
4.052073244576828714e-01	1.008132057329306576e+03
4.114916477570477182e-01	1.008450881979822270e+03
4.177814272116491257e-01	9.797815256001321131e+02
4.240400648725131116e-01	9.672465755493934694e+02
4.303425690270192283e-01	9.548173997059950580e+02
4.366358560255625965e-01	9.378431732636969400e+02
4.428996183220763605e-01	9.274753638490218464e+02
4.491634418529859563e-01	9.027950659793275463e+02
4.554414146254732731e-01	9.000037125918120182e+02
4.617634470301058558e-01	8.864960228243736537e+02
4.680644242023710433e-01	8.701220641033098673e+02
4.743485242764365895e-01	8.505685368322250497e+02
4.806356136815400082e-01	8.475770027562163023e+02
4.869019258388697646e-01	8.330690882563230844e+02
4.931697099599955947e-01	8.176948201728274626e+02
4.994506747144535908e-01	8.057654837987419114e+02
5.057159051335421429e-01	7.976894785807759263e+02
5.119923996268095356e-01	7.817821597271902192e+02
5.183126097768406826e-01	7.755003185505730698e+02
5.246089638029100000e-01	7.597581404352122263e+02
5.308757308483337267e-01	7.530171705730840586e+02
5.371573527946726934e-01	7.485775210990934738e+02
5.434579563783791256e-01	7.348721750808794013e+02
5.497430652392217842e-01	7.280589255760489777e+02
5.559937427501778773e-01	7.205257626462564531e+02
5.622854676609657654e-01	7.199705241416222634e+02
5.686011537227265711e-01	7.034656892783007152e+02
5.748804589422079614e-01	6.951400493473408915e+02
5.811550210340560296e-01	6.838947127311952272e+02
5.874394496660968468e-01	6.775014561234185066e+02
5.937176220296899176e-01	6.655910641088189550e+02
5.999971954793682505e-01	6.583104975751283519e+02
6.062679115124277596e-01	6.556470063171699394e+02
6.125469576444534381e-01	6.475444762711432531e+02
6.188477733041515272e-01	6.415604012137938525e+02
6.251310567437898813e-01	6.295393455066157458e+02
6.314027450383210560e-01	6.291832626323136992e+02
6.377003562732055375e-01	6.194282686857901581e+02
6.439857783314556494e-01	6.181669249104445498e+02
6.502685417166111925e-01	6.102959546179424706e+02
6.565586117699038216e-01	6.079301323664011534e+02
6.628369282359254377e-01	5.971080297396600827e+02
6.691185444962194362e-01	5.909711676678853109e+02
6.754070198575605755e-01	5.871118255550950380e+02
6.816835514593204692e-01	5.832154035860859267e+02
6.879592533861698112e-01	5.776227513586687792e+02
6.942344317039531587e-01	5.697145639109651256e+02
7.005175402434737908e-01	5.688066063264078593e+02
7.068124956608716758e-01	5.607893623465208748e+02
7.131019009674921527e-01	5.547744650187603384e+02
7.193918251171427247e-01	5.474876995695381083e+02
7.256833807598113140e-01	5.433139430530159188e+02
7.319652682709349989e-01	5.367529067744216036e+02
7.382507990484923344e-01	5.370666003930344914e+02
7.445265842115937893e-01	5.277351175887060890e+02
7.507871101942712455e-01	5.268572604901162322e+02
7.570758465316046459e-01	5.205459361724088012e+02
7.633641233600957365e-01	5.171362562246268908e+02
7.696462959862266917e-01	5.114371996799644080e+02
7.759394865175414102e-01	5.069053105144442384e+02
7.822329141989586843e-01	5.059872231321468234e+02
7.885314936520240181e-01	4.983530410809871114e+02
7.947896566979522071e-01	4.946394758879408755e+02
8.010491096592354809e-01	4.903423533939769072e+02
8.073364061727361651e-01	4.894182262030298602e+02
8.136229488373866170e-01	4.822620347982771705e+02
8.199152998961036776e-01	4.799680294794504221e+02
8.261952636392789762e-01	4.745797982010208216e+02
8.324897070080405914e-01	4.695744899106148864e+02
8.387959309210778480e-01	4.651832002328112026e+02
8.450634639703045181e-01	4.631164164235662497e+02
8.513282867562648182e-01	4.597592840214021521e+02
8.576198263902009566e-01	4.573247707609946815e+02
8.639058477062415697e-01	4.551741618767924820e+02
8.701838745487597837e-01	4.492245091772548449e+02
8.764641096075268534e-01	4.473371974449401023e+02
8.827503873399735745e-01	4.420436814907376970e+02
8.890332768393869323e-01	4.395517816886204514e+02
8.953084247113127780e-01	4.363448004105775908e+02
9.015956521667095602e-01	4.328741689617314705e+02
9.078833328094829680e-01	4.297912321554828736e+02
9.141744106319863450e-01	4.258964139298920486e+02
9.204630817717615043e-01	4.237908057976463851e+02
9.267434415264711456e-01	4.220414629112790976e+02
9.330324197354928906e-01	4.152994029354820782e+02
9.393265785573878812e-01	4.119002819486605063e+02
9.455974810398196650e-01	4.106611239903254500e+02
9.518660018545171964e-01	4.082478758300070467e+02
9.581413255531838757e-01	4.052387807843780934e+02
9.644350945109106954e-01	4.033794427065423065e+02
9.707355633568249820e-01	3.993403245894188558e+02
9.770080768450029041e-01	3.976957797091335465e+02
9.832823325363413414e-01	3.951353528583101138e+02
9.895569691966674686e-01	3.919778222199556694e+02
9.958456301921106979e-01	3.881357090202273525e+02
1.002136210743837408e+00	3.856177171143513647e+02
1.008404825335135424e+00	3.830375473090917353e+02
1.014694149836243398e+00	3.797325092874089592e+02
1.020992555437297167e+00	3.790766602469708459e+02
1.027273980437394485e+00	3.762047214474705470e+02
1.033559181896017254e+00	3.717887609320511615e+02
1.039847557392594934e+00	3.694290909175267643e+02
1.046126974943305088e+00	3.692568602149281105e+02
1.052403436811028659e+00	3.652855199798177637e+02
1.058680704651608684e+00	3.627163295137057162e+02
1.064964333065789193e+00	3.602010872012161826e+02
1.071256777440835473e+00	3.592444140924797580e+02
1.077544048801078125e+00	3.562609112604135362e+02
1.083824820188043603e+00	3.528616743814596362e+02
1.090108023942816695e+00	3.517722428908664938e+02
1.096389665956643222e+00	3.488883785877733317e+02
1.102681132058841440e+00	3.486662457230510768e+02
1.108963047594879958e+00	3.443468550979512770e+02
1.115225428463759272e+00	3.424507754163631148e+02
1.121502127614767863e+00	3.410505926784136932e+02
1.127792573824792033e+00	3.369590033110744116e+02
1.134089552668382961e+00	3.354536569143187990e+02
1.140364049650405942e+00	3.334234951642956162e+02
1.146639180320979445e+00	3.313662064649471972e+02
1.152942412991649901e+00	3.296406024034445181e+02
1.159228906751078814e+00	3.273480388309940281e+02
1.165508721887268173e+00	3.243251682322102170e+02
1.171793076256210320e+00	3.226581551189727861e+02
1.178087436369658958e+00	3.222864122717386408e+02
1.184367654251526902e+00	3.192814840344277059e+02
1.190634642299266632e+00	3.157150524488721430e+02
1.196912208834400859e+00	3.153109666260278345e+02
1.203201577354146234e+00	3.128113354124367333e+02
1.209486844441705733e+00	3.108636428589949787e+02
1.215763902074809888e+00	3.104182386161258478e+02
1.222049755171146668e+00	3.086928046489318831e+02
1.228340616621486969e+00	3.073650348533662395e+02
1.234632986576932767e+00	3.044506091818811342e+02
1.240902247176856488e+00	3.020746073460863954e+02
1.247174839144687519e+00	2.996228487238860794e+02
1.253465459933442272e+00	2.988066420545749224e+02
1.259749951892178421e+00	2.965860359558110417e+02
1.266032143127253873e+00	2.947064717764555439e+02
1.272316288472006507e+00	2.938259798858776435e+02
1.278604155058621350e+00	2.912017811199794437e+02
1.284886588933593865e+00	2.887257941997624471e+02
1.291175420066583257e+00	2.872096255254425614e+02
1.297465726373772332e+00	2.865624655666841818e+02
1.303741827011944299e+00	2.847503059765336388e+02
1.310017322922761851e+00	2.827397831175894112e+02
1.316301447662886703e+00	2.805159580581611749e+02
1.322586760363303249e+00	2.791221691795680613e+02
1.328865492452874664e+00	2.784895267578342555e+02
1.335144804954555564e+00	2.755195212645549532e+02
1.341440516272275119e+00	2.748853794944553215e+02
1.347730868417094552e+00	2.722128767332419557e+02
1.354001589994877630e+00	2.713742500251161118e+02
1.360282609297778444e+00	2.681559646730895565e+02
1.366565686457597906e+00	2.689863475802087009e+02
1.372851498482432708e+00	2.666021223925757795e+02
1.379135372929401804e+00	2.649941542750561325e+02
1.385409567149057164e+00	2.627653989715885245e+02
1.391698641219299315e+00	2.612873164715588246e+02
1.397984451439470810e+00	2.603138083769363220e+02
1.404267883409181961e+00	2.592585235146779610e+02
1.410554779484869181e+00	2.575916474585279161e+02
1.416837833547465397e+00	2.554612197773160744e+02
1.423118177187137068e+00	2.551773359645148389e+02
1.429397801164240089e+00	2.543202319633105617e+02
1.435686921822787232e+00	2.516817601511691009e+02
1.441977121769299597e+00	2.503446568606834148e+02
1.448253667853332427e+00	2.494521639600351932e+02
1.454532348972172651e+00	2.475758119714811301e+02
1.460819319151879903e+00	2.462709535112231549e+02
1.467110364402026468e+00	2.448004385043002458e+02
1.473392908948962132e+00	2.439581464884907405e+02
1.479669965243598950e+00	2.420391209805690096e+02
1.485956144602843532e+00	2.407740275757796553e+02
1.492233610763115115e+00	2.397044139651855517e+02
1.498502470379980078e+00	2.390196377321348109e+02
1.504785752051182701e+00	2.378585879905861304e+02
1.511075991894575976e+00	2.359806774849273268e+02
1.517361634985162189e+00	2.349698017457020569e+02
1.523648570969130533e+00	2.338696484107716742e+02
1.529938035715892264e+00	2.317314309070638103e+02
1.536230176913891965e+00	2.306416514354382059e+02
1.542510718779388279e+00	2.297915646521491055e+02
1.548783963082980275e+00	2.285359101833555542e+02
1.555073069779651318e+00	2.276144961725629230e+02
1.561357324927233892e+00	2.255033681579273548e+02
1.567629121053141006e+00	2.244478662244076190e+02
1.573913697404382583e+00	2.235333154672232467e+02
1.580203545230874029e+00	2.223624738098014575e+02
1.586485393434537983e+00	2.210287968297954819e+02
1.592760014263005841e+00	2.203839752095815072e+02
1.599046436394670812e+00	2.187619418503162478e+02
1.605342136637478934e+00	2.171435570181017454e+02
1.611619860919608627e+00	2.162946344143359454e+02
1.617897597081673799e+00	2.154479397385283050e+02
1.624183235481122756e+00	2.146317392808406908e+02
1.630464598531913722e+00	2.127706305723826574e+02
1.636748985747638274e+00	2.124641688127421446e+02
1.643030923698886259e+00	2.109354235742115407e+02
1.649309176648513064e+00	2.096195324928032448e+02
1.655593633940351861e+00	2.085774729769703981e+02
1.661879571405086464e+00	2.073694765098435084e+02
1.668169361685170271e+00	2.061873253563564958e+02
1.674450151530487485e+00	2.050919253309092483e+02
1.680722718978495900e+00	2.041803350807772688e+02
1.687013891340952476e+00	2.035251139509192626e+02
1.693308984907921033e+00	2.022961440051852264e+02
1.699582147428448486e+00	2.015708864471592108e+02
1.705863747055134105e+00	2.006778190605930092e+02
1.712154434283889470e+00	1.994291303710390366e+02
1.718438381579399321e+00	1.987164032589770386e+02
1.724721264464063930e+00	1.972591161190414653e+02
1.730997441276920679e+00	1.968540983996973068e+02
1.737287073528269499e+00	1.958469281996101472e+02
1.743567991878527401e+00	1.949354709564644850e+02
1.749840680212231048e+00	1.935971689292283600e+02
1.756128549091961144e+00	1.926015330397422360e+02
1.762413535324792502e+00	1.916649262341707072e+02
1.768696187669963837e+00	1.907379188745325393e+02
1.774979359379055266e+00	1.893780518623852629e+02
1.781265555576432957e+00	1.888082406140719911e+02
1.787549427830244619e+00	1.881053594729376357e+02
1.793834120011633004e+00	1.875093427959395456e+02
1.800115051552487300e+00	1.864004343629422067e+02
1.806393904854530330e+00	1.850559637433047726e+02
1.812674089667083432e+00	1.840517367301367528e+02
1.818956920109354058e+00	1.832623089039875026e+02
1.825244164118212220e+00	1.825302493250873397e+02
1.831527256642196955e+00	1.818354387101170460e+02
1.837811294935716599e+00	1.806879556805954223e+02
1.844100717411196744e+00	1.806357808141590908e+02
1.850384816792487230e+00	1.792307767023404494e+02
1.856666059735203822e+00	1.785191146868720296e+02
1.862947728675613979e+00	1.778401741196581156e+02
1.869229324466858078e+00	1.766403825765044360e+02
1.875517616802973686e+00	1.758926158907069635e+02
1.881800769033795229e+00	1.750223045602023717e+02
1.888078863416442710e+00	1.740109204579238451e+02
1.894353975182237582e+00	1.731340548133709660e+02
1.900642716154182565e+00	1.726748595914938278e+02
1.906933494748685121e+00	1.716188217317595672e+02
1.913207568676573933e+00	1.704028743420432761e+02
1.919490884732178992e+00	1.698727186316009465e+02
1.925776855684274480e+00	1.692722036049857195e+02
1.932064452961978152e+00	1.688539701985852446e+02
1.938342610030488800e+00	1.679053884972202866e+02
1.944618341543410178e+00	1.672228078882543514e+02
1.950906260203513876e+00	1.664789746511215469e+02
1.957194556613796488e+00	1.658620723364861078e+02
1.963479614559011432e+00	1.648588937673857515e+02
1.969760361532916226e+00	1.643939822737952738e+02
1.976048367034604736e+00	1.636855468961489919e+02
1.982337990217652335e+00	1.625830060185949435e+02
1.988617489259562721e+00	1.624242658957214758e+02
1.994896320665194178e+00	1.610448087413783469e+02
2.001179596222827151e+00	1.607670438622536437e+02
2.007459756923499761e+00	1.598282921282500695e+02
2.013737397779169935e+00	1.589364775208031801e+02
2.020017234677497164e+00	1.585384797989516983e+02
2.026310251015072783e+00	1.575812538163544616e+02
2.032600542948020284e+00	1.570100019853880156e+02
2.038873863192099289e+00	1.564381866850356460e+02
2.045154087821675404e+00	1.556400920640033689e+02
2.051444704514288730e+00	1.551838697174041215e+02
2.057730430280644729e+00	1.544475522881060385e+02
2.064013940455224461e+00	1.535520504995716067e+02
2.070299891179459895e+00	1.529762604813670350e+02
2.076589719964883951e+00	1.524596819939570196e+02
2.082865483794470673e+00	1.510877978733824420e+02
2.089134494859368640e+00	1.511240494049307301e+02
2.095424211360070288e+00	1.501694427742531843e+02
2.101707116664804254e+00	1.495803140912516085e+02
2.107986473933564309e+00	1.489729568362817815e+02
2.114271806543862375e+00	1.485478704864892165e+02
2.120552717288892275e+00	1.475559128736620949e+02
2.126836933207161717e+00	1.470135601109624872e+02
2.133122044791171845e+00	1.464139875695265403e+02
2.139411711910842673e+00	1.456560912830910297e+02
2.145697076775292089e+00	1.451405443370973956e+02
2.151973548606471276e+00	1.443645624381063328e+02
2.158259913555724108e+00	1.438259459846038055e+02
2.164545396699105506e+00	1.431488589579041104e+02
2.170830700377734068e+00	1.426999542941400705e+02
2.177114138849150393e+00	1.423700187755748061e+02
2.183387647576827018e+00	1.414842826800353919e+02
2.189670273687676971e+00	1.408441475139715635e+02
2.195960147934207463e+00	1.405623320552556947e+02
2.202242556317716371e+00	1.395606630096334868e+02
2.208521655981037668e+00	1.391011019026736051e+02
2.214804637081333016e+00	1.390348155702186546e+02
2.221092583349425276e+00	1.383147910193557095e+02
2.227372893591468728e+00	1.376449121787440504e+02
2.233657161144248171e+00	1.370479423903044847e+02
2.239943485394438660e+00	1.363413680945812700e+02
2.246224175264620815e+00	1.357205545697884759e+02
2.252506378421252009e+00	1.355977092071385357e+02
2.258783417054270437e+00	1.349217296352301219e+02
2.265069077371457684e+00	1.343937207728762644e+02
2.271350377044131452e+00	1.337369468736895612e+02
2.277633995145353918e+00	1.334064661693326173e+02
2.283922419579920149e+00	1.325843153358216000e+02
2.290202874392252674e+00	1.321678413411698614e+02
2.296490779970905560e+00	1.315630873469499988e+02
2.302771769934229162e+00	1.311852244188507086e+02
2.309051364164305564e+00	1.305115270666785250e+02
2.315338502539088239e+00	1.300871772576114438e+02
2.321627336503874428e+00	1.296235805630610685e+02
2.327911878297218795e+00	1.291245511834762283e+02
2.334186238580297168e+00	1.285903349226124703e+02
2.340467971862688401e+00	1.283255577485817014e+02
2.346756940970738725e+00	1.276445766669334887e+02
2.353044444556199988e+00	1.270514079221151462e+02
2.359327653314069906e+00	1.268396852698193129e+02
2.365603048789861607e+00	1.261058354986586352e+02
2.371885911737665165e+00	1.258172660385536972e+02
2.378173303594019572e+00	1.252788394033263017e+02
2.384454016539381271e+00	1.248704246230260964e+02
2.390736447344785187e+00	1.245645850475331144e+02
2.397014133897952259e+00	1.237707959122075039e+02
2.403295490074321972e+00	1.231245240757312587e+02
2.409585049672506862e+00	1.228907172337275568e+02
2.415871703165322071e+00	1.225734047385975742e+02
2.422160652369088840e+00	1.220411110041829659e+02
2.428440167222748691e+00	1.215380436048947388e+02
2.434717472383889803e+00	1.211900433774972612e+02
2.441002456202044257e+00	1.209375654755743597e+02
2.447289980304530488e+00	1.203964054401415069e+02
2.453571844729242279e+00	1.202428807402410342e+02
2.459852705114058846e+00	1.195178325487796940e+02
2.466139233225018934e+00	1.192097609822163378e+02
2.472421963421291391e+00	1.187119754278217130e+02
2.478698519174224568e+00	1.183450354568500984e+02
2.484980841400355800e+00	1.176612863592427800e+02
2.491269319409339822e+00	1.176325287606049272e+02
2.497548505139029373e+00	1.172752793815273122e+02
2.503831667172610853e+00	1.166729586962470080e+02
2.510117938323931153e+00	1.163838530792468333e+02
2.516400733681277480e+00	1.159994060416311896e+02
2.522688226833368130e+00	1.153750601168171386e+02
2.528971695852665569e+00	1.153684719074018119e+02
2.535252039407670299e+00	1.146867943851135578e+02
2.541537514142774512e+00	1.145042377961351576e+02
2.547823008847572179e+00	1.140938342605995928e+02
2.554100666580690238e+00	1.136589959847068911e+02
2.560376788884177301e+00	1.131705012965483093e+02
2.566667521601497359e+00	1.130084302146310051e+02
2.572955062237090473e+00	1.124900392737859107e+02
2.579233771797999175e+00	1.122279304704225922e+02
2.585520164300948220e+00	1.121377392157651371e+02
2.591805130332431872e+00	1.115319105773453856e+02
2.598084074692260881e+00	1.111016384943500981e+02
2.604360404197643586e+00	1.110411096015778440e+02
2.610647185140439142e+00	1.102896559642413479e+02
2.616931864059273138e+00	1.100448270744991106e+02
2.623206107911065565e+00	1.097980067561091317e+02
2.629491626543270844e+00	1.094874773498222709e+02
2.635778507982642349e+00	1.089112603477786649e+02
2.642061039325260818e+00	1.088665028764622065e+02
2.648343840729305843e+00	1.085316360092929102e+02
2.654631838974855551e+00	1.080758230436318428e+02
2.660919001246303761e+00	1.076331991741442948e+02
2.667198525130066056e+00	1.075499496901419292e+02
2.673484307038032526e+00	1.071533755761873863e+02
2.679773388053849459e+00	1.068503223627731131e+02
2.686058217632288692e+00	1.066946277873209397e+02
2.692338738200057868e+00	1.062643377854500670e+02
2.698618022887226964e+00	1.060911599769588776e+02
2.704895450708277860e+00	1.057850565245464338e+02
2.711175674923682166e+00	1.054069601257349120e+02
2.717459832966957922e+00	1.051944735160205227e+02
2.723745731959044569e+00	1.049113135411428885e+02
2.730038414850594730e+00	1.047164889285881628e+02
2.736317989800789441e+00	1.044312955672945407e+02
2.742591858549239703e+00	1.041860568764931259e+02
2.748879749010778362e+00	1.038953704600231305e+02
2.755163403825859447e+00	1.036649770722465149e+02
2.761446955625852073e+00	1.032881039833526557e+02
2.767732088935374701e+00	1.031413221670773765e+02
2.774015452421743966e+00	1.025815361605451415e+02
2.780298635700591436e+00	1.026365508102982886e+02
2.786577474762241380e+00	1.024195876628723880e+02
2.792857983210164541e+00	1.023864327811599253e+02
2.799143790920211483e+00	1.020500779946050756e+02
2.805430058399325244e+00	1.017174561423867090e+02
2.811715058209780072e+00	1.013176214686310033e+02
2.817989272498773623e+00	1.012844723026867655e+02
2.824269171595737760e+00	1.010545429141901508e+02
2.830563016441804081e+00	1.007804875994288096e+02
2.836848750951622034e+00	1.005412048731051300e+02
2.843130027866129783e+00	1.003914106813664802e+02
2.849413896912404986e+00	1.002522242476591288e+02
2.855697464522425566e+00	9.996070713341850933e+01
2.861978799810683594e+00	9.982729945187449516e+01
2.868262469415629567e+00	9.962497338347930054e+01
2.874547359206753860e+00	9.943571081145304902e+01
2.880831111471525041e+00	9.928247109512724933e+01
2.887113216972382546e+00	9.903179238868381162e+01
2.893394504725182781e+00	9.878411741944654523e+01
2.899673662137033592e+00	9.864051652804275250e+01
2.905953958587380814e+00	9.841951290640371042e+01
2.912241118105161064e+00	9.837552958351250254e+01
2.918525996366671205e+00	9.832262503008591636e+01
2.924809035425688819e+00	9.810608246541097799e+01
2.931095916293684933e+00	9.792003014524803461e+01
2.937378182606774413e+00	9.781988532243198620e+01
2.943659980254369923e+00	9.781532253566223289e+01
2.949946454403890250e+00	9.750026449438409770e+01
2.956227653702202307e+00	9.738349241081498064e+01
2.962510478867462993e+00	9.728586323176401152e+01
2.968796535179442309e+00	9.718917719526004362e+01
2.975077657376874907e+00	9.702331836438135326e+01
2.981359866759223376e+00	9.691817033956006355e+01
2.987646761575656562e+00	9.679112024700107497e+01
2.993929038370399365e+00	9.648824671758688964e+01
3.000206214840962726e+00	9.648949042022462663e+01
3.006486172402415669e+00	9.640064557039403326e+01
3.012769812211594456e+00	9.642228048917669980e+01
3.019053144326170113e+00	9.626211490412279659e+01
3.025337405144251424e+00	9.621903322011048942e+01
3.031623734799107961e+00	9.631751277349754048e+01
3.037908962055872575e+00	9.614947043704746932e+01
3.044195067146031608e+00	9.597978228253758459e+01
3.050475543482170426e+00	9.609395948944951726e+01
3.056754954538277502e+00	9.592724251430287552e+01
3.063040539557494668e+00	9.590776367349430132e+01
3.069323699454357346e+00	9.577385412273645215e+01
3.075610692642898769e+00	9.588646593026599874e+01
3.081893798009918584e+00	9.586637909499511068e+01
3.088174549548037717e+00	9.587575294461444742e+01
3.094458635632868493e+00	9.568117568005459361e+01
3.100743982931558840e+00	9.571961163123040706e+01
3.107028111748448396e+00	9.560318153601978963e+01
3.113309299655494300e+00	9.568930895349510024e+01
3.119590662867241626e+00	9.562569233255652534e+01
3.125874006820172912e+00	9.588625152518240213e+01
3.132159251154602586e+00	9.572996108063311738e+01
3.138439172765940643e+00	9.586310271405019989e+01
3.144723867719826593e+00	9.572315868755592305e+01
3.151003951258561031e+00	9.586339276058765790e+01
3.157283664131563139e+00	9.578256699021491727e+01
3.163569317183839935e+00	9.585121027764654400e+01
3.169851661717792091e+00	9.596438602206352186e+01
3.176137704316093657e+00	9.592748817667857963e+01
3.182420924828643916e+00	9.610230448321813412e+01
3.188702811875577581e+00	9.599676847876234831e+01
3.194990520008989865e+00	9.617448503184591857e+01
3.201275324656983834e+00	9.632557383858423350e+01
3.207551352179861759e+00	9.639692941911776813e+01
3.213835216737041645e+00	9.650463266234429227e+01
3.220122579819103770e+00	9.638895388522864494e+01
3.226406606618656525e+00	9.628832486075167196e+01
3.232687390085645429e+00	9.593733353490225113e+01
3.238969121280456331e+00	9.567090613977885027e+01
3.245254751548589667e+00	9.558395713334117261e+01
3.251534499036136783e+00	9.548668819904334271e+01
3.257817780791052442e+00	9.509678926727021064e+01
3.264102164154097263e+00	9.478826748562674709e+01
3.270384152138468892e+00	9.471657657295081378e+01
3.276669427476867735e+00	9.438711462997177648e+01
3.282954688864507808e+00	9.429765230116768748e+01
3.289237200334947264e+00	9.400791747843327073e+01
3.295519587088236779e+00	9.383555025995531196e+01
3.301805977329951958e+00	9.359678091811669276e+01
3.308087486222440088e+00	9.349682379205157190e+01
3.314367630234227313e+00	9.324142464876786107e+01
3.320651909732194262e+00	9.302343483284305137e+01
3.326931260376857047e+00	9.279734379235803488e+01
3.333216512447217728e+00	9.259505825323195438e+01
3.339504489419978128e+00	9.256254591227477135e+01
3.345786804809928405e+00	9.211113216475142451e+01
3.352071130016277767e+00	9.210464083735924135e+01
3.358351496304225581e+00	9.189388045422822415e+01
3.364630591073392019e+00	9.175085766145708988e+01
3.370916305215045483e+00	9.140350360103781213e+01
3.377197952029413752e+00	9.129252794152328931e+01
3.383483063818085501e+00	9.117525163193532478e+01
3.389769992424469969e+00	9.113671457657865460e+01
3.396051330885982100e+00	9.078459267971800273e+01
3.402330879139463971e+00	9.071960820379548807e+01
3.408610488352048495e+00	9.049237166647641573e+01
3.414897837696641236e+00	9.048123498784573826e+01
3.421180484052105619e+00	9.032188386439042915e+01
3.427461639653846870e+00	8.999214990017219407e+01
3.433749159643459059e+00	8.992733454674133498e+01
3.440032646656798310e+00	8.985676606247061216e+01
3.446313366033385339e+00	8.952787212226637337e+01
3.452600135384134905e+00	8.948592854124873952e+01
3.458883152815406703e+00	8.927843302594293107e+01
3.465163834403715448e+00	8.915870830990442641e+01
3.471449329786229221e+00	8.906845176475323456e+01
3.477734476754053894e+00	8.883360057342351013e+01
3.484019652467224226e+00	8.881671114380495169e+01
3.490297019369712928e+00	8.859976185855632025e+01
3.496582486484379970e+00	8.843445136495238046e+01
3.502868048046865024e+00	8.826866205283951672e+01
3.509144649545451244e+00	8.814139970362310805e+01
3.515428082003116295e+00	8.813216633918362675e+01
3.521711031624695565e+00	8.795721716264428380e+01
3.527991850954735664e+00	8.778570834621379504e+01
3.534275545726699885e+00	8.771556922358576003e+01
3.540562632020772149e+00	8.749910022442939805e+01
3.546844410757220789e+00	8.749949910393365826e+01
3.553131386753758836e+00	8.737401035983276643e+01
3.559419203211965144e+00	8.733205785873131788e+01
3.565697971577579839e+00	8.709051808645766357e+01
3.571979559134798254e+00	8.687498693696694829e+01
3.578265774595833726e+00	8.677543973819052781e+01
3.584548309769353125e+00	8.685999050805919808e+01
3.590826843920031486e+00	8.654378487742535242e+01
3.597107306745233934e+00	8.667258641406907316e+01
3.603392831792229245e+00	8.643376327751050781e+01
3.609673209822572559e+00	8.631232196999010853e+01
3.615955412133016189e+00	8.610626400333994468e+01
3.622241607772384686e+00	8.618045834086460388e+01
3.628520252736676444e+00	8.604976732004526241e+01
3.634804827569451113e+00	8.573433265369087053e+01
3.641094981788862928e+00	8.564784865724681140e+01
3.647383514928639325e+00	8.576213003501798937e+01
3.653663283927725658e+00	8.561349538856303809e+01
3.659943504072155296e+00	8.550947169001135251e+01
3.666232000281138603e+00	8.550739530157429158e+01
3.672514211678317597e+00	8.521919517281986600e+01
3.678794154686042539e+00	8.516154777286219257e+01
3.685078621861909820e+00	8.519064360478553510e+01
3.691359210097977961e+00	8.502234433345138598e+01
3.697642368173791105e+00	8.504601850857976331e+01
3.703925796735277665e+00	8.503479458324449070e+01
3.710208240364660348e+00	8.480612949720091365e+01
3.716494593122387169e+00	8.468273459760517596e+01
3.722775386659595398e+00	8.471130330901301875e+01
3.729058392883481510e+00	8.469570067456629658e+01
3.735339748210807720e+00	8.446645540001870245e+01
3.741620776392969638e+00	8.445850613811802532e+01
3.747904795418762980e+00	8.449717064387988330e+01
3.754190633281219380e+00	8.428615449824101802e+01
3.760478208018912749e+00	8.427039162851566800e+01
3.766755538573464346e+00	8.424961719291026441e+01
3.773032090135151506e+00	8.424883613486525746e+01
3.779322553012896879e+00	8.425007031345518271e+01
3.785609109731308930e+00	8.426040123507985413e+01
3.791889825936295200e+00	8.402165201214869228e+01
3.798174822702435893e+00	8.402958885683740675e+01
3.804458658753491651e+00	8.398454278219747948e+01
3.810738438095723435e+00	8.392752194226829943e+01
3.817018850285747167e+00	8.398409546055015085e+01
3.823305314209427763e+00	8.395797128108119978e+01
3.829591295197792178e+00	8.379657480569720462e+01
3.835872296070849341e+00	8.381746853365315530e+01
3.842156279590906109e+00	8.374594022807951887e+01
3.848441511099312429e+00	8.365626258730868869e+01
3.854723334376886079e+00	8.372587239180211327e+01
3.861004740704794713e+00	8.362590378114980183e+01
3.867284336650660848e+00	8.368615251147760148e+01
3.873567367678779849e+00	8.358613381022725264e+01
3.879850662830422792e+00	8.372298628515248708e+01
3.886137063198143338e+00	8.350410519954670008e+01
3.892419463049126005e+00	8.386658610523946322e+01
3.898703740328622658e+00	8.363361309419164513e+01
3.904991458788179326e+00	8.367603327717591810e+01
3.911270842222104083e+00	8.367601474037765286e+01
3.917549806479573071e+00	8.370841931227209898e+01
3.923836006203090587e+00	8.376547852497016322e+01
3.930121452497870926e+00	8.357469074390756703e+01
3.936398172858230460e+00	8.368726061014960749e+01
3.942683040425962293e+00	8.369375748153774452e+01
3.948974759704379611e+00	8.373869001575317839e+01
3.955259227995065352e+00	8.373718371548994810e+01
3.961537174921395454e+00	8.370812615487736252e+01
3.967820217617139544e+00	8.371267396906615943e+01
3.974105559832568968e+00	8.390029172714052663e+01
3.980384727931198352e+00	8.385578882156040947e+01
3.986664590839849698e+00	8.374091091177167812e+01
3.992949619150675034e+00	8.385198307508623827e+01
3.999235075769965952e+00	8.392479519430710866e+01
4.005515715515433506e+00	8.388976444439937552e+01
4.011798434346478537e+00	8.413084425387845044e+01
4.018083716245132386e+00	8.416594784392705719e+01
4.024365700052603856e+00	8.426373394450786236e+01
4.030643960839860540e+00	8.422142484017530251e+01
4.036928708926215137e+00	8.421217313116606817e+01
4.043218157412017177e+00	8.432727137908833015e+01
4.049503019487663558e+00	8.439624726840179392e+01
4.055781898960511000e+00	8.438359298065573455e+01
4.062060795621602161e+00	8.454743124997895620e+01
4.068347865354716042e+00	8.476149355281572184e+01
4.074631027173265529e+00	8.484845936522977183e+01
4.080910837526078971e+00	8.475006140389551490e+01
4.087201203341442657e+00	8.485136617801907732e+01
4.093486818591942189e+00	8.488785067147823327e+01
4.099764387336505500e+00	8.515628870098160519e+01
4.106049166937662420e+00	8.500536965934391276e+01
4.112334559041358695e+00	8.534911206614766854e+01
4.118618926059533614e+00	8.538245071409883735e+01
4.124898942031112625e+00	8.555710353805949353e+01
4.131175432561665417e+00	8.547442369632099712e+01
4.137461563786142271e+00	8.568106439751775838e+01
4.143746006210170307e+00	8.560056704160338370e+01
4.150029800482964326e+00	8.597757430085984254e+01
4.156313390684649001e+00	8.584016813774769616e+01
4.162596105843763716e+00	8.604182658809850182e+01
4.168881843141768684e+00	8.625514426353268504e+01
4.175162111073220217e+00	8.637652078616052620e+01
4.181448573417560155e+00	8.638797337396557907e+01
4.187738782464171194e+00	8.646796269167921878e+01
4.194017437180169061e+00	8.686476258013767904e+01
4.200293572701767175e+00	8.685117891255488587e+01
4.206580195481546269e+00	8.706434798434925426e+01
4.212860644652220543e+00	8.706128222946247774e+01
4.219138153430114002e+00	8.750971921541618315e+01
4.225426162098283811e+00	8.746554765741706206e+01
4.231713506719782636e+00	8.748500101412952290e+01
4.237990056577191744e+00	8.786191830592964891e+01
4.244267783646744618e+00	8.787781361201987806e+01
4.250560660182562955e+00	8.798458631160788457e+01
4.256847734842668096e+00	8.820691818212343094e+01
4.263127100734456221e+00	8.826218671336093280e+01
4.269406860432507500e+00	8.844121287854099478e+01
4.275691671482192646e+00	8.868822327960752716e+01
4.281972414189518794e+00	8.888664606977370397e+01
4.288253516806755705e+00	8.902956110895830477e+01
4.294540520160492925e+00	8.930171419214455852e+01
4.300825742921731809e+00	8.946570477243592734e+01
4.307109835491901961e+00	8.959454889536097255e+01
4.313390926478413157e+00	9.010936764842668367e+01
4.319667979480563247e+00	8.987669970855147028e+01
4.325952598143786076e+00	9.023981612071163738e+01
4.332241647035422361e+00	9.040242024700718559e+01
4.338524445619096781e+00	9.059156043041316764e+01
4.344809348131129845e+00	9.084359643693537123e+01
4.351090699193166600e+00	9.071962173717749067e+01
4.357369710808320029e+00	9.115221929518281740e+01
4.363659348967174445e+00	9.114633943903733382e+01
4.369947418280990981e+00	9.148352724827554994e+01
4.376226569265827315e+00	9.182322553879673421e+01
4.382499356631129217e+00	9.188421924745492220e+01
4.388784975178015024e+00	9.215981210358287967e+01
4.395068696309480494e+00	9.207598281028236897e+01
4.401347962382031298e+00	9.267173320627249211e+01
4.407628405096517099e+00	9.232260230727486316e+01
4.413915862185140426e+00	9.263328150585621756e+01
4.420203163534264235e+00	9.300606660170672058e+01
4.426480311003382795e+00	9.290662446273427122e+01
4.432765973643649104e+00	9.329186061748227132e+01
4.439053392023870614e+00	9.342800754108922945e+01
4.445336141335588742e+00	9.371524944197419416e+01
4.451617241414883352e+00	9.346165361208646516e+01
4.457901500730311106e+00	9.335792795641771136e+01
4.464189501093017043e+00	9.395533284248446648e+01
4.470470197548729985e+00	9.368984222462218270e+01
4.476748044268524573e+00	9.397439479597086631e+01
4.483035990164653484e+00	9.394266250333384960e+01
4.489323331650528104e+00	9.413470140044292123e+01
4.495599111667934800e+00	9.385945908548708871e+01
4.501870922878794090e+00	9.417451606148307519e+01
4.508155162877705457e+00	9.405939904194772794e+01
4.514446451153479423e+00	9.399696079250901448e+01
4.520723894043856994e+00	9.391601587963855025e+01
4.527003782460155890e+00	9.372979385134358665e+01
4.533293086610313161e+00	9.361973900306084317e+01
4.539578989864040182e+00	9.340956708463770042e+01
4.545857164866476730e+00	9.310904071353408540e+01
4.552138955546025656e+00	9.306870923233402948e+01
4.558432046889146605e+00	9.282908232541952032e+01
4.564713463378488711e+00	9.261632735473232003e+01
4.570987274133244682e+00	9.264242962809507276e+01
4.577274818151045643e+00	9.268011772986464791e+01
4.583563263889338657e+00	9.243877511468758712e+01
4.589844917004465508e+00	9.266448918158317838e+01
4.596126259982004747e+00	9.247391629735474794e+01
4.602409075598298926e+00	9.263767636201230005e+01
4.608696634867644804e+00	9.265195686768508665e+01
4.614977646498861219e+00	9.241381438998833175e+01
4.621258953029527383e+00	9.290111525956788796e+01
4.627547993978874175e+00	9.252305834375442828e+01
4.633830152730579854e+00	9.243442691144515777e+01
4.640104005367354567e+00	9.269177134991460321e+01
4.646382060386754276e+00	9.273186285472029056e+01
4.652674213731970987e+00	9.287838958623477481e+01
4.658958291796220230e+00	9.309126075301205105e+01
4.665233615070169648e+00	9.262314139136566382e+01
4.671520675710307380e+00	9.310669976059848807e+01
4.677814351732177300e+00	9.333525499879394260e+01
4.684093699744638073e+00	9.344816237704543482e+01
4.690368661472568590e+00	9.357380836407963898e+01
4.696663270746453733e+00	9.390124423571921852e+01
4.702945459248681459e+00	9.397651500139762959e+01
4.709209170841929470e+00	9.415996908595874970e+01
4.715491634753063543e+00	9.409356809492285834e+01
4.721784316284933780e+00	9.370119205410765062e+01
4.728063062331094635e+00	9.418899932067107272e+01
4.734337423381671073e+00	9.434081860416591780e+01
4.740627024094544062e+00	9.474254915250615738e+01
4.746914995664547554e+00	9.441445923855404487e+01
4.753194740071086777e+00	9.483288138677374945e+01
4.759478891864783456e+00	9.507379814893548087e+01
4.765762396877359031e+00	9.498844409959552593e+01
4.772049481246195768e+00	9.548235660865104535e+01
4.778335091022592351e+00	9.579687211023750137e+01
4.784610831402393849e+00	9.577756714800017335e+01
4.790907306208476157e+00	9.604384948228397434e+01
4.797204047706418173e+00	9.587830090726296817e+01
4.803470827697504220e+00	9.599834290175455465e+01
4.809748850577324042e+00	9.633388774254053999e+01
4.816045316586602176e+00	9.679583051279651329e+01
4.822329240673497885e+00	9.724444120447734008e+01
4.828596758226470165e+00	9.707565240136267448e+01
4.834890332961369275e+00	9.783353470124147577e+01
4.841191655056394261e+00	9.805726284782500102e+01
4.847460407468000554e+00	9.859692738302796045e+01
4.853732128521334843e+00	9.898604690904269887e+01
4.860029138783373170e+00	9.866622370338498627e+01
4.866314601732018019e+00	9.929283166897810986e+01
4.872587026269203925e+00	9.985379678825223948e+01
4.878874221748241702e+00	9.955877730981093521e+01
4.885171078138658807e+00	9.986970676837083261e+01
4.891450629931857641e+00	1.002104538103432105e+02
4.897716482750221978e+00	1.009719159822433880e+02
4.904002834596266069e+00	1.013225388368561966e+02
4.910295858205786068e+00	1.010155991195122596e+02
4.916575188115905881e+00	1.013683972149638919e+02
4.922847946197084212e+00	1.018863771324829202e+02
4.929131667457151700e+00	1.022890356740972067e+02
4.935434460144239033e+00	1.024809106086575525e+02
4.941718513303545279e+00	1.031942989063756642e+02
4.947978624761803168e+00	1.032697317074439525e+02
4.954274999209829389e+00	1.039681828626175673e+02
4.960571094729937514e+00	1.045973446171780239e+02
4.966823207626954506e+00	1.049392076886999661e+02
4.973097418390337587e+00	1.052779234080456092e+02
4.979415129936382023e+00	1.057175612836050504e+02
4.985702082330368157e+00	1.056651430082105207e+02
4.991949985828016523e+00	1.064349432301204956e+02
4.998241586316924057e+00	1.064035846579521660e+02
5.004556635606089543e+00	1.081799937992763461e+02
5.010828655701208945e+00	1.085535859857761949e+02
5.017077229702536556e+00	1.085915801520934707e+02
5.023374414758113637e+00	1.084499932778532525e+02
5.029688873569548413e+00	1.092589382279692529e+02
5.035958413584124216e+00	1.098050020045367887e+02
5.042232667658486989e+00	1.104093457937061515e+02
5.048528755870775875e+00	1.106565597091976798e+02
5.054821121427484520e+00	1.113349724051418690e+02
5.061069509814582368e+00	1.122163981490160012e+02
5.067347812754101177e+00	1.127527754512216660e+02
5.073675050630431116e+00	1.132470764526879066e+02
5.079945928388977627e+00	1.145967792829651302e+02
5.086192992546071601e+00	1.149408351845663390e+02
5.092484128970163226e+00	1.158900624743774728e+02
5.098802924706086870e+00	1.163362254146017705e+02
5.105078217426394005e+00	1.169960000745266058e+02
5.111325076574067872e+00	1.174582569435858233e+02
5.117628358851224135e+00	1.170762690732417184e+02
5.123935939383525984e+00	1.184945876504821314e+02
5.130199176325612065e+00	1.194732755580054402e+02
5.136469985878846956e+00	1.202951951934435613e+02
5.142797788696348071e+00	1.204652747218060114e+02
5.149090378043822192e+00	1.219732496846339984e+02
5.155289879840074363e+00	1.220346583284673869e+02
5.161564521234301317e+00	1.233112441822849235e+02
5.167916673496016244e+00	1.239612367824290970e+02
5.174205974602950064e+00	1.256380441296575299e+02
5.180434820793812456e+00	1.253070476321674107e+02
5.186729096569634656e+00	1.273151201730255195e+02
5.193058481037780894e+00	1.282841220498673351e+02
5.199319511444338460e+00	1.290739125734993706e+02
5.205574295584361799e+00	1.301324609398425025e+02
5.211894977074066126e+00	1.294804284673584505e+02
5.218201708336958511e+00	1.312658770605088137e+02
5.224411911780083351e+00	1.329171558110110425e+02
5.230677632666463239e+00	1.330165577647689474e+02
5.237056729559757429e+00	1.356449729658972103e+02
5.243336785035660697e+00	1.352586419916020191e+02
5.249493476178225038e+00	1.366816473225573816e+02
5.255787017738318134e+00	1.378059096995216350e+02
5.262205327426889845e+00	1.383031659469419878e+02
5.268477758348532269e+00	1.396315972910619791e+02
5.274632213654732560e+00	1.412081845875515569e+02
5.280950543314659740e+00	1.431886867775133680e+02
5.287327645024750389e+00	1.440235851562788696e+02
5.293582359180156516e+00	1.458152560630172445e+02
5.299789992649893478e+00	1.457694239447010602e+02
5.306111460381987222e+00	1.471393718879811274e+02
5.312452717892129250e+00	1.487577235680793422e+02
5.318650122853046724e+00	1.512527908290715573e+02
5.324923043129819789e+00	1.498211446762210244e+02
5.331330237158205421e+00	1.549322810326347906e+02
5.337586726886338617e+00	1.535679115262521464e+02
5.343685192440848830e+00	1.578225664956768526e+02
5.350070659715249199e+00	1.584627933523640877e+02
5.356556762554878226e+00	1.574137051772268876e+02
5.362691868684501095e+00	1.594847896394319093e+02
5.368769208912516966e+00	1.625907093261322984e+02
5.375270137997677722e+00	1.637938032446105865e+02
5.381769983045385786e+00	1.649020472793098691e+02
5.387701030372958222e+00	1.676473653918485809e+02
5.393786668001271600e+00	1.685704005444321751e+02
5.400446161099396569e+00	1.688950276978740419e+02
5.406957063684501463e+00	1.734067388013409925e+02
5.412655672453426270e+00	1.709134919133900894e+02
5.418821279260546575e+00	1.769949787894972530e+02
5.425690594366304076e+00	1.797280460466810439e+02
5.432217487502165376e+00	1.815498658573721968e+02
5.437649811577258241e+00	1.804324786292682461e+02
5.443914404015878006e+00	1.877075901162388334e+02
5.450953501686320202e+00	1.787276629302514834e+02
5.457483690405861232e+00	1.841388417905297388e+02
5.462715250135157241e+00	1.963186820432758282e+02
5.469033575551323523e+00	1.895788688941015323e+02
5.476177730420278778e+00	1.985151842850523849e+02
5.482708935702562236e+00	1.960703453369523288e+02
5.487722405008360838e+00	1.928752242665029542e+02
5.494194284996126498e+00	2.104350205687920550e+02
5.501391471009256406e+00	2.093897911128156579e+02
5.507128202673079009e+00	2.055950312210570132e+02
5.512278020050448646e+00	2.166872208544043019e+02
5.519395563377015534e+00	2.082448564036071446e+02
5.526598678609708770e+00	2.244696455341629360e+02
5.532162682462509196e+00	2.469501236921924487e+02
5.537397124017139127e+00	2.246188242943073590e+02
5.544582756485218589e+00	2.268883676484189493e+02
5.551739327507637434e+00	2.113963780670161157e+02
5.557493306674907707e+00	2.083099254788166661e+02
5.562281709102816940e+00	1.811695723764274248e+02
5.569272720323164449e+00	1.456644111278917535e+02
