8.899641224696953554e-03	1.450508120306193996e+04
1.507912216506557788e-02	2.072698457752792820e+04
2.144790186456836667e-02	2.364816758521644442e+04
2.783660776489276650e-02	1.955762175844478043e+04
3.435099785803411021e-02	1.719639275642851862e+04
4.047886761425745911e-02	1.544861237109617286e+04
4.676716683575679601e-02	1.266084837613977834e+04
5.308225101765951665e-02	1.095101701142682759e+04
5.945362440940590160e-02	1.062367420336243958e+04
6.576224814588792211e-02	1.006009400101118808e+04
7.196632906698736953e-02	8.475167269826839402e+03
7.827860915688347743e-02	7.894834466452716697e+03
8.470398945834539672e-02	7.355006276980876464e+03
9.096854620527369817e-02	6.444018840635470951e+03
9.720789776830213169e-02	6.091986833531052071e+03
1.034763038959366499e-01	5.603066487304495240e+03
1.097576444254559219e-01	4.971258620122832326e+03
1.160543084780093354e-01	4.633532970158774333e+03
1.223669666537485351e-01	4.349735717439124528e+03
1.286817263090294094e-01	3.971451823661697290e+03
1.349500801664080818e-01	3.857878001997746651e+03
1.411949558842147678e-01	3.616961900265118857e+03
1.475133575747468451e-01	3.422068386842543987e+03
1.537865074252268427e-01	3.365484629856684933e+03
1.600657544051110326e-01	3.158709503259000940e+03
1.663991168687080635e-01	2.971125810935624486e+03
1.727195645776442856e-01	2.854317002372133629e+03
1.789765213377084718e-01	2.624100582109585048e+03
1.852353690647852158e-01	2.490487062449915811e+03
1.914806787341157279e-01	2.450337427947937158e+03
1.977889868651535599e-01	2.243526223477397252e+03
2.040937735447724277e-01	2.188858497803716546e+03
2.103939302609846018e-01	2.110344208037611224e+03
2.166909709822301688e-01	2.061544606159378873e+03
2.229700281216152047e-01	1.987054500913883430e+03
2.292620027086341994e-01	1.896360733447858820e+03
2.355141508366812297e-01	1.853836052608917271e+03
2.417910583817859116e-01	1.761591928241304913e+03
2.480856539439619257e-01	1.730311892432143850e+03
2.543492256872954549e-01	1.671337423182791326e+03
2.606334251884805386e-01	1.630282932822473640e+03
2.669257370896960802e-01	1.584313454346950039e+03
2.732423343141155980e-01	1.535529288406233491e+03
2.795529680084415936e-01	1.467023071882166050e+03
2.858366292314493129e-01	1.451691500388913482e+03
2.920876271394311496e-01	1.394700726828921461e+03
2.983449844439822751e-01	1.335479638314348222e+03
3.046382639407197446e-01	1.332012939848325914e+03
3.109279127003197196e-01	1.289501787558401702e+03
3.172168171618398036e-01	1.263133337869118805e+03
3.235187567944423082e-01	1.228806329398156777e+03
3.298168217550395687e-01	1.201492427558477857e+03
3.361176429457156667e-01	1.186230411321731708e+03
3.423700375709273769e-01	1.155348859491009762e+03
3.486478192666269682e-01	1.140779330880167436e+03
3.549411614411318028e-01	1.113591448775697700e+03
3.611916935421040642e-01	1.111784932555635805e+03
3.674767089563572564e-01	1.077903643435692175e+03
3.737647795277591056e-01	1.052709130863580640e+03
3.800654031475132477e-01	1.039432941584256014e+03
3.863539861259823738e-01	1.001810196777814326e+03
3.926140181364449755e-01	1.000223150777933370e+03
3.989264500321934581e-01	9.828161587980787317e+02
4.052073244576828714e-01	9.569348424813972542e+02
4.114916477570477182e-01	9.468109679404267354e+02
4.177814272116491257e-01	9.327892722352648889e+02
4.240400648725131116e-01	9.184539906023243248e+02
4.303425690270192283e-01	8.999969503801656856e+02
4.366358560255625965e-01	8.805264686600446566e+02
4.428996183220763605e-01	8.704331412357995532e+02
4.491634418529859563e-01	8.600118348238561339e+02
4.554414146254732731e-01	8.396833899024198899e+02
4.617634470301058558e-01	8.341648600474532032e+02
4.680644242023710433e-01	8.207239319558946136e+02
4.743485242764365895e-01	8.162675049532316507e+02
4.806356136815400082e-01	7.974442952650942971e+02
4.869019258388697646e-01	7.954048429133771378e+02
4.931697099599955947e-01	7.800583853667569656e+02
4.994506747144535908e-01	7.693991037709156444e+02
5.057159051335421429e-01	7.566257989854104835e+02
5.119923996268095356e-01	7.570636390728781180e+02
5.183126097768406826e-01	7.442182662179798172e+02
5.246089638029100000e-01	7.334608644164126190e+02
5.308757308483337267e-01	7.240787281646338442e+02
5.371573527946726934e-01	7.165676309974686546e+02
5.434579563783791256e-01	7.109068579683789721e+02
5.497430652392217842e-01	6.955939531972396708e+02
5.559937427501778773e-01	6.914554160800731779e+02
5.622854676609657654e-01	6.832024131477154469e+02
5.686011537227265711e-01	6.802805570803069486e+02
5.748804589422079614e-01	6.637171122651868700e+02
5.811550210340560296e-01	6.637327416303983227e+02
5.874394496660968468e-01	6.524519331329336183e+02
5.937176220296899176e-01	6.451983202103382382e+02
5.999971954793682505e-01	6.397012500194238100e+02
6.062679115124277596e-01	6.267741771119858640e+02
6.125469576444534381e-01	6.257731146503115269e+02
6.188477733041515272e-01	6.221053674769884765e+02
6.251310567437898813e-01	6.121809162511485738e+02
6.314027450383210560e-01	6.105473494767360307e+02
6.377003562732055375e-01	6.057317997349346115e+02
6.439857783314556494e-01	5.937156400695712364e+02
6.502685417166111925e-01	5.886918697125503286e+02
6.565586117699038216e-01	5.823162117118464494e+02
6.628369282359254377e-01	5.827983757834078915e+02
6.691185444962194362e-01	5.739097504135837653e+02
6.754070198575605755e-01	5.708952340371100718e+02
6.816835514593204692e-01	5.638460625313751962e+02
6.879592533861698112e-01	5.582368763512705527e+02
6.942344317039531587e-01	5.548157984952372317e+02
7.005175402434737908e-01	5.481244233528834684e+02
7.068124956608716758e-01	5.409423799137402966e+02
7.131019009674921527e-01	5.386980876626821555e+02
7.193918251171427247e-01	5.353748485662158600e+02
7.256833807598113140e-01	5.319391179436961465e+02
7.319652682709349989e-01	5.268031170666608887e+02
7.382507990484923344e-01	5.194082623255384306e+02
7.445265842115937893e-01	5.176275734083704947e+02
7.507871101942712455e-01	5.144751076141743624e+02
7.570758465316046459e-01	5.101613487254631423e+02
7.633641233600957365e-01	5.066186044343196500e+02
7.696462959862266917e-01	5.005543669190165588e+02
7.759394865175414102e-01	4.971583364341046263e+02
7.822329141989586843e-01	4.912208139735161012e+02
7.885314936520240181e-01	4.914483646202875775e+02
7.947896566979522071e-01	4.850208291897225195e+02
8.010491096592354809e-01	4.799378540252996572e+02
8.073364061727361651e-01	4.799108949806142732e+02
8.136229488373866170e-01	4.737996485888595544e+02
8.199152998961036776e-01	4.705628990085116357e+02
8.261952636392789762e-01	4.643431899833959733e+02
8.324897070080405914e-01	4.629663256621982441e+02
8.387959309210778480e-01	4.612915941845447492e+02
8.450634639703045181e-01	4.557839097976284393e+02
8.513282867562648182e-01	4.545962596721634554e+02
8.576198263902009566e-01	4.497448675569617649e+02
8.639058477062415697e-01	4.461459964449319386e+02
8.701838745487597837e-01	4.443603879121088767e+02
8.764641096075268534e-01	4.412390870295977265e+02
8.827503873399735745e-01	4.351034218378948140e+02
8.890332768393869323e-01	4.334280516564903110e+02
8.953084247113127780e-01	4.293340594722627088e+02
9.015956521667095602e-01	4.290533823666282842e+02
9.078833328094829680e-01	4.241333523893302413e+02
9.141744106319863450e-01	4.212834367926155892e+02
9.204630817717615043e-01	4.178154255318882520e+02
9.267434415264711456e-01	4.152951962024512227e+02
9.330324197354928906e-01	4.124235173824781668e+02
9.393265785573878812e-01	4.083416517961429690e+02
9.455974810398196650e-01	4.069797940448642635e+02
9.518660018545171964e-01	4.040661159463861054e+02
9.581413255531838757e-01	4.021271300192273088e+02
9.644350945109106954e-01	3.997753562890131889e+02
9.707355633568249820e-01	3.972655270962565623e+02
9.770080768450029041e-01	3.936563500297895644e+02
9.832823325363413414e-01	3.902096949645700192e+02
9.895569691966674686e-01	3.874598941301342165e+02
9.958456301921106979e-01	3.857121747747771678e+02
1.002136210743837408e+00	3.829095812378882897e+02
1.008404825335135424e+00	3.826426494974903108e+02
1.014694149836243398e+00	3.788462451440994414e+02
1.020992555437297167e+00	3.758284502418125044e+02
1.027273980437394485e+00	3.735106183759168630e+02
1.033559181896017254e+00	3.719717830773128640e+02
1.039847557392594934e+00	3.714687349539588581e+02
1.046126974943305088e+00	3.668967328089182161e+02
1.052403436811028659e+00	3.648725914555215581e+02
1.058680704651608684e+00	3.610059789457898773e+02
1.064964333065789193e+00	3.594628131996167895e+02
1.071256777440835473e+00	3.574805740167317367e+02
1.077544048801078125e+00	3.562334714170811480e+02
1.083824820188043603e+00	3.530436814125118303e+02
1.090108023942816695e+00	3.509800886200125660e+02
1.096389665956643222e+00	3.496991064063161048e+02
1.102681132058841440e+00	3.464649628101196299e+02
1.108963047594879958e+00	3.444312100357237796e+02
1.115225428463759272e+00	3.429259849087038674e+02
1.121502127614767863e+00	3.403625129023756131e+02
1.127792573824792033e+00	3.370099717086232545e+02
1.134089552668382961e+00	3.372065651794626433e+02
1.140364049650405942e+00	3.329751004782576729e+02
1.146639180320979445e+00	3.318498690046037609e+02
1.152942412991649901e+00	3.301376285991751161e+02
1.159228906751078814e+00	3.270865220533241882e+02
1.165508721887268173e+00	3.265371754176479726e+02
1.171793076256210320e+00	3.242169174821594879e+02
1.178087436369658958e+00	3.214989261806642276e+02
1.184367654251526902e+00	3.197029091783373929e+02
1.190634642299266632e+00	3.192372932591047174e+02
1.196912208834400859e+00	3.150430277218599713e+02
1.203201577354146234e+00	3.148875539799423677e+02
1.209486844441705733e+00	3.123941532984464970e+02
1.215763902074809888e+00	3.105816817584980640e+02
1.222049755171146668e+00	3.083556399876085834e+02
1.228340616621486969e+00	3.070016983541197533e+02
1.234632986576932767e+00	3.060185284090152322e+02
1.240902247176856488e+00	3.026669476451027094e+02
1.247174839144687519e+00	3.011448872670426340e+02
1.253465459933442272e+00	3.001555312035438305e+02
1.259749951892178421e+00	2.982011582516008161e+02
1.266032143127253873e+00	2.969354219571794147e+02
1.272316288472006507e+00	2.959416219785136377e+02
1.278604155058621350e+00	2.921716739638314948e+02
1.284886588933593865e+00	2.913711279248103097e+02
1.291175420066583257e+00	2.901766978179633156e+02
1.297465726373772332e+00	2.883270707293514192e+02
1.303741827011944299e+00	2.858236008648494249e+02
1.310017322922761851e+00	2.850930556450191489e+02
1.316301447662886703e+00	2.837872100382560916e+02
1.322586760363303249e+00	2.823160752521800418e+02
1.328865492452874664e+00	2.795076597886292689e+02
1.335144804954555564e+00	2.789363772303049132e+02
1.341440516272275119e+00	2.776047286280396520e+02
1.347730868417094552e+00	2.759202861836963621e+02
1.354001589994877630e+00	2.747672986121853569e+02
1.360282609297778444e+00	2.721987383176731896e+02
1.366565686457597906e+00	2.709858509094822239e+02
1.372851498482432708e+00	2.704256260178510729e+02
1.379135372929401804e+00	2.678237583778376347e+02
1.385409567149057164e+00	2.671108963005667079e+02
1.391698641219299315e+00	2.650862515582870174e+02
1.397984451439470810e+00	2.643681749734950586e+02
1.404267883409181961e+00	2.621816810890640568e+02
1.410554779484869181e+00	2.614767810665550201e+02
1.416837833547465397e+00	2.590676359871440013e+02
1.423118177187137068e+00	2.579958779281477632e+02
1.429397801164240089e+00	2.566124780657060569e+02
1.435686921822787232e+00	2.558357406970277452e+02
1.441977121769299597e+00	2.535717585219777845e+02
1.448253667853332427e+00	2.531875289499021164e+02
1.454532348972172651e+00	2.508167923052622257e+02
1.460819319151879903e+00	2.503271317646102432e+02
1.467110364402026468e+00	2.489413348266992045e+02
1.473392908948962132e+00	2.472697915184099884e+02
1.479669965243598950e+00	2.463730168369049522e+02
1.485956144602843532e+00	2.445761502341923119e+02
1.492233610763115115e+00	2.435411032224411656e+02
1.498502470379980078e+00	2.422433483219223831e+02
1.504785752051182701e+00	2.411268702699350115e+02
1.511075991894575976e+00	2.397233936796001217e+02
1.517361634985162189e+00	2.383110211568027808e+02
1.523648570969130533e+00	2.372329891529714132e+02
1.529938035715892264e+00	2.359524942065317532e+02
1.536230176913891965e+00	2.351329457815951116e+02
1.542510718779388279e+00	2.341454887369693552e+02
1.548783963082980275e+00	2.327498257248136895e+02
1.555073069779651318e+00	2.314154694054682011e+02
1.561357324927233892e+00	2.298734035895272143e+02
1.567629121053141006e+00	2.287108779506470739e+02
1.573913697404382583e+00	2.275793567465553338e+02
1.580203545230874029e+00	2.267491182221126564e+02
1.586485393434537983e+00	2.249822489875067220e+02
1.592760014263005841e+00	2.241034210575033683e+02
1.599046436394670812e+00	2.234218666624388163e+02
1.605342136637478934e+00	2.221417767792835321e+02
1.611619860919608627e+00	2.210099959582502436e+02
1.617897597081673799e+00	2.196136988426409005e+02
1.624183235481122756e+00	2.181940220810082565e+02
1.630464598531913722e+00	2.172484837527602508e+02
1.636748985747638274e+00	2.167579609335013515e+02
1.643030923698886259e+00	2.156238592774102187e+02
1.649309176648513064e+00	2.144062986918401066e+02
1.655593633940351861e+00	2.129680346066972447e+02
1.661879571405086464e+00	2.119302186142356277e+02
1.668169361685170271e+00	2.109295071970171591e+02
1.674450151530487485e+00	2.094714158376070259e+02
1.680722718978495900e+00	2.094288793352339724e+02
1.687013891340952476e+00	2.082508929219098093e+02
1.693308984907921033e+00	2.064129185283859726e+02
1.699582147428448486e+00	2.063176108542770919e+02
1.705863747055134105e+00	2.053492285673845856e+02
1.712154434283889470e+00	2.037907414678425653e+02
1.718438381579399321e+00	2.025287043434625218e+02
1.724721264464063930e+00	2.017731899868216487e+02
1.730997441276920679e+00	2.010553678560473827e+02
1.737287073528269499e+00	2.000259118413644615e+02
1.743567991878527401e+00	1.992127214197467708e+02
1.749840680212231048e+00	1.980035532124194617e+02
1.756128549091961144e+00	1.969539601965892359e+02
1.762413535324792502e+00	1.963671076971292564e+02
1.768696187669963837e+00	1.952158666041509036e+02
1.774979359379055266e+00	1.943715214663550057e+02
1.781265555576432957e+00	1.931990540005715502e+02
1.787549427830244619e+00	1.921664684090045228e+02
1.793834120011633004e+00	1.912382192669069525e+02
1.800115051552487300e+00	1.900498959618519166e+02
1.806393904854530330e+00	1.893083974069567432e+02
1.812674089667083432e+00	1.886287182232285033e+02
1.818956920109354058e+00	1.878466302159240513e+02
1.825244164118212220e+00	1.874402824298871337e+02
1.831527256642196955e+00	1.863730584932139323e+02
1.837811294935716599e+00	1.846103745671424008e+02
1.844100717411196744e+00	1.841543547514556849e+02
1.850384816792487230e+00	1.836511796930081459e+02
1.856666059735203822e+00	1.824880432154084815e+02
1.862947728675613979e+00	1.817358962584083031e+02
1.869229324466858078e+00	1.806727897098205631e+02
1.875517616802973686e+00	1.799068723427310204e+02
1.881800769033795229e+00	1.790608557374334566e+02
1.888078863416442710e+00	1.785146381873042571e+02
1.894353975182237582e+00	1.771338063036985488e+02
1.900642716154182565e+00	1.767507454449657018e+02
1.906933494748685121e+00	1.758627579517625463e+02
1.913207568676573933e+00	1.745424683241554646e+02
1.919490884732178992e+00	1.742159042623043490e+02
1.925776855684274480e+00	1.734613916401935114e+02
1.932064452961978152e+00	1.726971966361927571e+02
1.938342610030488800e+00	1.719197021214853294e+02
1.944618341543410178e+00	1.710538801623148970e+02
1.950906260203513876e+00	1.700038864293060499e+02
1.957194556613796488e+00	1.690842082751024975e+02
1.963479614559011432e+00	1.687335503479426109e+02
1.969760361532916226e+00	1.677979953309994983e+02
1.976048367034604736e+00	1.669525952665451314e+02
1.982337990217652335e+00	1.662809567295269062e+02
1.988617489259562721e+00	1.653587959450989615e+02
1.994896320665194178e+00	1.646915777660022400e+02
2.001179596222827151e+00	1.640787433538442315e+02
2.007459756923499761e+00	1.633570315113848324e+02
2.013737397779169935e+00	1.624673909884753300e+02
2.020017234677497164e+00	1.619364875677470366e+02
2.026310251015072783e+00	1.616852277664148119e+02
2.032600542948020284e+00	1.604445162319401277e+02
2.038873863192099289e+00	1.599150849061981319e+02
2.045154087821675404e+00	1.589880695509200450e+02
2.051444704514288730e+00	1.583573889527903873e+02
2.057730430280644729e+00	1.577965782721957737e+02
2.064013940455224461e+00	1.571630323656597739e+02
2.070299891179459895e+00	1.559738382502447394e+02
2.076589719964883951e+00	1.555871465125390216e+02
2.082865483794470673e+00	1.550338055494182470e+02
2.089134494859368640e+00	1.542356103102772806e+02
2.095424211360070288e+00	1.535478069236663998e+02
2.101707116664804254e+00	1.529983764680135891e+02
2.107986473933564309e+00	1.523915211101155478e+02
2.114271806543862375e+00	1.515581847710963359e+02
2.120552717288892275e+00	1.510876070508900568e+02
2.126836933207161717e+00	1.501818642065240113e+02
2.133122044791171845e+00	1.499200965739460401e+02
2.139411711910842673e+00	1.490408174957700282e+02
2.145697076775292089e+00	1.483008377157675284e+02
2.151973548606471276e+00	1.476876679844142757e+02
2.158259913555724108e+00	1.470527756561381523e+02
2.164545396699105506e+00	1.468238429536088745e+02
2.170830700377734068e+00	1.458593471103947081e+02
2.177114138849150393e+00	1.449932138943817108e+02
2.183387647576827018e+00	1.447592002172987975e+02
2.189670273687676971e+00	1.441393221732465122e+02
2.195960147934207463e+00	1.433497414327507613e+02
2.202242556317716371e+00	1.427236117293753352e+02
2.208521655981037668e+00	1.421953016957236571e+02
2.214804637081333016e+00	1.416008352697538442e+02
2.221092583349425276e+00	1.410216767267655769e+02
2.227372893591468728e+00	1.403736477340195563e+02
2.233657161144248171e+00	1.401717681626652166e+02
2.239943485394438660e+00	1.392290403273948129e+02
2.246224175264620815e+00	1.388694899041266240e+02
2.252506378421252009e+00	1.382472814310783065e+02
2.258783417054270437e+00	1.380558966735546562e+02
2.265069077371457684e+00	1.369221390245604368e+02
2.271350377044131452e+00	1.364989134849207915e+02
2.277633995145353918e+00	1.360207862353826727e+02
2.283922419579920149e+00	1.355178239067618620e+02
2.290202874392252674e+00	1.350964172728292283e+02
2.296490779970905560e+00	1.343940596664574514e+02
2.302771769934229162e+00	1.339288570130313474e+02
2.309051364164305564e+00	1.335171081228355661e+02
2.315338502539088239e+00	1.329297827580663238e+02
2.321627336503874428e+00	1.325452445972633768e+02
2.327911878297218795e+00	1.316097090791641619e+02
2.334186238580297168e+00	1.311746053307407180e+02
2.340467971862688401e+00	1.307578965904137362e+02
2.346756940970738725e+00	1.302048190629836881e+02
2.353044444556199988e+00	1.296930930048490609e+02
2.359327653314069906e+00	1.291267103124069706e+02
2.365603048789861607e+00	1.287536347448967149e+02
2.371885911737665165e+00	1.282841625048797027e+02
2.378173303594019572e+00	1.278961107583915577e+02
2.384454016539381271e+00	1.270811720373413038e+02
2.390736447344785187e+00	1.267233247587508345e+02
2.397014133897952259e+00	1.264203671104432800e+02
2.403295490074321972e+00	1.260195926087767049e+02
2.409585049672506862e+00	1.255673692661533067e+02
2.415871703165322071e+00	1.250816794151924825e+02
2.422160652369088840e+00	1.247342186084493676e+02
2.428440167222748691e+00	1.240276263446589695e+02
2.434717472383889803e+00	1.237393424801029198e+02
2.441002456202044257e+00	1.233237586510789043e+02
2.447289980304530488e+00	1.228756510474909334e+02
2.453571844729242279e+00	1.221963238980688828e+02
2.459852705114058846e+00	1.217683341669609121e+02
2.466139233225018934e+00	1.215505144141306459e+02
2.472421963421291391e+00	1.211347594690132183e+02
2.478698519174224568e+00	1.206752721854588088e+02
2.484980841400355800e+00	1.201202507897468337e+02
2.491269319409339822e+00	1.198949675631019289e+02
2.497548505139029373e+00	1.190174643260372704e+02
2.503831667172610853e+00	1.188632988890384752e+02
2.510117938323931153e+00	1.184491722152327782e+02
2.516400733681277480e+00	1.178168962369099688e+02
2.522688226833368130e+00	1.177889064124190242e+02
2.528971695852665569e+00	1.172496380815180146e+02
2.535252039407670299e+00	1.169869268590743729e+02
2.541537514142774512e+00	1.161108710525043506e+02
2.547823008847572179e+00	1.161507706530134385e+02
2.554100666580690238e+00	1.157092220692596669e+02
2.560376788884177301e+00	1.153756278106596085e+02
2.566667521601497359e+00	1.150392589542133521e+02
2.572955062237090473e+00	1.146715777881036900e+02
2.579233771797999175e+00	1.142170079400629277e+02
2.585520164300948220e+00	1.139541104395506181e+02
2.591805130332431872e+00	1.135141304033111851e+02
2.598084074692260881e+00	1.132731275272122531e+02
2.604360404197643586e+00	1.129285503382142082e+02
2.610647185140439142e+00	1.124042846246442195e+02
2.616931864059273138e+00	1.119864706725964112e+02
2.623206107911065565e+00	1.117824596117139606e+02
2.629491626543270844e+00	1.111798773791261681e+02
2.635778507982642349e+00	1.110557685923054834e+02
2.642061039325260818e+00	1.108139148325563497e+02
2.648343840729305843e+00	1.102690466928919051e+02
2.654631838974855551e+00	1.100374175031038675e+02
2.660919001246303761e+00	1.096532306721547485e+02
2.667198525130066056e+00	1.095109859637151715e+02
2.673484307038032526e+00	1.091755698798905883e+02
2.679773388053849459e+00	1.088445826863994199e+02
2.686058217632288692e+00	1.086397002281087794e+02
2.692338738200057868e+00	1.080244794907101067e+02
2.698618022887226964e+00	1.080194889108294376e+02
2.704895450708277860e+00	1.074245830687765704e+02
2.711175674923682166e+00	1.070291251543225428e+02
2.717459832966957922e+00	1.068718242703412216e+02
2.723745731959044569e+00	1.067211985684752733e+02
2.730038414850594730e+00	1.064349685248565720e+02
2.736317989800789441e+00	1.060733612252324178e+02
2.742591858549239703e+00	1.057593464224596573e+02
2.748879749010778362e+00	1.056532018969446796e+02
2.755163403825859447e+00	1.052733671624893361e+02
2.761446955625852073e+00	1.049319216271456696e+02
2.767732088935374701e+00	1.048185439389770153e+02
2.774015452421743966e+00	1.046832167554579200e+02
2.780298635700591436e+00	1.044060439037691310e+02
2.786577474762241380e+00	1.039998096184589969e+02
2.792857983210164541e+00	1.037772357620175114e+02
2.799143790920211483e+00	1.035019000250893129e+02
2.805430058399325244e+00	1.032713468273589825e+02
2.811715058209780072e+00	1.030951125850863406e+02
2.817989272498773623e+00	1.028006025492058484e+02
2.824269171595737760e+00	1.024868894124057164e+02
2.830563016441804081e+00	1.025611298288663420e+02
2.836848750951622034e+00	1.021156576495873196e+02
2.843130027866129783e+00	1.017914468108382664e+02
2.849413896912404986e+00	1.017169589829765215e+02
2.855697464522425566e+00	1.015471821179720848e+02
2.861978799810683594e+00	1.013851247123969870e+02
2.868262469415629567e+00	1.011329853618611310e+02
2.874547359206753860e+00	1.008871007316269299e+02
2.880831111471525041e+00	1.007504242669463252e+02
2.887113216972382546e+00	1.005682938968164137e+02
2.893394504725182781e+00	1.004109290201246267e+02
2.899673662137033592e+00	1.002732249733849699e+02
2.905953958587380814e+00	1.000908624155414941e+02
2.912241118105161064e+00	9.985740579440583531e+01
2.918525996366671205e+00	9.968239596366007049e+01
2.924809035425688819e+00	9.944491467147537378e+01
2.931095916293684933e+00	9.929117154560429981e+01
2.937378182606774413e+00	9.928839808893637553e+01
2.943659980254369923e+00	9.925854983366859585e+01
2.949946454403890250e+00	9.876116621712212407e+01
2.956227653702202307e+00	9.880573983569475160e+01
2.962510478867462993e+00	9.864278541780998921e+01
2.968796535179442309e+00	9.856831536521954718e+01
2.975077657376874907e+00	9.828338556934089354e+01
2.981359866759223376e+00	9.841072978607179778e+01
2.987646761575656562e+00	9.815374412143698635e+01
2.993929038370399365e+00	9.807943754256703528e+01
3.000206214840962726e+00	9.794457550071358298e+01
3.006486172402415669e+00	9.787974974081805613e+01
3.012769812211594456e+00	9.775412592971774473e+01
3.019053144326170113e+00	9.748318412734604976e+01
3.025337405144251424e+00	9.757189620995704615e+01
3.031623734799107961e+00	9.745187891582470741e+01
3.037908962055872575e+00	9.755709813553690424e+01
3.044195067146031608e+00	9.729232680619487894e+01
3.050475543482170426e+00	9.722684847384238083e+01
3.056754954538277502e+00	9.710089932377648836e+01
3.063040539557494668e+00	9.715456287705828231e+01
3.069323699454357346e+00	9.734144002641922100e+01
3.075610692642898769e+00	9.716129753878335862e+01
3.081893798009918584e+00	9.697028289889283315e+01
3.088174549548037717e+00	9.706927063764486263e+01
3.094458635632868493e+00	9.707268070964725837e+01
3.100743982931558840e+00	9.696929104504752672e+01
3.107028111748448396e+00	9.708920505384290323e+01
3.113309299655494300e+00	9.705698717564904143e+01
3.119590662867241626e+00	9.699862500015454714e+01
3.125874006820172912e+00	9.697755220831761847e+01
3.132159251154602586e+00	9.707482970705152070e+01
3.138439172765940643e+00	9.702310440636240685e+01
3.144723867719826593e+00	9.701802229241772579e+01
3.151003951258561031e+00	9.700841016561004437e+01
3.157283664131563139e+00	9.708615044765620894e+01
3.163569317183839935e+00	9.709507006339056545e+01
3.169851661717792091e+00	9.724503751697928067e+01
3.176137704316093657e+00	9.714645388450479402e+01
3.182420924828643916e+00	9.726646905566595080e+01
3.188702811875577581e+00	9.731621043830529061e+01
3.194990520008989865e+00	9.726987300420888971e+01
3.201275324656983834e+00	9.751427523142484688e+01
3.207551352179861759e+00	9.757807317526595625e+01
3.213835216737041645e+00	9.767324899261733151e+01
3.220122579819103770e+00	9.753939315171417945e+01
3.226406606618656525e+00	9.739406979579756296e+01
3.232687390085645429e+00	9.709418092414672685e+01
3.238969121280456331e+00	9.697308108732063658e+01
3.245254751548589667e+00	9.670022901977991125e+01
3.251534499036136783e+00	9.654395607485024300e+01
3.257817780791052442e+00	9.607047771390705293e+01
3.264102164154097263e+00	9.586754958060267029e+01
3.270384152138468892e+00	9.575040222782452304e+01
3.276669427476867735e+00	9.578780294260533879e+01
3.282954688864507808e+00	9.548059208995503866e+01
3.289237200334947264e+00	9.523785282499281379e+01
3.295519587088236779e+00	9.511392196157073897e+01
3.301805977329951958e+00	9.490930994754623384e+01
3.308087486222440088e+00	9.460672330694505661e+01
3.314367630234227313e+00	9.433491772212624937e+01
3.320651909732194262e+00	9.409523750408189358e+01
3.326931260376857047e+00	9.407419012812519554e+01
3.333216512447217728e+00	9.380377047792217127e+01
3.339504489419978128e+00	9.364347731677499098e+01
3.345786804809928405e+00	9.348444617741998286e+01
3.352071130016277767e+00	9.330427476508545226e+01
3.358351496304225581e+00	9.295826583005094790e+01
3.364630591073392019e+00	9.280706262619877123e+01
3.370916305215045483e+00	9.280532134918146880e+01
3.377197952029413752e+00	9.242395445827320088e+01
3.383483063818085501e+00	9.228344487530345930e+01
3.389769992424469969e+00	9.225957602469058827e+01
3.396051330885982100e+00	9.197508605051980624e+01
3.402330879139463971e+00	9.189682322058034458e+01
3.408610488352048495e+00	9.149553362197396211e+01
3.414897837696641236e+00	9.141020513409428361e+01
3.421180484052105619e+00	9.128163509716186752e+01
3.427461639653846870e+00	9.115432251493895421e+01
3.433749159643459059e+00	9.108542116936811794e+01
3.440032646656798310e+00	9.092115417313812031e+01
3.446313366033385339e+00	9.056516753233044881e+01
3.452600135384134905e+00	9.046910813332415557e+01
3.458883152815406703e+00	9.034391123089322662e+01
3.465163834403715448e+00	9.019479206132383808e+01
3.471449329786229221e+00	8.997270373874346205e+01
3.477734476754053894e+00	9.000186147694694228e+01
3.484019652467224226e+00	8.976556539998098572e+01
3.490297019369712928e+00	8.957791329158803251e+01
3.496582486484379970e+00	8.938408584942136770e+01
3.502868048046865024e+00	8.918636857260027284e+01
3.509144649545451244e+00	8.914325485945410321e+01
3.515428082003116295e+00	8.902768658685242542e+01
3.521711031624695565e+00	8.888300050600231828e+01
3.527991850954735664e+00	8.872501818444128219e+01
3.534275545726699885e+00	8.865620587416273679e+01
3.540562632020772149e+00	8.852807386315873828e+01
3.546844410757220789e+00	8.824029885755291502e+01
3.553131386753758836e+00	8.834619135337605655e+01
3.559419203211965144e+00	8.812500061679237717e+01
3.565697971577579839e+00	8.794896694767466272e+01
3.571979559134798254e+00	8.791251718424365436e+01
3.578265774595833726e+00	8.761385640340783709e+01
3.584548309769353125e+00	8.769579543455088810e+01
3.590826843920031486e+00	8.755677965853779199e+01
3.597107306745233934e+00	8.731440830217965754e+01
3.603392831792229245e+00	8.730769925949714150e+01
3.609673209822572559e+00	8.724288024550426712e+01
3.615955412133016189e+00	8.699007086159963364e+01
3.622241607772384686e+00	8.701158027142494689e+01
3.628520252736676444e+00	8.685318012612701466e+01
3.634804827569451113e+00	8.682892625331317049e+01
3.641094981788862928e+00	8.660575080200878517e+01
3.647383514928639325e+00	8.648183618468219436e+01
3.653663283927725658e+00	8.637384025983655533e+01
3.659943504072155296e+00	8.623182655752906101e+01
3.666232000281138603e+00	8.621986096650333309e+01
3.672514211678317597e+00	8.623431666493675607e+01
3.678794154686042539e+00	8.606570093178788738e+01
3.685078621861909820e+00	8.589158135315879861e+01
3.691359210097977961e+00	8.595467643020860748e+01
3.697642368173791105e+00	8.592035153367464773e+01
3.703925796735277665e+00	8.565577239488025896e+01
3.710208240364660348e+00	8.571931145699804233e+01
3.716494593122387169e+00	8.556836612170513945e+01
3.722775386659595398e+00	8.538197140172071897e+01
3.729058392883481510e+00	8.541887045832960723e+01
3.735339748210807720e+00	8.531699517953578038e+01
3.741620776392969638e+00	8.530450756301134163e+01
3.747904795418762980e+00	8.528423766234196535e+01
3.754190633281219380e+00	8.507745520370082204e+01
3.760478208018912749e+00	8.522263490713025647e+01
3.766755538573464346e+00	8.502648438141483211e+01
3.773032090135151506e+00	8.498603545465985576e+01
3.779322553012896879e+00	8.491409695662716217e+01
3.785609109731308930e+00	8.485004762933257894e+01
3.791889825936295200e+00	8.502955134332060538e+01
3.798174822702435893e+00	8.487924544555096418e+01
3.804458658753491651e+00	8.491547529580489595e+01
3.810738438095723435e+00	8.482375012380535395e+01
3.817018850285747167e+00	8.462123293361931076e+01
3.823305314209427763e+00	8.466419897023776286e+01
3.829591295197792178e+00	8.461883484098999020e+01
3.835872296070849341e+00	8.456239610673380014e+01
3.842156279590906109e+00	8.455400223084886591e+01
3.848441511099312429e+00	8.463464140438101424e+01
3.854723334376886079e+00	8.456763645932721829e+01
3.861004740704794713e+00	8.443128391396007260e+01
3.867284336650660848e+00	8.455596054661707228e+01
3.873567367678779849e+00	8.460475307608854223e+01
3.879850662830422792e+00	8.452718249942935813e+01
3.886137063198143338e+00	8.448903752665012235e+01
3.892419463049126005e+00	8.440702580124764154e+01
3.898703740328622658e+00	8.461350031781205416e+01
3.904991458788179326e+00	8.447231824088733276e+01
3.911270842222104083e+00	8.447238574255000287e+01
3.917549806479573071e+00	8.446725639717233491e+01
3.923836006203090587e+00	8.456145285209007056e+01
3.930121452497870926e+00	8.453886337393525707e+01
3.936398172858230460e+00	8.457884213687245278e+01
3.942683040425962293e+00	8.448949287202246694e+01
3.948974759704379611e+00	8.450948143731083917e+01
3.955259227995065352e+00	8.450301397166664685e+01
3.961537174921395454e+00	8.456296006245864305e+01
3.967820217617139544e+00	8.453271824482557406e+01
3.974105559832568968e+00	8.463601945222372080e+01
3.980384727931198352e+00	8.458189989754534110e+01
3.986664590839849698e+00	8.472952539135977190e+01
3.992949619150675034e+00	8.471008456608605286e+01
3.999235075769965952e+00	8.475754064395529497e+01
4.005515715515433506e+00	8.483783242855501783e+01
4.011798434346478537e+00	8.472520961830713304e+01
4.018083716245132386e+00	8.485806107545506904e+01
4.024365700052603856e+00	8.505776178028683887e+01
4.030643960839860540e+00	8.503527992222397813e+01
4.036928708926215137e+00	8.506371440358995528e+01
4.043218157412017177e+00	8.509662071947730055e+01
4.049503019487663558e+00	8.521905867839795690e+01
4.055781898960511000e+00	8.518344383357435845e+01
4.062060795621602161e+00	8.521594079793788978e+01
4.068347865354716042e+00	8.529020543567064294e+01
4.074631027173265529e+00	8.551554668575884932e+01
4.080910837526078971e+00	8.560660332768314618e+01
4.087201203341442657e+00	8.554591386063088976e+01
4.093486818591942189e+00	8.569421371368909490e+01
4.099764387336505500e+00	8.565974971931484561e+01
4.106049166937662420e+00	8.572290775121788897e+01
4.112334559041358695e+00	8.599429158628976211e+01
4.118618926059533614e+00	8.619888331355774369e+01
4.124898942031112625e+00	8.618603295623390181e+01
4.131175432561665417e+00	8.636800859881979875e+01
4.137461563786142271e+00	8.631645545157640242e+01
4.143746006210170307e+00	8.670989571459998047e+01
4.150029800482964326e+00	8.652670444056582255e+01
4.156313390684649001e+00	8.667375440252325802e+01
4.162596105843763716e+00	8.666554190268873015e+01
4.168881843141768684e+00	8.698693001886505272e+01
4.175162111073220217e+00	8.704472855208929616e+01
4.181448573417560155e+00	8.720061872962511984e+01
4.187738782464171194e+00	8.761645755687202097e+01
4.194017437180169061e+00	8.739259639349518238e+01
4.200293572701767175e+00	8.786321330516589967e+01
4.206580195481546269e+00	8.787401357330254825e+01
4.212860644652220543e+00	8.792404141378379734e+01
4.219138153430114002e+00	8.824114030263881148e+01
4.225426162098283811e+00	8.817988444991772212e+01
4.231713506719782636e+00	8.856876524966708075e+01
4.237990056577191744e+00	8.851351207663643095e+01
4.244267783646744618e+00	8.859374797702355409e+01
4.250560660182562955e+00	8.892446172928353576e+01
4.256847734842668096e+00	8.915827261715867280e+01
4.263127100734456221e+00	8.929658727297409371e+01
4.269406860432507500e+00	8.939168004890923669e+01
4.275691671482192646e+00	8.938248761377525398e+01
4.281972414189518794e+00	8.970324252425282907e+01
4.288253516806755705e+00	8.988272256267254079e+01
4.294540520160492925e+00	9.012349334847300497e+01
4.300825742921731809e+00	9.020078009816828057e+01
4.307109835491901961e+00	9.051211279013121214e+01
4.313390926478413157e+00	9.070852114646106656e+01
4.319667979480563247e+00	9.068815971580535518e+01
4.325952598143786076e+00	9.117345457178876700e+01
4.332241647035422361e+00	9.099889688079960592e+01
4.338524445619096781e+00	9.117264700995234250e+01
4.344809348131129845e+00	9.134131753901706929e+01
4.351090699193166600e+00	9.188343982332521875e+01
4.357369710808320029e+00	9.210289387608280265e+01
4.363659348967174445e+00	9.212817238127246355e+01
4.369947418280990981e+00	9.227005485730651912e+01
4.376226569265827315e+00	9.236442277944942703e+01
4.382499356631129217e+00	9.259132844257354122e+01
4.388784975178015024e+00	9.281054199306345254e+01
4.395068696309480494e+00	9.285637043464792839e+01
4.401347962382031298e+00	9.313544975656360236e+01
4.407628405096517099e+00	9.339274090571757370e+01
4.413915862185140426e+00	9.352654312668302339e+01
4.420203163534264235e+00	9.379943844256791863e+01
4.426480311003382795e+00	9.368048473730097214e+01
4.432765973643649104e+00	9.416927539568784766e+01
4.439053392023870614e+00	9.391603234270424139e+01
4.445336141335588742e+00	9.444411278610063221e+01
4.451617241414883352e+00	9.435556310171813266e+01
4.457901500730311106e+00	9.447604269398892995e+01
4.464189501093017043e+00	9.457906553302424868e+01
4.470470197548729985e+00	9.473900459447141031e+01
4.476748044268524573e+00	9.480783586467219948e+01
4.483035990164653484e+00	9.485040859704214711e+01
4.489323331650528104e+00	9.494862363090842905e+01
4.495599111667934800e+00	9.497567049914013637e+01
4.501870922878794090e+00	9.474094586442369348e+01
4.508155162877705457e+00	9.502210327199465212e+01
4.514446451153479423e+00	9.506941346987164820e+01
4.520723894043856994e+00	9.514963372652594842e+01
4.527003782460155890e+00	9.472323717823439893e+01
4.533293086610313161e+00	9.456259716573110552e+01
4.539578989864040182e+00	9.444218228675532600e+01
4.545857164866476730e+00	9.421700335605888199e+01
4.552138955546025656e+00	9.391724220141118451e+01
4.558432046889146605e+00	9.362980202820767772e+01
4.564713463378488711e+00	9.373803060028465950e+01
4.570987274133244682e+00	9.377103464761161433e+01
4.577274818151045643e+00	9.381395721403927723e+01
4.583563263889338657e+00	9.334655365310803177e+01
4.589844917004465508e+00	9.387828941633289048e+01
4.596126259982004747e+00	9.319381322633164189e+01
4.602409075598298926e+00	9.354660902055242389e+01
4.608696634867644804e+00	9.369012676806464412e+01
4.614977646498861219e+00	9.357386254567838080e+01
4.621258953029527383e+00	9.360929713949600739e+01
4.627547993978874175e+00	9.328532247516240261e+01
4.633830152730579854e+00	9.374849421593792442e+01
4.640104005367354567e+00	9.396560784801170030e+01
4.646382060386754276e+00	9.364420112034335375e+01
4.652674213731970987e+00	9.354873639360486948e+01
4.658958291796220230e+00	9.381100645271658323e+01
4.665233615070169648e+00	9.414067376190105563e+01
4.671520675710307380e+00	9.404506877812171695e+01
4.677814351732177300e+00	9.416641302136466152e+01
4.684093699744638073e+00	9.435156683394161803e+01
4.690368661472568590e+00	9.422000972158954823e+01
4.696663270746453733e+00	9.440374560138765503e+01
4.702945459248681459e+00	9.435106179858726705e+01
4.709209170841929470e+00	9.421878431624860184e+01
4.715491634753063543e+00	9.486673636150933930e+01
4.721784316284933780e+00	9.493417326427974956e+01
4.728063062331094635e+00	9.551683770961847131e+01
4.734337423381671073e+00	9.493021095615284821e+01
4.740627024094544062e+00	9.556763317454193896e+01
4.746914995664547554e+00	9.586105634247755347e+01
4.753194740071086777e+00	9.608351229976372565e+01
4.759478891864783456e+00	9.587638185258106205e+01
4.765762396877359031e+00	9.629693756655382231e+01
4.772049481246195768e+00	9.657385247208250689e+01
4.778335091022592351e+00	9.658089201969504245e+01
4.784610831402393849e+00	9.704472451093892005e+01
4.790907306208476157e+00	9.741637447551018170e+01
4.797204047706418173e+00	9.744167336553962855e+01
4.803470827697504220e+00	9.760726531166726261e+01
4.809748850577324042e+00	9.756795496482645547e+01
4.816045316586602176e+00	9.829896652393432532e+01
4.822329240673497885e+00	9.840371219446319628e+01
4.828596758226470165e+00	9.869167205945487353e+01
4.834890332961369275e+00	9.863897904247052395e+01
4.841191655056394261e+00	9.910212289098127769e+01
4.847460407468000554e+00	9.910699475396930325e+01
4.853732128521334843e+00	9.964093625388858300e+01
4.860029138783373170e+00	9.982335022792950951e+01
4.866314601732018019e+00	1.000575817832298782e+02
4.872587026269203925e+00	1.010257745360433432e+02
4.878874221748241702e+00	1.010827440466020022e+02
4.885171078138658807e+00	1.005288136623469057e+02
4.891450629931857641e+00	1.012288051491859875e+02
4.897716482750221978e+00	1.019344782397459710e+02
4.904002834596266069e+00	1.020599994910212587e+02
4.910295858205786068e+00	1.027894027450664254e+02
4.916575188115905881e+00	1.027414246015056420e+02
4.922847946197084212e+00	1.032993923172322468e+02
4.929131667457151700e+00	1.035518802763127013e+02
4.935434460144239033e+00	1.037341778308318965e+02
4.941718513303545279e+00	1.040465567090481898e+02
4.947978624761803168e+00	1.050446996083028637e+02
4.954274999209829389e+00	1.052017911440245683e+02
4.960571094729937514e+00	1.056752585894411567e+02
4.966823207626954506e+00	1.060713121384744397e+02
4.973097418390337587e+00	1.062940825527823137e+02
4.979415129936382023e+00	1.064594330495041987e+02
4.985702082330368157e+00	1.077556622670118998e+02
4.991949985828016523e+00	1.081804048981982476e+02
4.998241586316924057e+00	1.075959843729316248e+02
5.004556635606089543e+00	1.089428649994978286e+02
5.010828655701208945e+00	1.093975065799428421e+02
5.017077229702536556e+00	1.091566586829792271e+02
5.023374414758113637e+00	1.105186218790203583e+02
5.029688873569548413e+00	1.106728121191970899e+02
5.035958413584124216e+00	1.113174283130615265e+02
5.042232667658486989e+00	1.115100294012651432e+02
5.048528755870775875e+00	1.121247251590994551e+02
5.054821121427484520e+00	1.131261003152457931e+02
5.061069509814582368e+00	1.129893213258833100e+02
5.067347812754101177e+00	1.142114247849109887e+02
5.073675050630431116e+00	1.150726863792756944e+02
5.079945928388977627e+00	1.155655871596767241e+02
5.086192992546071601e+00	1.163284472895408754e+02
5.092484128970163226e+00	1.162162775530991041e+02
5.098802924706086870e+00	1.169864286262016577e+02
5.105078217426394005e+00	1.179620604172563958e+02
5.111325076574067872e+00	1.189482197741122320e+02
5.117628358851224135e+00	1.198342483428986469e+02
5.123935939383525984e+00	1.198495085251498580e+02
5.130199176325612065e+00	1.213112122427730526e+02
5.136469985878846956e+00	1.212453188642835045e+02
5.142797788696348071e+00	1.226026525185443745e+02
5.149090378043822192e+00	1.227894958019435308e+02
5.155289879840074363e+00	1.249203395825439884e+02
5.161564521234301317e+00	1.246623561508644542e+02
5.167916673496016244e+00	1.254462523341409366e+02
5.174205974602950064e+00	1.268587013058002100e+02
5.180434820793812456e+00	1.276092520274909532e+02
5.186729096569634656e+00	1.279748743486830733e+02
5.193058481037780894e+00	1.282282196514709085e+02
5.199319511444338460e+00	1.311767479028759453e+02
5.205574295584361799e+00	1.314488917385438924e+02
5.211894977074066126e+00	1.323608171721137410e+02
5.218201708336958511e+00	1.332994128619510832e+02
5.224411911780083351e+00	1.345317857610780550e+02
5.230677632666463239e+00	1.338081176730995594e+02
5.237056729559757429e+00	1.350948847999137286e+02
5.243336785035660697e+00	1.367325191573004304e+02
5.249493476178225038e+00	1.386484242268582250e+02
5.255787017738318134e+00	1.380751227204141571e+02
5.262205327426889845e+00	1.401301709911777778e+02
5.268477758348532269e+00	1.417299964020807010e+02
5.274632213654732560e+00	1.433156696547529521e+02
5.280950543314659740e+00	1.442620865350646113e+02
5.287327645024750389e+00	1.450370877008805337e+02
5.293582359180156516e+00	1.490379042004349230e+02
5.299789992649893478e+00	1.500247028016548825e+02
5.306111460381987222e+00	1.505777063045952104e+02
5.312452717892129250e+00	1.493928828085533382e+02
5.318650122853046724e+00	1.519908952896575727e+02
5.324923043129819789e+00	1.538020385451646348e+02
5.331330237158205421e+00	1.546480373513371944e+02
5.337586726886338617e+00	1.542935652569659055e+02
5.343685192440848830e+00	1.606795702160218582e+02
5.350070659715249199e+00	1.595277520300682284e+02
5.356556762554878226e+00	1.613992954068466190e+02
5.362691868684501095e+00	1.641818302509450689e+02
5.368769208912516966e+00	1.631994751619147337e+02
5.375270137997677722e+00	1.671440101057130789e+02
5.381769983045385786e+00	1.688363737445135371e+02
5.387701030372958222e+00	1.694336476640872320e+02
5.393786668001271600e+00	1.701203934447407562e+02
5.400446161099396569e+00	1.713072164776456248e+02
5.406957063684501463e+00	1.751946953208805269e+02
5.412655672453426270e+00	1.776374424918362536e+02
5.418821279260546575e+00	1.797090145614474466e+02
5.425690594366304076e+00	1.785220638289054875e+02
5.432217487502165376e+00	1.845386535718341747e+02
5.437649811577258241e+00	1.827790289711286960e+02
5.443914404015878006e+00	1.864457608115176583e+02
5.450953501686320202e+00	1.876570131028055641e+02
5.457483690405861232e+00	1.900957264717800683e+02
5.462715250135157241e+00	1.958375311053578685e+02
5.469033575551323523e+00	1.887320910425112857e+02
5.476177730420278778e+00	1.878758560354247322e+02
5.482708935702562236e+00	2.011702466702721779e+02
5.487722405008360838e+00	1.946220867363782077e+02
5.494194284996126498e+00	2.109560681130712396e+02
5.501391471009256406e+00	1.959574897362784611e+02
5.507128202673079009e+00	2.051857878193755198e+02
5.512278020050448646e+00	2.050939488531352879e+02
5.519395563377015534e+00	2.173054306844506982e+02
5.526598678609708770e+00	2.124723219627645392e+02
5.532162682462509196e+00	1.971263820960516853e+02
5.537397124017139127e+00	2.326008542432837487e+02
5.544582756485218589e+00	2.195988606983707712e+02
5.551739327507637434e+00	2.204307155668024336e+02
5.557493306674907707e+00	2.571600845333202869e+02
5.562281709102816940e+00	2.157848584618084828e+02
5.569272720323164449e+00	8.289439944553424766e+01
