8.899641224696953554e-03	1.062401937651065055e+04
1.507912216506557788e-02	1.543084577060107949e+04
2.144790186456836667e-02	1.414055690137686724e+04
2.783660776489276650e-02	1.572978296480802419e+04
3.435099785803411021e-02	1.219573454079120165e+04
4.047886761425745911e-02	1.199611003265015643e+04
4.676716683575679601e-02	1.096183905345250605e+04
5.308225101765951665e-02	9.688403828423281084e+03
5.945362440940590160e-02	8.796564498125162572e+03
6.576224814588792211e-02	8.648164354057904347e+03
7.196632906698736953e-02	8.277151988367861122e+03
7.827860915688347743e-02	7.591682439648736363e+03
8.470398945834539672e-02	6.678476187469312208e+03
9.096854620527369817e-02	6.423336228040281640e+03
9.720789776830213169e-02	5.576526970803695804e+03
1.034763038959366499e-01	5.235717786676824289e+03
1.097576444254559219e-01	4.805377199723179729e+03
1.160543084780093354e-01	4.718766963235887488e+03
1.223669666537485351e-01	4.399877345592034544e+03
1.286817263090294094e-01	4.351212674279548082e+03
1.349500801664080818e-01	4.063175218031784880e+03
1.411949558842147678e-01	3.748905649523288957e+03
1.475133575747468451e-01	3.468157675314110747e+03
1.537865074252268427e-01	3.292374405531284083e+03
1.600657544051110326e-01	3.131832234912833883e+03
1.663991168687080635e-01	2.930977522951424817e+03
1.727195645776442856e-01	2.816672880779447496e+03
1.789765213377084718e-01	2.713021869158505069e+03
1.852353690647852158e-01	2.656949620085496463e+03
1.914806787341157279e-01	2.550765324472253724e+03
1.977889868651535599e-01	2.449999863086368805e+03
2.040937735447724277e-01	2.394581994137926813e+03
2.103939302609846018e-01	2.226254661666225729e+03
2.166909709822301688e-01	2.163867105757180070e+03
2.229700281216152047e-01	2.056057498324365497e+03
2.292620027086341994e-01	2.006805837887258349e+03
2.355141508366812297e-01	1.981952288225396615e+03
2.417910583817859116e-01	1.868565360199237603e+03
2.480856539439619257e-01	1.851459195587514159e+03
2.543492256872954549e-01	1.761503894395928228e+03
2.606334251884805386e-01	1.723118842517003486e+03
2.669257370896960802e-01	1.700924325127879001e+03
2.732423343141155980e-01	1.636447391734430767e+03
2.795529680084415936e-01	1.601339587796545629e+03
2.858366292314493129e-01	1.566044655992924390e+03
2.920876271394311496e-01	1.529126240810638592e+03
2.983449844439822751e-01	1.469810449947471170e+03
3.046382639407197446e-01	1.464535957581656930e+03
3.109279127003197196e-01	1.429703123226037178e+03
3.172168171618398036e-01	1.368626727706625843e+03
3.235187567944423082e-01	1.358824308490541853e+03
3.298168217550395687e-01	1.328227935241371824e+03
3.361176429457156667e-01	1.300306845223701885e+03
3.423700375709273769e-01	1.298081245115149386e+03
3.486478192666269682e-01	1.248973820773262332e+03
3.549411614411318028e-01	1.237644728205811589e+03
3.611916935421040642e-01	1.212402012560769208e+03
3.674767089563572564e-01	1.190390257263805779e+03
3.737647795277591056e-01	1.165846050975392927e+03
3.800654031475132477e-01	1.155806859696999027e+03
3.863539861259823738e-01	1.128226377482371618e+03
3.926140181364449755e-01	1.111774511243113238e+03
3.989264500321934581e-01	1.096824696219392308e+03
4.052073244576828714e-01	1.076143977303946031e+03
4.114916477570477182e-01	1.071134918217029281e+03
4.177814272116491257e-01	1.047452284991202987e+03
4.240400648725131116e-01	1.022503402489635619e+03
4.303425690270192283e-01	1.023912256025457395e+03
4.366358560255625965e-01	1.005877695812834872e+03
4.428996183220763605e-01	9.946323637306292085e+02
4.491634418529859563e-01	9.712028997187304640e+02
4.554414146254732731e-01	9.628252032136103935e+02
4.617634470301058558e-01	9.462624915009437245e+02
4.680644242023710433e-01	9.347258608041900061e+02
4.743485242764365895e-01	9.264896991012873286e+02
4.806356136815400082e-01	9.067067039681435290e+02
4.869019258388697646e-01	9.002478513278233549e+02
4.931697099599955947e-01	9.010049586412729923e+02
4.994506747144535908e-01	8.863824902362730427e+02
5.057159051335421429e-01	8.662123140439025519e+02
5.119923996268095356e-01	8.580871710727468553e+02
5.183126097768406826e-01	8.545822660900785195e+02
5.246089638029100000e-01	8.387605425595829729e+02
5.308757308483337267e-01	8.284236419925174459e+02
5.371573527946726934e-01	8.265250548762968492e+02
5.434579563783791256e-01	8.056178437151276057e+02
5.497430652392217842e-01	8.058969790653783321e+02
5.559937427501778773e-01	7.975107097747661555e+02
5.622854676609657654e-01	7.888236947412316340e+02
5.686011537227265711e-01	7.780855823278310481e+02
5.748804589422079614e-01	7.747665643880844755e+02
5.811550210340560296e-01	7.655202713315446772e+02
5.874394496660968468e-01	7.571399743853089603e+02
5.937176220296899176e-01	7.436101690299810798e+02
5.999971954793682505e-01	7.465698961325475693e+02
6.062679115124277596e-01	7.305247265484773607e+02
6.125469576444534381e-01	7.261655268958058969e+02
6.188477733041515272e-01	7.246330114767248460e+02
6.251310567437898813e-01	7.149449434608452520e+02
6.314027450383210560e-01	7.094337624205480779e+02
6.377003562732055375e-01	7.051579935920905200e+02
6.439857783314556494e-01	6.924933950078625458e+02
6.502685417166111925e-01	6.933813388261544333e+02
6.565586117699038216e-01	6.839274862151597745e+02
6.628369282359254377e-01	6.818477381566591475e+02
6.691185444962194362e-01	6.713167738923585830e+02
6.754070198575605755e-01	6.680937352262811828e+02
6.816835514593204692e-01	6.596381005659122820e+02
6.879592533861698112e-01	6.588165037305190026e+02
6.942344317039531587e-01	6.543230227595781798e+02
7.005175402434737908e-01	6.489749975714296397e+02
7.068124956608716758e-01	6.375111646807285979e+02
7.131019009674921527e-01	6.369208968597250760e+02
7.193918251171427247e-01	6.294987513036060136e+02
7.256833807598113140e-01	6.268294581421175735e+02
7.319652682709349989e-01	6.185301711954386974e+02
7.382507990484923344e-01	6.138224458048847509e+02
7.445265842115937893e-01	6.178316181496721811e+02
7.507871101942712455e-01	6.058480302297501794e+02
7.570758465316046459e-01	6.048375697466631209e+02
7.633641233600957365e-01	5.977466103259371266e+02
7.696462959862266917e-01	5.929254853507461576e+02
7.759394865175414102e-01	5.936798979011612118e+02
7.822329141989586843e-01	5.849940751835677020e+02
7.885314936520240181e-01	5.813506497793513290e+02
7.947896566979522071e-01	5.837183298590792901e+02
8.010491096592354809e-01	5.755814255337937766e+02
8.073364061727361651e-01	5.725294238900544315e+02
8.136229488373866170e-01	5.666794462974664839e+02
8.199152998961036776e-01	5.636369523732075777e+02
8.261952636392789762e-01	5.616645892886133424e+02
8.324897070080405914e-01	5.553119160993273908e+02
8.387959309210778480e-01	5.506505910312072274e+02
8.450634639703045181e-01	5.438055153336741796e+02
8.513282867562648182e-01	5.461373221722243443e+02
8.576198263902009566e-01	5.403747556875636064e+02
8.639058477062415697e-01	5.370761219088446978e+02
8.701838745487597837e-01	5.331685887838241342e+02
8.764641096075268534e-01	5.284485201285305038e+02
8.827503873399735745e-01	5.257558166898223817e+02
8.890332768393869323e-01	5.212395095963290714e+02
8.953084247113127780e-01	5.221800506714820358e+02
9.015956521667095602e-01	5.165996222228711758e+02
9.078833328094829680e-01	5.149591912161492928e+02
9.141744106319863450e-01	5.092885965916279360e+02
9.204630817717615043e-01	5.083039194627961592e+02
9.267434415264711456e-01	5.056707458888367341e+02
9.330324197354928906e-01	5.019176539389297886e+02
9.393265785573878812e-01	4.974139541607700039e+02
9.455974810398196650e-01	4.946100286057846915e+02
9.518660018545171964e-01	4.939007200892144169e+02
9.581413255531838757e-01	4.895461649809493565e+02
9.644350945109106954e-01	4.870678090149540367e+02
9.707355633568249820e-01	4.817473556451595869e+02
9.770080768450029041e-01	4.816990514818870111e+02
9.832823325363413414e-01	4.783714102011180103e+02
9.895569691966674686e-01	4.743253493419279039e+02
9.958456301921106979e-01	4.720325172026271048e+02
1.002136210743837408e+00	4.675040977273830549e+02
1.008404825335135424e+00	4.672832484900483792e+02
1.014694149836243398e+00	4.644487054594283109e+02
1.020992555437297167e+00	4.626306044556244501e+02
1.027273980437394485e+00	4.590486769966119027e+02
1.033559181896017254e+00	4.576500282423368162e+02
1.039847557392594934e+00	4.536363681136431296e+02
1.046126974943305088e+00	4.516704292873185409e+02
1.052403436811028659e+00	4.476427481774850889e+02
1.058680704651608684e+00	4.462787109406135073e+02
1.064964333065789193e+00	4.409723747318479923e+02
1.071256777440835473e+00	4.387132255821387616e+02
1.077544048801078125e+00	4.387726678269081617e+02
1.083824820188043603e+00	4.353239052016668893e+02
1.090108023942816695e+00	4.315239543181581325e+02
1.096389665956643222e+00	4.293185709609296055e+02
1.102681132058841440e+00	4.286662669913481523e+02
1.108963047594879958e+00	4.263926705053080468e+02
1.115225428463759272e+00	4.237363027755347389e+02
1.121502127614767863e+00	4.230460670627759328e+02
1.127792573824792033e+00	4.199123069246303999e+02
1.134089552668382961e+00	4.159628088539352007e+02
1.140364049650405942e+00	4.136722923641293619e+02
1.146639180320979445e+00	4.123385845106964780e+02
1.152942412991649901e+00	4.114640318338916245e+02
1.159228906751078814e+00	4.084475158444118392e+02
1.165508721887268173e+00	4.073046665961010149e+02
1.171793076256210320e+00	4.044074222682759228e+02
1.178087436369658958e+00	4.027294348401098318e+02
1.184367654251526902e+00	3.994899842438923656e+02
1.190634642299266632e+00	3.989249212340741906e+02
1.196912208834400859e+00	3.954985704271386453e+02
1.203201577354146234e+00	3.944144606032783145e+02
1.209486844441705733e+00	3.926462787661010907e+02
1.215763902074809888e+00	3.891744907432505443e+02
1.222049755171146668e+00	3.861842930192069616e+02
1.228340616621486969e+00	3.862030604438436967e+02
1.234632986576932767e+00	3.831098606451153046e+02
1.240902247176856488e+00	3.811995267073362470e+02
1.247174839144687519e+00	3.800061708554093229e+02
1.253465459933442272e+00	3.765940239905191333e+02
1.259749951892178421e+00	3.752477421368714090e+02
1.266032143127253873e+00	3.740888285627399910e+02
1.272316288472006507e+00	3.718779825789080746e+02
1.278604155058621350e+00	3.689939406892977445e+02
1.284886588933593865e+00	3.696967553618641773e+02
1.291175420066583257e+00	3.670307240472830017e+02
1.297465726373772332e+00	3.633239091839309367e+02
1.303741827011944299e+00	3.611120761861399728e+02
1.310017322922761851e+00	3.607943789979206031e+02
1.316301447662886703e+00	3.579663659404274654e+02
1.322586760363303249e+00	3.563897202828866284e+02
1.328865492452874664e+00	3.550118235588430480e+02
1.335144804954555564e+00	3.525565252413925350e+02
1.341440516272275119e+00	3.517952520904911466e+02
1.347730868417094552e+00	3.493964190972245092e+02
1.354001589994877630e+00	3.474362058781741780e+02
1.360282609297778444e+00	3.453356273388787372e+02
1.366565686457597906e+00	3.430014250774860329e+02
1.372851498482432708e+00	3.429558027291017765e+02
1.379135372929401804e+00	3.408250355137297447e+02
1.385409567149057164e+00	3.390764186959448807e+02
1.391698641219299315e+00	3.371658050184206559e+02
1.397984451439470810e+00	3.353525083033818532e+02
1.404267883409181961e+00	3.334008179247314843e+02
1.410554779484869181e+00	3.317535210545171367e+02
1.416837833547465397e+00	3.299438460559768487e+02
1.423118177187137068e+00	3.299107303713981878e+02
1.429397801164240089e+00	3.280004330330773428e+02
1.435686921822787232e+00	3.262818863597158838e+02
1.441977121769299597e+00	3.247281905140894764e+02
1.448253667853332427e+00	3.229287363873435766e+02
1.454532348972172651e+00	3.212048275795082759e+02
1.460819319151879903e+00	3.195746637216955719e+02
1.467110364402026468e+00	3.187548188828254183e+02
1.473392908948962132e+00	3.173298800462459894e+02
1.479669965243598950e+00	3.138469721370209413e+02
1.485956144602843532e+00	3.131023138203956933e+02
1.492233610763115115e+00	3.109863737798842180e+02
1.498502470379980078e+00	3.098596758144605587e+02
1.504785752051182701e+00	3.087681342848860027e+02
1.511075991894575976e+00	3.066780999887519101e+02
1.517361634985162189e+00	3.064744085397447293e+02
1.523648570969130533e+00	3.051313895751665655e+02
1.529938035715892264e+00	3.024921706547537497e+02
1.536230176913891965e+00	3.020533992589215586e+02
1.542510718779388279e+00	3.001740898375769007e+02
1.548783963082980275e+00	2.983799732958055415e+02
1.555073069779651318e+00	2.976780053188317083e+02
1.561357324927233892e+00	2.957894920299330010e+02
1.567629121053141006e+00	2.951940139704257717e+02
1.573913697404382583e+00	2.939622731985995756e+02
1.580203545230874029e+00	2.921833323370917128e+02
1.586485393434537983e+00	2.900121713519585569e+02
1.592760014263005841e+00	2.883695905440614524e+02
1.599046436394670812e+00	2.882411711472536240e+02
1.605342136637478934e+00	2.864644843127530862e+02
1.611619860919608627e+00	2.847022786933399630e+02
1.617897597081673799e+00	2.843280430651485062e+02
1.624183235481122756e+00	2.831330215013981046e+02
1.630464598531913722e+00	2.815679842944817892e+02
1.636748985747638274e+00	2.793234677086346665e+02
1.643030923698886259e+00	2.787828264253138855e+02
1.649309176648513064e+00	2.763780375614517197e+02
1.655593633940351861e+00	2.758578092809702298e+02
1.661879571405086464e+00	2.743441017960329305e+02
1.668169361685170271e+00	2.735409531589523908e+02
1.674450151530487485e+00	2.723722005280338294e+02
1.680722718978495900e+00	2.703474479765329761e+02
1.687013891340952476e+00	2.700182751200909479e+02
1.693308984907921033e+00	2.687444462051328173e+02
1.699582147428448486e+00	2.676762886057682636e+02
1.705863747055134105e+00	2.666646057853469074e+02
1.712154434283889470e+00	2.646294601473490502e+02
1.718438381579399321e+00	2.638818465176253767e+02
1.724721264464063930e+00	2.626967895210568713e+02
1.730997441276920679e+00	2.616879336913165162e+02
1.737287073528269499e+00	2.603977178940907038e+02
1.743567991878527401e+00	2.593388399141293803e+02
1.749840680212231048e+00	2.579775185377314415e+02
1.756128549091961144e+00	2.569760413659366236e+02
1.762413535324792502e+00	2.557342893119996177e+02
1.768696187669963837e+00	2.547482697038599611e+02
1.774979359379055266e+00	2.533306404901810822e+02
1.781265555576432957e+00	2.527969170838247237e+02
1.787549427830244619e+00	2.512244590322305271e+02
1.793834120011633004e+00	2.499452361227706660e+02
1.800115051552487300e+00	2.494983079357681675e+02
1.806393904854530330e+00	2.484087044510462476e+02
1.812674089667083432e+00	2.467216099051619551e+02
1.818956920109354058e+00	2.459580347321487466e+02
1.825244164118212220e+00	2.449771715911762442e+02
1.831527256642196955e+00	2.437115592139515172e+02
1.837811294935716599e+00	2.427354763471234946e+02
1.844100717411196744e+00	2.415298409754917088e+02
1.850384816792487230e+00	2.406618517502261625e+02
1.856666059735203822e+00	2.394950388279405047e+02
1.862947728675613979e+00	2.387024738848394918e+02
1.869229324466858078e+00	2.374578292074274941e+02
1.875517616802973686e+00	2.361154048638409222e+02
1.881800769033795229e+00	2.354784019557479837e+02
1.888078863416442710e+00	2.350783073028452463e+02
1.894353975182237582e+00	2.339759188196894115e+02
1.900642716154182565e+00	2.327617416159041568e+02
1.906933494748685121e+00	2.311622302159178162e+02
1.913207568676573933e+00	2.308355858300840566e+02
1.919490884732178992e+00	2.295818625335873833e+02
1.925776855684274480e+00	2.285804255006258359e+02
1.932064452961978152e+00	2.275020644002905215e+02
1.938342610030488800e+00	2.270191702198621329e+02
1.944618341543410178e+00	2.260696749271515955e+02
1.950906260203513876e+00	2.246905574385683622e+02
1.957194556613796488e+00	2.238627041944599227e+02
1.963479614559011432e+00	2.231000711554231941e+02
1.969760361532916226e+00	2.223507158540467401e+02
1.976048367034604736e+00	2.210263612002190143e+02
1.982337990217652335e+00	2.196527630050316873e+02
1.988617489259562721e+00	2.189776591740148319e+02
1.994896320665194178e+00	2.186926059054956966e+02
2.001179596222827151e+00	2.171776865654838957e+02
2.007459756923499761e+00	2.166843920224716840e+02
2.013737397779169935e+00	2.155859790264018727e+02
2.020017234677497164e+00	2.146190303061113411e+02
2.026310251015072783e+00	2.139882376804978605e+02
2.032600542948020284e+00	2.131425694237055382e+02
2.038873863192099289e+00	2.122234266916482568e+02
2.045154087821675404e+00	2.115019854677766773e+02
2.051444704514288730e+00	2.102945543075155399e+02
2.057730430280644729e+00	2.094268047360252467e+02
2.064013940455224461e+00	2.084366659369943307e+02
2.070299891179459895e+00	2.073713217143741758e+02
2.076589719964883951e+00	2.070001353423245121e+02
2.082865483794470673e+00	2.063798237745853612e+02
2.089134494859368640e+00	2.054616322087682647e+02
2.095424211360070288e+00	2.044333967619994894e+02
2.101707116664804254e+00	2.035872339506886703e+02
2.107986473933564309e+00	2.031762273391485394e+02
2.114271806543862375e+00	2.018373251873366598e+02
2.120552717288892275e+00	2.012714430944020876e+02
2.126836933207161717e+00	2.005565093009996360e+02
2.133122044791171845e+00	1.999330248945783239e+02
2.139411711910842673e+00	1.990114831213836908e+02
2.145697076775292089e+00	1.982360924769390067e+02
2.151973548606471276e+00	1.972462724664272855e+02
2.158259913555724108e+00	1.970192621185854591e+02
2.164545396699105506e+00	1.961483271360149843e+02
2.170830700377734068e+00	1.948630375471773846e+02
2.177114138849150393e+00	1.944129268707339406e+02
2.183387647576827018e+00	1.939947885416469830e+02
2.189670273687676971e+00	1.927665655947664050e+02
2.195960147934207463e+00	1.920625717519814941e+02
2.202242556317716371e+00	1.915226693238258520e+02
2.208521655981037668e+00	1.908683451250886947e+02
2.214804637081333016e+00	1.896898245313914515e+02
2.221092583349425276e+00	1.893540497491021597e+02
2.227372893591468728e+00	1.884847565673243537e+02
2.233657161144248171e+00	1.879234594495799513e+02
2.239943485394438660e+00	1.872291823368029782e+02
2.246224175264620815e+00	1.862522756111833075e+02
2.252506378421252009e+00	1.857696982357888089e+02
2.258783417054270437e+00	1.849804740210996954e+02
2.265069077371457684e+00	1.850384878735500536e+02
2.271350377044131452e+00	1.841678505774063694e+02
2.277633995145353918e+00	1.831650227663706971e+02
2.283922419579920149e+00	1.824846807591618756e+02
2.290202874392252674e+00	1.820568680885565698e+02
2.296490779970905560e+00	1.810010173645687246e+02
2.302771769934229162e+00	1.802100870326108577e+02
2.309051364164305564e+00	1.798116665472036857e+02
2.315338502539088239e+00	1.789577855240465283e+02
2.321627336503874428e+00	1.784037553330061030e+02
2.327911878297218795e+00	1.779640552980161488e+02
2.334186238580297168e+00	1.772997576001673679e+02
2.340467971862688401e+00	1.764230956891878179e+02
2.346756940970738725e+00	1.759402756616341890e+02
2.353044444556199988e+00	1.752434780699472014e+02
2.359327653314069906e+00	1.750822954198545176e+02
2.365603048789861607e+00	1.742629284950191959e+02
2.371885911737665165e+00	1.738872108414322497e+02
2.378173303594019572e+00	1.729187422744712137e+02
2.384454016539381271e+00	1.723163537350750403e+02
2.390736447344785187e+00	1.717100194794588504e+02
2.397014133897952259e+00	1.710645067907308601e+02
2.403295490074321972e+00	1.708582168296806856e+02
2.409585049672506862e+00	1.698333415281400391e+02
2.415871703165322071e+00	1.694173990577900781e+02
2.422160652369088840e+00	1.687219168428936769e+02
2.428440167222748691e+00	1.685750944529733601e+02
2.434717472383889803e+00	1.677480625162044134e+02
2.441002456202044257e+00	1.672768065918190246e+02
2.447289980304530488e+00	1.666725339301559075e+02
2.453571844729242279e+00	1.664215032422001741e+02
2.459852705114058846e+00	1.654553781992925394e+02
2.466139233225018934e+00	1.653891536672888947e+02
2.472421963421291391e+00	1.646041867809114763e+02
2.478698519174224568e+00	1.640803262056442975e+02
2.484980841400355800e+00	1.634049251697743443e+02
2.491269319409339822e+00	1.629698828412402065e+02
2.497548505139029373e+00	1.625500421022333342e+02
2.503831667172610853e+00	1.617249275570083569e+02
2.510117938323931153e+00	1.615069826863066282e+02
2.516400733681277480e+00	1.608573597521840099e+02
2.522688226833368130e+00	1.606604916985828027e+02
2.528971695852665569e+00	1.603176867701383230e+02
2.535252039407670299e+00	1.598194703325399075e+02
2.541537514142774512e+00	1.587966537159899758e+02
2.547823008847572179e+00	1.587362858347842405e+02
2.554100666580690238e+00	1.578898892813967336e+02
2.560376788884177301e+00	1.572699141694905336e+02
2.566667521601497359e+00	1.574760197065841396e+02
2.572955062237090473e+00	1.568958583000577960e+02
2.579233771797999175e+00	1.564730146010832641e+02
2.585520164300948220e+00	1.557262200537864487e+02
2.591805130332431872e+00	1.555466143171985607e+02
2.598084074692260881e+00	1.548647961735524632e+02
2.604360404197643586e+00	1.541224862283316952e+02
2.610647185140439142e+00	1.539951905336835409e+02
2.616931864059273138e+00	1.534811443906616546e+02
2.623206107911065565e+00	1.528183459382964031e+02
2.629491626543270844e+00	1.525834518729076024e+02
2.635778507982642349e+00	1.523067254874669061e+02
2.642061039325260818e+00	1.518437856895136804e+02
2.648343840729305843e+00	1.514435782476262773e+02
2.654631838974855551e+00	1.512405604651424369e+02
2.660919001246303761e+00	1.508549604000446323e+02
2.667198525130066056e+00	1.505085730982540042e+02
2.673484307038032526e+00	1.497612314737783663e+02
2.679773388053849459e+00	1.493966937927681613e+02
2.686058217632288692e+00	1.491606549202240330e+02
2.692338738200057868e+00	1.487048381444406857e+02
2.698618022887226964e+00	1.481566867315630134e+02
2.704895450708277860e+00	1.479310006423699519e+02
2.711175674923682166e+00	1.474432530943665256e+02
2.717459832966957922e+00	1.472826780049034028e+02
2.723745731959044569e+00	1.469254676847359633e+02
2.730038414850594730e+00	1.463589586388656301e+02
2.736317989800789441e+00	1.462566518227255301e+02
2.742591858549239703e+00	1.456677827006531061e+02
2.748879749010778362e+00	1.452669891570980383e+02
2.755163403825859447e+00	1.452303852778618705e+02
2.761446955625852073e+00	1.449798497205374304e+02
2.767732088935374701e+00	1.442909043365876016e+02
2.774015452421743966e+00	1.441911058274885704e+02
2.780298635700591436e+00	1.440849282413537082e+02
2.786577474762241380e+00	1.436893980801282851e+02
2.792857983210164541e+00	1.433433699125480132e+02
2.799143790920211483e+00	1.431380042911015380e+02
2.805430058399325244e+00	1.427934033396265647e+02
2.811715058209780072e+00	1.426425059183971200e+02
2.817989272498773623e+00	1.422649565263924956e+02
2.824269171595737760e+00	1.416731092880684741e+02
2.830563016441804081e+00	1.417313162769275152e+02
2.836848750951622034e+00	1.414981380246981928e+02
2.843130027866129783e+00	1.412598740178911214e+02
2.849413896912404986e+00	1.410018835331762546e+02
2.855697464522425566e+00	1.406569268961544594e+02
2.861978799810683594e+00	1.404849141975819578e+02
2.868262469415629567e+00	1.400861718977868975e+02
2.874547359206753860e+00	1.401572909113324386e+02
2.880831111471525041e+00	1.398296257781174745e+02
2.887113216972382546e+00	1.394475514016473880e+02
2.893394504725182781e+00	1.393319365403249606e+02
2.899673662137033592e+00	1.392444646795356391e+02
2.905953958587380814e+00	1.388145777072649025e+02
2.912241118105161064e+00	1.389803611571842907e+02
2.918525996366671205e+00	1.384328244371467349e+02
2.924809035425688819e+00	1.383826005174573766e+02
2.931095916293684933e+00	1.382720801136371165e+02
2.937378182606774413e+00	1.380314483478567809e+02
2.943659980254369923e+00	1.378736379010449014e+02
2.949946454403890250e+00	1.376116452718705148e+02
2.956227653702202307e+00	1.376759566127766732e+02
2.962510478867462993e+00	1.374849130456858859e+02
2.968796535179442309e+00	1.373944930969229574e+02
2.975077657376874907e+00	1.370841873511498079e+02
2.981359866759223376e+00	1.369900471247873384e+02
2.987646761575656562e+00	1.370646671345203629e+02
2.993929038370399365e+00	1.368471327935318982e+02
3.000206214840962726e+00	1.365661395456768332e+02
3.006486172402415669e+00	1.365007544049276760e+02
3.012769812211594456e+00	1.364739272484424930e+02
3.019053144326170113e+00	1.363113442997046150e+02
3.025337405144251424e+00	1.360961966076186229e+02
3.031623734799107961e+00	1.362059039211159188e+02
3.037908962055872575e+00	1.361929076936794445e+02
3.044195067146031608e+00	1.360265477458839030e+02
3.050475543482170426e+00	1.360377246726213514e+02
3.056754954538277502e+00	1.360566074510840053e+02
3.063040539557494668e+00	1.360475032229472561e+02
3.069323699454357346e+00	1.360618494156975089e+02
3.075610692642898769e+00	1.358740745728568129e+02
3.081893798009918584e+00	1.359123365664620735e+02
3.088174549548037717e+00	1.358558523282131034e+02
3.094458635632868493e+00	1.356221765984516026e+02
3.100743982931558840e+00	1.357828603657028737e+02
3.107028111748448396e+00	1.356359192538466516e+02
3.113309299655494300e+00	1.356579759964842253e+02
3.119590662867241626e+00	1.359176362622494025e+02
3.125874006820172912e+00	1.357325220407135191e+02
3.132159251154602586e+00	1.357818494671554106e+02
3.138439172765940643e+00	1.359933913822756892e+02
3.144723867719826593e+00	1.360540584179204586e+02
3.151003951258561031e+00	1.359654017419371428e+02
3.157283664131563139e+00	1.362816266279376123e+02
3.163569317183839935e+00	1.363783947850767504e+02
3.169851661717792091e+00	1.362234550320382880e+02
3.176137704316093657e+00	1.365954245920406720e+02
3.182420924828643916e+00	1.364699073427135545e+02
3.188702811875577581e+00	1.364717491562549014e+02
3.194990520008989865e+00	1.366896073270650334e+02
3.201275324656983834e+00	1.368739015914300978e+02
3.207551352179861759e+00	1.371824525941435979e+02
3.213835216737041645e+00	1.371188885052482931e+02
3.220122579819103770e+00	1.371762477757169449e+02
3.226406606618656525e+00	1.370592953609774156e+02
3.232687390085645429e+00	1.365265042151181945e+02
3.238969121280456331e+00	1.362888047199802770e+02
3.245254751548589667e+00	1.362703827541142800e+02
3.251534499036136783e+00	1.357267913578431831e+02
3.257817780791052442e+00	1.354811349695501121e+02
3.264102164154097263e+00	1.352243210291241269e+02
3.270384152138468892e+00	1.350046104156081412e+02
3.276669427476867735e+00	1.344981781466536290e+02
3.282954688864507808e+00	1.346254912283818896e+02
3.289237200334947264e+00	1.343341298240952995e+02
3.295519587088236779e+00	1.338796538570999530e+02
3.301805977329951958e+00	1.338089833330888325e+02
3.308087486222440088e+00	1.334338676784001052e+02
3.314367630234227313e+00	1.331644632798384578e+02
3.320651909732194262e+00	1.330146533449798483e+02
3.326931260376857047e+00	1.326162718052954688e+02
3.333216512447217728e+00	1.321791843046276540e+02
3.339504489419978128e+00	1.321663616771345175e+02
3.345786804809928405e+00	1.318622855760221171e+02
3.352071130016277767e+00	1.317290483103940346e+02
3.358351496304225581e+00	1.315216301203584521e+02
3.364630591073392019e+00	1.311509000286217486e+02
3.370916305215045483e+00	1.309428982050424111e+02
3.377197952029413752e+00	1.307208201396688310e+02
3.383483063818085501e+00	1.305514818095511203e+02
3.389769992424469969e+00	1.303613300121177190e+02
3.396051330885982100e+00	1.301600179031392202e+02
3.402330879139463971e+00	1.299397527848931588e+02
3.408610488352048495e+00	1.296268917079717937e+02
3.414897837696641236e+00	1.295194610277584673e+02
3.421180484052105619e+00	1.291689303792608996e+02
3.427461639653846870e+00	1.291144584731515295e+02
3.433749159643459059e+00	1.288553694620557053e+02
3.440032646656798310e+00	1.285853982305658292e+02
3.446313366033385339e+00	1.284770330389345361e+02
3.452600135384134905e+00	1.280889848477799831e+02
3.458883152815406703e+00	1.280163603920247510e+02
3.465163834403715448e+00	1.278904485234249933e+02
3.471449329786229221e+00	1.275403708956261255e+02
3.477734476754053894e+00	1.274984533506520705e+02
3.484019652467224226e+00	1.272525487520241825e+02
3.490297019369712928e+00	1.271794741843959571e+02
3.496582486484379970e+00	1.268773595737738304e+02
3.502868048046865024e+00	1.268363531588552746e+02
3.509144649545451244e+00	1.264162359982179424e+02
3.515428082003116295e+00	1.264479990380836796e+02
3.521711031624695565e+00	1.263490587139028918e+02
3.527991850954735664e+00	1.260824491397239058e+02
3.534275545726699885e+00	1.258008685252912926e+02
3.540562632020772149e+00	1.257953012929686025e+02
3.546844410757220789e+00	1.256163090852759865e+02
3.553131386753758836e+00	1.251654402290369461e+02
3.559419203211965144e+00	1.250981285335057009e+02
3.565697971577579839e+00	1.250817361411920530e+02
3.571979559134798254e+00	1.249856366146398017e+02
3.578265774595833726e+00	1.248065815256831854e+02
3.584548309769353125e+00	1.244930998286750139e+02
3.590826843920031486e+00	1.244440451046601623e+02
3.597107306745233934e+00	1.244275008313857853e+02
3.603392831792229245e+00	1.241845681937620327e+02
3.609673209822572559e+00	1.241169376919180820e+02
3.615955412133016189e+00	1.237434556654495026e+02
3.622241607772384686e+00	1.236616230163902657e+02
3.628520252736676444e+00	1.235222349985280346e+02
3.634804827569451113e+00	1.233741204951310380e+02
3.641094981788862928e+00	1.234449401837561737e+02
3.647383514928639325e+00	1.231617841031500973e+02
3.653663283927725658e+00	1.231375170917158499e+02
3.659943504072155296e+00	1.228509553831523249e+02
3.666232000281138603e+00	1.230156561697392590e+02
3.672514211678317597e+00	1.226712734682779455e+02
3.678794154686042539e+00	1.226661496926549546e+02
3.685078621861909820e+00	1.225162735588915268e+02
3.691359210097977961e+00	1.223809556444041249e+02
3.697642368173791105e+00	1.223439382761734322e+02
3.703925796735277665e+00	1.222648504813126777e+02
3.710208240364660348e+00	1.220774263549742500e+02
3.716494593122387169e+00	1.219317766199906572e+02
3.722775386659595398e+00	1.219290220267605065e+02
3.729058392883481510e+00	1.219438385682995687e+02
3.735339748210807720e+00	1.217213248728039900e+02
3.741620776392969638e+00	1.218106646502797474e+02
3.747904795418762980e+00	1.214769343237792185e+02
3.754190633281219380e+00	1.216025443616811543e+02
3.760478208018912749e+00	1.215020714200680345e+02
3.766755538573464346e+00	1.215305965488759483e+02
3.773032090135151506e+00	1.213489406897503926e+02
3.779322553012896879e+00	1.211374311699536008e+02
3.785609109731308930e+00	1.211327812444595082e+02
3.791889825936295200e+00	1.211960095139164650e+02
3.798174822702435893e+00	1.213015879213429571e+02
3.804458658753491651e+00	1.212088185251479757e+02
3.810738438095723435e+00	1.210002952736880104e+02
3.817018850285747167e+00	1.211763203787874374e+02
3.823305314209427763e+00	1.209215477317832637e+02
3.829591295197792178e+00	1.208795600750120798e+02
3.835872296070849341e+00	1.209919148697715059e+02
3.842156279590906109e+00	1.209650920634756375e+02
3.848441511099312429e+00	1.209989802068761122e+02
3.854723334376886079e+00	1.207618342824980999e+02
3.861004740704794713e+00	1.207772755874881483e+02
3.867284336650660848e+00	1.211669312316705600e+02
3.873567367678779849e+00	1.207184769163641391e+02
3.879850662830422792e+00	1.206850731257958529e+02
3.886137063198143338e+00	1.207311237285867378e+02
3.892419463049126005e+00	1.208680998022016269e+02
3.898703740328622658e+00	1.208936856456202520e+02
3.904991458788179326e+00	1.205959158792770438e+02
3.911270842222104083e+00	1.207286032845874075e+02
3.917549806479573071e+00	1.207462996876231074e+02
3.923836006203090587e+00	1.210899861892868330e+02
3.930121452497870926e+00	1.208735391247764994e+02
3.936398172858230460e+00	1.207931745098353957e+02
3.942683040425962293e+00	1.208960364649488497e+02
3.948974759704379611e+00	1.210510298762833372e+02
3.955259227995065352e+00	1.209987331152409240e+02
3.961537174921395454e+00	1.210687115876606015e+02
3.967820217617139544e+00	1.210523674263220641e+02
3.974105559832568968e+00	1.211098119018276691e+02
3.980384727931198352e+00	1.211843162353509200e+02
3.986664590839849698e+00	1.211916999248363425e+02
3.992949619150675034e+00	1.212730631773529382e+02
3.999235075769965952e+00	1.214633767334310477e+02
4.005515715515433506e+00	1.216571888689920513e+02
4.011798434346478537e+00	1.216292289932485886e+02
4.018083716245132386e+00	1.217069144660922149e+02
4.024365700052603856e+00	1.217497459209929644e+02
4.030643960839860540e+00	1.215889745536270112e+02
4.036928708926215137e+00	1.219830019747747514e+02
4.043218157412017177e+00	1.219051906922036750e+02
4.049503019487663558e+00	1.222747507260838660e+02
4.055781898960511000e+00	1.221247405528189347e+02
4.062060795621602161e+00	1.223181279711092486e+02
4.068347865354716042e+00	1.223665144723371299e+02
4.074631027173265529e+00	1.225957610274189875e+02
4.080910837526078971e+00	1.227740323888165221e+02
4.087201203341442657e+00	1.228080056530816933e+02
4.093486818591942189e+00	1.230255227686752733e+02
4.099764387336505500e+00	1.233302177184797870e+02
4.106049166937662420e+00	1.231890730200908592e+02
4.112334559041358695e+00	1.236437520023626604e+02
4.118618926059533614e+00	1.234937429719008719e+02
4.124898942031112625e+00	1.236895178396236474e+02
4.131175432561665417e+00	1.239316722061574438e+02
4.137461563786142271e+00	1.240429611621558905e+02
4.143746006210170307e+00	1.241627543965165614e+02
4.150029800482964326e+00	1.244277093944545243e+02
4.156313390684649001e+00	1.244358606779542527e+02
4.162596105843763716e+00	1.247660036330678537e+02
4.168881843141768684e+00	1.247984143016969369e+02
4.175162111073220217e+00	1.251405412214881778e+02
4.181448573417560155e+00	1.251736928531227449e+02
4.187738782464171194e+00	1.256296614641807565e+02
4.194017437180169061e+00	1.254566069448012797e+02
4.200293572701767175e+00	1.258611818979347419e+02
4.206580195481546269e+00	1.261413873605518177e+02
4.212860644652220543e+00	1.264296033087380238e+02
4.219138153430114002e+00	1.267614098621869800e+02
4.225426162098283811e+00	1.268692783277813163e+02
4.231713506719782636e+00	1.273198696688956773e+02
4.237990056577191744e+00	1.273099379150940820e+02
4.244267783646744618e+00	1.275186007184818493e+02
4.250560660182562955e+00	1.277823933050955958e+02
4.256847734842668096e+00	1.279486446003747346e+02
4.263127100734456221e+00	1.286223916838711432e+02
4.269406860432507500e+00	1.286629751299158499e+02
4.275691671482192646e+00	1.290530984302319837e+02
4.281972414189518794e+00	1.292762758698127925e+02
4.288253516806755705e+00	1.292236881866624572e+02
4.294540520160492925e+00	1.297771285839187954e+02
4.300825742921731809e+00	1.297464018107397123e+02
4.307109835491901961e+00	1.300371876901603230e+02
4.313390926478413157e+00	1.303788477273017747e+02
4.319667979480563247e+00	1.306648482442815293e+02
4.325952598143786076e+00	1.308258347571243974e+02
4.332241647035422361e+00	1.310269814453243669e+02
4.338524445619096781e+00	1.312969061549627554e+02
4.344809348131129845e+00	1.319655762701308674e+02
4.351090699193166600e+00	1.321211873656522471e+02
4.357369710808320029e+00	1.326875700271620815e+02
4.363659348967174445e+00	1.325353121069075542e+02
4.369947418280990981e+00	1.329597710439689138e+02
4.376226569265827315e+00	1.331571834678045718e+02
4.382499356631129217e+00	1.335012889214859513e+02
4.388784975178015024e+00	1.337011700171779012e+02
4.395068696309480494e+00	1.335791822227864145e+02
4.401347962382031298e+00	1.344981047908759422e+02
4.407628405096517099e+00	1.343040489666000781e+02
4.413915862185140426e+00	1.346453948812469150e+02
4.420203163534264235e+00	1.350895639163071564e+02
4.426480311003382795e+00	1.350848756785812554e+02
4.432765973643649104e+00	1.355454130821999286e+02
4.439053392023870614e+00	1.356370875577603670e+02
4.445336141335588742e+00	1.359972741979227635e+02
4.451617241414883352e+00	1.360017007632029618e+02
4.457901500730311106e+00	1.359949474375815441e+02
4.464189501093017043e+00	1.366010350453179285e+02
4.470470197548729985e+00	1.364589165403219795e+02
4.476748044268524573e+00	1.369772214238367098e+02
4.483035990164653484e+00	1.363927709028687048e+02
4.489323331650528104e+00	1.369218971664898277e+02
4.495599111667934800e+00	1.367980176824218006e+02
4.501870922878794090e+00	1.368661085245266236e+02
4.508155162877705457e+00	1.372695375582380564e+02
4.514446451153479423e+00	1.369513571734865138e+02
4.520723894043856994e+00	1.372125932485977557e+02
4.527003782460155890e+00	1.365138319954953943e+02
4.533293086610313161e+00	1.361672240903731108e+02
4.539578989864040182e+00	1.358721264944912264e+02
4.545857164866476730e+00	1.356796796309812976e+02
4.552138955546025656e+00	1.355689313372330389e+02
4.558432046889146605e+00	1.355562536164177061e+02
4.564713463378488711e+00	1.350028433837558168e+02
4.570987274133244682e+00	1.349243943180482574e+02
4.577274818151045643e+00	1.351496411273674880e+02
4.583563263889338657e+00	1.347282965806054165e+02
4.589844917004465508e+00	1.349573701628403057e+02
4.596126259982004747e+00	1.345684097757527979e+02
4.602409075598298926e+00	1.347038529932295035e+02
4.608696634867644804e+00	1.348035740885137557e+02
4.614977646498861219e+00	1.350844946588745472e+02
4.621258953029527383e+00	1.347071355967488842e+02
4.627547993978874175e+00	1.348107724433440922e+02
4.633830152730579854e+00	1.354255441552126058e+02
4.640104005367354567e+00	1.350933225369840898e+02
4.646382060386754276e+00	1.351267404702925887e+02
4.652674213731970987e+00	1.355126145496377035e+02
4.658958291796220230e+00	1.355969326184970498e+02
4.665233615070169648e+00	1.355068930375983882e+02
4.671520675710307380e+00	1.356125537146226634e+02
4.677814351732177300e+00	1.358044498246333944e+02
4.684093699744638073e+00	1.360384465272521766e+02
4.690368661472568590e+00	1.359838342137533971e+02
4.696663270746453733e+00	1.362082297886743731e+02
4.702945459248681459e+00	1.362985947034176206e+02
4.709209170841929470e+00	1.364892892028681217e+02
4.715491634753063543e+00	1.374796905603560049e+02
4.721784316284933780e+00	1.367584637704995032e+02
4.728063062331094635e+00	1.368113708742726260e+02
4.734337423381671073e+00	1.378641965932904441e+02
4.740627024094544062e+00	1.373309713954265305e+02
4.746914995664547554e+00	1.375732652064347690e+02
4.753194740071086777e+00	1.381844691370563964e+02
4.759478891864783456e+00	1.378437432727341161e+02
4.765762396877359031e+00	1.388429228782298708e+02
4.772049481246195768e+00	1.387571404179619208e+02
4.778335091022592351e+00	1.392152347661630643e+02
4.784610831402393849e+00	1.390350904463236361e+02
4.790907306208476157e+00	1.402201052327882564e+02
4.797204047706418173e+00	1.399669424125236219e+02
4.803470827697504220e+00	1.406455853025381941e+02
4.809748850577324042e+00	1.408212964950100741e+02
4.816045316586602176e+00	1.408868663466832061e+02
4.822329240673497885e+00	1.415257740356969407e+02
4.828596758226470165e+00	1.414696759480897015e+02
4.834890332961369275e+00	1.426105602902489693e+02
4.841191655056394261e+00	1.433926249571795779e+02
4.847460407468000554e+00	1.428865973523477919e+02
4.853732128521334843e+00	1.435825696180654916e+02
4.860029138783373170e+00	1.437069869889273264e+02
4.866314601732018019e+00	1.446100135879274546e+02
4.872587026269203925e+00	1.440531776399649289e+02
4.878874221748241702e+00	1.452628635040939855e+02
4.885171078138658807e+00	1.455962830123118010e+02
4.891450629931857641e+00	1.459732359780542197e+02
4.897716482750221978e+00	1.462834045992882466e+02
4.904002834596266069e+00	1.466930757606812392e+02
4.910295858205786068e+00	1.472976738085994555e+02
4.916575188115905881e+00	1.481449139205144547e+02
4.922847946197084212e+00	1.484044364043479334e+02
4.929131667457151700e+00	1.487765106198530418e+02
4.935434460144239033e+00	1.506599664608044691e+02
4.941718513303545279e+00	1.499563698372965916e+02
4.947978624761803168e+00	1.503611849310750586e+02
4.954274999209829389e+00	1.518501326431507437e+02
4.960571094729937514e+00	1.519639715892296863e+02
4.966823207626954506e+00	1.524732355589373469e+02
4.973097418390337587e+00	1.534177079858958734e+02
4.979415129936382023e+00	1.532120085272021583e+02
4.985702082330368157e+00	1.540428782434091772e+02
4.991949985828016523e+00	1.550641207682772347e+02
4.998241586316924057e+00	1.558119979752933659e+02
5.004556635606089543e+00	1.566434954814055516e+02
5.010828655701208945e+00	1.569060708817390548e+02
5.017077229702536556e+00	1.584311072367110569e+02
5.023374414758113637e+00	1.585119227090296192e+02
5.029688873569548413e+00	1.596235762645016223e+02
5.035958413584124216e+00	1.613278879932514371e+02
5.042232667658486989e+00	1.607258498087449823e+02
5.048528755870775875e+00	1.620615085345702937e+02
5.054821121427484520e+00	1.637038331457527818e+02
5.061069509814582368e+00	1.634030912769305530e+02
5.067347812754101177e+00	1.637718474930501600e+02
5.073675050630431116e+00	1.652886323315916286e+02
5.079945928388977627e+00	1.660604208484677429e+02
5.086192992546071601e+00	1.675881544575339035e+02
5.092484128970163226e+00	1.685888730027718339e+02
5.098802924706086870e+00	1.679744944446698582e+02
5.105078217426394005e+00	1.706288254477443331e+02
5.111325076574067872e+00	1.709322468374211610e+02
5.117628358851224135e+00	1.719273875354519419e+02
5.123935939383525984e+00	1.729184413371220330e+02
5.130199176325612065e+00	1.742131656388878582e+02
5.136469985878846956e+00	1.754174967711261957e+02
5.142797788696348071e+00	1.762481006049886787e+02
5.149090378043822192e+00	1.775792153682728554e+02
5.155289879840074363e+00	1.774545662769098442e+02
5.161564521234301317e+00	1.804366626439540653e+02
5.167916673496016244e+00	1.810116180669199366e+02
5.174205974602950064e+00	1.825908872938504146e+02
5.180434820793812456e+00	1.835004515107035559e+02
5.186729096569634656e+00	1.847211209262138425e+02
5.193058481037780894e+00	1.867725020433729242e+02
5.199319511444338460e+00	1.871200406676062471e+02
5.205574295584361799e+00	1.896848311894994765e+02
5.211894977074066126e+00	1.901832461344095009e+02
5.218201708336958511e+00	1.913566494008705661e+02
5.224411911780083351e+00	1.933438304281014553e+02
5.230677632666463239e+00	1.942100222389692021e+02
5.237056729559757429e+00	1.978675325319007641e+02
5.243336785035660697e+00	1.979312176921008302e+02
5.249493476178225038e+00	1.993583621985696368e+02
5.255787017738318134e+00	2.007837735980143350e+02
5.262205327426889845e+00	2.041992912189091101e+02
5.268477758348532269e+00	2.050288156975284437e+02
5.274632213654732560e+00	2.055413312909730621e+02
5.280950543314659740e+00	2.094797607039764102e+02
5.287327645024750389e+00	2.109160968306304653e+02
5.293582359180156516e+00	2.110304638572212070e+02
5.299789992649893478e+00	2.182607810701964013e+02
5.306111460381987222e+00	2.145277864314489022e+02
5.312452717892129250e+00	2.142808893874159537e+02
5.318650122853046724e+00	2.201320217901501621e+02
5.324923043129819789e+00	2.226398137503903172e+02
5.331330237158205421e+00	2.218513515304087775e+02
5.337586726886338617e+00	2.272145201663455225e+02
5.343685192440848830e+00	2.277385663995736991e+02
5.350070659715249199e+00	2.302455293351519856e+02
5.356556762554878226e+00	2.354051289942754295e+02
5.362691868684501095e+00	2.297161270294967323e+02
5.368769208912516966e+00	2.358404097773114643e+02
5.375270137997677722e+00	2.373311695287964369e+02
5.381769983045385786e+00	2.457452890926862494e+02
5.387701030372958222e+00	2.483412621777154357e+02
5.393786668001271600e+00	2.452072168122635958e+02
5.400446161099396569e+00	2.508221709535345383e+02
5.406957063684501463e+00	2.539097593990707935e+02
5.412655672453426270e+00	2.520599263634541956e+02
5.418821279260546575e+00	2.546308261607995007e+02
5.425690594366304076e+00	2.591891167406770933e+02
5.432217487502165376e+00	2.621329163181591184e+02
5.437649811577258241e+00	2.717378715025155884e+02
5.443914404015878006e+00	2.653799428432499781e+02
5.450953501686320202e+00	2.713108787846466043e+02
5.457483690405861232e+00	2.840716682846182266e+02
5.462715250135157241e+00	2.742902707521949424e+02
5.469033575551323523e+00	2.805968172889600964e+02
5.476177730420278778e+00	2.897020088783610845e+02
5.482708935702562236e+00	2.775188301658820933e+02
5.487722405008360838e+00	2.955186112399279068e+02
5.494194284996126498e+00	2.916853106059438119e+02
5.501391471009256406e+00	2.918233205303438353e+02
5.507128202673079009e+00	3.041193076073371344e+02
5.512278020050448646e+00	3.016059942330441004e+02
5.519395563377015534e+00	2.902427201905164225e+02
5.526598678609708770e+00	3.289132528042673016e+02
5.532162682462509196e+00	3.175712488773640985e+02
5.537397124017139127e+00	3.045557597769139875e+02
5.544582756485218589e+00	3.379701881686176534e+02
5.551739327507637434e+00	3.335918314918023952e+02
5.557493306674907707e+00	4.047968676057561197e+02
5.562281709102816940e+00	3.366501663272938458e+02
5.569272720323164449e+00	3.747942562970566769e+02
