8.899641224696953554e-03	2.674223087204555122e+04
1.507912216506557788e-02	1.998254724056699706e+04
2.144790186456836667e-02	2.550355465360555900e+04
2.783660776489276650e-02	2.317715208401733616e+04
3.435099785803411021e-02	2.092954512819265437e+04
4.047886761425745911e-02	1.586139980892535277e+04
4.676716683575679601e-02	1.466426834345833413e+04
5.308225101765951665e-02	1.349623175209716646e+04
5.945362440940590160e-02	1.175977501989959819e+04
6.576224814588792211e-02	1.116053454757638974e+04
7.196632906698736953e-02	1.016919076542339826e+04
7.827860915688347743e-02	9.631853008042831789e+03
8.470398945834539672e-02	8.379643646012613317e+03
9.096854620527369817e-02	7.406844527276478402e+03
9.720789776830213169e-02	6.931209850868141984e+03
1.034763038959366499e-01	5.818223749831012356e+03
1.097576444254559219e-01	5.644281257156452739e+03
1.160543084780093354e-01	5.172374509184020098e+03
1.223669666537485351e-01	4.891746893158683633e+03
1.286817263090294094e-01	4.550890719168584837e+03
1.349500801664080818e-01	4.433583789512147632e+03
1.411949558842147678e-01	4.228586894610854870e+03
1.475133575747468451e-01	3.875790843514172138e+03
1.537865074252268427e-01	3.670473499996072860e+03
1.600657544051110326e-01	3.432386288278043594e+03
1.663991168687080635e-01	3.160389199090272541e+03
1.727195645776442856e-01	2.980546421703757005e+03
1.789765213377084718e-01	2.889454263990797699e+03
1.852353690647852158e-01	2.812375106397309082e+03
1.914806787341157279e-01	2.606384554606415350e+03
1.977889868651535599e-01	2.563628052657325952e+03
2.040937735447724277e-01	2.497687033383477228e+03
2.103939302609846018e-01	2.352109335984985137e+03
2.166909709822301688e-01	2.291351241594793919e+03
2.229700281216152047e-01	2.245903965064216663e+03
2.292620027086341994e-01	2.129308101849923787e+03
2.355141508366812297e-01	2.033729130604717739e+03
2.417910583817859116e-01	2.018263758071664370e+03
2.480856539439619257e-01	1.929430746453572283e+03
2.543492256872954549e-01	1.877697315836878261e+03
2.606334251884805386e-01	1.827722113810425071e+03
2.669257370896960802e-01	1.774048350835444580e+03
2.732423343141155980e-01	1.700676319090940297e+03
2.795529680084415936e-01	1.679734427577523775e+03
2.858366292314493129e-01	1.625445824034990210e+03
2.920876271394311496e-01	1.594594286316080797e+03
2.983449844439822751e-01	1.557952478106421268e+03
3.046382639407197446e-01	1.521173380393371644e+03
3.109279127003197196e-01	1.464053926237420910e+03
3.172168171618398036e-01	1.441057997105939876e+03
3.235187567944423082e-01	1.402053785927761282e+03
3.298168217550395687e-01	1.373870045518891629e+03
3.361176429457156667e-01	1.357804412551616679e+03
3.423700375709273769e-01	1.317274638484093202e+03
3.486478192666269682e-01	1.294680160928224495e+03
3.549411614411318028e-01	1.264451496772506061e+03
3.611916935421040642e-01	1.242614364515252419e+03
3.674767089563572564e-01	1.213062447012301845e+03
3.737647795277591056e-01	1.191319173378491541e+03
3.800654031475132477e-01	1.169228328085985368e+03
3.863539861259823738e-01	1.140640855287543673e+03
3.926140181364449755e-01	1.137081846421146111e+03
3.989264500321934581e-01	1.112046730152283089e+03
4.052073244576828714e-01	1.099782637777372884e+03
4.114916477570477182e-01	1.071274352845738576e+03
4.177814272116491257e-01	1.051846040113571007e+03
4.240400648725131116e-01	1.046394011864677850e+03
4.303425690270192283e-01	1.033743377869438291e+03
4.366358560255625965e-01	1.007828273412238559e+03
4.428996183220763605e-01	9.963015783673839678e+02
4.491634418529859563e-01	9.780107238990207179e+02
4.554414146254732731e-01	9.653257275882264139e+02
4.617634470301058558e-01	9.570852111188692106e+02
4.680644242023710433e-01	9.315600354897278521e+02
4.743485242764365895e-01	9.311125172055459416e+02
4.806356136815400082e-01	9.237761740966783464e+02
4.869019258388697646e-01	9.029617100200846380e+02
4.931697099599955947e-01	8.912271795417638032e+02
4.994506747144535908e-01	8.840520983831434023e+02
5.057159051335421429e-01	8.704315920306879661e+02
5.119923996268095356e-01	8.579043630609588718e+02
5.183126097768406826e-01	8.491290642315674404e+02
5.246089638029100000e-01	8.308726927960173043e+02
5.308757308483337267e-01	8.265048890841073899e+02
5.371573527946726934e-01	8.110390102784448345e+02
5.434579563783791256e-01	8.054324128514006134e+02
5.497430652392217842e-01	8.051116748306696991e+02
5.559937427501778773e-01	7.974500871135140869e+02
5.622854676609657654e-01	7.837804849625883890e+02
5.686011537227265711e-01	7.730879178305008281e+02
5.748804589422079614e-01	7.667434940153433445e+02
5.811550210340560296e-01	7.609349671710740495e+02
5.874394496660968468e-01	7.497264490789522142e+02
5.937176220296899176e-01	7.463124909729028786e+02
5.999971954793682505e-01	7.333426254331578775e+02
6.062679115124277596e-01	7.257548152883362036e+02
6.125469576444534381e-01	7.208456844606747609e+02
6.188477733041515272e-01	7.153688225840212453e+02
6.251310567437898813e-01	7.044254096162728729e+02
6.314027450383210560e-01	6.999794667284614889e+02
6.377003562732055375e-01	6.951395331552050720e+02
6.439857783314556494e-01	6.862416439478415668e+02
6.502685417166111925e-01	6.763296450800256707e+02
6.565586117699038216e-01	6.687282446247720600e+02
6.628369282359254377e-01	6.703325342644466218e+02
6.691185444962194362e-01	6.629025760258549553e+02
6.754070198575605755e-01	6.541689704544203323e+02
6.816835514593204692e-01	6.525213799356849904e+02
6.879592533861698112e-01	6.426611107405504981e+02
6.942344317039531587e-01	6.360742388146605890e+02
7.005175402434737908e-01	6.308809363168272739e+02
7.068124956608716758e-01	6.269777285489778933e+02
7.131019009674921527e-01	6.213863412393770886e+02
7.193918251171427247e-01	6.152218645881864632e+02
7.256833807598113140e-01	6.128072902204322645e+02
7.319652682709349989e-01	6.057933221633368248e+02
7.382507990484923344e-01	6.051382543617258989e+02
7.445265842115937893e-01	5.959928299742492754e+02
7.507871101942712455e-01	5.964814338113216081e+02
7.570758465316046459e-01	5.911966240029121309e+02
7.633641233600957365e-01	5.831821562659824849e+02
7.696462959862266917e-01	5.811950257985465669e+02
7.759394865175414102e-01	5.733199842675464879e+02
7.822329141989586843e-01	5.698948285269037797e+02
7.885314936520240181e-01	5.630472415574197385e+02
7.947896566979522071e-01	5.621436411316859676e+02
8.010491096592354809e-01	5.557100320687122803e+02
8.073364061727361651e-01	5.518394660116173327e+02
8.136229488373866170e-01	5.445052746687008494e+02
8.199152998961036776e-01	5.445270843075122684e+02
8.261952636392789762e-01	5.396709871224785502e+02
8.324897070080405914e-01	5.369958368681420779e+02
8.387959309210778480e-01	5.335391981950921263e+02
8.450634639703045181e-01	5.272495594552422062e+02
8.513282867562648182e-01	5.241878423355208270e+02
8.576198263902009566e-01	5.209183265918410370e+02
8.639058477062415697e-01	5.161448915055118505e+02
8.701838745487597837e-01	5.097047137070455278e+02
8.764641096075268534e-01	5.084250658272042642e+02
8.827503873399735745e-01	5.040563142588709411e+02
8.890332768393869323e-01	5.018727244758846950e+02
8.953084247113127780e-01	4.955180862868816121e+02
9.015956521667095602e-01	4.944102138581640702e+02
9.078833328094829680e-01	4.914011580917161268e+02
9.141744106319863450e-01	4.883562797416895478e+02
9.204630817717615043e-01	4.860916173193710961e+02
9.267434415264711456e-01	4.792247583624678668e+02
9.330324197354928906e-01	4.784821715759559879e+02
9.393265785573878812e-01	4.745511226127585473e+02
9.455974810398196650e-01	4.720902835151284194e+02
9.518660018545171964e-01	4.685862158888506315e+02
9.581413255531838757e-01	4.637705778181494338e+02
9.644350945109106954e-01	4.580243418758318512e+02
9.707355633568249820e-01	4.575472728723439673e+02
9.770080768450029041e-01	4.541524252785609406e+02
9.832823325363413414e-01	4.520430294937427789e+02
9.895569691966674686e-01	4.480362800407016266e+02
9.958456301921106979e-01	4.448053721704437748e+02
1.002136210743837408e+00	4.428303584495081395e+02
1.008404825335135424e+00	4.426180156031257980e+02
1.014694149836243398e+00	4.372152569719979738e+02
1.020992555437297167e+00	4.337196210168935409e+02
1.027273980437394485e+00	4.312000067628515581e+02
1.033559181896017254e+00	4.291796081732833272e+02
1.039847557392594934e+00	4.254311805559487993e+02
1.046126974943305088e+00	4.233945002233284640e+02
1.052403436811028659e+00	4.226110650728535347e+02
1.058680704651608684e+00	4.174228527522254240e+02
1.064964333065789193e+00	4.155214579795662644e+02
1.071256777440835473e+00	4.120181913471838584e+02
1.077544048801078125e+00	4.077216088042849833e+02
1.083824820188043603e+00	4.068816111200434875e+02
1.090108023942816695e+00	4.056953257425936386e+02
1.096389665956643222e+00	4.012419391079268962e+02
1.102681132058841440e+00	4.006160718959544056e+02
1.108963047594879958e+00	3.984739714528835748e+02
1.115225428463759272e+00	3.954646138042037364e+02
1.121502127614767863e+00	3.915547295560900238e+02
1.127792573824792033e+00	3.900590843919597432e+02
1.134089552668382961e+00	3.865109032619995446e+02
1.140364049650405942e+00	3.838545760325437755e+02
1.146639180320979445e+00	3.824100143949958124e+02
1.152942412991649901e+00	3.789645831681887671e+02
1.159228906751078814e+00	3.783046532057186369e+02
1.165508721887268173e+00	3.766172068019897665e+02
1.171793076256210320e+00	3.743393127211921865e+02
1.178087436369658958e+00	3.713989795343748028e+02
1.184367654251526902e+00	3.700850660116389008e+02
1.190634642299266632e+00	3.673509038597721883e+02
1.196912208834400859e+00	3.645666191783596446e+02
1.203201577354146234e+00	3.624331821240603517e+02
1.209486844441705733e+00	3.617519525833369016e+02
1.215763902074809888e+00	3.585001692325337217e+02
1.222049755171146668e+00	3.561514732979796918e+02
1.228340616621486969e+00	3.557480207266807497e+02
1.234632986576932767e+00	3.522375983034069691e+02
1.240902247176856488e+00	3.488343856687869788e+02
1.247174839144687519e+00	3.472626903363574797e+02
1.253465459933442272e+00	3.456827104917825295e+02
1.259749951892178421e+00	3.433358876758543943e+02
1.266032143127253873e+00	3.416330645912546515e+02
1.272316288472006507e+00	3.411313596973109270e+02
1.278604155058621350e+00	3.373254700867489078e+02
1.284886588933593865e+00	3.367329453226475948e+02
1.291175420066583257e+00	3.346810198099008744e+02
1.297465726373772332e+00	3.322034912822041974e+02
1.303741827011944299e+00	3.309207888523328052e+02
1.310017322922761851e+00	3.301669159294404494e+02
1.316301447662886703e+00	3.272953862214848186e+02
1.322586760363303249e+00	3.237810584996879584e+02
1.328865492452874664e+00	3.225866960265153693e+02
1.335144804954555564e+00	3.220339527436233311e+02
1.341440516272275119e+00	3.194276299392773240e+02
1.347730868417094552e+00	3.177287778684910791e+02
1.354001589994877630e+00	3.162274357947194972e+02
1.360282609297778444e+00	3.143606739452541206e+02
1.366565686457597906e+00	3.113049052490092663e+02
1.372851498482432708e+00	3.106511219486000641e+02
1.379135372929401804e+00	3.080460995775964648e+02
1.385409567149057164e+00	3.064383621933165500e+02
1.391698641219299315e+00	3.052492752524395883e+02
1.397984451439470810e+00	3.038181443276457117e+02
1.404267883409181961e+00	3.002265872646099751e+02
1.410554779484869181e+00	3.004443490522949105e+02
1.416837833547465397e+00	2.982941870665782744e+02
1.423118177187137068e+00	2.967397893830065527e+02
1.429397801164240089e+00	2.951804470571454431e+02
1.435686921822787232e+00	2.941557738325598734e+02
1.441977121769299597e+00	2.930223093712360765e+02
1.448253667853332427e+00	2.907562624070249058e+02
1.454532348972172651e+00	2.896970692399150380e+02
1.460819319151879903e+00	2.876855496527692821e+02
1.467110364402026468e+00	2.864461386371789331e+02
1.473392908948962132e+00	2.842206096664808115e+02
1.479669965243598950e+00	2.831862237143755578e+02
1.485956144602843532e+00	2.818600069127273287e+02
1.492233610763115115e+00	2.791377408778467384e+02
1.498502470379980078e+00	2.782628892942844914e+02
1.504785752051182701e+00	2.775278556146765254e+02
1.511075991894575976e+00	2.749251823800263992e+02
1.517361634985162189e+00	2.739925097897125283e+02
1.523648570969130533e+00	2.721409204858335329e+02
1.529938035715892264e+00	2.711321678362425018e+02
1.536230176913891965e+00	2.700795027398011712e+02
1.542510718779388279e+00	2.681033949595788499e+02
1.548783963082980275e+00	2.667461016496408774e+02
1.555073069779651318e+00	2.652978241151727730e+02
1.561357324927233892e+00	2.644467460829212087e+02
1.567629121053141006e+00	2.627658860049497775e+02
1.573913697404382583e+00	2.612071439113628912e+02
1.580203545230874029e+00	2.600821268820826617e+02
1.586485393434537983e+00	2.585928557480078211e+02
1.592760014263005841e+00	2.570212620890358153e+02
1.599046436394670812e+00	2.560350987846711632e+02
1.605342136637478934e+00	2.545035777669061190e+02
1.611619860919608627e+00	2.536301736200752543e+02
1.617897597081673799e+00	2.523987802567555718e+02
1.624183235481122756e+00	2.512481596937923314e+02
1.630464598531913722e+00	2.496993798898655825e+02
1.636748985747638274e+00	2.482026805769389171e+02
1.643030923698886259e+00	2.471058642431422072e+02
1.649309176648513064e+00	2.459203667414092820e+02
1.655593633940351861e+00	2.446976375332075122e+02
1.661879571405086464e+00	2.440313926241604463e+02
1.668169361685170271e+00	2.418304402414470644e+02
1.674450151530487485e+00	2.405036085828228067e+02
1.680722718978495900e+00	2.401090339427887272e+02
1.687013891340952476e+00	2.383702134388739182e+02
1.693308984907921033e+00	2.378079209277639450e+02
1.699582147428448486e+00	2.358920659611719373e+02
1.705863747055134105e+00	2.346310640765824473e+02
1.712154434283889470e+00	2.335646506972582017e+02
1.718438381579399321e+00	2.321953472838124242e+02
1.724721264464063930e+00	2.317649378041141688e+02
1.730997441276920679e+00	2.307509079474002363e+02
1.737287073528269499e+00	2.285787451712930363e+02
1.743567991878527401e+00	2.281001008965761514e+02
1.749840680212231048e+00	2.271035120466160038e+02
1.756128549091961144e+00	2.256416864897925052e+02
1.762413535324792502e+00	2.243728875651118813e+02
1.768696187669963837e+00	2.237656185557300148e+02
1.774979359379055266e+00	2.222468478901475351e+02
1.781265555576432957e+00	2.208246830060937498e+02
1.787549427830244619e+00	2.202235951002413969e+02
1.793834120011633004e+00	2.191436966484249638e+02
1.800115051552487300e+00	2.182124932262506434e+02
1.806393904854530330e+00	2.173666218452895862e+02
1.812674089667083432e+00	2.157807842008928105e+02
1.818956920109354058e+00	2.148565968972356472e+02
1.825244164118212220e+00	2.140784656221634918e+02
1.831527256642196955e+00	2.131897884716289013e+02
1.837811294935716599e+00	2.117307678921675631e+02
1.844100717411196744e+00	2.107537603362648611e+02
1.850384816792487230e+00	2.103114098293955010e+02
1.856666059735203822e+00	2.086235049479105612e+02
1.862947728675613979e+00	2.076296598994592841e+02
1.869229324466858078e+00	2.069617055666920749e+02
1.875517616802973686e+00	2.054076653220243998e+02
1.881800769033795229e+00	2.048285990409721080e+02
1.888078863416442710e+00	2.043204065706176493e+02
1.894353975182237582e+00	2.032724836218402231e+02
1.900642716154182565e+00	2.022797984087124235e+02
1.906933494748685121e+00	2.015957366258197396e+02
1.913207568676573933e+00	2.000055871182149190e+02
1.919490884732178992e+00	1.991972147356736400e+02
1.925776855684274480e+00	1.988367370626319257e+02
1.932064452961978152e+00	1.980249183894592022e+02
1.938342610030488800e+00	1.960101991904778345e+02
1.944618341543410178e+00	1.959996484292543641e+02
1.950906260203513876e+00	1.950045871798585608e+02
1.957194556613796488e+00	1.937222521501406618e+02
1.963479614559011432e+00	1.926944108596719900e+02
1.969760361532916226e+00	1.920412441591915353e+02
1.976048367034604736e+00	1.910077766857387189e+02
1.982337990217652335e+00	1.903309767580511505e+02
1.988617489259562721e+00	1.894650804768199919e+02
1.994896320665194178e+00	1.887039111501397599e+02
2.001179596222827151e+00	1.879813412170866798e+02
2.007459756923499761e+00	1.870616695058699008e+02
2.013737397779169935e+00	1.861551814879485676e+02
2.020017234677497164e+00	1.854624315548846596e+02
2.026310251015072783e+00	1.843461764081508534e+02
2.032600542948020284e+00	1.837252854863025675e+02
2.038873863192099289e+00	1.824404369798001539e+02
2.045154087821675404e+00	1.817321967154411197e+02
2.051444704514288730e+00	1.809251369721216349e+02
2.057730430280644729e+00	1.802734598922682210e+02
2.064013940455224461e+00	1.793550417049841030e+02
2.070299891179459895e+00	1.784371513431459277e+02
2.076589719964883951e+00	1.776452105423948069e+02
2.082865483794470673e+00	1.772388628625860179e+02
2.089134494859368640e+00	1.762139369429652049e+02
2.095424211360070288e+00	1.758360187893859177e+02
2.101707116664804254e+00	1.747308533793778054e+02
2.107986473933564309e+00	1.740629720907665217e+02
2.114271806543862375e+00	1.732184235127939758e+02
2.120552717288892275e+00	1.728893914264051830e+02
2.126836933207161717e+00	1.719662888977820785e+02
2.133122044791171845e+00	1.710842467299850682e+02
2.139411711910842673e+00	1.705353278673861439e+02
2.145697076775292089e+00	1.693875575220822896e+02
2.151973548606471276e+00	1.688416737877621188e+02
2.158259913555724108e+00	1.680850765372498188e+02
2.164545396699105506e+00	1.673497462755401273e+02
2.170830700377734068e+00	1.664929559521511635e+02
2.177114138849150393e+00	1.659584814401982271e+02
2.183387647576827018e+00	1.650813895046555899e+02
2.189670273687676971e+00	1.645302557454870680e+02
2.195960147934207463e+00	1.638571424300263004e+02
2.202242556317716371e+00	1.631538540851841788e+02
2.208521655981037668e+00	1.623625438509411367e+02
2.214804637081333016e+00	1.617295701570123470e+02
2.221092583349425276e+00	1.612513021225424552e+02
2.227372893591468728e+00	1.604709804707280796e+02
2.233657161144248171e+00	1.603188263516498751e+02
2.239943485394438660e+00	1.593100594871660860e+02
2.246224175264620815e+00	1.580772471893180295e+02
2.252506378421252009e+00	1.582479964758587982e+02
2.258783417054270437e+00	1.571068721828326886e+02
2.265069077371457684e+00	1.565831563690265398e+02
2.271350377044131452e+00	1.558582704176666311e+02
2.277633995145353918e+00	1.554736307510510187e+02
2.283922419579920149e+00	1.546317478596567696e+02
2.290202874392252674e+00	1.540488375005608646e+02
2.296490779970905560e+00	1.535076754272873814e+02
2.302771769934229162e+00	1.526430788195229979e+02
2.309051364164305564e+00	1.524834640613462398e+02
2.315338502539088239e+00	1.518359632960718102e+02
2.321627336503874428e+00	1.512002820827974006e+02
2.327911878297218795e+00	1.505025793904555940e+02
2.334186238580297168e+00	1.500243398460085302e+02
2.340467971862688401e+00	1.489108766696111843e+02
2.346756940970738725e+00	1.487854460137135959e+02
2.353044444556199988e+00	1.481878746918261811e+02
2.359327653314069906e+00	1.472766569015795426e+02
2.365603048789861607e+00	1.469317171501692769e+02
2.371885911737665165e+00	1.465230929036249279e+02
2.378173303594019572e+00	1.457905762015406310e+02
2.384454016539381271e+00	1.453378685125797460e+02
2.390736447344785187e+00	1.449095473779360930e+02
2.397014133897952259e+00	1.442603348236639533e+02
2.403295490074321972e+00	1.436895671400113770e+02
2.409585049672506862e+00	1.429073292365838768e+02
2.415871703165322071e+00	1.429072364484428022e+02
2.422160652369088840e+00	1.420282430199757471e+02
2.428440167222748691e+00	1.415380491839480896e+02
2.434717472383889803e+00	1.409701676689161900e+02
2.441002456202044257e+00	1.406292469572528887e+02
2.447289980304530488e+00	1.402262291877154894e+02
2.453571844729242279e+00	1.396968525151629592e+02
2.459852705114058846e+00	1.389991486738602475e+02
2.466139233225018934e+00	1.385446376996249569e+02
2.472421963421291391e+00	1.380901172390499312e+02
2.478698519174224568e+00	1.378884345871292680e+02
2.484980841400355800e+00	1.372380912012796443e+02
2.491269319409339822e+00	1.364861076105206905e+02
2.497548505139029373e+00	1.362081635968967532e+02
2.503831667172610853e+00	1.356706988617786465e+02
2.510117938323931153e+00	1.352544777255033353e+02
2.516400733681277480e+00	1.347034170825978379e+02
2.522688226833368130e+00	1.341532960633811626e+02
2.528971695852665569e+00	1.340630041011554852e+02
2.535252039407670299e+00	1.333330669040830117e+02
2.541537514142774512e+00	1.329835178807187219e+02
2.547823008847572179e+00	1.324218253982489841e+02
2.554100666580690238e+00	1.323796927196832200e+02
2.560376788884177301e+00	1.315531587250154644e+02
2.566667521601497359e+00	1.308445165297199537e+02
2.572955062237090473e+00	1.309031503491032140e+02
2.579233771797999175e+00	1.304465688966378991e+02
2.585520164300948220e+00	1.298240703300441510e+02
2.591805130332431872e+00	1.294662752836078994e+02
2.598084074692260881e+00	1.291098568944951239e+02
2.604360404197643586e+00	1.284843189358161624e+02
2.610647185140439142e+00	1.281717300200628813e+02
2.616931864059273138e+00	1.278864308052255581e+02
2.623206107911065565e+00	1.275006309866406866e+02
2.629491626543270844e+00	1.271644220962820100e+02
2.635778507982642349e+00	1.267997791626642794e+02
2.642061039325260818e+00	1.263551587688534568e+02
2.648343840729305843e+00	1.260074882342029952e+02
2.654631838974855551e+00	1.256093752829932981e+02
2.660919001246303761e+00	1.250544337456654773e+02
2.667198525130066056e+00	1.249229399921991757e+02
2.673484307038032526e+00	1.245175553067675907e+02
2.679773388053849459e+00	1.240780694935355655e+02
2.686058217632288692e+00	1.235468106786291997e+02
2.692338738200057868e+00	1.233634262783628515e+02
2.698618022887226964e+00	1.232956775921366130e+02
2.704895450708277860e+00	1.228591561410257356e+02
2.711175674923682166e+00	1.224861086364364695e+02
2.717459832966957922e+00	1.219171711394119058e+02
2.723745731959044569e+00	1.218406057612688613e+02
2.730038414850594730e+00	1.212053449276584729e+02
2.736317989800789441e+00	1.209100669813416005e+02
2.742591858549239703e+00	1.206924489757416268e+02
2.748879749010778362e+00	1.203934701026236240e+02
2.755163403825859447e+00	1.200126737897977449e+02
2.761446955625852073e+00	1.198115962397503580e+02
2.767732088935374701e+00	1.194945297470130328e+02
2.774015452421743966e+00	1.192765953299172708e+02
2.780298635700591436e+00	1.190494389878626862e+02
2.786577474762241380e+00	1.186825492239849780e+02
2.792857983210164541e+00	1.185389990962362674e+02
2.799143790920211483e+00	1.180728928568878899e+02
2.805430058399325244e+00	1.179868902999459692e+02
2.811715058209780072e+00	1.174818386053057253e+02
2.817989272498773623e+00	1.173151717022080334e+02
2.824269171595737760e+00	1.170594883581167238e+02
2.830563016441804081e+00	1.169723322341722991e+02
2.836848750951622034e+00	1.165470424503115652e+02
2.843130027866129783e+00	1.161537291040920508e+02
2.849413896912404986e+00	1.160943550793090679e+02
2.855697464522425566e+00	1.157417328567259744e+02
2.861978799810683594e+00	1.154807348821035475e+02
2.868262469415629567e+00	1.151866707819720830e+02
2.874547359206753860e+00	1.151019662473161418e+02
2.880831111471525041e+00	1.152086573525808006e+02
2.887113216972382546e+00	1.148876837029645088e+02
2.893394504725182781e+00	1.145757738682560927e+02
2.899673662137033592e+00	1.143748321485888368e+02
2.905953958587380814e+00	1.141526043546402178e+02
2.912241118105161064e+00	1.139140649490638140e+02
2.918525996366671205e+00	1.137369613579388812e+02
2.924809035425688819e+00	1.133747301230080495e+02
2.931095916293684933e+00	1.133927348644855186e+02
2.937378182606774413e+00	1.132240317618820882e+02
2.943659980254369923e+00	1.129255732495050921e+02
2.949946454403890250e+00	1.129487476109501500e+02
2.956227653702202307e+00	1.127610401774897326e+02
2.962510478867462993e+00	1.125294545322310569e+02
2.968796535179442309e+00	1.123637879189736424e+02
2.975077657376874907e+00	1.123713168967192217e+02
2.981359866759223376e+00	1.121924721812095811e+02
2.987646761575656562e+00	1.120483728372193610e+02
2.993929038370399365e+00	1.119212483742300464e+02
3.000206214840962726e+00	1.116923200888968921e+02
3.006486172402415669e+00	1.115269341115121193e+02
3.012769812211594456e+00	1.114546895750319635e+02
3.019053144326170113e+00	1.113772824920516342e+02
3.025337405144251424e+00	1.113132621862927465e+02
3.031623734799107961e+00	1.111195761713697721e+02
3.037908962055872575e+00	1.111611440912136999e+02
3.044195067146031608e+00	1.110398308226841664e+02
3.050475543482170426e+00	1.110362530376573744e+02
3.056754954538277502e+00	1.108578297653602647e+02
3.063040539557494668e+00	1.107959169945081328e+02
3.069323699454357346e+00	1.107516249651394986e+02
3.075610692642898769e+00	1.107780979234458840e+02
3.081893798009918584e+00	1.107806617309094577e+02
3.088174549548037717e+00	1.106593077769511524e+02
3.094458635632868493e+00	1.107481198756183858e+02
3.100743982931558840e+00	1.106288952154998810e+02
3.107028111748448396e+00	1.106917518587603553e+02
3.113309299655494300e+00	1.108481563106863490e+02
3.119590662867241626e+00	1.106087474446616739e+02
3.125874006820172912e+00	1.105617401861061353e+02
3.132159251154602586e+00	1.106434489683259983e+02
3.138439172765940643e+00	1.106539247873744358e+02
3.144723867719826593e+00	1.105742375686361072e+02
3.151003951258561031e+00	1.106841521273222355e+02
3.157283664131563139e+00	1.106068851941621887e+02
3.163569317183839935e+00	1.107857375880800248e+02
3.169851661717792091e+00	1.108073079953368989e+02
3.176137704316093657e+00	1.109074822252259054e+02
3.182420924828643916e+00	1.109517150908909429e+02
3.188702811875577581e+00	1.111047267948877675e+02
3.194990520008989865e+00	1.110073063365299504e+02
3.201275324656983834e+00	1.111290031275452037e+02
3.207551352179861759e+00	1.112197064236442543e+02
3.213835216737041645e+00	1.113439133796217675e+02
3.220122579819103770e+00	1.113605233911030297e+02
3.226406606618656525e+00	1.109377214238901246e+02
3.232687390085645429e+00	1.107523243849605876e+02
3.238969121280456331e+00	1.105665629537540298e+02
3.245254751548589667e+00	1.104260165517554384e+02
3.251534499036136783e+00	1.101875390912837247e+02
3.257817780791052442e+00	1.099311806510426379e+02
3.264102164154097263e+00	1.096650984723938649e+02
3.270384152138468892e+00	1.092502275855879788e+02
3.276669427476867735e+00	1.091354495860957456e+02
3.282954688864507808e+00	1.086938273136596393e+02
3.289237200334947264e+00	1.085996763924037651e+02
3.295519587088236779e+00	1.082741362206876232e+02
3.301805977329951958e+00	1.081417586606497565e+02
3.308087486222440088e+00	1.080581238222337674e+02
3.314367630234227313e+00	1.077947887303146359e+02
3.320651909732194262e+00	1.075980560667713206e+02
3.326931260376857047e+00	1.072612046200740821e+02
3.333216512447217728e+00	1.069347467934227183e+02
3.339504489419978128e+00	1.069623994787454535e+02
3.345786804809928405e+00	1.066633914045320637e+02
3.352071130016277767e+00	1.062917735019425152e+02
3.358351496304225581e+00	1.061211469098324187e+02
3.364630591073392019e+00	1.060611793847200914e+02
3.370916305215045483e+00	1.058560029419980708e+02
3.377197952029413752e+00	1.055621874259548463e+02
3.383483063818085501e+00	1.053212106107600476e+02
3.389769992424469969e+00	1.051889927047869122e+02
3.396051330885982100e+00	1.048361266636772626e+02
3.402330879139463971e+00	1.049635763485965327e+02
3.408610488352048495e+00	1.044899993420514619e+02
3.414897837696641236e+00	1.043563783727024372e+02
3.421180484052105619e+00	1.042228049584600882e+02
3.427461639653846870e+00	1.039970332217171460e+02
3.433749159643459059e+00	1.036820504591974696e+02
3.440032646656798310e+00	1.035681382010244533e+02
3.446313366033385339e+00	1.034220535936876644e+02
3.452600135384134905e+00	1.032437231825393980e+02
3.458883152815406703e+00	1.029943904108214809e+02
3.465163834403715448e+00	1.027166086908902969e+02
3.471449329786229221e+00	1.027450686333142613e+02
3.477734476754053894e+00	1.023542618099969133e+02
3.484019652467224226e+00	1.023112917955998711e+02
3.490297019369712928e+00	1.021669493454501918e+02
3.496582486484379970e+00	1.019273025143864828e+02
3.502868048046865024e+00	1.018502404214202244e+02
3.509144649545451244e+00	1.016651136301333054e+02
3.515428082003116295e+00	1.017166524887098262e+02
3.521711031624695565e+00	1.014423779789575235e+02
3.527991850954735664e+00	1.013609765755925594e+02
3.534275545726699885e+00	1.011835719540391949e+02
3.540562632020772149e+00	1.008136649850848414e+02
3.546844410757220789e+00	1.007558235238771687e+02
3.553131386753758836e+00	1.006822979930628463e+02
3.559419203211965144e+00	1.004263722329513513e+02
3.565697971577579839e+00	1.002405053176632350e+02
3.571979559134798254e+00	1.002319654251535468e+02
3.578265774595833726e+00	1.001104392426598793e+02
3.584548309769353125e+00	9.984909222750704316e+01
3.590826843920031486e+00	9.964097934629477038e+01
3.597107306745233934e+00	9.971768091765351016e+01
3.603392831792229245e+00	9.948602198571782651e+01
3.609673209822572559e+00	9.958421738122396505e+01
3.615955412133016189e+00	9.937081751849629541e+01
3.622241607772384686e+00	9.914037613718659259e+01
3.628520252736676444e+00	9.892446154526250268e+01
3.634804827569451113e+00	9.902596456072338071e+01
3.641094981788862928e+00	9.872002324311256416e+01
3.647383514928639325e+00	9.854458376138005349e+01
3.653663283927725658e+00	9.863697218869099004e+01
3.659943504072155296e+00	9.846917918534086311e+01
3.666232000281138603e+00	9.844326718568133572e+01
3.672514211678317597e+00	9.816479480899309351e+01
3.678794154686042539e+00	9.815491542874607944e+01
3.685078621861909820e+00	9.800454800437269398e+01
3.691359210097977961e+00	9.791737974101775421e+01
3.697642368173791105e+00	9.805429450359983434e+01
3.703925796735277665e+00	9.759677770330600310e+01
3.710208240364660348e+00	9.764032728096898950e+01
3.716494593122387169e+00	9.758100730603064221e+01
3.722775386659595398e+00	9.756488906205723310e+01
3.729058392883481510e+00	9.756553617463345063e+01
3.735339748210807720e+00	9.729647158039026067e+01
3.741620776392969638e+00	9.730701271458029566e+01
3.747904795418762980e+00	9.728858412996521565e+01
3.754190633281219380e+00	9.713820972931713982e+01
3.760478208018912749e+00	9.698223199847274145e+01
3.766755538573464346e+00	9.706868027224389550e+01
3.773032090135151506e+00	9.693576878484215342e+01
3.779322553012896879e+00	9.692438207436646280e+01
3.785609109731308930e+00	9.682076158949081446e+01
3.791889825936295200e+00	9.678620431898053766e+01
3.798174822702435893e+00	9.680819373840097342e+01
3.804458658753491651e+00	9.663032161225012828e+01
3.810738438095723435e+00	9.662669915342885929e+01
3.817018850285747167e+00	9.660508687999636379e+01
3.823305314209427763e+00	9.653274920922039826e+01
3.829591295197792178e+00	9.644070002732377134e+01
3.835872296070849341e+00	9.644516339464877319e+01
3.842156279590906109e+00	9.634463058692813320e+01
3.848441511099312429e+00	9.637511431423810393e+01
3.854723334376886079e+00	9.639186406000678176e+01
3.861004740704794713e+00	9.633180641533790833e+01
3.867284336650660848e+00	9.607378933954731792e+01
3.873567367678779849e+00	9.633363821264543958e+01
3.879850662830422792e+00	9.625903943561607434e+01
3.886137063198143338e+00	9.609150041131438513e+01
3.892419463049126005e+00	9.610196812897662255e+01
3.898703740328622658e+00	9.631074980520409667e+01
3.904991458788179326e+00	9.618281146533749393e+01
3.911270842222104083e+00	9.607998505880898676e+01
3.917549806479573071e+00	9.605748124527276843e+01
3.923836006203090587e+00	9.613965535292123832e+01
3.930121452497870926e+00	9.633622095765328197e+01
3.936398172858230460e+00	9.614969498054871622e+01
3.942683040425962293e+00	9.633786420124368988e+01
3.948974759704379611e+00	9.637144090438788169e+01
3.955259227995065352e+00	9.619739272942435093e+01
3.961537174921395454e+00	9.619743053286182999e+01
3.967820217617139544e+00	9.630513092446543055e+01
3.974105559832568968e+00	9.629500569930233667e+01
3.980384727931198352e+00	9.655813963430566105e+01
3.986664590839849698e+00	9.641250605528618678e+01
3.992949619150675034e+00	9.640325857838080026e+01
3.999235075769965952e+00	9.646956480785124199e+01
4.005515715515433506e+00	9.664061559278850666e+01
4.011798434346478537e+00	9.667513024224646756e+01
4.018083716245132386e+00	9.655142626471480582e+01
4.024365700052603856e+00	9.685759081460719244e+01
4.030643960839860540e+00	9.670866689118750514e+01
4.036928708926215137e+00	9.693366026470991414e+01
4.043218157412017177e+00	9.681174495580272321e+01
4.049503019487663558e+00	9.706925793232882427e+01
4.055781898960511000e+00	9.733529859721504351e+01
4.062060795621602161e+00	9.724373961321508375e+01
4.068347865354716042e+00	9.728247770436591679e+01
4.074631027173265529e+00	9.716837995548547724e+01
4.080910837526078971e+00	9.739375265667474935e+01
4.087201203341442657e+00	9.740901922737005236e+01
4.093486818591942189e+00	9.765452371297055834e+01
4.099764387336505500e+00	9.761945961715360909e+01
4.106049166937662420e+00	9.757003275881271520e+01
4.112334559041358695e+00	9.784645640559902802e+01
4.118618926059533614e+00	9.790863373014336446e+01
4.124898942031112625e+00	9.811074474117513944e+01
4.131175432561665417e+00	9.830175250975143797e+01
4.137461563786142271e+00	9.816049565074295913e+01
4.143746006210170307e+00	9.848134100126831925e+01
4.150029800482964326e+00	9.832166699738533566e+01
4.156313390684649001e+00	9.855106812888861612e+01
4.162596105843763716e+00	9.878192043072854744e+01
4.168881843141768684e+00	9.909583459468328215e+01
4.175162111073220217e+00	9.908671898500608677e+01
4.181448573417560155e+00	9.920355150499466390e+01
4.187738782464171194e+00	9.920304353225917282e+01
4.194017437180169061e+00	9.959497562731660025e+01
4.200293572701767175e+00	9.975112930203982842e+01
4.206580195481546269e+00	9.988362217614832161e+01
4.212860644652220543e+00	9.996730924855292244e+01
4.219138153430114002e+00	1.002696643018721687e+02
4.225426162098283811e+00	1.003039986985606475e+02
4.231713506719782636e+00	1.005578809576927171e+02
4.237990056577191744e+00	1.007039256863728696e+02
4.244267783646744618e+00	1.010827816041252873e+02
4.250560660182562955e+00	1.013917263954330537e+02
4.256847734842668096e+00	1.013314572937828331e+02
4.263127100734456221e+00	1.014882605277861103e+02
4.269406860432507500e+00	1.015563744495757135e+02
4.275691671482192646e+00	1.019010130975484572e+02
4.281972414189518794e+00	1.020435135409938425e+02
4.288253516806755705e+00	1.021884601919037010e+02
4.294540520160492925e+00	1.027354948925385685e+02
4.300825742921731809e+00	1.026554264393984823e+02
4.307109835491901961e+00	1.027871763556264852e+02
4.313390926478413157e+00	1.031619874817573361e+02
4.319667979480563247e+00	1.030426628878751529e+02
4.325952598143786076e+00	1.035743391046527790e+02
4.332241647035422361e+00	1.036046670213939649e+02
4.338524445619096781e+00	1.039632387018670840e+02
4.344809348131129845e+00	1.041604900378170413e+02
4.351090699193166600e+00	1.043714095434899889e+02
4.357369710808320029e+00	1.045461662709281825e+02
4.363659348967174445e+00	1.046647126108065606e+02
4.369947418280990981e+00	1.048648106860643168e+02
4.376226569265827315e+00	1.050870973218794973e+02
4.382499356631129217e+00	1.053269367279731767e+02
4.388784975178015024e+00	1.055263118658951100e+02
4.395068696309480494e+00	1.053867563545893518e+02
4.401347962382031298e+00	1.062075426483137193e+02
4.407628405096517099e+00	1.065376159025614271e+02
4.413915862185140426e+00	1.065364794473319989e+02
4.420203163534264235e+00	1.066922472346494004e+02
4.426480311003382795e+00	1.066045567406431474e+02
4.432765973643649104e+00	1.069713110803420761e+02
4.439053392023870614e+00	1.069705939477439358e+02
4.445336141335588742e+00	1.071759306699125318e+02
4.451617241414883352e+00	1.074011796703557877e+02
4.457901500730311106e+00	1.072497406986931736e+02
4.464189501093017043e+00	1.075859970152667415e+02
4.470470197548729985e+00	1.075832577154956482e+02
4.476748044268524573e+00	1.080203875593283556e+02
4.483035990164653484e+00	1.076830106120834643e+02
4.489323331650528104e+00	1.080678931469282134e+02
4.495599111667934800e+00	1.077455284240250251e+02
4.501870922878794090e+00	1.077962116934711929e+02
4.508155162877705457e+00	1.079769170480203968e+02
4.514446451153479423e+00	1.074962852093374579e+02
4.520723894043856994e+00	1.076068874124412247e+02
4.527003782460155890e+00	1.073417106115789750e+02
4.533293086610313161e+00	1.075754950959307337e+02
4.539578989864040182e+00	1.071361068624881341e+02
4.545857164866476730e+00	1.069449594049180803e+02
4.552138955546025656e+00	1.066045457330183694e+02
4.558432046889146605e+00	1.065422389164951937e+02
4.564713463378488711e+00	1.063425968623719768e+02
4.570987274133244682e+00	1.062256219509116448e+02
4.577274818151045643e+00	1.062565237925245043e+02
4.583563263889338657e+00	1.059800811902129709e+02
4.589844917004465508e+00	1.061001484726082111e+02
4.596126259982004747e+00	1.062297858311888916e+02
4.602409075598298926e+00	1.060909378219560892e+02
4.608696634867644804e+00	1.060665982855490626e+02
4.614977646498861219e+00	1.062389499624438542e+02
4.621258953029527383e+00	1.060826069783438044e+02
4.627547993978874175e+00	1.060550892268937559e+02
4.633830152730579854e+00	1.061823933026575446e+02
4.640104005367354567e+00	1.063338707817547117e+02
4.646382060386754276e+00	1.062767911487989352e+02
4.652674213731970987e+00	1.068179610508233850e+02
4.658958291796220230e+00	1.065390069364184313e+02
4.665233615070169648e+00	1.062195391744150044e+02
4.671520675710307380e+00	1.068533853293049987e+02
4.677814351732177300e+00	1.062070256573766613e+02
4.684093699744638073e+00	1.071685113342446414e+02
4.690368661472568590e+00	1.071428814039180253e+02
4.696663270746453733e+00	1.070763602016656932e+02
4.702945459248681459e+00	1.072044638761307027e+02
4.709209170841929470e+00	1.073323263230719817e+02
4.715491634753063543e+00	1.075534825186847030e+02
4.721784316284933780e+00	1.075104830942183014e+02
4.728063062331094635e+00	1.079756080469179551e+02
4.734337423381671073e+00	1.084833981120915496e+02
4.740627024094544062e+00	1.084581381994411089e+02
4.746914995664547554e+00	1.085022606987767659e+02
4.753194740071086777e+00	1.086742183308483476e+02
4.759478891864783456e+00	1.089234551538523590e+02
4.765762396877359031e+00	1.097162383118104145e+02
4.772049481246195768e+00	1.096203556891138788e+02
4.778335091022592351e+00	1.095349035340282740e+02
4.784610831402393849e+00	1.094717229146296376e+02
4.790907306208476157e+00	1.102321735947501082e+02
4.797204047706418173e+00	1.100217840544011665e+02
4.803470827697504220e+00	1.102582555352411617e+02
4.809748850577324042e+00	1.111664068334826823e+02
4.816045316586602176e+00	1.111239067541518608e+02
4.822329240673497885e+00	1.112033264788830422e+02
4.828596758226470165e+00	1.121870784298200192e+02
4.834890332961369275e+00	1.118786932035932864e+02
4.841191655056394261e+00	1.122697660924235663e+02
4.847460407468000554e+00	1.119439437714198533e+02
4.853732128521334843e+00	1.130167093193190766e+02
4.860029138783373170e+00	1.134179565041424098e+02
4.866314601732018019e+00	1.135917787679133539e+02
4.872587026269203925e+00	1.137227145481022035e+02
4.878874221748241702e+00	1.136658041766370388e+02
4.885171078138658807e+00	1.144634213503103553e+02
4.891450629931857641e+00	1.152202984064687712e+02
4.897716482750221978e+00	1.150051967347670541e+02
4.904002834596266069e+00	1.147118238061756870e+02
4.910295858205786068e+00	1.157797794451527267e+02
4.916575188115905881e+00	1.158448904359779306e+02
4.922847946197084212e+00	1.169731925498985134e+02
4.929131667457151700e+00	1.167630572862876051e+02
4.935434460144239033e+00	1.180433870841683728e+02
4.941718513303545279e+00	1.174528729105767582e+02
4.947978624761803168e+00	1.184879043162256806e+02
4.954274999209829389e+00	1.190310614209326872e+02
4.960571094729937514e+00	1.199031386334444704e+02
4.966823207626954506e+00	1.203554348468324662e+02
4.973097418390337587e+00	1.204779322746797874e+02
4.979415129936382023e+00	1.206010920236264496e+02
4.985702082330368157e+00	1.217916460677386965e+02
4.991949985828016523e+00	1.217297852339890198e+02
4.998241586316924057e+00	1.217909822103301565e+02
5.004556635606089543e+00	1.232337698853436478e+02
5.010828655701208945e+00	1.237511162573349708e+02
5.017077229702536556e+00	1.247349233496611305e+02
5.023374414758113637e+00	1.247149234834104590e+02
5.029688873569548413e+00	1.255576021679224112e+02
5.035958413584124216e+00	1.258970200449555108e+02
5.042232667658486989e+00	1.259426625273325300e+02
5.048528755870775875e+00	1.273535526389881909e+02
5.054821121427484520e+00	1.275859767762558903e+02
5.061069509814582368e+00	1.281557230672786147e+02
5.067347812754101177e+00	1.291148816493731601e+02
5.073675050630431116e+00	1.297088066166974727e+02
5.079945928388977627e+00	1.310590737787454998e+02
5.086192992546071601e+00	1.314356544466936612e+02
5.092484128970163226e+00	1.319767899022164102e+02
5.098802924706086870e+00	1.330542837372563838e+02
5.105078217426394005e+00	1.339926728462417600e+02
5.111325076574067872e+00	1.348385486407428573e+02
5.117628358851224135e+00	1.352034858952702621e+02
5.123935939383525984e+00	1.354714359423070960e+02
5.130199176325612065e+00	1.360710024938546781e+02
5.136469985878846956e+00	1.372691333130372584e+02
5.142797788696348071e+00	1.384577125852938764e+02
5.149090378043822192e+00	1.393551022112431497e+02
5.155289879840074363e+00	1.395719906913382147e+02
5.161564521234301317e+00	1.410763755657277727e+02
5.167916673496016244e+00	1.423571895920649411e+02
5.174205974602950064e+00	1.431239624537016937e+02
5.180434820793812456e+00	1.427688652242014200e+02
5.186729096569634656e+00	1.462200919129500960e+02
5.193058481037780894e+00	1.467375900275727076e+02
5.199319511444338460e+00	1.463301783525933217e+02
5.205574295584361799e+00	1.474913114195838943e+02
5.211894977074066126e+00	1.483109944079131424e+02
5.218201708336958511e+00	1.497627033841936282e+02
5.224411911780083351e+00	1.505310786800058906e+02
5.230677632666463239e+00	1.521415538610613680e+02
5.237056729559757429e+00	1.535928749153416675e+02
5.243336785035660697e+00	1.545809858011927531e+02
5.249493476178225038e+00	1.576576455813116127e+02
5.255787017738318134e+00	1.565519486692052453e+02
5.262205327426889845e+00	1.602003081378404659e+02
5.268477758348532269e+00	1.611421505235591667e+02
5.274632213654732560e+00	1.607513613853432162e+02
5.280950543314659740e+00	1.623670300313764869e+02
5.287327645024750389e+00	1.653193732845977593e+02
5.293582359180156516e+00	1.650726063733348212e+02
5.299789992649893478e+00	1.672955048746826208e+02
5.306111460381987222e+00	1.689207237400170527e+02
5.312452717892129250e+00	1.684892277313354612e+02
5.318650122853046724e+00	1.710310127039055601e+02
5.324923043129819789e+00	1.724681900270464325e+02
5.331330237158205421e+00	1.741920918821906810e+02
5.337586726886338617e+00	1.788682035898348204e+02
5.343685192440848830e+00	1.792630610721316771e+02
5.350070659715249199e+00	1.806512146219785393e+02
5.356556762554878226e+00	1.822048156613404899e+02
5.362691868684501095e+00	1.839711529921541739e+02
5.368769208912516966e+00	1.902251216694872369e+02
5.375270137997677722e+00	1.858342431888643489e+02
5.381769983045385786e+00	1.871478322296394481e+02
5.387701030372958222e+00	1.902941890245762977e+02
5.393786668001271600e+00	1.968198426188113501e+02
5.400446161099396569e+00	1.926736304892292253e+02
5.406957063684501463e+00	2.010707511028656143e+02
5.412655672453426270e+00	1.962873721735389552e+02
5.418821279260546575e+00	2.060358666443866866e+02
5.425690594366304076e+00	2.060334904650525516e+02
5.432217487502165376e+00	2.117492496497807224e+02
5.437649811577258241e+00	2.115470919735706161e+02
5.443914404015878006e+00	2.124924730580075618e+02
5.450953501686320202e+00	2.135730839286865432e+02
5.457483690405861232e+00	2.137054669393501172e+02
5.462715250135157241e+00	2.141182699957515183e+02
5.469033575551323523e+00	2.307959372104524221e+02
5.476177730420278778e+00	2.322820344482851169e+02
5.482708935702562236e+00	2.396713645270259008e+02
5.487722405008360838e+00	2.335179916551138319e+02
5.494194284996126498e+00	2.342431691652303698e+02
5.501391471009256406e+00	2.405326319764279788e+02
5.507128202673079009e+00	2.334625634913327872e+02
5.512278020050448646e+00	2.439228142632993581e+02
5.519395563377015534e+00	2.433886092470526705e+02
5.526598678609708770e+00	2.397849831766660600e+02
5.532162682462509196e+00	2.454608802281269675e+02
5.537397124017139127e+00	2.537301414526696135e+02
5.544582756485218589e+00	2.488552057765379288e+02
5.551739327507637434e+00	2.283138790286914173e+02
5.557493306674907707e+00	2.251236527145271111e+02
5.562281709102816940e+00	2.871736593026761284e+02
5.569272720323164449e+00	4.550648491153014561e+02
