8.899641224696953554e-03	7.254865413404722858e+03
1.507912216506557788e-02	6.041287024582599770e+03
2.144790186456836667e-02	6.870728587248629992e+03
2.783660776489276650e-02	6.144400271959600104e+03
3.435099785803411021e-02	7.094012740870092784e+03
4.047886761425745911e-02	5.712771840049909770e+03
4.676716683575679601e-02	5.257067913260321802e+03
5.308225101765951665e-02	4.934290884324340368e+03
5.945362440940590160e-02	4.843731665992418129e+03
6.576224814588792211e-02	4.480459096000828140e+03
7.196632906698736953e-02	4.224162442035357344e+03
7.827860915688347743e-02	3.798649288290043842e+03
8.470398945834539672e-02	3.286269451791966731e+03
9.096854620527369817e-02	3.094174988072806627e+03
9.720789776830213169e-02	2.816331608034571673e+03
1.034763038959366499e-01	2.491777900378137929e+03
1.097576444254559219e-01	2.510436337602523963e+03
1.160543084780093354e-01	2.330740404635628693e+03
1.223669666537485351e-01	2.225752657995136360e+03
1.286817263090294094e-01	2.058888583800998276e+03
1.349500801664080818e-01	1.913911994610147076e+03
1.411949558842147678e-01	1.837102047892009523e+03
1.475133575747468451e-01	1.729474709874770724e+03
1.537865074252268427e-01	1.614498021878328473e+03
1.600657544051110326e-01	1.492091449903589591e+03
1.663991168687080635e-01	1.457752584922881624e+03
1.727195645776442856e-01	1.355419862223528526e+03
1.789765213377084718e-01	1.325354445880201865e+03
1.852353690647852158e-01	1.262259555158358580e+03
1.914806787341157279e-01	1.192351491484819462e+03
1.977889868651535599e-01	1.168322733207715373e+03
2.040937735447724277e-01	1.117866837123826826e+03
2.103939302609846018e-01	1.079342681973405206e+03
2.166909709822301688e-01	1.026560431071965695e+03
2.229700281216152047e-01	9.618987747256461489e+02
2.292620027086341994e-01	9.292960221612511305e+02
2.355141508366812297e-01	9.033598626687095248e+02
2.417910583817859116e-01	8.883423214844983704e+02
2.480856539439619257e-01	8.530525398499481753e+02
2.543492256872954549e-01	8.297659811046544291e+02
2.606334251884805386e-01	7.987497058598451076e+02
2.669257370896960802e-01	7.808723825719841898e+02
2.732423343141155980e-01	7.560320374024790908e+02
2.795529680084415936e-01	7.131088535434906817e+02
2.858366292314493129e-01	6.982085893803769068e+02
2.920876271394311496e-01	6.794853533509268573e+02
2.983449844439822751e-01	6.661083085102336554e+02
3.046382639407197446e-01	6.489643096662546213e+02
3.109279127003197196e-01	6.285225907365626199e+02
3.172168171618398036e-01	6.175719247263268699e+02
3.235187567944423082e-01	6.055860091993766900e+02
3.298168217550395687e-01	5.817071380656519750e+02
3.361176429457156667e-01	5.707282369161715678e+02
3.423700375709273769e-01	5.539659833873528214e+02
3.486478192666269682e-01	5.466065601175025677e+02
3.549411614411318028e-01	5.317393275200234939e+02
3.611916935421040642e-01	5.120383781008102915e+02
3.674767089563572564e-01	5.094179527003691419e+02
3.737647795277591056e-01	4.984515518650887316e+02
3.800654031475132477e-01	4.786899781744738789e+02
3.863539861259823738e-01	4.795020038254599513e+02
3.926140181364449755e-01	4.661194266100885102e+02
3.989264500321934581e-01	4.567015752753380298e+02
4.052073244576828714e-01	4.507557552141154247e+02
4.114916477570477182e-01	4.392287929791500574e+02
4.177814272116491257e-01	4.314740520317049004e+02
4.240400648725131116e-01	4.249853312948442294e+02
4.303425690270192283e-01	4.175008530318463045e+02
4.366358560255625965e-01	4.096361664924066872e+02
4.428996183220763605e-01	4.059037629411272974e+02
4.491634418529859563e-01	3.922362624459036056e+02
4.554414146254732731e-01	3.860808741507303239e+02
4.617634470301058558e-01	3.799516417600376599e+02
4.680644242023710433e-01	3.752767496578808277e+02
4.743485242764365895e-01	3.707578711785671430e+02
4.806356136815400082e-01	3.634854811007255080e+02
4.869019258388697646e-01	3.557515930336120960e+02
4.931697099599955947e-01	3.526796945197257855e+02
4.994506747144535908e-01	3.472760918323697297e+02
5.057159051335421429e-01	3.441974850469365492e+02
5.119923996268095356e-01	3.335111080169044158e+02
5.183126097768406826e-01	3.309067369392262208e+02
5.246089638029100000e-01	3.298866389514629418e+02
5.308757308483337267e-01	3.229249857348025330e+02
5.371573527946726934e-01	3.198235667259078241e+02
5.434579563783791256e-01	3.128232573522088842e+02
5.497430652392217842e-01	3.136059239849831215e+02
5.559937427501778773e-01	3.073533746042479038e+02
5.622854676609657654e-01	3.017316336870893565e+02
5.686011537227265711e-01	2.997000800267109639e+02
5.748804589422079614e-01	2.989894523010156604e+02
5.811550210340560296e-01	2.917736528517839929e+02
5.874394496660968468e-01	2.889995838896675764e+02
5.937176220296899176e-01	2.835526422739438317e+02
5.999971954793682505e-01	2.816876801366190080e+02
6.062679115124277596e-01	2.785236145216501882e+02
6.125469576444534381e-01	2.771308356819704954e+02
6.188477733041515272e-01	2.731221062143941367e+02
6.251310567437898813e-01	2.703269836977144678e+02
6.314027450383210560e-01	2.653437014102324838e+02
6.377003562732055375e-01	2.662442997593707332e+02
6.439857783314556494e-01	2.614530121615681537e+02
6.502685417166111925e-01	2.580487656251121393e+02
6.565586117699038216e-01	2.552909336103401756e+02
6.628369282359254377e-01	2.533078883954483445e+02
6.691185444962194362e-01	2.506294335984867132e+02
6.754070198575605755e-01	2.485795014462574670e+02
6.816835514593204692e-01	2.460473761749116477e+02
6.879592533861698112e-01	2.440136051235125763e+02
6.942344317039531587e-01	2.412329969147503448e+02
7.005175402434737908e-01	2.388884626961264246e+02
7.068124956608716758e-01	2.379568508737469017e+02
7.131019009674921527e-01	2.341221298723317830e+02
7.193918251171427247e-01	2.311050376217518192e+02
7.256833807598113140e-01	2.295713936083724889e+02
7.319652682709349989e-01	2.283971174393261947e+02
7.382507990484923344e-01	2.264318461150558619e+02
7.445265842115937893e-01	2.233059561396214292e+02
7.507871101942712455e-01	2.223685541491936419e+02
7.570758465316046459e-01	2.202340558348774948e+02
7.633641233600957365e-01	2.181424064543676593e+02
7.696462959862266917e-01	2.164846747083615526e+02
7.759394865175414102e-01	2.146821963472011703e+02
7.822329141989586843e-01	2.140500440241554543e+02
7.885314936520240181e-01	2.122983277574024896e+02
7.947896566979522071e-01	2.096613657935803019e+02
8.010491096592354809e-01	2.080586366335596722e+02
8.073364061727361651e-01	2.060061078077187915e+02
8.136229488373866170e-01	2.038297063956876798e+02
8.199152998961036776e-01	2.031932503465977788e+02
8.261952636392789762e-01	2.013099544020692520e+02
8.324897070080405914e-01	2.009200240978729539e+02
8.387959309210778480e-01	1.977789547271487720e+02
8.450634639703045181e-01	1.972562142013584321e+02
8.513282867562648182e-01	1.953237918140081888e+02
8.576198263902009566e-01	1.934581967370631617e+02
8.639058477062415697e-01	1.925714917141002616e+02
8.701838745487597837e-01	1.903709692943491234e+02
8.764641096075268534e-01	1.894758802846910442e+02
8.827503873399735745e-01	1.882582855056960227e+02
8.890332768393869323e-01	1.868495724509391493e+02
8.953084247113127780e-01	1.864069576774284087e+02
9.015956521667095602e-01	1.843119381487838666e+02
9.078833328094829680e-01	1.827576393868732225e+02
9.141744106319863450e-01	1.827715864817708109e+02
9.204630817717615043e-01	1.812464272655625450e+02
9.267434415264711456e-01	1.791604947966382611e+02
9.330324197354928906e-01	1.784672263898902429e+02
9.393265785573878812e-01	1.773328766633523230e+02
9.455974810398196650e-01	1.752090025167924807e+02
9.518660018545171964e-01	1.744859947122408244e+02
9.581413255531838757e-01	1.738431046770509454e+02
9.644350945109106954e-01	1.727645179704696545e+02
9.707355633568249820e-01	1.711113904982384213e+02
9.770080768450029041e-01	1.703979943681270868e+02
9.832823325363413414e-01	1.695234283043233177e+02
9.895569691966674686e-01	1.687691319351245625e+02
9.958456301921106979e-01	1.672204205236913594e+02
1.002136210743837408e+00	1.660017687432078901e+02
1.008404825335135424e+00	1.653651635728755878e+02
1.014694149836243398e+00	1.645369625181268987e+02
1.020992555437297167e+00	1.634301527992471392e+02
1.027273980437394485e+00	1.620278876277662619e+02
1.033559181896017254e+00	1.616749203158814225e+02
1.039847557392594934e+00	1.600387281968469324e+02
1.046126974943305088e+00	1.594594540130903226e+02
1.052403436811028659e+00	1.584125993740068452e+02
1.058680704651608684e+00	1.580910523046898959e+02
1.064964333065789193e+00	1.572220161089686883e+02
1.071256777440835473e+00	1.562317583562914365e+02
1.077544048801078125e+00	1.547511954291312293e+02
1.083824820188043603e+00	1.543740134932346564e+02
1.090108023942816695e+00	1.535709202814279308e+02
1.096389665956643222e+00	1.524639266398970676e+02
1.102681132058841440e+00	1.512452924255064488e+02
1.108963047594879958e+00	1.509146940664508634e+02
1.115225428463759272e+00	1.500466509203108956e+02
1.121502127614767863e+00	1.494532150515076125e+02
1.127792573824792033e+00	1.489614690644025359e+02
1.134089552668382961e+00	1.479685186267975610e+02
1.140364049650405942e+00	1.465887538574601763e+02
1.146639180320979445e+00	1.461937897763367005e+02
1.152942412991649901e+00	1.455981661430473082e+02
1.159228906751078814e+00	1.444921629682072250e+02
1.165508721887268173e+00	1.438321136291329196e+02
1.171793076256210320e+00	1.433236657239037299e+02
1.178087436369658958e+00	1.426039558064007906e+02
1.184367654251526902e+00	1.416509341991761062e+02
1.190634642299266632e+00	1.414351436799379371e+02
1.196912208834400859e+00	1.402163928655599534e+02
1.203201577354146234e+00	1.403976385298306013e+02
1.209486844441705733e+00	1.390015241847677316e+02
1.215763902074809888e+00	1.386345722316531806e+02
1.222049755171146668e+00	1.374147598134173904e+02
1.228340616621486969e+00	1.370444864822358397e+02
1.234632986576932767e+00	1.365587991409808239e+02
1.240902247176856488e+00	1.355534523776995854e+02
1.247174839144687519e+00	1.351736422761259746e+02
1.253465459933442272e+00	1.344672320355058446e+02
1.259749951892178421e+00	1.340363550611019434e+02
1.266032143127253873e+00	1.331776152041822172e+02
1.272316288472006507e+00	1.324846795788125746e+02
1.278604155058621350e+00	1.317097698495606437e+02
1.284886588933593865e+00	1.310445761650213115e+02
1.291175420066583257e+00	1.308384854240695461e+02
1.297465726373772332e+00	1.305042875065396117e+02
1.303741827011944299e+00	1.297485553461700647e+02
1.310017322922761851e+00	1.291115744544003121e+02
1.316301447662886703e+00	1.285995160456319297e+02
1.322586760363303249e+00	1.278486490640873257e+02
1.328865492452874664e+00	1.273671097531018432e+02
1.335144804954555564e+00	1.265125735423709727e+02
1.341440516272275119e+00	1.262669990258224288e+02
1.347730868417094552e+00	1.258982887449614481e+02
1.354001589994877630e+00	1.249217296224806546e+02
1.360282609297778444e+00	1.246284371084685461e+02
1.366565686457597906e+00	1.243147061428871041e+02
1.372851498482432708e+00	1.234841403001024815e+02
1.379135372929401804e+00	1.227872724944740384e+02
1.385409567149057164e+00	1.224060815716967880e+02
1.391698641219299315e+00	1.222391406412489374e+02
1.397984451439470810e+00	1.218498936615435326e+02
1.404267883409181961e+00	1.212056075065796819e+02
1.410554779484869181e+00	1.204743782103545158e+02
1.416837833547465397e+00	1.198823312603225020e+02
1.423118177187137068e+00	1.199791246171267574e+02
1.429397801164240089e+00	1.190198070600217761e+02
1.435686921822787232e+00	1.185491047666749296e+02
1.441977121769299597e+00	1.179151946314653685e+02
1.448253667853332427e+00	1.174448601760893354e+02
1.454532348972172651e+00	1.171210468911862250e+02
1.460819319151879903e+00	1.166057332112375917e+02
1.467110364402026468e+00	1.164669120046690693e+02
1.473392908948962132e+00	1.159547810294144057e+02
1.479669965243598950e+00	1.155327337646821348e+02
1.485956144602843532e+00	1.149850247101755798e+02
1.492233610763115115e+00	1.146247759396701440e+02
1.498502470379980078e+00	1.138009580269939249e+02
1.504785752051182701e+00	1.137157648658372580e+02
1.511075991894575976e+00	1.129752123246229729e+02
1.517361634985162189e+00	1.127473603450006010e+02
1.523648570969130533e+00	1.120514981841211579e+02
1.529938035715892264e+00	1.120258018820691746e+02
1.536230176913891965e+00	1.112129572502325914e+02
1.542510718779388279e+00	1.109369317937119916e+02
1.548783963082980275e+00	1.103742716805419803e+02
1.555073069779651318e+00	1.104595508542639237e+02
1.561357324927233892e+00	1.100223332826678870e+02
1.567629121053141006e+00	1.093294391079987804e+02
1.573913697404382583e+00	1.089266240836726638e+02
1.580203545230874029e+00	1.088347296340106567e+02
1.586485393434537983e+00	1.080810841194984420e+02
1.592760014263005841e+00	1.075447614796996731e+02
1.599046436394670812e+00	1.073083113083175277e+02
1.605342136637478934e+00	1.068078529379438777e+02
1.611619860919608627e+00	1.066219900929784075e+02
1.617897597081673799e+00	1.063011065616389743e+02
1.624183235481122756e+00	1.055935727193950413e+02
1.630464598531913722e+00	1.056367228606193152e+02
1.636748985747638274e+00	1.049187628587953469e+02
1.643030923698886259e+00	1.046188785428422108e+02
1.649309176648513064e+00	1.041222405264565651e+02
1.655593633940351861e+00	1.040586612277356693e+02
1.661879571405086464e+00	1.036374242448776499e+02
1.668169361685170271e+00	1.031108619180283341e+02
1.674450151530487485e+00	1.028937505464052293e+02
1.680722718978495900e+00	1.023672417177431413e+02
1.687013891340952476e+00	1.020051775063778763e+02
1.693308984907921033e+00	1.016778507440680386e+02
1.699582147428448486e+00	1.011656205703262685e+02
1.705863747055134105e+00	1.008195801947152717e+02
1.712154434283889470e+00	1.008165560416584583e+02
1.718438381579399321e+00	1.002724586149320629e+02
1.724721264464063930e+00	9.990811544428291313e+01
1.730997441276920679e+00	9.976246299324284905e+01
1.737287073528269499e+00	9.941763416930260178e+01
1.743567991878527401e+00	9.885685602660178972e+01
1.749840680212231048e+00	9.843112573723432490e+01
1.756128549091961144e+00	9.822852343059413727e+01
1.762413535324792502e+00	9.800652078288420910e+01
1.768696187669963837e+00	9.765133843955969439e+01
1.774979359379055266e+00	9.721430835083317845e+01
1.781265555576432957e+00	9.680251478629429585e+01
1.787549427830244619e+00	9.650155295334835159e+01
1.793834120011633004e+00	9.661333716604308108e+01
1.800115051552487300e+00	9.563834065941979645e+01
1.806393904854530330e+00	9.552239863887541560e+01
1.812674089667083432e+00	9.545122928787323247e+01
1.818956920109354058e+00	9.506220452697081669e+01
1.825244164118212220e+00	9.457341172122302453e+01
1.831527256642196955e+00	9.443552061413321042e+01
1.837811294935716599e+00	9.382424129107468502e+01
1.844100717411196744e+00	9.406830730463651946e+01
1.850384816792487230e+00	9.352334074550776677e+01
1.856666059735203822e+00	9.325492637146429331e+01
1.862947728675613979e+00	9.264079334782749697e+01
1.869229324466858078e+00	9.286365518878770331e+01
1.875517616802973686e+00	9.236116444641589851e+01
1.881800769033795229e+00	9.174116994705278216e+01
1.888078863416442710e+00	9.150813582782370759e+01
1.894353975182237582e+00	9.142720090657778087e+01
1.900642716154182565e+00	9.099185783273304651e+01
1.906933494748685121e+00	9.078544453818813054e+01
1.913207568676573933e+00	9.045582996910633256e+01
1.919490884732178992e+00	9.010866916766305224e+01
1.925776855684274480e+00	8.998902793858633231e+01
1.932064452961978152e+00	8.944833376159853344e+01
1.938342610030488800e+00	8.924038742012527337e+01
1.944618341543410178e+00	8.899445187813684299e+01
1.950906260203513876e+00	8.861609064715447914e+01
1.957194556613796488e+00	8.812315274731481907e+01
1.963479614559011432e+00	8.808865014024529216e+01
1.969760361532916226e+00	8.760605181481969339e+01
1.976048367034604736e+00	8.739091064792935981e+01
1.982337990217652335e+00	8.704089562006355152e+01
1.988617489259562721e+00	8.697660148055702223e+01
1.994896320665194178e+00	8.696701914426735414e+01
2.001179596222827151e+00	8.633491401513832386e+01
2.007459756923499761e+00	8.616063336339378509e+01
2.013737397779169935e+00	8.585621032054575608e+01
2.020017234677497164e+00	8.554732176073915184e+01
2.026310251015072783e+00	8.533152984915247430e+01
2.032600542948020284e+00	8.486126559655795631e+01
2.038873863192099289e+00	8.482497597412852031e+01
2.045154087821675404e+00	8.454003166244342538e+01
2.051444704514288730e+00	8.412208808805647209e+01
2.057730430280644729e+00	8.400891049227384144e+01
2.064013940455224461e+00	8.383593219385782902e+01
2.070299891179459895e+00	8.361052910372318081e+01
2.076589719964883951e+00	8.339253561536415305e+01
2.082865483794470673e+00	8.310931222187123524e+01
2.089134494859368640e+00	8.263658126755102273e+01
2.095424211360070288e+00	8.245820437610693432e+01
2.101707116664804254e+00	8.238470892744808793e+01
2.107986473933564309e+00	8.199689617063340563e+01
2.114271806543862375e+00	8.161713188395341945e+01
2.120552717288892275e+00	8.146175081571919918e+01
2.126836933207161717e+00	8.138511679332738424e+01
2.133122044791171845e+00	8.113725766777869808e+01
2.139411711910842673e+00	8.066485243098395586e+01
2.145697076775292089e+00	8.053073907380071716e+01
2.151973548606471276e+00	8.029953044437893084e+01
2.158259913555724108e+00	8.003851203687327143e+01
2.164545396699105506e+00	7.983078609737495412e+01
2.170830700377734068e+00	7.948803913925029008e+01
2.177114138849150393e+00	7.933778597448652192e+01
2.183387647576827018e+00	7.907278117038005405e+01
2.189670273687676971e+00	7.895173931971058323e+01
2.195960147934207463e+00	7.866339509994269008e+01
2.202242556317716371e+00	7.843880141693001917e+01
2.208521655981037668e+00	7.819103328637901029e+01
2.214804637081333016e+00	7.779679794906674317e+01
2.221092583349425276e+00	7.763382873867402623e+01
2.227372893591468728e+00	7.753745948984436609e+01
2.233657161144248171e+00	7.735580237275489424e+01
2.239943485394438660e+00	7.700768120779846981e+01
2.246224175264620815e+00	7.675732832618746215e+01
2.252506378421252009e+00	7.668932938078198447e+01
2.258783417054270437e+00	7.643143452314626529e+01
2.265069077371457684e+00	7.604480757236868271e+01
2.271350377044131452e+00	7.612628604845852465e+01
2.277633995145353918e+00	7.569107382091122815e+01
2.283922419579920149e+00	7.543049743884306224e+01
2.290202874392252674e+00	7.530690243138487006e+01
2.296490779970905560e+00	7.519459476171881818e+01
2.302771769934229162e+00	7.486199841929241927e+01
2.309051364164305564e+00	7.473606631363514907e+01
2.315338502539088239e+00	7.456584755487308769e+01
2.321627336503874428e+00	7.422585766121065376e+01
2.327911878297218795e+00	7.413603344670866591e+01
2.334186238580297168e+00	7.394322455682066675e+01
2.340467971862688401e+00	7.378649091014746375e+01
2.346756940970738725e+00	7.349014128282696845e+01
2.353044444556199988e+00	7.330134834729602744e+01
2.359327653314069906e+00	7.295045153702407958e+01
2.365603048789861607e+00	7.290318272871211036e+01
2.371885911737665165e+00	7.269980421547835192e+01
2.378173303594019572e+00	7.247704902160143092e+01
2.384454016539381271e+00	7.229964494426144483e+01
2.390736447344785187e+00	7.219177604327643394e+01
2.397014133897952259e+00	7.213197489024400966e+01
2.403295490074321972e+00	7.186878161301982004e+01
2.409585049672506862e+00	7.157332650061948698e+01
2.415871703165322071e+00	7.150776106780101316e+01
2.422160652369088840e+00	7.118694830712139776e+01
2.428440167222748691e+00	7.101824491354086888e+01
2.434717472383889803e+00	7.094405608274482233e+01
2.441002456202044257e+00	7.065085614732738861e+01
2.447289980304530488e+00	7.051550771466553158e+01
2.453571844729242279e+00	7.037457144977690859e+01
2.459852705114058846e+00	7.010947765399131981e+01
2.466139233225018934e+00	6.997273118106349443e+01
2.472421963421291391e+00	6.976837732246627866e+01
2.478698519174224568e+00	6.956918062011945381e+01
2.484980841400355800e+00	6.943840856964385466e+01
2.491269319409339822e+00	6.929459830706730372e+01
2.497548505139029373e+00	6.917981235980762733e+01
2.503831667172610853e+00	6.900954534346983849e+01
2.510117938323931153e+00	6.877564201246507025e+01
2.516400733681277480e+00	6.868982175931492407e+01
2.522688226833368130e+00	6.852627412641736271e+01
2.528971695852665569e+00	6.837287781657198593e+01
2.535252039407670299e+00	6.811937889444295990e+01
2.541537514142774512e+00	6.799948748975356239e+01
2.547823008847572179e+00	6.785503635100849351e+01
2.554100666580690238e+00	6.769108116865905345e+01
2.560376788884177301e+00	6.746667358898086775e+01
2.566667521601497359e+00	6.743761520095917206e+01
2.572955062237090473e+00	6.723804689960206815e+01
2.579233771797999175e+00	6.704389009293818447e+01
2.585520164300948220e+00	6.697974327871702371e+01
2.591805130332431872e+00	6.665086183554643640e+01
2.598084074692260881e+00	6.670693600127265199e+01
2.604360404197643586e+00	6.648862415092760614e+01
2.610647185140439142e+00	6.637799303338637458e+01
2.616931864059273138e+00	6.629773597001985763e+01
2.623206107911065565e+00	6.619057479292344226e+01
2.629491626543270844e+00	6.612579927896501886e+01
2.635778507982642349e+00	6.588318109003357392e+01
2.642061039325260818e+00	6.581618097968812720e+01
2.648343840729305843e+00	6.559170975538457071e+01
2.654631838974855551e+00	6.537448076019738608e+01
2.660919001246303761e+00	6.532656286787735667e+01
2.667198525130066056e+00	6.524579554931415259e+01
2.673484307038032526e+00	6.512902779102115858e+01
2.679773388053849459e+00	6.493683133214388192e+01
2.686058217632288692e+00	6.492089633531053039e+01
2.692338738200057868e+00	6.465986461589449164e+01
2.698618022887226964e+00	6.463825931493572341e+01
2.704895450708277860e+00	6.452224652534857796e+01
2.711175674923682166e+00	6.452402237561383913e+01
2.717459832966957922e+00	6.416904003824538449e+01
2.723745731959044569e+00	6.423862794677616250e+01
2.730038414850594730e+00	6.402236596675123792e+01
2.736317989800789441e+00	6.396319874967107921e+01
2.742591858549239703e+00	6.385113757298866233e+01
2.748879749010778362e+00	6.379722262792268594e+01
2.755163403825859447e+00	6.366612907084601858e+01
2.761446955625852073e+00	6.356596951427565045e+01
2.767732088935374701e+00	6.348687072442615431e+01
2.774015452421743966e+00	6.336357373087029998e+01
2.780298635700591436e+00	6.331590524646848905e+01
2.786577474762241380e+00	6.318449028964377590e+01
2.792857983210164541e+00	6.315087276041636954e+01
2.799143790920211483e+00	6.300312337786329664e+01
2.805430058399325244e+00	6.298128583607931574e+01
2.811715058209780072e+00	6.282918852150008604e+01
2.817989272498773623e+00	6.275709903645270771e+01
2.824269171595737760e+00	6.259203463642552379e+01
2.830563016441804081e+00	6.257452610896481104e+01
2.836848750951622034e+00	6.246011463281099196e+01
2.843130027866129783e+00	6.239035556302742691e+01
2.849413896912404986e+00	6.236233830263818589e+01
2.855697464522425566e+00	6.238121641807113349e+01
2.861978799810683594e+00	6.225598051503781960e+01
2.868262469415629567e+00	6.221437578422620618e+01
2.874547359206753860e+00	6.214548073868926537e+01
2.880831111471525041e+00	6.207827943650722347e+01
2.887113216972382546e+00	6.199939658234926299e+01
2.893394504725182781e+00	6.194597247116150385e+01
2.899673662137033592e+00	6.179191522376172685e+01
2.905953958587380814e+00	6.186244647462208235e+01
2.912241118105161064e+00	6.181205627939826996e+01
2.918525996366671205e+00	6.181395649445052953e+01
2.924809035425688819e+00	6.171257709610168973e+01
2.931095916293684933e+00	6.156295951108140940e+01
2.937378182606774413e+00	6.171849283425184041e+01
2.943659980254369923e+00	6.167451414098929519e+01
2.949946454403890250e+00	6.158392073154446678e+01
2.956227653702202307e+00	6.152941479508812250e+01
2.962510478867462993e+00	6.148779075638235980e+01
2.968796535179442309e+00	6.136809088607742524e+01
2.975077657376874907e+00	6.140598460803895620e+01
2.981359866759223376e+00	6.150364767830897250e+01
2.987646761575656562e+00	6.146899284340255321e+01
2.993929038370399365e+00	6.141798816444666897e+01
3.000206214840962726e+00	6.136794124286812746e+01
3.006486172402415669e+00	6.140374729358875783e+01
3.012769812211594456e+00	6.137699162616963378e+01
3.019053144326170113e+00	6.141105778889636468e+01
3.025337405144251424e+00	6.140748171965165625e+01
3.031623734799107961e+00	6.127724317654941188e+01
3.037908962055872575e+00	6.142874562355972046e+01
3.044195067146031608e+00	6.131679476817402019e+01
3.050475543482170426e+00	6.137502777130781340e+01
3.056754954538277502e+00	6.140456973288743114e+01
3.063040539557494668e+00	6.145031206269378288e+01
3.069323699454357346e+00	6.141339525949510403e+01
3.075610692642898769e+00	6.133177700419327039e+01
3.081893798009918584e+00	6.146717637547098434e+01
3.088174549548037717e+00	6.140711269443279718e+01
3.094458635632868493e+00	6.149341252904319077e+01
3.100743982931558840e+00	6.153151007838960851e+01
3.107028111748448396e+00	6.166994223433327704e+01
3.113309299655494300e+00	6.162401407710630252e+01
3.119590662867241626e+00	6.163803401139045235e+01
3.125874006820172912e+00	6.172769765541256959e+01
3.132159251154602586e+00	6.177463449906218074e+01
3.138439172765940643e+00	6.186595229998165735e+01
3.144723867719826593e+00	6.179383512149381374e+01
3.151003951258561031e+00	6.192558299255632903e+01
3.157283664131563139e+00	6.195209671016930031e+01
3.163569317183839935e+00	6.210032978436141349e+01
3.169851661717792091e+00	6.216733014059056472e+01
3.176137704316093657e+00	6.216526765431211032e+01
3.182420924828643916e+00	6.240737683372105238e+01
3.188702811875577581e+00	6.231616852944580387e+01
3.194990520008989865e+00	6.248117642162337404e+01
3.201275324656983834e+00	6.255109680744766365e+01
3.207551352179861759e+00	6.266098216229852369e+01
3.213835216737041645e+00	6.284061541906665838e+01
3.220122579819103770e+00	6.280459927343766680e+01
3.226406606618656525e+00	6.260380249026856347e+01
3.232687390085645429e+00	6.251124499082479247e+01
3.238969121280456331e+00	6.239365536139085577e+01
3.245254751548589667e+00	6.230771420749491796e+01
3.251534499036136783e+00	6.220180086010087450e+01
3.257817780791052442e+00	6.201154198864951184e+01
3.264102164154097263e+00	6.193309805342389041e+01
3.270384152138468892e+00	6.190875409346109848e+01
3.276669427476867735e+00	6.178552101297798060e+01
3.282954688864507808e+00	6.177541607817592251e+01
3.289237200334947264e+00	6.157269671194946881e+01
3.295519587088236779e+00	6.147677101860947602e+01
3.301805977329951958e+00	6.142112417941432767e+01
3.308087486222440088e+00	6.130343802939380993e+01
3.314367630234227313e+00	6.117705850747929475e+01
3.320651909732194262e+00	6.110044455136085872e+01
3.326931260376857047e+00	6.097100198660663750e+01
3.333216512447217728e+00	6.085217887059042141e+01
3.339504489419978128e+00	6.083430472272551981e+01
3.345786804809928405e+00	6.075694158995145244e+01
3.352071130016277767e+00	6.067550909679486182e+01
3.358351496304225581e+00	6.063426436902138050e+01
3.364630591073392019e+00	6.038192597101402015e+01
3.370916305215045483e+00	6.044938799197058188e+01
3.377197952029413752e+00	6.031316262354661006e+01
3.383483063818085501e+00	6.019191052813019382e+01
3.389769992424469969e+00	6.020021501487508431e+01
3.396051330885982100e+00	6.003075697569850178e+01
3.402330879139463971e+00	6.001192308848506229e+01
3.408610488352048495e+00	5.996122322850866482e+01
3.414897837696641236e+00	5.983552315223609241e+01
3.421180484052105619e+00	5.976081558936029126e+01
3.427461639653846870e+00	5.970816607887798710e+01
3.433749159643459059e+00	5.958174970667896986e+01
3.440032646656798310e+00	5.958717399682588933e+01
3.446313366033385339e+00	5.955202785424056344e+01
3.452600135384134905e+00	5.943815945063192885e+01
3.458883152815406703e+00	5.931724602141814273e+01
3.465163834403715448e+00	5.935722933749354269e+01
3.471449329786229221e+00	5.924333372591716795e+01
3.477734476754053894e+00	5.919499055947427024e+01
3.484019652467224226e+00	5.898477439225299435e+01
3.490297019369712928e+00	5.900595064784626231e+01
3.496582486484379970e+00	5.899885894125021935e+01
3.502868048046865024e+00	5.894035958645567064e+01
3.509144649545451244e+00	5.883370182405356275e+01
3.515428082003116295e+00	5.883138857680670952e+01
3.521711031624695565e+00	5.887441790999123725e+01
3.527991850954735664e+00	5.882105336704173482e+01
3.534275545726699885e+00	5.871242772445619096e+01
3.540562632020772149e+00	5.862415370702269968e+01
3.546844410757220789e+00	5.856158678575714305e+01
3.553131386753758836e+00	5.856707200831963434e+01
3.559419203211965144e+00	5.852394431944262720e+01
3.565697971577579839e+00	5.846903409125403073e+01
3.571979559134798254e+00	5.839808890364984961e+01
3.578265774595833726e+00	5.840451084249788494e+01
3.584548309769353125e+00	5.837055413016382488e+01
3.590826843920031486e+00	5.827783723302836449e+01
3.597107306745233934e+00	5.828251765840273180e+01
3.603392831792229245e+00	5.820077169351463908e+01
3.609673209822572559e+00	5.816872212541354514e+01
3.615955412133016189e+00	5.811545439154287607e+01
3.622241607772384686e+00	5.809027725602690850e+01
3.628520252736676444e+00	5.807129469462889659e+01
3.634804827569451113e+00	5.807291642459433945e+01
3.641094981788862928e+00	5.806375430961183781e+01
3.647383514928639325e+00	5.797802032927957328e+01
3.653663283927725658e+00	5.800098293715970499e+01
3.659943504072155296e+00	5.792641973674653855e+01
3.666232000281138603e+00	5.784338549824328624e+01
3.672514211678317597e+00	5.791685425668456588e+01
3.678794154686042539e+00	5.788765532400767455e+01
3.685078621861909820e+00	5.778646168060069499e+01
3.691359210097977961e+00	5.784452029155045949e+01
3.697642368173791105e+00	5.782049852894004260e+01
3.703925796735277665e+00	5.784390974173894762e+01
3.710208240364660348e+00	5.776592566043294852e+01
3.716494593122387169e+00	5.783941048110835936e+01
3.722775386659595398e+00	5.777434470667335376e+01
3.729058392883481510e+00	5.777697420603610823e+01
3.735339748210807720e+00	5.777817461968380286e+01
3.741620776392969638e+00	5.771530331665007196e+01
3.747904795418762980e+00	5.772331549539803319e+01
3.754190633281219380e+00	5.773374137380066173e+01
3.760478208018912749e+00	5.763523929757483444e+01
3.766755538573464346e+00	5.770686473067863176e+01
3.773032090135151506e+00	5.758739141675344797e+01
3.779322553012896879e+00	5.766951859114611523e+01
3.785609109731308930e+00	5.758240277746301672e+01
3.791889825936295200e+00	5.759466589442398998e+01
3.798174822702435893e+00	5.775657341598510897e+01
3.804458658753491651e+00	5.766431583043705444e+01
3.810738438095723435e+00	5.762519798494396639e+01
3.817018850285747167e+00	5.767124666752751949e+01
3.823305314209427763e+00	5.772187392820725194e+01
3.829591295197792178e+00	5.772951334478081264e+01
3.835872296070849341e+00	5.767743449556205348e+01
3.842156279590906109e+00	5.766072514903657975e+01
3.848441511099312429e+00	5.774515415045557631e+01
3.854723334376886079e+00	5.772602401154224339e+01
3.861004740704794713e+00	5.778129220631304008e+01
3.867284336650660848e+00	5.777232006802861974e+01
3.873567367678779849e+00	5.789162754174508052e+01
3.879850662830422792e+00	5.786119970236056531e+01
3.886137063198143338e+00	5.782892556240184234e+01
3.892419463049126005e+00	5.795847758028709507e+01
3.898703740328622658e+00	5.788013714512588592e+01
3.904991458788179326e+00	5.798015597051222869e+01
3.911270842222104083e+00	5.807816607878142179e+01
3.917549806479573071e+00	5.802875718800648741e+01
3.923836006203090587e+00	5.796889969481358662e+01
3.930121452497870926e+00	5.799357004440944507e+01
3.936398172858230460e+00	5.817221888052530687e+01
3.942683040425962293e+00	5.817754117365747391e+01
3.948974759704379611e+00	5.829561187479250606e+01
3.955259227995065352e+00	5.820204826729218439e+01
3.961537174921395454e+00	5.840777601387579665e+01
3.967820217617139544e+00	5.831683700147319627e+01
3.974105559832568968e+00	5.849313417646281010e+01
3.980384727931198352e+00	5.853149383063674094e+01
3.986664590839849698e+00	5.857013387780983749e+01
3.992949619150675034e+00	5.859958261093438381e+01
3.999235075769965952e+00	5.860701554043001238e+01
4.005515715515433506e+00	5.858722504851665747e+01
4.011798434346478537e+00	5.884114097774907748e+01
4.018083716245132386e+00	5.888230972977222422e+01
4.024365700052603856e+00	5.886553686863526025e+01
4.030643960839860540e+00	5.895464174966433291e+01
4.036928708926215137e+00	5.912382190669750770e+01
4.043218157412017177e+00	5.904387159380479488e+01
4.049503019487663558e+00	5.921609026288565047e+01
4.055781898960511000e+00	5.931557406284777301e+01
4.062060795621602161e+00	5.940146324693839119e+01
4.068347865354716042e+00	5.955474673880232217e+01
4.074631027173265529e+00	5.951817547473806513e+01
4.080910837526078971e+00	5.958674905399872301e+01
4.087201203341442657e+00	5.957191405868456968e+01
4.093486818591942189e+00	5.987458008780821217e+01
4.099764387336505500e+00	5.988581101828157927e+01
4.106049166937662420e+00	5.989352859605563140e+01
4.112334559041358695e+00	6.014101559752100457e+01
4.118618926059533614e+00	6.020514468645182404e+01
4.124898942031112625e+00	6.034572897158438565e+01
4.131175432561665417e+00	6.038741531817034058e+01
4.137461563786142271e+00	6.050145787908946460e+01
4.143746006210170307e+00	6.070528732962126384e+01
4.150029800482964326e+00	6.063445309113912174e+01
4.156313390684649001e+00	6.074930666753937203e+01
4.162596105843763716e+00	6.103525001275579598e+01
4.168881843141768684e+00	6.114903290691623994e+01
4.175162111073220217e+00	6.123098429031872314e+01
4.181448573417560155e+00	6.127914847282043098e+01
4.187738782464171194e+00	6.137918380348777703e+01
4.194017437180169061e+00	6.161356537320342852e+01
4.200293572701767175e+00	6.162693181247578877e+01
4.206580195481546269e+00	6.191833725640061203e+01
4.212860644652220543e+00	6.196026878873209398e+01
4.219138153430114002e+00	6.206271472110984888e+01
4.225426162098283811e+00	6.233733656593822303e+01
4.231713506719782636e+00	6.231821770301056773e+01
4.237990056577191744e+00	6.256911525193788037e+01
4.244267783646744618e+00	6.252935663260197430e+01
4.250560660182562955e+00	6.295150663080432452e+01
4.256847734842668096e+00	6.282230936971396318e+01
4.263127100734456221e+00	6.313928177179706580e+01
4.269406860432507500e+00	6.312887132873150620e+01
4.275691671482192646e+00	6.341965216720507215e+01
4.281972414189518794e+00	6.359884191831659450e+01
4.288253516806755705e+00	6.353777079179034359e+01
4.294540520160492925e+00	6.380424647047812670e+01
4.300825742921731809e+00	6.404130697320623256e+01
4.307109835491901961e+00	6.424526025712248156e+01
4.313390926478413157e+00	6.439660174422753869e+01
4.319667979480563247e+00	6.443399476687119432e+01
4.325952598143786076e+00	6.474498372430271331e+01
4.332241647035422361e+00	6.475452696583249690e+01
4.338524445619096781e+00	6.494998637565873878e+01
4.344809348131129845e+00	6.526799058866045300e+01
4.351090699193166600e+00	6.509078794063489681e+01
4.357369710808320029e+00	6.550655523319008466e+01
4.363659348967174445e+00	6.560023977418610741e+01
4.369947418280990981e+00	6.577873503993093607e+01
4.376226569265827315e+00	6.607500976589206232e+01
4.382499356631129217e+00	6.621127474771263621e+01
4.388784975178015024e+00	6.622692534917929663e+01
4.395068696309480494e+00	6.644640097709154247e+01
4.401347962382031298e+00	6.662508362204080470e+01
4.407628405096517099e+00	6.676807649018975610e+01
4.413915862185140426e+00	6.672002542543606296e+01
4.420203163534264235e+00	6.711831158248625684e+01
4.426480311003382795e+00	6.701169995484865183e+01
4.432765973643649104e+00	6.741895397434018378e+01
4.439053392023870614e+00	6.737181499600453094e+01
4.445336141335588742e+00	6.745787492604979718e+01
4.451617241414883352e+00	6.751516792363834440e+01
4.457901500730311106e+00	6.784664179167617704e+01
4.464189501093017043e+00	6.800860087673018484e+01
4.470470197548729985e+00	6.778665072039996176e+01
4.476748044268524573e+00	6.807087452255025539e+01
4.483035990164653484e+00	6.798513022769104452e+01
4.489323331650528104e+00	6.822942081209866672e+01
4.495599111667934800e+00	6.818674914511940699e+01
4.501870922878794090e+00	6.809000863496200395e+01
4.508155162877705457e+00	6.819524001192387175e+01
4.514446451153479423e+00	6.810315591003465840e+01
4.520723894043856994e+00	6.818618284708918509e+01
4.527003782460155890e+00	6.802090078174065013e+01
4.533293086610313161e+00	6.799821763230595195e+01
4.539578989864040182e+00	6.805084951805936555e+01
4.545857164866476730e+00	6.775337312876663987e+01
4.552138955546025656e+00	6.759700739336592790e+01
4.558432046889146605e+00	6.781617604034468627e+01
4.564713463378488711e+00	6.758276570107933878e+01
4.570987274133244682e+00	6.765109050246158517e+01
4.577274818151045643e+00	6.759766110687728258e+01
4.583563263889338657e+00	6.765595357726799364e+01
4.589844917004465508e+00	6.765668302705974213e+01
4.596126259982004747e+00	6.748041550140789013e+01
4.602409075598298926e+00	6.779159835396195888e+01
4.608696634867644804e+00	6.787733532737451014e+01
4.614977646498861219e+00	6.765723378953052247e+01
4.621258953029527383e+00	6.803842743240706170e+01
4.627547993978874175e+00	6.785693601055585589e+01
4.633830152730579854e+00	6.788347337485683397e+01
4.640104005367354567e+00	6.814333089744245342e+01
4.646382060386754276e+00	6.793553606627808961e+01
4.652674213731970987e+00	6.820608656164058914e+01
4.658958291796220230e+00	6.833908819999295758e+01
4.665233615070169648e+00	6.843588443317133851e+01
4.671520675710307380e+00	6.844410040493175984e+01
4.677814351732177300e+00	6.845744581363045711e+01
4.684093699744638073e+00	6.862288823521244296e+01
4.690368661472568590e+00	6.866263324249605660e+01
4.696663270746453733e+00	6.886415880188349092e+01
4.702945459248681459e+00	6.885877881844545811e+01
4.709209170841929470e+00	6.924943440002940065e+01
4.715491634753063543e+00	6.933179472592760817e+01
4.721784316284933780e+00	6.925933184918430641e+01
4.728063062331094635e+00	6.960333899194554874e+01
4.734337423381671073e+00	6.988972523341622889e+01
4.740627024094544062e+00	6.974282122427059960e+01
4.746914995664547554e+00	6.964329305100817180e+01
4.753194740071086777e+00	7.015027495170375005e+01
4.759478891864783456e+00	7.043050871471876917e+01
4.765762396877359031e+00	7.034576056777936515e+01
4.772049481246195768e+00	7.030049825007165509e+01
4.778335091022592351e+00	7.066075000667785844e+01
4.784610831402393849e+00	7.085784128078005040e+01
4.790907306208476157e+00	7.118474314735709640e+01
4.797204047706418173e+00	7.154773498320841441e+01
4.803470827697504220e+00	7.150093701686172665e+01
4.809748850577324042e+00	7.164179285764487304e+01
4.816045316586602176e+00	7.196643552286870715e+01
4.822329240673497885e+00	7.197648936715150114e+01
4.828596758226470165e+00	7.231076778525084592e+01
4.834890332961369275e+00	7.247831553253756454e+01
4.841191655056394261e+00	7.272564444237008274e+01
4.847460407468000554e+00	7.303619557363902004e+01
4.853732128521334843e+00	7.309082957308869766e+01
4.860029138783373170e+00	7.347225909281161194e+01
4.866314601732018019e+00	7.366515883113994789e+01
4.872587026269203925e+00	7.398628153955105802e+01
4.878874221748241702e+00	7.414300108477763729e+01
4.885171078138658807e+00	7.463094261656252115e+01
4.891450629931857641e+00	7.475528478084090978e+01
4.897716482750221978e+00	7.498064143391377456e+01
4.904002834596266069e+00	7.510915180297676841e+01
4.910295858205786068e+00	7.530333403957985183e+01
4.916575188115905881e+00	7.601224761485333659e+01
4.922847946197084212e+00	7.658811782820521330e+01
4.929131667457151700e+00	7.630838459250949768e+01
4.935434460144239033e+00	7.707633437147714517e+01
4.941718513303545279e+00	7.728431267690903894e+01
4.947978624761803168e+00	7.717241858452335634e+01
4.954274999209829389e+00	7.771202575491112441e+01
4.960571094729937514e+00	7.835372464003117443e+01
4.966823207626954506e+00	7.823030769212527957e+01
4.973097418390337587e+00	7.894774302602166927e+01
4.979415129936382023e+00	7.853295384918894229e+01
4.985702082330368157e+00	7.923206734575366283e+01
4.991949985828016523e+00	8.036277549961845068e+01
4.998241586316924057e+00	7.959172476243141148e+01
5.004556635606089543e+00	8.068915894316006643e+01
5.010828655701208945e+00	8.151730413313958934e+01
5.017077229702536556e+00	8.124310339264458491e+01
5.023374414758113637e+00	8.178596142856009976e+01
5.029688873569548413e+00	8.254294731037562372e+01
5.035958413584124216e+00	8.256325947074434168e+01
5.042232667658486989e+00	8.296018942369501303e+01
5.048528755870775875e+00	8.345791386330573403e+01
5.054821121427484520e+00	8.478583868274075996e+01
5.061069509814582368e+00	8.416265460693489331e+01
5.067347812754101177e+00	8.525111789245649163e+01
5.073675050630431116e+00	8.496701913813046758e+01
5.079945928388977627e+00	8.577298796332655684e+01
5.086192992546071601e+00	8.692140952124998421e+01
5.092484128970163226e+00	8.679350162643653732e+01
5.098802924706086870e+00	8.808517615685956059e+01
5.105078217426394005e+00	8.862660966294775733e+01
5.111325076574067872e+00	8.860186091790539820e+01
5.117628358851224135e+00	8.888709846697055639e+01
5.123935939383525984e+00	8.907093420572044806e+01
5.130199176325612065e+00	9.079680446819440931e+01
5.136469985878846956e+00	9.053492065370373609e+01
5.142797788696348071e+00	9.216032838801874050e+01
5.149090378043822192e+00	9.215722489544219798e+01
5.155289879840074363e+00	9.320765171678435479e+01
5.161564521234301317e+00	9.391427404617510888e+01
5.167916673496016244e+00	9.421825276521984449e+01
5.174205974602950064e+00	9.455727476973086709e+01
5.180434820793812456e+00	9.620190356240377128e+01
5.186729096569634656e+00	9.615628448774435810e+01
5.193058481037780894e+00	9.738911257249573339e+01
5.199319511444338460e+00	9.821991272929797390e+01
5.205574295584361799e+00	9.859766199725711999e+01
5.211894977074066126e+00	9.960526278112772047e+01
5.218201708336958511e+00	9.954472857058746627e+01
5.224411911780083351e+00	1.002511349061163486e+02
5.230677632666463239e+00	1.006812943284652704e+02
5.237056729559757429e+00	1.031892319380054914e+02
5.243336785035660697e+00	1.032844341740426586e+02
5.249493476178225038e+00	1.035015089026683910e+02
5.255787017738318134e+00	1.043767010605976395e+02
5.262205327426889845e+00	1.059630551265198051e+02
5.268477758348532269e+00	1.078715932749250186e+02
5.274632213654732560e+00	1.085763603266043447e+02
5.280950543314659740e+00	1.082507460241168076e+02
5.287327645024750389e+00	1.104100576411491375e+02
5.293582359180156516e+00	1.115506809403434119e+02
5.299789992649893478e+00	1.120606431637595222e+02
5.306111460381987222e+00	1.121340733868885167e+02
5.312452717892129250e+00	1.146218572042357806e+02
5.318650122853046724e+00	1.156108310328730369e+02
5.324923043129819789e+00	1.152525158617686714e+02
5.331330237158205421e+00	1.176590386125021581e+02
5.337586726886338617e+00	1.176356874935554089e+02
5.343685192440848830e+00	1.197980998258794187e+02
5.350070659715249199e+00	1.210397765080276571e+02
5.356556762554878226e+00	1.202770627774247032e+02
5.362691868684501095e+00	1.212501339435171559e+02
5.368769208912516966e+00	1.252028436522631409e+02
5.375270137997677722e+00	1.245460708900491227e+02
5.381769983045385786e+00	1.270327549983750259e+02
5.387701030372958222e+00	1.317740347412322706e+02
5.393786668001271600e+00	1.296612249305105991e+02
5.400446161099396569e+00	1.320469830281296311e+02
5.406957063684501463e+00	1.345803524287272239e+02
5.412655672453426270e+00	1.382038720096181237e+02
5.418821279260546575e+00	1.316224706105391533e+02
5.425690594366304076e+00	1.375137598142331399e+02
5.432217487502165376e+00	1.356641633157952072e+02
5.437649811577258241e+00	1.437038979651773616e+02
5.443914404015878006e+00	1.406645089788033545e+02
5.450953501686320202e+00	1.401753127345647272e+02
5.457483690405861232e+00	1.420344153737995896e+02
5.462715250135157241e+00	1.469797013918310711e+02
5.469033575551323523e+00	1.475542511989574166e+02
5.476177730420278778e+00	1.512706627140330795e+02
5.482708935702562236e+00	1.455435429847861712e+02
5.487722405008360838e+00	1.591578034399948365e+02
5.494194284996126498e+00	1.578816914982803894e+02
5.501391471009256406e+00	1.621558246843439974e+02
5.507128202673079009e+00	1.661645789211870579e+02
5.512278020050448646e+00	1.581996197373389634e+02
5.519395563377015534e+00	1.635562190846201815e+02
5.526598678609708770e+00	1.645604925912053602e+02
5.532162682462509196e+00	1.851346061550949287e+02
5.537397124017139127e+00	1.713327864620781611e+02
5.544582756485218589e+00	1.836565755708248844e+02
5.551739327507637434e+00	1.938815008465919618e+02
5.557493306674907707e+00	1.519533792232443261e+02
5.562281709102816940e+00	2.228212115076619568e+02
5.569272720323164449e+00	3.117163174758106265e+02
