8.899641224696953554e-03	2.688290047418447284e+04
1.507912216506557788e-02	1.774342128925690122e+04
2.144790186456836667e-02	1.798489233310916097e+04
2.783660776489276650e-02	1.725567928523661249e+04
3.435099785803411021e-02	1.490516050909405203e+04
4.047886761425745911e-02	1.259415833641399877e+04
4.676716683575679601e-02	1.225206087504945390e+04
5.308225101765951665e-02	1.048015729567990275e+04
5.945362440940590160e-02	9.725944870642124442e+03
6.576224814588792211e-02	9.895081200436679865e+03
7.196632906698736953e-02	8.856103051643745857e+03
7.827860915688347743e-02	8.145486280249761876e+03
8.470398945834539672e-02	7.439109595349135816e+03
9.096854620527369817e-02	6.494235242857645972e+03
9.720789776830213169e-02	6.048544574086351531e+03
1.034763038959366499e-01	5.753488652432835806e+03
1.097576444254559219e-01	5.190270793559982849e+03
1.160543084780093354e-01	4.635978682983030922e+03
1.223669666537485351e-01	4.504485485687716391e+03
1.286817263090294094e-01	4.305704838295754598e+03
1.349500801664080818e-01	4.128137566724958560e+03
1.411949558842147678e-01	3.855095248513004208e+03
1.475133575747468451e-01	3.695214793523891331e+03
1.537865074252268427e-01	3.504697348760743807e+03
1.600657544051110326e-01	3.144592045304161275e+03
1.663991168687080635e-01	3.029182163849689459e+03
1.727195645776442856e-01	2.890325905033472282e+03
1.789765213377084718e-01	2.779073868828923878e+03
1.852353690647852158e-01	2.602601142156465812e+03
1.914806787341157279e-01	2.514556984968315646e+03
1.977889868651535599e-01	2.457185044826216199e+03
2.040937735447724277e-01	2.321049747581994325e+03
2.103939302609846018e-01	2.245579528999274771e+03
2.166909709822301688e-01	2.221627075328604406e+03
2.229700281216152047e-01	2.124852345070989941e+03
2.292620027086341994e-01	2.004318360718680879e+03
2.355141508366812297e-01	1.954575599078255664e+03
2.417910583817859116e-01	1.911670816074989716e+03
2.480856539439619257e-01	1.857685306785952662e+03
2.543492256872954549e-01	1.792123605237302854e+03
2.606334251884805386e-01	1.726579899400964905e+03
2.669257370896960802e-01	1.687041595814099765e+03
2.732423343141155980e-01	1.645693132372495029e+03
2.795529680084415936e-01	1.607757210361141915e+03
2.858366292314493129e-01	1.563155785167133672e+03
2.920876271394311496e-01	1.522162945165406654e+03
2.983449844439822751e-01	1.486301141304079010e+03
3.046382639407197446e-01	1.455614480223661758e+03
3.109279127003197196e-01	1.428285353061338355e+03
3.172168171618398036e-01	1.376920047975801026e+03
3.235187567944423082e-01	1.348169806568123022e+03
3.298168217550395687e-01	1.331309914936622590e+03
3.361176429457156667e-01	1.295406773063406717e+03
3.423700375709273769e-01	1.282014435883452734e+03
3.486478192666269682e-01	1.250939179124905195e+03
3.549411614411318028e-01	1.231657309282021515e+03
3.611916935421040642e-01	1.185061407515834162e+03
3.674767089563572564e-01	1.166220318165925846e+03
3.737647795277591056e-01	1.160619576395111380e+03
3.800654031475132477e-01	1.149127555021933858e+03
3.863539861259823738e-01	1.109761097516815653e+03
3.926140181364449755e-01	1.084283202453532567e+03
3.989264500321934581e-01	1.068929635599001358e+03
4.052073244576828714e-01	1.061305225788106782e+03
4.114916477570477182e-01	1.056148205262268220e+03
4.177814272116491257e-01	1.032606484573393345e+03
4.240400648725131116e-01	1.012144797442217850e+03
4.303425690270192283e-01	1.007353933781606997e+03
4.366358560255625965e-01	9.826056636420478299e+02
4.428996183220763605e-01	9.715424621273048160e+02
4.491634418529859563e-01	9.466971411771045268e+02
4.554414146254732731e-01	9.428337222127461246e+02
4.617634470301058558e-01	9.272406522879311979e+02
4.680644242023710433e-01	9.225187296013826881e+02
4.743485242764365895e-01	9.073534851942379191e+02
4.806356136815400082e-01	8.913192431535291007e+02
4.869019258388697646e-01	8.836839893965920965e+02
4.931697099599955947e-01	8.682787327269147681e+02
4.994506747144535908e-01	8.537214719280063946e+02
5.057159051335421429e-01	8.522481892880612122e+02
5.119923996268095356e-01	8.404143222731407832e+02
5.183126097768406826e-01	8.259431816018376367e+02
5.246089638029100000e-01	8.152675948092362432e+02
5.308757308483337267e-01	8.082825078539622154e+02
5.371573527946726934e-01	7.944094125046483441e+02
5.434579563783791256e-01	7.919381214636927098e+02
5.497430652392217842e-01	7.823043804078704397e+02
5.559937427501778773e-01	7.787834441158981917e+02
5.622854676609657654e-01	7.603394452918848856e+02
5.686011537227265711e-01	7.622874423025285751e+02
5.748804589422079614e-01	7.501930425181581086e+02
5.811550210340560296e-01	7.432146343149910308e+02
5.874394496660968468e-01	7.373656049089020144e+02
5.937176220296899176e-01	7.292261196627869140e+02
5.999971954793682505e-01	7.224962939035358431e+02
6.062679115124277596e-01	7.122052425469246373e+02
6.125469576444534381e-01	7.101813826079584260e+02
6.188477733041515272e-01	7.013091820672965468e+02
6.251310567437898813e-01	6.977455672913968101e+02
6.314027450383210560e-01	6.855856340985444604e+02
6.377003562732055375e-01	6.814881917398206497e+02
6.439857783314556494e-01	6.730159162772313266e+02
6.502685417166111925e-01	6.687155263835367123e+02
6.565586117699038216e-01	6.671967478712032289e+02
6.628369282359254377e-01	6.595533029584000815e+02
6.691185444962194362e-01	6.544197853549736692e+02
6.754070198575605755e-01	6.485694068161731138e+02
6.816835514593204692e-01	6.427963073262269518e+02
6.879592533861698112e-01	6.385302141488983807e+02
6.942344317039531587e-01	6.314662101855836909e+02
7.005175402434737908e-01	6.227408628683282359e+02
7.068124956608716758e-01	6.180963826694849104e+02
7.131019009674921527e-01	6.154157450784098273e+02
7.193918251171427247e-01	6.137096267449751394e+02
7.256833807598113140e-01	6.033106603243361405e+02
7.319652682709349989e-01	6.009018319339654681e+02
7.382507990484923344e-01	5.940132956311339285e+02
7.445265842115937893e-01	5.954793922996442461e+02
7.507871101942712455e-01	5.882566110043985645e+02
7.570758465316046459e-01	5.856879786288286596e+02
7.633641233600957365e-01	5.802140233881574432e+02
7.696462959862266917e-01	5.764478139436856736e+02
7.759394865175414102e-01	5.715893000343108952e+02
7.822329141989586843e-01	5.673239338210879623e+02
7.885314936520240181e-01	5.630357235534175970e+02
7.947896566979522071e-01	5.621614103028889531e+02
8.010491096592354809e-01	5.504503734634038210e+02
8.073364061727361651e-01	5.511078978496005902e+02
8.136229488373866170e-01	5.472082590368883075e+02
8.199152998961036776e-01	5.422675358578412670e+02
8.261952636392789762e-01	5.354822225582432793e+02
8.324897070080405914e-01	5.357355498718486615e+02
8.387959309210778480e-01	5.276339728067677015e+02
8.450634639703045181e-01	5.272985160359924066e+02
8.513282867562648182e-01	5.216776858815284186e+02
8.576198263902009566e-01	5.207580909081329992e+02
8.639058477062415697e-01	5.148663988151696458e+02
8.701838745487597837e-01	5.159302670792067147e+02
8.764641096075268534e-01	5.080039933656291851e+02
8.827503873399735745e-01	5.065565962667087092e+02
8.890332768393869323e-01	5.026071048191141131e+02
8.953084247113127780e-01	5.008959978128577291e+02
9.015956521667095602e-01	4.957293708569716273e+02
9.078833328094829680e-01	4.936838852286252290e+02
9.141744106319863450e-01	4.907718568951488578e+02
9.204630817717615043e-01	4.870488704820078851e+02
9.267434415264711456e-01	4.812201440747442689e+02
9.330324197354928906e-01	4.783799132679915260e+02
9.393265785573878812e-01	4.777377491894169452e+02
9.455974810398196650e-01	4.733517239616458596e+02
9.518660018545171964e-01	4.710874469087631837e+02
9.581413255531838757e-01	4.693032869900533797e+02
9.644350945109106954e-01	4.640063700129107929e+02
9.707355633568249820e-01	4.607427983856254059e+02
9.770080768450029041e-01	4.596640517093974836e+02
9.832823325363413414e-01	4.551334151216478290e+02
9.895569691966674686e-01	4.536746716551983809e+02
9.958456301921106979e-01	4.506482523944083027e+02
1.002136210743837408e+00	4.460284517253576837e+02
1.008404825335135424e+00	4.454620566970463074e+02
1.014694149836243398e+00	4.424952854317949686e+02
1.020992555437297167e+00	4.392426927991510865e+02
1.027273980437394485e+00	4.363853212549885825e+02
1.033559181896017254e+00	4.358234559681337146e+02
1.039847557392594934e+00	4.323244466442249063e+02
1.046126974943305088e+00	4.280048367352175660e+02
1.052403436811028659e+00	4.249202295926442616e+02
1.058680704651608684e+00	4.239757989509150207e+02
1.064964333065789193e+00	4.216881618720848905e+02
1.071256777440835473e+00	4.188599887726427369e+02
1.077544048801078125e+00	4.180327352839354376e+02
1.083824820188043603e+00	4.149201105738353590e+02
1.090108023942816695e+00	4.115042487867042951e+02
1.096389665956643222e+00	4.114437179341109641e+02
1.102681132058841440e+00	4.072374528300885004e+02
1.108963047594879958e+00	4.048089220016387344e+02
1.115225428463759272e+00	4.016490971488911441e+02
1.121502127614767863e+00	4.003410848061307092e+02
1.127792573824792033e+00	3.988735026215549624e+02
1.134089552668382961e+00	3.955731625842074095e+02
1.140364049650405942e+00	3.938798478640526923e+02
1.146639180320979445e+00	3.916391025835482651e+02
1.152942412991649901e+00	3.880887391057951845e+02
1.159228906751078814e+00	3.864282735673240268e+02
1.165508721887268173e+00	3.838027690658074675e+02
1.171793076256210320e+00	3.828421032653587304e+02
1.178087436369658958e+00	3.796697989557695223e+02
1.184367654251526902e+00	3.773134544376320036e+02
1.190634642299266632e+00	3.760041861599584081e+02
1.196912208834400859e+00	3.748978472721041726e+02
1.203201577354146234e+00	3.710281321346523100e+02
1.209486844441705733e+00	3.691493713151989482e+02
1.215763902074809888e+00	3.658433395289467853e+02
1.222049755171146668e+00	3.642130879386892843e+02
1.228340616621486969e+00	3.639429800492536629e+02
1.234632986576932767e+00	3.628185581665485415e+02
1.240902247176856488e+00	3.592802468673365297e+02
1.247174839144687519e+00	3.581797062349293697e+02
1.253465459933442272e+00	3.543104533642140836e+02
1.259749951892178421e+00	3.538386958646103153e+02
1.266032143127253873e+00	3.518789905443627504e+02
1.272316288472006507e+00	3.511762585042302476e+02
1.278604155058621350e+00	3.489130715360931845e+02
1.284886588933593865e+00	3.465241676399379003e+02
1.291175420066583257e+00	3.433103511205229097e+02
1.297465726373772332e+00	3.434041838928571906e+02
1.303741827011944299e+00	3.407840575961877789e+02
1.310017322922761851e+00	3.388609609382091890e+02
1.316301447662886703e+00	3.379887899589306244e+02
1.322586760363303249e+00	3.353077620618591936e+02
1.328865492452874664e+00	3.338975828397408350e+02
1.335144804954555564e+00	3.327387557405501184e+02
1.341440516272275119e+00	3.307379414563666273e+02
1.347730868417094552e+00	3.291965619099124751e+02
1.354001589994877630e+00	3.264987768199337665e+02
1.360282609297778444e+00	3.247022464310812779e+02
1.366565686457597906e+00	3.243799827332196628e+02
1.372851498482432708e+00	3.213936851736658014e+02
1.379135372929401804e+00	3.193344528645589548e+02
1.385409567149057164e+00	3.187788326529069423e+02
1.391698641219299315e+00	3.165180343081282786e+02
1.397984451439470810e+00	3.151449999282404519e+02
1.404267883409181961e+00	3.129830409775941575e+02
1.410554779484869181e+00	3.114979263456257854e+02
1.416837833547465397e+00	3.096804687130148750e+02
1.423118177187137068e+00	3.079408570990410112e+02
1.429397801164240089e+00	3.067236548468939077e+02
1.435686921822787232e+00	3.052080319547170006e+02
1.441977121769299597e+00	3.039094707229400001e+02
1.448253667853332427e+00	3.023233202291966677e+02
1.454532348972172651e+00	3.007506803706552887e+02
1.460819319151879903e+00	2.996918332613361144e+02
1.467110364402026468e+00	2.979137950568679116e+02
1.473392908948962132e+00	2.971592500077171621e+02
1.479669965243598950e+00	2.944184608696344867e+02
1.485956144602843532e+00	2.930419637479365633e+02
1.492233610763115115e+00	2.924696329964214101e+02
1.498502470379980078e+00	2.915479448388971377e+02
1.504785752051182701e+00	2.884389056330375638e+02
1.511075991894575976e+00	2.878846903783159519e+02
1.517361634985162189e+00	2.866310436501353820e+02
1.523648570969130533e+00	2.845866247332067474e+02
1.529938035715892264e+00	2.832879952414689342e+02
1.536230176913891965e+00	2.820592977702102075e+02
1.542510718779388279e+00	2.810801285354178276e+02
1.548783963082980275e+00	2.786880714342955798e+02
1.555073069779651318e+00	2.772483964913133150e+02
1.561357324927233892e+00	2.759355132668180204e+02
1.567629121053141006e+00	2.756338581918287787e+02
1.573913697404382583e+00	2.742916284328340453e+02
1.580203545230874029e+00	2.729836306764948404e+02
1.586485393434537983e+00	2.714486390833047835e+02
1.592760014263005841e+00	2.700957232429595933e+02
1.599046436394670812e+00	2.678963555199215989e+02
1.605342136637478934e+00	2.663602695151488433e+02
1.611619860919608627e+00	2.652395244927368481e+02
1.617897597081673799e+00	2.639976913410794737e+02
1.624183235481122756e+00	2.636767811415372762e+02
1.630464598531913722e+00	2.614299566167322268e+02
1.636748985747638274e+00	2.603126899374992718e+02
1.643030923698886259e+00	2.595572246900618438e+02
1.649309176648513064e+00	2.583306760254475307e+02
1.655593633940351861e+00	2.563918599726702041e+02
1.661879571405086464e+00	2.556685150758585507e+02
1.668169361685170271e+00	2.545560639842327362e+02
1.674450151530487485e+00	2.528796749799309964e+02
1.680722718978495900e+00	2.515816906468207890e+02
1.687013891340952476e+00	2.506231849218030447e+02
1.693308984907921033e+00	2.493666235444071333e+02
1.699582147428448486e+00	2.485423729621894608e+02
1.705863747055134105e+00	2.470538127070483085e+02
1.712154434283889470e+00	2.465924585842758177e+02
1.718438381579399321e+00	2.449917477070098926e+02
1.724721264464063930e+00	2.437247207427874116e+02
1.730997441276920679e+00	2.431386754131056023e+02
1.737287073528269499e+00	2.417957036538269335e+02
1.743567991878527401e+00	2.398060937078332984e+02
1.749840680212231048e+00	2.390045623762559330e+02
1.756128549091961144e+00	2.378973790537499156e+02
1.762413535324792502e+00	2.369880273140725535e+02
1.768696187669963837e+00	2.359919393930822480e+02
1.774979359379055266e+00	2.349575291480006172e+02
1.781265555576432957e+00	2.342296894169541588e+02
1.787549427830244619e+00	2.327021989825362027e+02
1.793834120011633004e+00	2.316609640794801521e+02
1.800115051552487300e+00	2.306173865007736765e+02
1.806393904854530330e+00	2.295445898865015124e+02
1.812674089667083432e+00	2.283918064555933825e+02
1.818956920109354058e+00	2.270116022673871043e+02
1.825244164118212220e+00	2.263798182887675807e+02
1.831527256642196955e+00	2.251673628393303375e+02
1.837811294935716599e+00	2.241981080355216989e+02
1.844100717411196744e+00	2.231761467997007173e+02
1.850384816792487230e+00	2.219979149428242806e+02
1.856666059735203822e+00	2.213745601370522706e+02
1.862947728675613979e+00	2.204394437225148806e+02
1.869229324466858078e+00	2.189892610271246554e+02
1.875517616802973686e+00	2.180305785785146497e+02
1.881800769033795229e+00	2.172557105073701109e+02
1.888078863416442710e+00	2.163153848369292405e+02
1.894353975182237582e+00	2.153608145791486095e+02
1.900642716154182565e+00	2.148349817156162089e+02
1.906933494748685121e+00	2.134042756097663016e+02
1.913207568676573933e+00	2.123208584523552247e+02
1.919490884732178992e+00	2.113760242570065486e+02
1.925776855684274480e+00	2.105014037793837360e+02
1.932064452961978152e+00	2.096836776622182867e+02
1.938342610030488800e+00	2.085551058642052737e+02
1.944618341543410178e+00	2.075718720573063933e+02
1.950906260203513876e+00	2.067560038409378080e+02
1.957194556613796488e+00	2.058858845871521908e+02
1.963479614559011432e+00	2.051090493205979612e+02
1.969760361532916226e+00	2.041406921299142709e+02
1.976048367034604736e+00	2.031667397066723311e+02
1.982337990217652335e+00	2.022499930421882652e+02
1.988617489259562721e+00	2.015757448366630911e+02
1.994896320665194178e+00	2.008653633175734683e+02
2.001179596222827151e+00	1.999116095735496401e+02
2.007459756923499761e+00	1.984917412229365823e+02
2.013737397779169935e+00	1.982645025697478047e+02
2.020017234677497164e+00	1.970141142621518782e+02
2.026310251015072783e+00	1.964673143982273587e+02
2.032600542948020284e+00	1.957531741994814922e+02
2.038873863192099289e+00	1.946319547036683559e+02
2.045154087821675404e+00	1.937240125297050213e+02
2.051444704514288730e+00	1.931706321117902974e+02
2.057730430280644729e+00	1.921613385791348776e+02
2.064013940455224461e+00	1.916258757796387044e+02
2.070299891179459895e+00	1.902216079981660641e+02
2.076589719964883951e+00	1.897782382921809869e+02
2.082865483794470673e+00	1.891372497618260979e+02
2.089134494859368640e+00	1.881533251975293695e+02
2.095424211360070288e+00	1.877922083059548015e+02
2.101707116664804254e+00	1.867434197357355572e+02
2.107986473933564309e+00	1.857917459737144839e+02
2.114271806543862375e+00	1.851172323853840567e+02
2.120552717288892275e+00	1.845226256078016149e+02
2.126836933207161717e+00	1.835903461910122871e+02
2.133122044791171845e+00	1.826175421660244922e+02
2.139411711910842673e+00	1.820894908607818650e+02
2.145697076775292089e+00	1.810631197477920580e+02
2.151973548606471276e+00	1.805696558405328744e+02
2.158259913555724108e+00	1.801029422516292868e+02
2.164545396699105506e+00	1.793340569309509931e+02
2.170830700377734068e+00	1.778502488414497691e+02
2.177114138849150393e+00	1.777591604126992593e+02
2.183387647576827018e+00	1.770590689523343144e+02
2.189670273687676971e+00	1.766369545468540707e+02
2.195960147934207463e+00	1.756765573658010737e+02
2.202242556317716371e+00	1.753661292514539412e+02
2.208521655981037668e+00	1.743180991700329514e+02
2.214804637081333016e+00	1.736733601534092486e+02
2.221092583349425276e+00	1.727154338421447335e+02
2.227372893591468728e+00	1.724946626836189978e+02
2.233657161144248171e+00	1.716014638218416053e+02
2.239943485394438660e+00	1.702564076475498496e+02
2.246224175264620815e+00	1.700989522011159067e+02
2.252506378421252009e+00	1.691312154961684371e+02
2.258783417054270437e+00	1.685851650133069484e+02
2.265069077371457684e+00	1.679721012304815702e+02
2.271350377044131452e+00	1.674697421912198649e+02
2.277633995145353918e+00	1.666135316779578943e+02
2.283922419579920149e+00	1.663975205874508845e+02
2.290202874392252674e+00	1.655624920428428766e+02
2.296490779970905560e+00	1.652690205089038216e+02
2.302771769934229162e+00	1.643228623794066436e+02
2.309051364164305564e+00	1.635998285408067545e+02
2.315338502539088239e+00	1.629389655897518878e+02
2.321627336503874428e+00	1.625091102714891349e+02
2.327911878297218795e+00	1.621086807463682646e+02
2.334186238580297168e+00	1.612246698778347422e+02
2.340467971862688401e+00	1.604734424947179718e+02
2.346756940970738725e+00	1.603050671697921530e+02
2.353044444556199988e+00	1.597051890108511714e+02
2.359327653314069906e+00	1.589699670063585870e+02
2.365603048789861607e+00	1.583342125612073517e+02
2.371885911737665165e+00	1.576327166213242492e+02
2.378173303594019572e+00	1.571661727649672571e+02
2.384454016539381271e+00	1.564852183810187114e+02
2.390736447344785187e+00	1.557461526650117491e+02
2.397014133897952259e+00	1.552237846037735096e+02
2.403295490074321972e+00	1.549269320398114473e+02
2.409585049672506862e+00	1.543434856088541096e+02
2.415871703165322071e+00	1.539191094879253114e+02
2.422160652369088840e+00	1.532517084178569178e+02
2.428440167222748691e+00	1.528429962325733982e+02
2.434717472383889803e+00	1.521966233164194762e+02
2.441002456202044257e+00	1.520743132586372894e+02
2.447289980304530488e+00	1.514361847904724812e+02
2.453571844729242279e+00	1.508049159436296520e+02
2.459852705114058846e+00	1.501806455900877495e+02
2.466139233225018934e+00	1.497835956560572583e+02
2.472421963421291391e+00	1.493637101820394832e+02
2.478698519174224568e+00	1.485288220732879552e+02
2.484980841400355800e+00	1.479943142879459117e+02
2.491269319409339822e+00	1.478949890401297012e+02
2.497548505139029373e+00	1.468327308097564696e+02
2.503831667172610853e+00	1.467280042208958548e+02
2.510117938323931153e+00	1.464735774352064936e+02
2.516400733681277480e+00	1.457854619295083296e+02
2.522688226833368130e+00	1.452030364989478244e+02
2.528971695852665569e+00	1.448960855414683522e+02
2.535252039407670299e+00	1.445130266172430424e+02
2.541537514142774512e+00	1.440250035407186147e+02
2.547823008847572179e+00	1.434555962761563137e+02
2.554100666580690238e+00	1.429135896120694440e+02
2.560376788884177301e+00	1.422012530652988289e+02
2.566667521601497359e+00	1.422603959398936411e+02
2.572955062237090473e+00	1.418102517371775093e+02
2.579233771797999175e+00	1.412397257107231496e+02
2.585520164300948220e+00	1.409139159576937459e+02
2.591805130332431872e+00	1.402157477971178707e+02
2.598084074692260881e+00	1.398490675152305869e+02
2.604360404197643586e+00	1.395956213745880632e+02
2.610647185140439142e+00	1.392182097357608939e+02
2.616931864059273138e+00	1.385237549202357172e+02
2.623206107911065565e+00	1.383337395105020846e+02
2.629491626543270844e+00	1.378673191624519632e+02
2.635778507982642349e+00	1.373902405819682997e+02
2.642061039325260818e+00	1.371301577258037128e+02
2.648343840729305843e+00	1.367908576245555139e+02
2.654631838974855551e+00	1.362676980993921063e+02
2.660919001246303761e+00	1.358135848854303163e+02
2.667198525130066056e+00	1.356221720662804557e+02
2.673484307038032526e+00	1.350313330645157066e+02
2.679773388053849459e+00	1.348795452766914877e+02
2.686058217632288692e+00	1.344029604538109766e+02
2.692338738200057868e+00	1.341892745762719130e+02
2.698618022887226964e+00	1.336786324668597103e+02
2.704895450708277860e+00	1.334303224719357956e+02
2.711175674923682166e+00	1.330985774565828876e+02
2.717459832966957922e+00	1.327130497995667895e+02
2.723745731959044569e+00	1.322799958153303521e+02
2.730038414850594730e+00	1.321089668683229661e+02
2.736317989800789441e+00	1.316861166124731142e+02
2.742591858549239703e+00	1.313643183223225606e+02
2.748879749010778362e+00	1.311178292711844051e+02
2.755163403825859447e+00	1.307018747924510649e+02
2.761446955625852073e+00	1.305782756935757618e+02
2.767732088935374701e+00	1.301700280287295470e+02
2.774015452421743966e+00	1.296887727555616721e+02
2.780298635700591436e+00	1.295752760087445949e+02
2.786577474762241380e+00	1.292507252680754277e+02
2.792857983210164541e+00	1.290321340650536399e+02
2.799143790920211483e+00	1.287272365636699476e+02
2.805430058399325244e+00	1.283323812960637440e+02
2.811715058209780072e+00	1.281837868072338722e+02
2.817989272498773623e+00	1.279590476077828498e+02
2.824269171595737760e+00	1.276522463610837690e+02
2.830563016441804081e+00	1.273309526875301856e+02
2.836848750951622034e+00	1.271434790005010314e+02
2.843130027866129783e+00	1.270030897010314135e+02
2.849413896912404986e+00	1.266485733358819061e+02
2.855697464522425566e+00	1.263795563570778882e+02
2.861978799810683594e+00	1.260615123596708713e+02
2.868262469415629567e+00	1.257443096252086434e+02
2.874547359206753860e+00	1.257231617971205964e+02
2.880831111471525041e+00	1.257565313188092517e+02
2.887113216972382546e+00	1.253586902694819116e+02
2.893394504725182781e+00	1.250105245948883379e+02
2.899673662137033592e+00	1.246592849531734544e+02
2.905953958587380814e+00	1.247104242518639552e+02
2.912241118105161064e+00	1.244923499887501777e+02
2.918525996366671205e+00	1.242964918927721669e+02
2.924809035425688819e+00	1.242088139820198620e+02
2.931095916293684933e+00	1.238798701470218333e+02
2.937378182606774413e+00	1.236950730725000938e+02
2.943659980254369923e+00	1.233697982644590780e+02
2.949946454403890250e+00	1.231751302023255050e+02
2.956227653702202307e+00	1.232937439712702457e+02
2.962510478867462993e+00	1.231563607607210287e+02
2.968796535179442309e+00	1.229989429163481418e+02
2.975077657376874907e+00	1.226890309162698998e+02
2.981359866759223376e+00	1.229582375785479798e+02
2.987646761575656562e+00	1.225989911735126014e+02
2.993929038370399365e+00	1.223518730191189547e+02
3.000206214840962726e+00	1.222327127535265419e+02
3.006486172402415669e+00	1.222781430676310208e+02
3.012769812211594456e+00	1.220014587817965150e+02
3.019053144326170113e+00	1.219202427241711035e+02
3.025337405144251424e+00	1.218377545489429110e+02
3.031623734799107961e+00	1.217027454120652408e+02
3.037908962055872575e+00	1.216988068817076964e+02
3.044195067146031608e+00	1.217526301689103292e+02
3.050475543482170426e+00	1.215591490744283618e+02
3.056754954538277502e+00	1.217076660855831562e+02
3.063040539557494668e+00	1.212665809609370200e+02
3.069323699454357346e+00	1.214559803134702207e+02
3.075610692642898769e+00	1.214180027088256963e+02
3.081893798009918584e+00	1.215166293530719912e+02
3.088174549548037717e+00	1.214288807671432124e+02
3.094458635632868493e+00	1.214489078427337745e+02
3.100743982931558840e+00	1.213044166755672819e+02
3.107028111748448396e+00	1.212627460325468434e+02
3.113309299655494300e+00	1.214714016101224985e+02
3.119590662867241626e+00	1.214456933418071145e+02
3.125874006820172912e+00	1.215655824742520963e+02
3.132159251154602586e+00	1.214139407597528475e+02
3.138439172765940643e+00	1.214783978896176393e+02
3.144723867719826593e+00	1.212767828071567067e+02
3.151003951258561031e+00	1.214753476455083927e+02
3.157283664131563139e+00	1.215884239466068806e+02
3.163569317183839935e+00	1.216699397179222757e+02
3.169851661717792091e+00	1.214816090830287436e+02
3.176137704316093657e+00	1.217776043066975120e+02
3.182420924828643916e+00	1.220781016662467522e+02
3.188702811875577581e+00	1.221386384212507608e+02
3.194990520008989865e+00	1.222584969969147721e+02
3.201275324656983834e+00	1.222365679341514806e+02
3.207551352179861759e+00	1.225289127116926409e+02
3.213835216737041645e+00	1.223737060052469161e+02
3.220122579819103770e+00	1.223276922440709313e+02
3.226406606618656525e+00	1.221407396699438124e+02
3.232687390085645429e+00	1.217114916211383928e+02
3.238969121280456331e+00	1.215955037212295480e+02
3.245254751548589667e+00	1.213097236791858649e+02
3.251534499036136783e+00	1.210402649534119490e+02
3.257817780791052442e+00	1.210140132322835314e+02
3.264102164154097263e+00	1.204979015429324107e+02
3.270384152138468892e+00	1.202750277156957850e+02
3.276669427476867735e+00	1.202018758412168182e+02
3.282954688864507808e+00	1.197781574524911576e+02
3.289237200334947264e+00	1.196220865328526770e+02
3.295519587088236779e+00	1.193692883936450642e+02
3.301805977329951958e+00	1.190473115554415529e+02
3.308087486222440088e+00	1.188045121157227300e+02
3.314367630234227313e+00	1.185940977953925142e+02
3.320651909732194262e+00	1.183286283589868191e+02
3.326931260376857047e+00	1.181077924626621609e+02
3.333216512447217728e+00	1.178980856883000001e+02
3.339504489419978128e+00	1.177289089317602730e+02
3.345786804809928405e+00	1.176606498404960774e+02
3.352071130016277767e+00	1.171905224367732501e+02
3.358351496304225581e+00	1.170097116904821632e+02
3.364630591073392019e+00	1.166851832356969823e+02
3.370916305215045483e+00	1.166807483963826968e+02
3.377197952029413752e+00	1.164125782281025181e+02
3.383483063818085501e+00	1.161976512363352612e+02
3.389769992424469969e+00	1.160044902767939874e+02
3.396051330885982100e+00	1.157965882526358286e+02
3.402330879139463971e+00	1.155200658629432127e+02
3.408610488352048495e+00	1.151699414975087734e+02
3.414897837696641236e+00	1.149842785759301478e+02
3.421180484052105619e+00	1.150586684265534387e+02
3.427461639653846870e+00	1.146952501845302947e+02
3.433749159643459059e+00	1.145440252371969905e+02
3.440032646656798310e+00	1.144063326086227761e+02
3.446313366033385339e+00	1.142114045758252132e+02
3.452600135384134905e+00	1.139623126550846450e+02
3.458883152815406703e+00	1.137043971302952912e+02
3.465163834403715448e+00	1.136760221809575455e+02
3.471449329786229221e+00	1.134306444218453862e+02
3.477734476754053894e+00	1.132059929512609102e+02
3.484019652467224226e+00	1.131559402555762404e+02
3.490297019369712928e+00	1.128602387354222572e+02
3.496582486484379970e+00	1.126679006310701112e+02
3.502868048046865024e+00	1.126589009696371591e+02
3.509144649545451244e+00	1.124194360376140054e+02
3.515428082003116295e+00	1.123278185638890818e+02
3.521711031624695565e+00	1.119799409761999414e+02
3.527991850954735664e+00	1.119582669850819343e+02
3.534275545726699885e+00	1.116873669596130725e+02
3.540562632020772149e+00	1.117427614084752321e+02
3.546844410757220789e+00	1.114547092703821960e+02
3.553131386753758836e+00	1.112642021489541122e+02
3.559419203211965144e+00	1.110105917490441811e+02
3.565697971577579839e+00	1.110313410613273248e+02
3.571979559134798254e+00	1.108931798451017983e+02
3.578265774595833726e+00	1.106872232768764377e+02
3.584548309769353125e+00	1.105259162436293394e+02
3.590826843920031486e+00	1.102718140068954256e+02
3.597107306745233934e+00	1.102687760893928584e+02
3.603392831792229245e+00	1.102729702827405447e+02
3.609673209822572559e+00	1.099868277484335977e+02
3.615955412133016189e+00	1.099422319303607054e+02
3.622241607772384686e+00	1.097345387274880864e+02
3.628520252736676444e+00	1.095425596998335038e+02
3.634804827569451113e+00	1.095543153099157649e+02
3.641094981788862928e+00	1.094851370914281006e+02
3.647383514928639325e+00	1.091186613040735551e+02
3.653663283927725658e+00	1.092283674155867175e+02
3.659943504072155296e+00	1.088771564565051762e+02
3.666232000281138603e+00	1.088869132579600318e+02
3.672514211678317597e+00	1.089474841412346393e+02
3.678794154686042539e+00	1.088691538410754305e+02
3.685078621861909820e+00	1.086868049626105659e+02
3.691359210097977961e+00	1.085040892778801691e+02
3.697642368173791105e+00	1.083348688579170300e+02
3.703925796735277665e+00	1.082402320726711480e+02
3.710208240364660348e+00	1.081173943840667278e+02
3.716494593122387169e+00	1.082488913306577700e+02
3.722775386659595398e+00	1.079754870633260992e+02
3.729058392883481510e+00	1.078222396544863528e+02
3.735339748210807720e+00	1.079077702309151903e+02
3.741620776392969638e+00	1.078154836018099445e+02
3.747904795418762980e+00	1.076669388643239529e+02
3.754190633281219380e+00	1.076980525506749871e+02
3.760478208018912749e+00	1.076207024132167902e+02
3.766755538573464346e+00	1.075305356973422306e+02
3.773032090135151506e+00	1.074703600239978414e+02
3.779322553012896879e+00	1.073900774279694019e+02
3.785609109731308930e+00	1.072803464552165877e+02
3.791889825936295200e+00	1.072723449593500931e+02
3.798174822702435893e+00	1.072340777797080449e+02
3.804458658753491651e+00	1.070986475135178182e+02
3.810738438095723435e+00	1.071727302898328844e+02
3.817018850285747167e+00	1.071589019431413305e+02
3.823305314209427763e+00	1.070116150782027660e+02
3.829591295197792178e+00	1.069789077186742787e+02
3.835872296070849341e+00	1.071385071140905438e+02
3.842156279590906109e+00	1.069978145002676087e+02
3.848441511099312429e+00	1.067076589450860240e+02
3.854723334376886079e+00	1.066896387393725405e+02
3.861004740704794713e+00	1.068416089763252188e+02
3.867284336650660848e+00	1.067936638270721801e+02
3.873567367678779849e+00	1.069597715585724558e+02
3.879850662830422792e+00	1.068688935029887119e+02
3.886137063198143338e+00	1.069237715619898381e+02
3.892419463049126005e+00	1.066535715298441573e+02
3.898703740328622658e+00	1.069882535043245326e+02
3.904991458788179326e+00	1.068540354320180228e+02
3.911270842222104083e+00	1.067262079756915938e+02
3.917549806479573071e+00	1.070312063086225436e+02
3.923836006203090587e+00	1.069511556800745353e+02
3.930121452497870926e+00	1.068696679630139243e+02
3.936398172858230460e+00	1.068126558179573919e+02
3.942683040425962293e+00	1.070636531489541738e+02
3.948974759704379611e+00	1.068901258286014553e+02
3.955259227995065352e+00	1.069095210960670244e+02
3.961537174921395454e+00	1.069875630500095554e+02
3.967820217617139544e+00	1.072037627112502634e+02
3.974105559832568968e+00	1.070716245185094238e+02
3.980384727931198352e+00	1.069973349204997817e+02
3.986664590839849698e+00	1.072601412452155785e+02
3.992949619150675034e+00	1.074079885619121200e+02
3.999235075769965952e+00	1.073399035863656508e+02
4.005515715515433506e+00	1.073161692191469143e+02
4.011798434346478537e+00	1.074789915688164257e+02
4.018083716245132386e+00	1.075472727304777294e+02
4.024365700052603856e+00	1.077008407247198392e+02
4.030643960839860540e+00	1.074551911127062596e+02
4.036928708926215137e+00	1.075963527088477605e+02
4.043218157412017177e+00	1.076647042720983336e+02
4.049503019487663558e+00	1.078066975909430596e+02
4.055781898960511000e+00	1.077368390140072876e+02
4.062060795621602161e+00	1.079738407033649992e+02
4.068347865354716042e+00	1.081210044816030376e+02
4.074631027173265529e+00	1.083932304575113506e+02
4.080910837526078971e+00	1.081233501563993400e+02
4.087201203341442657e+00	1.083665203633906629e+02
4.093486818591942189e+00	1.084572813253160319e+02
4.099764387336505500e+00	1.087781499327350900e+02
4.106049166937662420e+00	1.087592366483000745e+02
4.112334559041358695e+00	1.088853836761310987e+02
4.118618926059533614e+00	1.090070944786678240e+02
4.124898942031112625e+00	1.091466697165988933e+02
4.131175432561665417e+00	1.092461545486720098e+02
4.137461563786142271e+00	1.092076258895441612e+02
4.143746006210170307e+00	1.097676729857886784e+02
4.150029800482964326e+00	1.095835854401701113e+02
4.156313390684649001e+00	1.099157301819093959e+02
4.162596105843763716e+00	1.101959302322722891e+02
4.168881843141768684e+00	1.101455593618531452e+02
4.175162111073220217e+00	1.103935119987235254e+02
4.181448573417560155e+00	1.106853988347430118e+02
4.187738782464171194e+00	1.107544965713616136e+02
4.194017437180169061e+00	1.109144288884105265e+02
4.200293572701767175e+00	1.107458720763841171e+02
4.206580195481546269e+00	1.111908552777319699e+02
4.212860644652220543e+00	1.113743512861616125e+02
4.219138153430114002e+00	1.115104858335357108e+02
4.225426162098283811e+00	1.118338471556902505e+02
4.231713506719782636e+00	1.117027843701320791e+02
4.237990056577191744e+00	1.121511651623691819e+02
4.244267783646744618e+00	1.125145307975178213e+02
4.250560660182562955e+00	1.125926670854761227e+02
4.256847734842668096e+00	1.127471665072970666e+02
4.263127100734456221e+00	1.130130601784925091e+02
4.269406860432507500e+00	1.131810091560509761e+02
4.275691671482192646e+00	1.137291647708296267e+02
4.281972414189518794e+00	1.137934523812110399e+02
4.288253516806755705e+00	1.137422016968592118e+02
4.294540520160492925e+00	1.142642403301268814e+02
4.300825742921731809e+00	1.145060266861872122e+02
4.307109835491901961e+00	1.147075813191973737e+02
4.313390926478413157e+00	1.149346599654818561e+02
4.319667979480563247e+00	1.150619354536506620e+02
4.325952598143786076e+00	1.152772739039169494e+02
4.332241647035422361e+00	1.157593832111539314e+02
4.338524445619096781e+00	1.159614225031303079e+02
4.344809348131129845e+00	1.160504899793588294e+02
4.351090699193166600e+00	1.161281256363282353e+02
4.357369710808320029e+00	1.167323427245302696e+02
4.363659348967174445e+00	1.168741720117193097e+02
4.369947418280990981e+00	1.173111539271609303e+02
4.376226569265827315e+00	1.173539217756231352e+02
4.382499356631129217e+00	1.177183883907783724e+02
4.388784975178015024e+00	1.179043268741906729e+02
4.395068696309480494e+00	1.179311890481272940e+02
4.401347962382031298e+00	1.183484027805507992e+02
4.407628405096517099e+00	1.184682680638546657e+02
4.413915862185140426e+00	1.187344528667852472e+02
4.420203163534264235e+00	1.190255385096670295e+02
4.426480311003382795e+00	1.190285582365534083e+02
4.432765973643649104e+00	1.194377841702964531e+02
4.439053392023870614e+00	1.194262199756230558e+02
4.445336141335588742e+00	1.199532323621078120e+02
4.451617241414883352e+00	1.199761149615723781e+02
4.457901500730311106e+00	1.196657780070460149e+02
4.464189501093017043e+00	1.203113028457109692e+02
4.470470197548729985e+00	1.200482936152817075e+02
4.476748044268524573e+00	1.205617886725956538e+02
4.483035990164653484e+00	1.199379934698728931e+02
4.489323331650528104e+00	1.199680972122934151e+02
4.495599111667934800e+00	1.206053574590617785e+02
4.501870922878794090e+00	1.206962204129270475e+02
4.508155162877705457e+00	1.208564432639960273e+02
4.514446451153479423e+00	1.203518048990376457e+02
4.520723894043856994e+00	1.204144602034175620e+02
4.527003782460155890e+00	1.196994011044420319e+02
4.533293086610313161e+00	1.198241493181171364e+02
4.539578989864040182e+00	1.198872870430004269e+02
4.545857164866476730e+00	1.194252683449763737e+02
4.552138955546025656e+00	1.193245296858911786e+02
4.558432046889146605e+00	1.186124849815503097e+02
4.564713463378488711e+00	1.190392997871851293e+02
4.570987274133244682e+00	1.185917970803628521e+02
4.577274818151045643e+00	1.186633282364788613e+02
4.583563263889338657e+00	1.185264290375430676e+02
4.589844917004465508e+00	1.186363164318948549e+02
4.596126259982004747e+00	1.186760897050730108e+02
4.602409075598298926e+00	1.185229286968870639e+02
4.608696634867644804e+00	1.189254097495719975e+02
4.614977646498861219e+00	1.184073549976470048e+02
4.621258953029527383e+00	1.188398098203881972e+02
4.627547993978874175e+00	1.186849552139088644e+02
4.633830152730579854e+00	1.185017099201460411e+02
4.640104005367354567e+00	1.193114249324911640e+02
4.646382060386754276e+00	1.187439955596612151e+02
4.652674213731970987e+00	1.190253163028870915e+02
4.658958291796220230e+00	1.191259254056083563e+02
4.665233615070169648e+00	1.189421238780338683e+02
4.671520675710307380e+00	1.198125487605239528e+02
4.677814351732177300e+00	1.194941462270155768e+02
4.684093699744638073e+00	1.199171902006124526e+02
4.690368661472568590e+00	1.197597159930775490e+02
4.696663270746453733e+00	1.195443254137246498e+02
4.702945459248681459e+00	1.198384209076156139e+02
4.709209170841929470e+00	1.202860371115896072e+02
4.715491634753063543e+00	1.206145253650590661e+02
4.721784316284933780e+00	1.202488429370712737e+02
4.728063062331094635e+00	1.204178118056528319e+02
4.734337423381671073e+00	1.212314307480674813e+02
4.740627024094544062e+00	1.208736250774311429e+02
4.746914995664547554e+00	1.212109980119117836e+02
4.753194740071086777e+00	1.214014849818629642e+02
4.759478891864783456e+00	1.213821812048857254e+02
4.765762396877359031e+00	1.220453180030677913e+02
4.772049481246195768e+00	1.221879537876874906e+02
4.778335091022592351e+00	1.218699321469055121e+02
4.784610831402393849e+00	1.226759881282674911e+02
4.790907306208476157e+00	1.235185570936739197e+02
4.797204047706418173e+00	1.232883007693010171e+02
4.803470827697504220e+00	1.240245946176261072e+02
4.809748850577324042e+00	1.239248391121916484e+02
4.816045316586602176e+00	1.238744485002079188e+02
4.822329240673497885e+00	1.248117536968763943e+02
4.828596758226470165e+00	1.244499061245229115e+02
4.834890332961369275e+00	1.250961700201619351e+02
4.841191655056394261e+00	1.253776380987143426e+02
4.847460407468000554e+00	1.255370540352933801e+02
4.853732128521334843e+00	1.261719809268893897e+02
4.860029138783373170e+00	1.261463953848580530e+02
4.866314601732018019e+00	1.271835554386019851e+02
4.872587026269203925e+00	1.277882035017207443e+02
4.878874221748241702e+00	1.276148156035728931e+02
4.885171078138658807e+00	1.276422919725342382e+02
4.891450629931857641e+00	1.282127638844490605e+02
4.897716482750221978e+00	1.293394819192360501e+02
4.904002834596266069e+00	1.292241184513955830e+02
4.910295858205786068e+00	1.302161104025563532e+02
4.916575188115905881e+00	1.305796709841357313e+02
4.922847946197084212e+00	1.310278449784361214e+02
4.929131667457151700e+00	1.308014996222322566e+02
4.935434460144239033e+00	1.312713121280445989e+02
4.941718513303545279e+00	1.328015147150041457e+02
4.947978624761803168e+00	1.322975552467445084e+02
4.954274999209829389e+00	1.330279214648625441e+02
4.960571094729937514e+00	1.337756299458960711e+02
4.966823207626954506e+00	1.341580068021561658e+02
4.973097418390337587e+00	1.343853877477723699e+02
4.979415129936382023e+00	1.350090563199206031e+02
4.985702082330368157e+00	1.359430867944069519e+02
4.991949985828016523e+00	1.369347285549796709e+02
4.998241586316924057e+00	1.361887478680523031e+02
5.004556635606089543e+00	1.376789043809438908e+02
5.010828655701208945e+00	1.380010957561983105e+02
5.017077229702536556e+00	1.392620546658695275e+02
5.023374414758113637e+00	1.402157796749344243e+02
5.029688873569548413e+00	1.409804756018000944e+02
5.035958413584124216e+00	1.410326346035985239e+02
5.042232667658486989e+00	1.415023916190397983e+02
5.048528755870775875e+00	1.414499138603035249e+02
5.054821121427484520e+00	1.430065068431709108e+02
5.061069509814582368e+00	1.437305887943788321e+02
5.067347812754101177e+00	1.434879361703828238e+02
5.073675050630431116e+00	1.457435992074276783e+02
5.079945928388977627e+00	1.466206449191903687e+02
5.086192992546071601e+00	1.473527371267983312e+02
5.092484128970163226e+00	1.475368865625791841e+02
5.098802924706086870e+00	1.494383695760890873e+02
5.105078217426394005e+00	1.485300700634956854e+02
5.111325076574067872e+00	1.505008809925951425e+02
5.117628358851224135e+00	1.519034215575503595e+02
5.123935939383525984e+00	1.519454427677919170e+02
5.130199176325612065e+00	1.532214382596934854e+02
5.136469985878846956e+00	1.548195395543331472e+02
5.142797788696348071e+00	1.549686910396892756e+02
5.149090378043822192e+00	1.565474615007290424e+02
5.155289879840074363e+00	1.565746120668157459e+02
5.161564521234301317e+00	1.580639176204796854e+02
5.167916673496016244e+00	1.587318409581332048e+02
5.174205974602950064e+00	1.601971921067150220e+02
5.180434820793812456e+00	1.614542157813388030e+02
5.186729096569634656e+00	1.623927389665214776e+02
5.193058481037780894e+00	1.644988061209603245e+02
5.199319511444338460e+00	1.643110156632953647e+02
5.205574295584361799e+00	1.657549735623753406e+02
5.211894977074066126e+00	1.675283342819081156e+02
5.218201708336958511e+00	1.681751937383853033e+02
5.224411911780083351e+00	1.705381070281858626e+02
5.230677632666463239e+00	1.719319112063404873e+02
5.237056729559757429e+00	1.726017752626515858e+02
5.243336785035660697e+00	1.733704163824996272e+02
5.249493476178225038e+00	1.756615588053376484e+02
5.255787017738318134e+00	1.770787179949882386e+02
5.262205327426889845e+00	1.768847818906807845e+02
5.268477758348532269e+00	1.799114559392331500e+02
5.274632213654732560e+00	1.837832273363679576e+02
5.280950543314659740e+00	1.822463302435386083e+02
5.287327645024750389e+00	1.821927597541497903e+02
5.293582359180156516e+00	1.872070470991885713e+02
5.299789992649893478e+00	1.872113734260364879e+02
5.306111460381987222e+00	1.863027135268195877e+02
5.312452717892129250e+00	1.922392893870365072e+02
5.318650122853046724e+00	1.910516543231367734e+02
5.324923043129819789e+00	1.939587975255228400e+02
5.331330237158205421e+00	1.989659586345405273e+02
5.337586726886338617e+00	1.944168414451849856e+02
5.343685192440848830e+00	1.982590148722413232e+02
5.350070659715249199e+00	2.030983107004784642e+02
5.356556762554878226e+00	2.044819822149692641e+02
5.362691868684501095e+00	2.065221429327263252e+02
5.368769208912516966e+00	2.100926675395017185e+02
5.375270137997677722e+00	2.103805450169747644e+02
5.381769983045385786e+00	2.106007151885202120e+02
5.387701030372958222e+00	2.145651147944241472e+02
5.393786668001271600e+00	2.176574471939775037e+02
5.400446161099396569e+00	2.167760992854707069e+02
5.406957063684501463e+00	2.216228639005068715e+02
5.412655672453426270e+00	2.218351675115910098e+02
5.418821279260546575e+00	2.228680988930430260e+02
5.425690594366304076e+00	2.277139370112200538e+02
5.432217487502165376e+00	2.265686115143055304e+02
5.437649811577258241e+00	2.395217702212266033e+02
5.443914404015878006e+00	2.374328680238536720e+02
5.450953501686320202e+00	2.370581250070873125e+02
5.457483690405861232e+00	2.426037616485381250e+02
5.462715250135157241e+00	2.486227242421541064e+02
5.469033575551323523e+00	2.457326340502546600e+02
5.476177730420278778e+00	2.445824575679705788e+02
5.482708935702562236e+00	2.501228498840213206e+02
5.487722405008360838e+00	2.630918671625868797e+02
5.494194284996126498e+00	2.616822269387623692e+02
5.501391471009256406e+00	2.610010894446918996e+02
5.507128202673079009e+00	2.619314824232553178e+02
5.512278020050448646e+00	2.769963961378028898e+02
5.519395563377015534e+00	2.529254559889511427e+02
5.526598678609708770e+00	2.675952400931605553e+02
5.532162682462509196e+00	2.501035802259926868e+02
5.537397124017139127e+00	2.751504730321219085e+02
5.544582756485218589e+00	2.909917058018467628e+02
5.551739327507637434e+00	2.721098387318080540e+02
5.557493306674907707e+00	3.090977991469994777e+02
5.562281709102816940e+00	2.620019146932831973e+02
5.569272720323164449e+00	2.111022487572426201e+02
