8.899641224696953554e-03	8.244333997793624803e+03
1.507912216506557788e-02	1.484974875038538084e+04
2.144790186456836667e-02	1.331265443974624031e+04
2.783660776489276650e-02	9.991737352587068017e+03
3.435099785803411021e-02	9.702262870798867880e+03
4.047886761425745911e-02	8.598403064981643183e+03
4.676716683575679601e-02	7.081114083281079729e+03
5.308225101765951665e-02	6.275173789826941174e+03
5.945362440940590160e-02	6.074186158721346146e+03
6.576224814588792211e-02	5.451835247324996089e+03
7.196632906698736953e-02	5.080663105783195533e+03
7.827860915688347743e-02	4.539141212650926718e+03
8.470398945834539672e-02	4.068969456641121269e+03
9.096854620527369817e-02	3.614040301656827978e+03
9.720789776830213169e-02	3.284813341618938466e+03
1.034763038959366499e-01	2.912924760618869641e+03
1.097576444254559219e-01	2.769609363110591403e+03
1.160543084780093354e-01	2.446805128348903509e+03
1.223669666537485351e-01	2.404554709020710106e+03
1.286817263090294094e-01	2.315439706884843417e+03
1.349500801664080818e-01	2.277985384413072097e+03
1.411949558842147678e-01	2.069153616273174976e+03
1.475133575747468451e-01	1.876810205617160591e+03
1.537865074252268427e-01	1.752164820417237706e+03
1.600657544051110326e-01	1.630180505040671733e+03
1.663991168687080635e-01	1.527252419033957267e+03
1.727195645776442856e-01	1.480716854090166407e+03
1.789765213377084718e-01	1.409740791256571129e+03
1.852353690647852158e-01	1.343682792867369471e+03
1.914806787341157279e-01	1.250250424756365874e+03
1.977889868651535599e-01	1.211105906315674247e+03
2.040937735447724277e-01	1.172662780526884262e+03
2.103939302609846018e-01	1.088142576811265826e+03
2.166909709822301688e-01	1.059906320202317374e+03
2.229700281216152047e-01	1.022200186792155591e+03
2.292620027086341994e-01	9.766983039102776729e+02
2.355141508366812297e-01	9.316351875999145022e+02
2.417910583817859116e-01	8.892018217092329451e+02
2.480856539439619257e-01	8.587653228112176294e+02
2.543492256872954549e-01	8.354407647913931214e+02
2.606334251884805386e-01	8.017825941602358171e+02
2.669257370896960802e-01	7.846793033487965658e+02
2.732423343141155980e-01	7.531367616858851761e+02
2.795529680084415936e-01	7.379874594531271441e+02
2.858366292314493129e-01	7.162654254931285323e+02
2.920876271394311496e-01	6.823966982890729014e+02
2.983449844439822751e-01	6.669369601621868924e+02
3.046382639407197446e-01	6.421697294417131161e+02
3.109279127003197196e-01	6.240136853670722985e+02
3.172168171618398036e-01	6.154693619657408590e+02
3.235187567944423082e-01	5.934156000895658281e+02
3.298168217550395687e-01	5.804267709514878106e+02
3.361176429457156667e-01	5.657221969324183419e+02
3.423700375709273769e-01	5.492127269180138001e+02
3.486478192666269682e-01	5.415626442314704718e+02
3.549411614411318028e-01	5.309146913499461107e+02
3.611916935421040642e-01	5.079530699192044381e+02
3.674767089563572564e-01	5.078244037369510124e+02
3.737647795277591056e-01	4.884784520885585835e+02
3.800654031475132477e-01	4.835372387111947887e+02
3.863539861259823738e-01	4.738301779349686740e+02
3.926140181364449755e-01	4.602917172231948939e+02
3.989264500321934581e-01	4.476035984704604402e+02
4.052073244576828714e-01	4.427649435226527430e+02
4.114916477570477182e-01	4.322023517457934076e+02
4.177814272116491257e-01	4.283255680086352299e+02
4.240400648725131116e-01	4.134864003415892171e+02
4.303425690270192283e-01	4.093273886026580612e+02
4.366358560255625965e-01	4.007479734269098230e+02
4.428996183220763605e-01	3.905477243684664472e+02
4.491634418529859563e-01	3.885902589753345069e+02
4.554414146254732731e-01	3.799045858664284765e+02
4.617634470301058558e-01	3.714524433638009100e+02
4.680644242023710433e-01	3.684812432095392296e+02
4.743485242764365895e-01	3.597211242430453240e+02
4.806356136815400082e-01	3.546804890959923000e+02
4.869019258388697646e-01	3.490598916071049302e+02
4.931697099599955947e-01	3.458577956794224519e+02
4.994506747144535908e-01	3.381570544976104884e+02
5.057159051335421429e-01	3.346451546281527385e+02
5.119923996268095356e-01	3.285050017152111650e+02
5.183126097768406826e-01	3.247553452104201028e+02
5.246089638029100000e-01	3.198868439117991898e+02
5.308757308483337267e-01	3.137635566668516276e+02
5.371573527946726934e-01	3.111006513477196336e+02
5.434579563783791256e-01	3.051162286530604320e+02
5.497430652392217842e-01	3.015068809869029565e+02
5.559937427501778773e-01	2.982878212830863163e+02
5.622854676609657654e-01	2.924731109295978513e+02
5.686011537227265711e-01	2.892488669790051858e+02
5.748804589422079614e-01	2.868594928090702183e+02
5.811550210340560296e-01	2.830683083035891059e+02
5.874394496660968468e-01	2.774725931189591961e+02
5.937176220296899176e-01	2.766014294149670150e+02
5.999971954793682505e-01	2.714657155142595570e+02
6.062679115124277596e-01	2.695494117855290028e+02
6.125469576444534381e-01	2.648212901566234905e+02
6.188477733041515272e-01	2.615450016548693952e+02
6.251310567437898813e-01	2.583732012893952401e+02
6.314027450383210560e-01	2.564838255070951050e+02
6.377003562732055375e-01	2.544373368385108733e+02
6.439857783314556494e-01	2.528453170563330445e+02
6.502685417166111925e-01	2.483278985358757609e+02
6.565586117699038216e-01	2.453423758793107083e+02
6.628369282359254377e-01	2.424399081160511003e+02
6.691185444962194362e-01	2.406919394987617977e+02
6.754070198575605755e-01	2.380795039195643028e+02
6.816835514593204692e-01	2.361998122293027791e+02
6.879592533861698112e-01	2.336945989168219739e+02
6.942344317039531587e-01	2.307965281168158072e+02
7.005175402434737908e-01	2.288739944413570981e+02
7.068124956608716758e-01	2.267759615025867390e+02
7.131019009674921527e-01	2.247227747006008087e+02
7.193918251171427247e-01	2.236074391703427295e+02
7.256833807598113140e-01	2.197151492548956355e+02
7.319652682709349989e-01	2.165183047900551969e+02
7.382507990484923344e-01	2.161257927634026430e+02
7.445265842115937893e-01	2.138614326971439823e+02
7.507871101942712455e-01	2.110725642456783646e+02
7.570758465316046459e-01	2.108787935586665583e+02
7.633641233600957365e-01	2.077009944924569709e+02
7.696462959862266917e-01	2.062170222648814217e+02
7.759394865175414102e-01	2.039562997333924557e+02
7.822329141989586843e-01	2.025512883528054147e+02
7.885314936520240181e-01	2.016911939137481511e+02
7.947896566979522071e-01	1.992548609884532596e+02
8.010491096592354809e-01	1.967066555737749809e+02
8.073364061727361651e-01	1.957468496699973741e+02
8.136229488373866170e-01	1.940282828890338465e+02
8.199152998961036776e-01	1.915257799190563048e+02
8.261952636392789762e-01	1.900367786063056883e+02
8.324897070080405914e-01	1.900600371112657569e+02
8.387959309210778480e-01	1.872541001717306415e+02
8.450634639703045181e-01	1.862341433287298855e+02
8.513282867562648182e-01	1.845422916383555787e+02
8.576198263902009566e-01	1.831472593122471153e+02
8.639058477062415697e-01	1.818901604523238973e+02
8.701838745487597837e-01	1.799210526991405743e+02
8.764641096075268534e-01	1.791780403416646834e+02
8.827503873399735745e-01	1.777199291183718799e+02
8.890332768393869323e-01	1.765333178887387362e+02
8.953084247113127780e-01	1.755243450923112221e+02
9.015956521667095602e-01	1.744078503474774209e+02
9.078833328094829680e-01	1.721360418789116977e+02
9.141744106319863450e-01	1.715383650652913161e+02
9.204630817717615043e-01	1.705144113638073122e+02
9.267434415264711456e-01	1.688318414535525847e+02
9.330324197354928906e-01	1.676995562056478661e+02
9.393265785573878812e-01	1.668929596627984040e+02
9.455974810398196650e-01	1.661670245645586590e+02
9.518660018545171964e-01	1.652830496756656089e+02
9.581413255531838757e-01	1.643075033866838339e+02
9.644350945109106954e-01	1.624008844814032670e+02
9.707355633568249820e-01	1.613465481605042555e+02
9.770080768450029041e-01	1.597273220744406501e+02
9.832823325363413414e-01	1.589210927682648844e+02
9.895569691966674686e-01	1.585572592896879485e+02
9.958456301921106979e-01	1.570703516768721215e+02
1.002136210743837408e+00	1.562969548583189123e+02
1.008404825335135424e+00	1.550490520504469032e+02
1.014694149836243398e+00	1.547178493666289683e+02
1.020992555437297167e+00	1.535561311316153592e+02
1.027273980437394485e+00	1.520919812391162509e+02
1.033559181896017254e+00	1.512904489574773663e+02
1.039847557392594934e+00	1.506180970076820529e+02
1.046126974943305088e+00	1.497680541998416004e+02
1.052403436811028659e+00	1.479210167777816309e+02
1.058680704651608684e+00	1.470629314566848507e+02
1.064964333065789193e+00	1.467126359564225879e+02
1.071256777440835473e+00	1.456272689436308383e+02
1.077544048801078125e+00	1.438846170041043990e+02
1.083824820188043603e+00	1.437890210121704229e+02
1.090108023942816695e+00	1.432592021903083150e+02
1.096389665956643222e+00	1.424111226077812660e+02
1.102681132058841440e+00	1.413934815576654955e+02
1.108963047594879958e+00	1.408229615728866690e+02
1.115225428463759272e+00	1.399412917030248309e+02
1.121502127614767863e+00	1.392854658599146660e+02
1.127792573824792033e+00	1.384497376386733265e+02
1.134089552668382961e+00	1.380264109807065722e+02
1.140364049650405942e+00	1.366913112505561685e+02
1.146639180320979445e+00	1.363440642704008212e+02
1.152942412991649901e+00	1.352971061843259406e+02
1.159228906751078814e+00	1.351155122437398575e+02
1.165508721887268173e+00	1.342822543360108796e+02
1.171793076256210320e+00	1.332529141334167377e+02
1.178087436369658958e+00	1.322189916500404649e+02
1.184367654251526902e+00	1.320203034959434092e+02
1.190634642299266632e+00	1.310131259660061573e+02
1.196912208834400859e+00	1.308277930821202233e+02
1.203201577354146234e+00	1.296572028427777639e+02
1.209486844441705733e+00	1.289133457888271153e+02
1.215763902074809888e+00	1.287648334085366741e+02
1.222049755171146668e+00	1.279786010275685300e+02
1.228340616621486969e+00	1.272022397158801681e+02
1.234632986576932767e+00	1.266955593735204388e+02
1.240902247176856488e+00	1.259792309682507323e+02
1.247174839144687519e+00	1.249736637382497690e+02
1.253465459933442272e+00	1.246385868625216773e+02
1.259749951892178421e+00	1.236439607278513364e+02
1.266032143127253873e+00	1.229822418717649413e+02
1.272316288472006507e+00	1.225388889350055450e+02
1.278604155058621350e+00	1.218482012910571797e+02
1.284886588933593865e+00	1.213354738759091873e+02
1.291175420066583257e+00	1.207558468989431191e+02
1.297465726373772332e+00	1.201944042109648336e+02
1.303741827011944299e+00	1.197467052463338604e+02
1.310017322922761851e+00	1.189206115278606006e+02
1.316301447662886703e+00	1.192112639720888865e+02
1.322586760363303249e+00	1.181179058476873678e+02
1.328865492452874664e+00	1.170227444820111202e+02
1.335144804954555564e+00	1.169633798857565665e+02
1.341440516272275119e+00	1.168320251264680536e+02
1.347730868417094552e+00	1.155839936785324653e+02
1.354001589994877630e+00	1.152263162090913795e+02
1.360282609297778444e+00	1.148330548327970178e+02
1.366565686457597906e+00	1.138853728166065764e+02
1.372851498482432708e+00	1.139158718874082865e+02
1.379135372929401804e+00	1.126507841233217562e+02
1.385409567149057164e+00	1.126110771519119140e+02
1.391698641219299315e+00	1.122593237518470630e+02
1.397984451439470810e+00	1.116170516780183846e+02
1.404267883409181961e+00	1.110090142350470046e+02
1.410554779484869181e+00	1.104273590984114861e+02
1.416837833547465397e+00	1.105575275295052222e+02
1.423118177187137068e+00	1.096104218394543892e+02
1.429397801164240089e+00	1.091452943583273480e+02
1.435686921822787232e+00	1.089566155679567174e+02
1.441977121769299597e+00	1.085555539091550230e+02
1.448253667853332427e+00	1.079290902562432422e+02
1.454532348972172651e+00	1.073822662365205645e+02
1.460819319151879903e+00	1.068879459383802839e+02
1.467110364402026468e+00	1.062811196150529298e+02
1.473392908948962132e+00	1.059508635407964903e+02
1.479669965243598950e+00	1.057220504949195146e+02
1.485956144602843532e+00	1.050775885146030362e+02
1.492233610763115115e+00	1.048485411880787268e+02
1.498502470379980078e+00	1.043064124963102870e+02
1.504785752051182701e+00	1.037827878984865606e+02
1.511075991894575976e+00	1.034610608606614335e+02
1.517361634985162189e+00	1.033670324737001778e+02
1.523648570969130533e+00	1.025642578247146730e+02
1.529938035715892264e+00	1.019373576023989898e+02
1.536230176913891965e+00	1.020099018895928538e+02
1.542510718779388279e+00	1.015821481848618077e+02
1.548783963082980275e+00	1.013166798124922252e+02
1.555073069779651318e+00	1.005406941762766024e+02
1.561357324927233892e+00	1.003154454927627768e+02
1.567629121053141006e+00	9.996498197265910335e+01
1.573913697404382583e+00	9.929685394780294416e+01
1.580203545230874029e+00	9.920830180992098235e+01
1.586485393434537983e+00	9.851117507437759002e+01
1.592760014263005841e+00	9.831158218330067200e+01
1.599046436394670812e+00	9.775823833818543562e+01
1.605342136637478934e+00	9.740296110078693914e+01
1.611619860919608627e+00	9.701293778953163383e+01
1.617897597081673799e+00	9.707821963309086755e+01
1.624183235481122756e+00	9.646494479876271555e+01
1.630464598531913722e+00	9.612955894196444717e+01
1.636748985747638274e+00	9.566317345643457770e+01
1.643030923698886259e+00	9.553360330099344822e+01
1.649309176648513064e+00	9.484580965041119782e+01
1.655593633940351861e+00	9.505911759067120670e+01
1.661879571405086464e+00	9.430704178745898503e+01
1.668169361685170271e+00	9.416200779929731368e+01
1.674450151530487485e+00	9.361230151987440706e+01
1.680722718978495900e+00	9.301564278636571714e+01
1.687013891340952476e+00	9.298769463011323921e+01
1.693308984907921033e+00	9.249365014069840640e+01
1.699582147428448486e+00	9.219063096773827226e+01
1.705863747055134105e+00	9.189122674950942837e+01
1.712154434283889470e+00	9.163990224635432469e+01
1.718438381579399321e+00	9.097408124362981141e+01
1.724721264464063930e+00	9.095876503668695534e+01
1.730997441276920679e+00	9.041482052061552110e+01
1.737287073528269499e+00	9.005889258503179917e+01
1.743567991878527401e+00	8.984959240511976475e+01
1.749840680212231048e+00	8.937478155883981401e+01
1.756128549091961144e+00	8.924354162279249181e+01
1.762413535324792502e+00	8.921554674238230120e+01
1.768696187669963837e+00	8.890198705309062177e+01
1.774979359379055266e+00	8.863261920552075424e+01
1.781265555576432957e+00	8.818764650481222134e+01
1.787549427830244619e+00	8.765547619562353532e+01
1.793834120011633004e+00	8.741892901890035716e+01
1.800115051552487300e+00	8.710168978725440070e+01
1.806393904854530330e+00	8.693801447243274083e+01
1.812674089667083432e+00	8.621085763184863993e+01
1.818956920109354058e+00	8.620067781992088385e+01
1.825244164118212220e+00	8.611835287701161690e+01
1.831527256642196955e+00	8.571519330510774637e+01
1.837811294935716599e+00	8.549878244059505050e+01
1.844100717411196744e+00	8.504967649758039272e+01
1.850384816792487230e+00	8.487226780724141406e+01
1.856666059735203822e+00	8.459597658324659619e+01
1.862947728675613979e+00	8.426919718182674046e+01
1.869229324466858078e+00	8.384538874386815621e+01
1.875517616802973686e+00	8.367503507626385328e+01
1.881800769033795229e+00	8.332978257129838084e+01
1.888078863416442710e+00	8.305594552523727714e+01
1.894353975182237582e+00	8.285014282161478150e+01
1.900642716154182565e+00	8.266315472989151658e+01
1.906933494748685121e+00	8.241770255205915419e+01
1.913207568676573933e+00	8.186997640251368580e+01
1.919490884732178992e+00	8.161417540313543384e+01
1.925776855684274480e+00	8.138564038433932524e+01
1.932064452961978152e+00	8.111888973684057191e+01
1.938342610030488800e+00	8.100761764652460784e+01
1.944618341543410178e+00	8.061575661877773769e+01
1.950906260203513876e+00	8.044855206972840733e+01
1.957194556613796488e+00	8.005438698650880269e+01
1.963479614559011432e+00	7.981584735409754217e+01
1.969760361532916226e+00	7.964163308305180067e+01
1.976048367034604736e+00	7.937806688712566938e+01
1.982337990217652335e+00	7.895578821710797968e+01
1.988617489259562721e+00	7.868220803499987426e+01
1.994896320665194178e+00	7.859422606058420513e+01
2.001179596222827151e+00	7.828944348463295455e+01
2.007459756923499761e+00	7.820138258827252287e+01
2.013737397779169935e+00	7.782986907052242032e+01
2.020017234677497164e+00	7.754138828354163593e+01
2.026310251015072783e+00	7.715638959668889640e+01
2.032600542948020284e+00	7.701991592401058995e+01
2.038873863192099289e+00	7.670906862890669231e+01
2.045154087821675404e+00	7.654552247803748344e+01
2.051444704514288730e+00	7.631177706216683987e+01
2.057730430280644729e+00	7.613645497867598522e+01
2.064013940455224461e+00	7.576962336255422770e+01
2.070299891179459895e+00	7.565444017775496377e+01
2.076589719964883951e+00	7.526266394717093533e+01
2.082865483794470673e+00	7.508090080835985702e+01
2.089134494859368640e+00	7.482721286682819084e+01
2.095424211360070288e+00	7.467116181078672810e+01
2.101707116664804254e+00	7.439139076503620629e+01
2.107986473933564309e+00	7.422212693706886455e+01
2.114271806543862375e+00	7.407902115611106808e+01
2.120552717288892275e+00	7.374273913872978881e+01
2.126836933207161717e+00	7.356014410626514177e+01
2.133122044791171845e+00	7.334709855354252284e+01
2.139411711910842673e+00	7.319624380008916376e+01
2.145697076775292089e+00	7.293654622777773966e+01
2.151973548606471276e+00	7.263436086576390949e+01
2.158259913555724108e+00	7.220545744871076010e+01
2.164545396699105506e+00	7.210836506836135129e+01
2.170830700377734068e+00	7.196381936978086458e+01
2.177114138849150393e+00	7.169055099469132131e+01
2.183387647576827018e+00	7.165512579614394895e+01
2.189670273687676971e+00	7.137441573970180286e+01
2.195960147934207463e+00	7.110598751878234225e+01
2.202242556317716371e+00	7.084074748214129613e+01
2.208521655981037668e+00	7.084925366496884180e+01
2.214804637081333016e+00	7.055489192622773942e+01
2.221092583349425276e+00	7.034845487284837873e+01
2.227372893591468728e+00	7.002991563707142575e+01
2.233657161144248171e+00	6.982826321079497234e+01
2.239943485394438660e+00	6.973294254653198720e+01
2.246224175264620815e+00	6.946092697213896372e+01
2.252506378421252009e+00	6.935411509536463370e+01
2.258783417054270437e+00	6.901945535034559498e+01
2.265069077371457684e+00	6.906591313113560204e+01
2.271350377044131452e+00	6.866963103183863382e+01
2.277633995145353918e+00	6.849283512510649530e+01
2.283922419579920149e+00	6.833619012242384372e+01
2.290202874392252674e+00	6.817976017475200479e+01
2.296490779970905560e+00	6.781444552295153017e+01
2.302771769934229162e+00	6.773362513590588208e+01
2.309051364164305564e+00	6.765493668049950315e+01
2.315338502539088239e+00	6.727864851269265500e+01
2.321627336503874428e+00	6.722730146203774382e+01
2.327911878297218795e+00	6.691707625437645390e+01
2.334186238580297168e+00	6.680589456178223884e+01
2.340467971862688401e+00	6.661008270321015345e+01
2.346756940970738725e+00	6.634945820571499553e+01
2.353044444556199988e+00	6.630247915783542112e+01
2.359327653314069906e+00	6.603712754775293092e+01
2.365603048789861607e+00	6.591834192032268902e+01
2.371885911737665165e+00	6.577703582983862418e+01
2.378173303594019572e+00	6.542190668517926611e+01
2.384454016539381271e+00	6.553610938078300308e+01
2.390736447344785187e+00	6.515059400561216307e+01
2.397014133897952259e+00	6.498975264296977628e+01
2.403295490074321972e+00	6.491421017849044972e+01
2.409585049672506862e+00	6.462707442742937758e+01
2.415871703165322071e+00	6.435403614775229642e+01
2.422160652369088840e+00	6.432030478012079300e+01
2.428440167222748691e+00	6.397117382297468424e+01
2.434717472383889803e+00	6.399281784430134934e+01
2.441002456202044257e+00	6.385922545154873831e+01
2.447289980304530488e+00	6.357555776937514480e+01
2.453571844729242279e+00	6.345169050685915835e+01
2.459852705114058846e+00	6.336384008744467877e+01
2.466139233225018934e+00	6.307341579006286736e+01
2.472421963421291391e+00	6.296953452446955879e+01
2.478698519174224568e+00	6.274667762096130019e+01
2.484980841400355800e+00	6.271219555997241457e+01
2.491269319409339822e+00	6.255812069586916380e+01
2.497548505139029373e+00	6.249945926291854192e+01
2.503831667172610853e+00	6.210176740833976083e+01
2.510117938323931153e+00	6.204479471714452643e+01
2.516400733681277480e+00	6.192310518742223024e+01
2.522688226833368130e+00	6.189801262418428962e+01
2.528971695852665569e+00	6.167414896518567247e+01
2.535252039407670299e+00	6.159202697026422868e+01
2.541537514142774512e+00	6.129636638216283018e+01
2.547823008847572179e+00	6.118927876500767837e+01
2.554100666580690238e+00	6.100953055294688454e+01
2.560376788884177301e+00	6.099941017916738417e+01
2.566667521601497359e+00	6.081809811255884313e+01
2.572955062237090473e+00	6.065268681336930001e+01
2.579233771797999175e+00	6.033107224976237859e+01
2.585520164300948220e+00	6.038992833001650951e+01
2.591805130332431872e+00	6.022264131027285572e+01
2.598084074692260881e+00	6.007381114906377206e+01
2.604360404197643586e+00	6.004099630389791287e+01
2.610647185140439142e+00	5.985356602587859243e+01
2.616931864059273138e+00	5.973119571584224730e+01
2.623206107911065565e+00	5.958543018907423061e+01
2.629491626543270844e+00	5.936450285594330012e+01
2.635778507982642349e+00	5.944661617784970531e+01
2.642061039325260818e+00	5.928960129157459136e+01
2.648343840729305843e+00	5.908878122987245973e+01
2.654631838974855551e+00	5.908054034610572103e+01
2.660919001246303761e+00	5.895598343604313385e+01
2.667198525130066056e+00	5.879289813832661338e+01
2.673484307038032526e+00	5.871679327938423398e+01
2.679773388053849459e+00	5.861655963609660347e+01
2.686058217632288692e+00	5.836547532565760577e+01
2.692338738200057868e+00	5.828943419623161759e+01
2.698618022887226964e+00	5.823980372521238280e+01
2.704895450708277860e+00	5.807082015860851953e+01
2.711175674923682166e+00	5.804655039776753966e+01
2.717459832966957922e+00	5.794224379201783393e+01
2.723745731959044569e+00	5.777638534328777808e+01
2.730038414850594730e+00	5.768078626350272486e+01
2.736317989800789441e+00	5.745420177997230837e+01
2.742591858549239703e+00	5.760330842466545676e+01
2.748879749010778362e+00	5.741318658282954601e+01
2.755163403825859447e+00	5.739930751412535415e+01
2.761446955625852073e+00	5.716000035988587769e+01
2.767732088935374701e+00	5.720062269910168595e+01
2.774015452421743966e+00	5.712675538003717435e+01
2.780298635700591436e+00	5.694096303291301808e+01
2.786577474762241380e+00	5.693751009635089844e+01
2.792857983210164541e+00	5.684888306791393831e+01
2.799143790920211483e+00	5.666875487229822284e+01
2.805430058399325244e+00	5.663064361518828349e+01
2.811715058209780072e+00	5.657618138917824524e+01
2.817989272498773623e+00	5.649571625727152480e+01
2.824269171595737760e+00	5.635200110505852678e+01
2.830563016441804081e+00	5.640662918270376025e+01
2.836848750951622034e+00	5.625044756651379885e+01
2.843130027866129783e+00	5.620265860417691073e+01
2.849413896912404986e+00	5.614918979748566841e+01
2.855697464522425566e+00	5.615493182148238560e+01
2.861978799810683594e+00	5.605899704122466431e+01
2.868262469415629567e+00	5.593571042561566031e+01
2.874547359206753860e+00	5.591405064193891405e+01
2.880831111471525041e+00	5.590037376561754456e+01
2.887113216972382546e+00	5.579578749355595590e+01
2.893394504725182781e+00	5.576081616071247993e+01
2.899673662137033592e+00	5.577743211188874994e+01
2.905953958587380814e+00	5.562434863091357329e+01
2.912241118105161064e+00	5.567431707206196734e+01
2.918525996366671205e+00	5.559423157224190248e+01
2.924809035425688819e+00	5.553360596286023565e+01
2.931095916293684933e+00	5.547379585831310322e+01
2.937378182606774413e+00	5.550474642558486948e+01
2.943659980254369923e+00	5.536161028007779095e+01
2.949946454403890250e+00	5.538460409968666198e+01
2.956227653702202307e+00	5.538229667534752565e+01
2.962510478867462993e+00	5.532708127883508809e+01
2.968796535179442309e+00	5.532736118243668244e+01
2.975077657376874907e+00	5.528631863111211686e+01
2.981359866759223376e+00	5.521556898314095463e+01
2.987646761575656562e+00	5.524734509520597214e+01
2.993929038370399365e+00	5.518611908680200884e+01
3.000206214840962726e+00	5.519238874586666554e+01
3.006486172402415669e+00	5.521781401130608913e+01
3.012769812211594456e+00	5.527681464570525804e+01
3.019053144326170113e+00	5.518723592144204559e+01
3.025337405144251424e+00	5.513898236491990446e+01
3.031623734799107961e+00	5.525390190593724071e+01
3.037908962055872575e+00	5.526343687445763919e+01
3.044195067146031608e+00	5.520644945553003424e+01
3.050475543482170426e+00	5.518425130376354559e+01
3.056754954538277502e+00	5.521907666710780660e+01
3.063040539557494668e+00	5.512397979377767854e+01
3.069323699454357346e+00	5.526060535332580059e+01
3.075610692642898769e+00	5.521678007645353148e+01
3.081893798009918584e+00	5.527282138804285694e+01
3.088174549548037717e+00	5.533432413451848930e+01
3.094458635632868493e+00	5.528536273642184540e+01
3.100743982931558840e+00	5.537733428245445566e+01
3.107028111748448396e+00	5.541983857284338910e+01
3.113309299655494300e+00	5.542097369134457807e+01
3.119590662867241626e+00	5.539710343020396266e+01
3.125874006820172912e+00	5.550816167674501855e+01
3.132159251154602586e+00	5.558591826233627131e+01
3.138439172765940643e+00	5.556081176575959546e+01
3.144723867719826593e+00	5.568716136469287648e+01
3.151003951258561031e+00	5.571229573188740858e+01
3.157283664131563139e+00	5.581024562953557222e+01
3.163569317183839935e+00	5.577426244115152087e+01
3.169851661717792091e+00	5.582264997221334824e+01
3.176137704316093657e+00	5.591800564686790409e+01
3.182420924828643916e+00	5.612555613396507681e+01
3.188702811875577581e+00	5.611081565138781002e+01
3.194990520008989865e+00	5.616074840271802060e+01
3.201275324656983834e+00	5.627141406995556139e+01
3.207551352179861759e+00	5.632973605803196904e+01
3.213835216737041645e+00	5.640402183925374402e+01
3.220122579819103770e+00	5.646601364585880134e+01
3.226406606618656525e+00	5.642097915842265365e+01
3.232687390085645429e+00	5.619752233149136345e+01
3.238969121280456331e+00	5.610803158796482393e+01
3.245254751548589667e+00	5.594894483616072733e+01
3.251534499036136783e+00	5.590469693736633872e+01
3.257817780791052442e+00	5.577437592046202752e+01
3.264102164154097263e+00	5.571828625415640346e+01
3.270384152138468892e+00	5.557289653882553182e+01
3.276669427476867735e+00	5.551199795376507495e+01
3.282954688864507808e+00	5.549465933200814050e+01
3.289237200334947264e+00	5.522545117714642515e+01
3.295519587088236779e+00	5.518969993852256550e+01
3.301805977329951958e+00	5.511864289815168405e+01
3.308087486222440088e+00	5.508615508791936577e+01
3.314367630234227313e+00	5.487798088070876901e+01
3.320651909732194262e+00	5.488414558497545670e+01
3.326931260376857047e+00	5.472680449920170531e+01
3.333216512447217728e+00	5.471970666274184225e+01
3.339504489419978128e+00	5.459802981249126930e+01
3.345786804809928405e+00	5.445098708398199250e+01
3.352071130016277767e+00	5.446476787705208977e+01
3.358351496304225581e+00	5.435873616510116335e+01
3.364630591073392019e+00	5.425032276057511638e+01
3.370916305215045483e+00	5.414650460946191401e+01
3.377197952029413752e+00	5.415670782619792334e+01
3.383483063818085501e+00	5.413129332159951446e+01
3.389769992424469969e+00	5.394560810129818407e+01
3.396051330885982100e+00	5.391114511761919914e+01
3.402330879139463971e+00	5.375038031139913386e+01
3.408610488352048495e+00	5.379288519015902637e+01
3.414897837696641236e+00	5.366719847831315349e+01
3.421180484052105619e+00	5.364252882011066959e+01
3.427461639653846870e+00	5.352555920810046075e+01
3.433749159643459059e+00	5.349363090566619405e+01
3.440032646656798310e+00	5.344798550927644953e+01
3.446313366033385339e+00	5.343836955083018836e+01
3.452600135384134905e+00	5.335101567115917476e+01
3.458883152815406703e+00	5.321102344288998154e+01
3.465163834403715448e+00	5.316501461718342370e+01
3.471449329786229221e+00	5.312812869282405615e+01
3.477734476754053894e+00	5.307243964153732918e+01
3.484019652467224226e+00	5.305698816465145740e+01
3.490297019369712928e+00	5.298077680104737652e+01
3.496582486484379970e+00	5.299258105043482203e+01
3.502868048046865024e+00	5.296977987921081876e+01
3.509144649545451244e+00	5.277225400015517920e+01
3.515428082003116295e+00	5.279936376860743508e+01
3.521711031624695565e+00	5.278242042372689724e+01
3.527991850954735664e+00	5.267912163628700029e+01
3.534275545726699885e+00	5.258692708547653893e+01
3.540562632020772149e+00	5.258745440797738269e+01
3.546844410757220789e+00	5.252353651682496860e+01
3.553131386753758836e+00	5.248104483043535140e+01
3.559419203211965144e+00	5.243972848090844963e+01
3.565697971577579839e+00	5.244684603373847409e+01
3.571979559134798254e+00	5.240425764696701805e+01
3.578265774595833726e+00	5.230880229330845310e+01
3.584548309769353125e+00	5.233463415551358366e+01
3.590826843920031486e+00	5.221461275061531637e+01
3.597107306745233934e+00	5.227482446652755499e+01
3.603392831792229245e+00	5.222897012846515707e+01
3.609673209822572559e+00	5.216105009863112940e+01
3.615955412133016189e+00	5.214994954010074935e+01
3.622241607772384686e+00	5.202332119504943364e+01
3.628520252736676444e+00	5.210985461154215415e+01
3.634804827569451113e+00	5.207638236723246195e+01
3.641094981788862928e+00	5.198349192120945617e+01
3.647383514928639325e+00	5.192905664672898780e+01
3.653663283927725658e+00	5.203245121132469819e+01
3.659943504072155296e+00	5.195160477002358590e+01
3.666232000281138603e+00	5.187897991847883361e+01
3.672514211678317597e+00	5.189194395810432781e+01
3.678794154686042539e+00	5.193044741845612577e+01
3.685078621861909820e+00	5.192165496260663815e+01
3.691359210097977961e+00	5.182148555899775033e+01
3.697642368173791105e+00	5.184977918322599066e+01
3.703925796735277665e+00	5.184632312682752797e+01
3.710208240364660348e+00	5.183988407999575543e+01
3.716494593122387169e+00	5.173491803385106635e+01
3.722775386659595398e+00	5.176106890421324636e+01
3.729058392883481510e+00	5.172974026478238585e+01
3.735339748210807720e+00	5.178367854902640488e+01
3.741620776392969638e+00	5.172355558229868677e+01
3.747904795418762980e+00	5.186696467419516665e+01
3.754190633281219380e+00	5.183887224144039862e+01
3.760478208018912749e+00	5.170864815151475113e+01
3.766755538573464346e+00	5.178927427940165273e+01
3.773032090135151506e+00	5.170182509199816678e+01
3.779322553012896879e+00	5.177498967158367549e+01
3.785609109731308930e+00	5.182068858462659477e+01
3.791889825936295200e+00	5.178171396314962749e+01
3.798174822702435893e+00	5.172025852563625392e+01
3.804458658753491651e+00	5.174765939346468002e+01
3.810738438095723435e+00	5.181455753231364270e+01
3.817018850285747167e+00	5.181750138197877220e+01
3.823305314209427763e+00	5.181281664131955011e+01
3.829591295197792178e+00	5.182152415054584083e+01
3.835872296070849341e+00	5.181201124773767219e+01
3.842156279590906109e+00	5.182551074103660227e+01
3.848441511099312429e+00	5.183709477350695494e+01
3.854723334376886079e+00	5.193322806278628434e+01
3.861004740704794713e+00	5.197816064089525412e+01
3.867284336650660848e+00	5.190709214787195691e+01
3.873567367678779849e+00	5.195939594617362900e+01
3.879850662830422792e+00	5.197027820513632435e+01
3.886137063198143338e+00	5.201154693632283710e+01
3.892419463049126005e+00	5.213545380684170283e+01
3.898703740328622658e+00	5.204915169659352614e+01
3.904991458788179326e+00	5.204141933242627260e+01
3.911270842222104083e+00	5.208620029293228271e+01
3.917549806479573071e+00	5.219270792478907595e+01
3.923836006203090587e+00	5.214705900994942311e+01
3.930121452497870926e+00	5.227979893031219660e+01
3.936398172858230460e+00	5.229700396022348485e+01
3.942683040425962293e+00	5.229102977478633107e+01
3.948974759704379611e+00	5.232609516442995812e+01
3.955259227995065352e+00	5.233620049401773144e+01
3.961537174921395454e+00	5.246697226916953127e+01
3.967820217617139544e+00	5.243224646296273050e+01
3.974105559832568968e+00	5.259464099861826014e+01
3.980384727931198352e+00	5.252816494930391400e+01
3.986664590839849698e+00	5.283937482419708687e+01
3.992949619150675034e+00	5.272381713945931381e+01
3.999235075769965952e+00	5.278438640324237952e+01
4.005515715515433506e+00	5.279807377633394339e+01
4.011798434346478537e+00	5.281888417998509055e+01
4.018083716245132386e+00	5.292629251380206057e+01
4.024365700052603856e+00	5.302806871278401246e+01
4.030643960839860540e+00	5.302310737065524648e+01
4.036928708926215137e+00	5.313342914284771012e+01
4.043218157412017177e+00	5.310679481687966330e+01
4.049503019487663558e+00	5.333656213562426984e+01
4.055781898960511000e+00	5.341281485622300096e+01
4.062060795621602161e+00	5.337546762212688378e+01
4.068347865354716042e+00	5.343520452409745758e+01
4.074631027173265529e+00	5.359164719681111677e+01
4.080910837526078971e+00	5.361769169420180958e+01
4.087201203341442657e+00	5.368625778236106072e+01
4.093486818591942189e+00	5.372490681581469119e+01
4.099764387336505500e+00	5.398211737151045497e+01
4.106049166937662420e+00	5.391603029959296833e+01
4.112334559041358695e+00	5.405246978228610999e+01
4.118618926059533614e+00	5.429937087779889993e+01
4.124898942031112625e+00	5.430605884330467603e+01
4.131175432561665417e+00	5.436245654430845065e+01
4.137461563786142271e+00	5.436066411094557793e+01
4.143746006210170307e+00	5.455084455220501383e+01
4.150029800482964326e+00	5.461295478166797324e+01
4.156313390684649001e+00	5.465777913562428125e+01
4.162596105843763716e+00	5.478265112003213488e+01
4.168881843141768684e+00	5.493524622180544981e+01
4.175162111073220217e+00	5.518548032600386222e+01
4.181448573417560155e+00	5.522715775482554790e+01
4.187738782464171194e+00	5.530165882037081815e+01
4.194017437180169061e+00	5.553158803002912691e+01
4.200293572701767175e+00	5.559027770494952136e+01
4.206580195481546269e+00	5.562557572762888469e+01
4.212860644652220543e+00	5.576565399780881904e+01
4.219138153430114002e+00	5.593428471566564042e+01
4.225426162098283811e+00	5.608239026476613986e+01
4.231713506719782636e+00	5.620412048526667093e+01
4.237990056577191744e+00	5.621194111003659089e+01
4.244267783646744618e+00	5.640803047060349229e+01
4.250560660182562955e+00	5.647935046682594873e+01
4.256847734842668096e+00	5.666477259613704121e+01
4.263127100734456221e+00	5.683971870030622142e+01
4.269406860432507500e+00	5.687233482354153580e+01
4.275691671482192646e+00	5.706668821611975062e+01
4.281972414189518794e+00	5.717039443065547744e+01
4.288253516806755705e+00	5.723074207186245843e+01
4.294540520160492925e+00	5.763945840054259406e+01
4.300825742921731809e+00	5.759397101353936677e+01
4.307109835491901961e+00	5.793883897604536060e+01
4.313390926478413157e+00	5.794823250075414478e+01
4.319667979480563247e+00	5.805072690287083503e+01
4.325952598143786076e+00	5.837079553406666577e+01
4.332241647035422361e+00	5.838517488520726317e+01
4.338524445619096781e+00	5.847424971258175930e+01
4.344809348131129845e+00	5.861996643892708647e+01
4.351090699193166600e+00	5.878484784253765127e+01
4.357369710808320029e+00	5.910605012670432501e+01
4.363659348967174445e+00	5.904414395969838125e+01
4.369947418280990981e+00	5.915352906623578377e+01
4.376226569265827315e+00	5.933690275453197671e+01
4.382499356631129217e+00	5.951655722666949799e+01
4.388784975178015024e+00	5.966812622638952490e+01
4.395068696309480494e+00	5.972367868787574707e+01
4.401347962382031298e+00	5.999041070774151763e+01
4.407628405096517099e+00	6.006845859754447758e+01
4.413915862185140426e+00	6.013104491752497438e+01
4.420203163534264235e+00	6.044209752201528829e+01
4.426480311003382795e+00	6.047408621666017581e+01
4.432765973643649104e+00	6.074218555651988538e+01
4.439053392023870614e+00	6.062087760187655761e+01
4.445336141335588742e+00	6.100642115814842725e+01
4.451617241414883352e+00	6.100245987992315833e+01
4.457901500730311106e+00	6.093339426631373357e+01
4.464189501093017043e+00	6.117208356529393143e+01
4.470470197548729985e+00	6.107053008972107477e+01
4.476748044268524573e+00	6.133362784376285504e+01
4.483035990164653484e+00	6.118151556599956109e+01
4.489323331650528104e+00	6.152687384731790132e+01
4.495599111667934800e+00	6.140119636015425897e+01
4.501870922878794090e+00	6.127936794556459432e+01
4.508155162877705457e+00	6.160305093015021782e+01
4.514446451153479423e+00	6.135660954967001146e+01
4.520723894043856994e+00	6.155328107716213282e+01
4.527003782460155890e+00	6.129897094357714593e+01
4.533293086610313161e+00	6.155457332431565476e+01
4.539578989864040182e+00	6.127087685079320067e+01
4.545857164866476730e+00	6.112126027765996383e+01
4.552138955546025656e+00	6.118613350388596928e+01
4.558432046889146605e+00	6.101555212637409653e+01
4.564713463378488711e+00	6.091422106981542584e+01
4.570987274133244682e+00	6.094156233128953204e+01
4.577274818151045643e+00	6.090767088687921671e+01
4.583563263889338657e+00	6.098297738771471188e+01
4.589844917004465508e+00	6.108093560366593522e+01
4.596126259982004747e+00	6.086139707371041396e+01
4.602409075598298926e+00	6.089870686445870263e+01
4.608696634867644804e+00	6.119061551090194229e+01
4.614977646498861219e+00	6.113275161921664136e+01
4.621258953029527383e+00	6.100989579387934469e+01
4.627547993978874175e+00	6.119335085504882699e+01
4.633830152730579854e+00	6.118404889049411821e+01
4.640104005367354567e+00	6.142170029659811803e+01
4.646382060386754276e+00	6.136597709129026157e+01
4.652674213731970987e+00	6.161174331439961804e+01
4.658958291796220230e+00	6.162174931283237100e+01
4.665233615070169648e+00	6.167110661289506623e+01
4.671520675710307380e+00	6.177061779641035599e+01
4.677814351732177300e+00	6.161849485897662504e+01
4.684093699744638073e+00	6.198193763904095022e+01
4.690368661472568590e+00	6.201456371085567554e+01
4.696663270746453733e+00	6.217871166276618311e+01
4.702945459248681459e+00	6.223109743828850782e+01
4.709209170841929470e+00	6.206538807123283874e+01
4.715491634753063543e+00	6.264259828637307947e+01
4.721784316284933780e+00	6.240431055557722573e+01
4.728063062331094635e+00	6.259739445557054438e+01
4.734337423381671073e+00	6.274874105726784990e+01
4.740627024094544062e+00	6.287370883646890718e+01
4.746914995664547554e+00	6.270582399248229422e+01
4.753194740071086777e+00	6.333137258249801960e+01
4.759478891864783456e+00	6.311463888170332126e+01
4.765762396877359031e+00	6.339900192149333691e+01
4.772049481246195768e+00	6.380945840687157045e+01
4.778335091022592351e+00	6.403998289186205284e+01
4.784610831402393849e+00	6.392259527059499646e+01
4.790907306208476157e+00	6.410515797835496699e+01
4.797204047706418173e+00	6.455381505460940161e+01
4.803470827697504220e+00	6.439218873082913319e+01
4.809748850577324042e+00	6.477677399887512877e+01
4.816045316586602176e+00	6.497787042744914743e+01
4.822329240673497885e+00	6.506350002808767385e+01
4.828596758226470165e+00	6.549238233799376019e+01
4.834890332961369275e+00	6.559957543413193548e+01
4.841191655056394261e+00	6.560929320048242630e+01
4.847460407468000554e+00	6.590005209621652682e+01
4.853732128521334843e+00	6.624458427363724411e+01
4.860029138783373170e+00	6.624652766449581520e+01
4.866314601732018019e+00	6.668591295654441353e+01
4.872587026269203925e+00	6.671126060763140231e+01
4.878874221748241702e+00	6.708801576075674689e+01
4.885171078138658807e+00	6.704468865865379712e+01
4.891450629931857641e+00	6.760754054824238324e+01
4.897716482750221978e+00	6.789999599856082568e+01
4.904002834596266069e+00	6.776775785144899089e+01
4.910295858205786068e+00	6.833648529003561123e+01
4.916575188115905881e+00	6.849434333701688615e+01
4.922847946197084212e+00	6.883378610303640244e+01
4.929131667457151700e+00	6.915812823145097354e+01
4.935434460144239033e+00	6.950906722890735523e+01
4.941718513303545279e+00	6.959740711589924445e+01
4.947978624761803168e+00	6.998470713482663541e+01
4.954274999209829389e+00	7.012237873994253334e+01
4.960571094729937514e+00	7.064474742288396669e+01
4.966823207626954506e+00	7.097754628746007199e+01
4.973097418390337587e+00	7.105996442068497743e+01
4.979415129936382023e+00	7.172401193039782186e+01
4.985702082330368157e+00	7.203719226139493514e+01
4.991949985828016523e+00	7.234545705564681839e+01
4.998241586316924057e+00	7.244210933272616160e+01
5.004556635606089543e+00	7.306835640850405866e+01
5.010828655701208945e+00	7.320556233566099991e+01
5.017077229702536556e+00	7.381911733988246738e+01
5.023374414758113637e+00	7.413362338329760348e+01
5.029688873569548413e+00	7.479425254933474321e+01
5.035958413584124216e+00	7.510438825417116959e+01
5.042232667658486989e+00	7.545119370468350439e+01
5.048528755870775875e+00	7.539284415041402099e+01
5.054821121427484520e+00	7.644886838025544762e+01
5.061069509814582368e+00	7.636285787379318890e+01
5.067347812754101177e+00	7.701715468877053183e+01
5.073675050630431116e+00	7.754996616289979272e+01
5.079945928388977627e+00	7.746112208333411786e+01
5.086192992546071601e+00	7.822081867748947559e+01
5.092484128970163226e+00	7.878065039701235150e+01
5.098802924706086870e+00	7.914795474142580645e+01
5.105078217426394005e+00	7.972523880489771386e+01
5.111325076574067872e+00	8.062966906235284625e+01
5.117628358851224135e+00	8.100641845627859539e+01
5.123935939383525984e+00	8.124594622702420565e+01
5.130199176325612065e+00	8.201961748213147985e+01
5.136469985878846956e+00	8.270945402186895024e+01
5.142797788696348071e+00	8.294432792033049395e+01
5.149090378043822192e+00	8.349196465489080765e+01
5.155289879840074363e+00	8.404825159804626367e+01
5.161564521234301317e+00	8.522142867453540305e+01
5.167916673496016244e+00	8.471700313451904663e+01
5.174205974602950064e+00	8.624054220771054702e+01
5.180434820793812456e+00	8.662603493142756861e+01
5.186729096569634656e+00	8.723710746100709912e+01
5.193058481037780894e+00	8.768174292180565033e+01
5.199319511444338460e+00	8.806144837718886720e+01
5.205574295584361799e+00	8.937249381142156324e+01
5.211894977074066126e+00	8.944057570998053563e+01
5.218201708336958511e+00	9.107550734607562504e+01
5.224411911780083351e+00	9.063280914935664612e+01
5.230677632666463239e+00	9.233996602315605173e+01
5.237056729559757429e+00	9.278800854306935264e+01
5.243336785035660697e+00	9.362199173328123436e+01
5.249493476178225038e+00	9.449201279681818733e+01
5.255787017738318134e+00	9.445065669811974374e+01
5.262205327426889845e+00	9.671289508520506217e+01
5.268477758348532269e+00	9.688284573649090703e+01
5.274632213654732560e+00	9.725105236354920635e+01
5.280950543314659740e+00	9.767516952161739141e+01
5.287327645024750389e+00	9.842349439202749295e+01
5.293582359180156516e+00	9.996423717235200002e+01
5.299789992649893478e+00	1.027324447075905169e+02
5.306111460381987222e+00	1.014667707949304258e+02
5.312452717892129250e+00	1.038413632384173297e+02
5.318650122853046724e+00	1.033796328148854400e+02
5.324923043129819789e+00	1.046870642298682412e+02
5.331330237158205421e+00	1.063568998956916829e+02
5.337586726886338617e+00	1.085193509849073052e+02
5.343685192440848830e+00	1.079050262440902799e+02
5.350070659715249199e+00	1.082562143693242263e+02
5.356556762554878226e+00	1.092722729652242322e+02
5.362691868684501095e+00	1.120589032950642547e+02
5.368769208912516966e+00	1.118308627584109729e+02
5.375270137997677722e+00	1.126612710567307403e+02
5.381769983045385786e+00	1.157616535753755613e+02
5.387701030372958222e+00	1.148372768935141579e+02
5.393786668001271600e+00	1.151581006793822155e+02
5.400446161099396569e+00	1.191196916066595435e+02
5.406957063684501463e+00	1.197997089106999198e+02
5.412655672453426270e+00	1.215914297686558427e+02
5.418821279260546575e+00	1.229414974747876386e+02
5.425690594366304076e+00	1.239190764170002694e+02
5.432217487502165376e+00	1.250785083102902888e+02
5.437649811577258241e+00	1.273989600881082680e+02
5.443914404015878006e+00	1.285566005658749020e+02
5.450953501686320202e+00	1.318109941331626658e+02
5.457483690405861232e+00	1.274425180050527189e+02
5.462715250135157241e+00	1.311048700513405265e+02
5.469033575551323523e+00	1.346734463823601118e+02
5.476177730420278778e+00	1.362612553083303624e+02
5.482708935702562236e+00	1.307260303774054080e+02
5.487722405008360838e+00	1.379814408737132396e+02
5.494194284996126498e+00	1.371850998087651590e+02
5.501391471009256406e+00	1.404274601340000856e+02
5.507128202673079009e+00	1.481631925552142661e+02
5.512278020050448646e+00	1.479533878685393518e+02
5.519395563377015534e+00	1.526639997674702443e+02
5.526598678609708770e+00	1.494639480914775049e+02
5.532162682462509196e+00	1.516445641445103547e+02
5.537397124017139127e+00	1.556382060720991376e+02
5.544582756485218589e+00	1.490198882165318821e+02
5.551739327507637434e+00	1.538666884411815658e+02
5.557493306674907707e+00	1.517029405658237238e+02
5.562281709102816940e+00	1.754149392843897601e+02
5.569272720323164449e+00	1.739182703919445316e+02
