8.899641224696953554e-03	5.924590621648130764e+03
1.507912216506557788e-02	6.235687495071137164e+03
2.144790186456836667e-02	7.061278343518529255e+03
2.783660776489276650e-02	5.065828004523077652e+03
3.435099785803411021e-02	6.317903240228014511e+03
4.047886761425745911e-02	4.801916187898557837e+03
4.676716683575679601e-02	4.972515346799738836e+03
5.308225101765951665e-02	4.613556377092969342e+03
5.945362440940590160e-02	4.422895496804232607e+03
6.576224814588792211e-02	4.203938858085613901e+03
7.196632906698736953e-02	3.940836273353691467e+03
7.827860915688347743e-02	3.723523623598583526e+03
8.470398945834539672e-02	3.307946256366893522e+03
9.096854620527369817e-02	2.958275157055405998e+03
9.720789776830213169e-02	2.741439819648459888e+03
1.034763038959366499e-01	2.602204844224567751e+03
1.097576444254559219e-01	2.356732157229715085e+03
1.160543084780093354e-01	2.244158357975441504e+03
1.223669666537485351e-01	2.188964266797906475e+03
1.286817263090294094e-01	1.986338625165038138e+03
1.349500801664080818e-01	2.028523763552255787e+03
1.411949558842147678e-01	1.845503666151680136e+03
1.475133575747468451e-01	1.668909012161287137e+03
1.537865074252268427e-01	1.628250758482389983e+03
1.600657544051110326e-01	1.519031122437326985e+03
1.663991168687080635e-01	1.427853653627600352e+03
1.727195645776442856e-01	1.366168351361525310e+03
1.789765213377084718e-01	1.323262799099863969e+03
1.852353690647852158e-01	1.269592036350754597e+03
1.914806787341157279e-01	1.235969583364674463e+03
1.977889868651535599e-01	1.186397286602421673e+03
2.040937735447724277e-01	1.139284356589900653e+03
2.103939302609846018e-01	1.076546564571837052e+03
2.166909709822301688e-01	1.026742867345821196e+03
2.229700281216152047e-01	9.919642021433488708e+02
2.292620027086341994e-01	9.742672543672534857e+02
2.355141508366812297e-01	9.192420494839942648e+02
2.417910583817859116e-01	8.796027271818522877e+02
2.480856539439619257e-01	8.527300785246395662e+02
2.543492256872954549e-01	8.528952925828720026e+02
2.606334251884805386e-01	8.151425551913519030e+02
2.669257370896960802e-01	7.917724917281792614e+02
2.732423343141155980e-01	7.536457341704011696e+02
2.795529680084415936e-01	7.383379263699890771e+02
2.858366292314493129e-01	7.189480335598168494e+02
2.920876271394311496e-01	6.907813244801932342e+02
2.983449844439822751e-01	6.710030818345470607e+02
3.046382639407197446e-01	6.668227887528628344e+02
3.109279127003197196e-01	6.428517463331494355e+02
3.172168171618398036e-01	6.257926343186254599e+02
3.235187567944423082e-01	6.093023589277647716e+02
3.298168217550395687e-01	6.026134538776227600e+02
3.361176429457156667e-01	5.878543873518108285e+02
3.423700375709273769e-01	5.607244122524045906e+02
3.486478192666269682e-01	5.527278488834936070e+02
3.549411614411318028e-01	5.467164610965216980e+02
3.611916935421040642e-01	5.284585237585985169e+02
3.674767089563572564e-01	5.167261934616190047e+02
3.737647795277591056e-01	5.065777578243597077e+02
3.800654031475132477e-01	4.966318178374475565e+02
3.863539861259823738e-01	4.828548236545898931e+02
3.926140181364449755e-01	4.728226330931050825e+02
3.989264500321934581e-01	4.697524134348901725e+02
4.052073244576828714e-01	4.565226796715286923e+02
4.114916477570477182e-01	4.493385010374574904e+02
4.177814272116491257e-01	4.401367942337647605e+02
4.240400648725131116e-01	4.365001398810657633e+02
4.303425690270192283e-01	4.284865031918112095e+02
4.366358560255625965e-01	4.177559026788542269e+02
4.428996183220763605e-01	4.113431841961930786e+02
4.491634418529859563e-01	4.067131779259835298e+02
4.554414146254732731e-01	3.991690534236786334e+02
4.617634470301058558e-01	3.901661932553399197e+02
4.680644242023710433e-01	3.802691418293991319e+02
4.743485242764365895e-01	3.790292861370630817e+02
4.806356136815400082e-01	3.744183755538265927e+02
4.869019258388697646e-01	3.672743264294683740e+02
4.931697099599955947e-01	3.648951236036102728e+02
4.994506747144535908e-01	3.593857215994236753e+02
5.057159051335421429e-01	3.511434775788650882e+02
5.119923996268095356e-01	3.451318198188910173e+02
5.183126097768406826e-01	3.408995308972593534e+02
5.246089638029100000e-01	3.397411803350413493e+02
5.308757308483337267e-01	3.346322343413833664e+02
5.371573527946726934e-01	3.308361484550591740e+02
5.434579563783791256e-01	3.232578411256595814e+02
5.497430652392217842e-01	3.181921586300512672e+02
5.559937427501778773e-01	3.170815358700544948e+02
5.622854676609657654e-01	3.128312749409685125e+02
5.686011537227265711e-01	3.076075689385156693e+02
5.748804589422079614e-01	3.046341840997896497e+02
5.811550210340560296e-01	3.009353229208337552e+02
5.874394496660968468e-01	2.974098048496194338e+02
5.937176220296899176e-01	2.901863405522092876e+02
5.999971954793682505e-01	2.892454017916331281e+02
6.062679115124277596e-01	2.881389334353132199e+02
6.125469576444534381e-01	2.857199595782461756e+02
6.188477733041515272e-01	2.812419791432502620e+02
6.251310567437898813e-01	2.779010012149867066e+02
6.314027450383210560e-01	2.735524400425158547e+02
6.377003562732055375e-01	2.719836987465490097e+02
6.439857783314556494e-01	2.690727611857431043e+02
6.502685417166111925e-01	2.657442755050021219e+02
6.565586117699038216e-01	2.644397463686734113e+02
6.628369282359254377e-01	2.613759569294327321e+02
6.691185444962194362e-01	2.568486206696971408e+02
6.754070198575605755e-01	2.541608743868798115e+02
6.816835514593204692e-01	2.531732798905408686e+02
6.879592533861698112e-01	2.515854835757799322e+02
6.942344317039531587e-01	2.468176392241419990e+02
7.005175402434737908e-01	2.456465973990073905e+02
7.068124956608716758e-01	2.426638633638346505e+02
7.131019009674921527e-01	2.402995494121485649e+02
7.193918251171427247e-01	2.393279834333216627e+02
7.256833807598113140e-01	2.362248953913953073e+02
7.319652682709349989e-01	2.331196933895434995e+02
7.382507990484923344e-01	2.307482354409326888e+02
7.445265842115937893e-01	2.294431648528011465e+02
7.507871101942712455e-01	2.289916631186110862e+02
7.570758465316046459e-01	2.250161333887487274e+02
7.633641233600957365e-01	2.247370485914157143e+02
7.696462959862266917e-01	2.223325591602639690e+02
7.759394865175414102e-01	2.212055902162903180e+02
7.822329141989586843e-01	2.173133662722256645e+02
7.885314936520240181e-01	2.173417709037620966e+02
7.947896566979522071e-01	2.147832114448767413e+02
8.010491096592354809e-01	2.139936575371542631e+02
8.073364061727361651e-01	2.124079793831454879e+02
8.136229488373866170e-01	2.101284006340346195e+02
8.199152998961036776e-01	2.089763767552657328e+02
8.261952636392789762e-01	2.066139254379804129e+02
8.324897070080405914e-01	2.054924795212415347e+02
8.387959309210778480e-01	2.034882515121482527e+02
8.450634639703045181e-01	2.017308328136871864e+02
8.513282867562648182e-01	2.007539948883272984e+02
8.576198263902009566e-01	1.997605347179088540e+02
8.639058477062415697e-01	1.982750176163013407e+02
8.701838745487597837e-01	1.967022605597275628e+02
8.764641096075268534e-01	1.950295364176583064e+02
8.827503873399735745e-01	1.934266008291544381e+02
8.890332768393869323e-01	1.920267934711520752e+02
8.953084247113127780e-01	1.905228418735003686e+02
9.015956521667095602e-01	1.896482013443798849e+02
9.078833328094829680e-01	1.876074976606125801e+02
9.141744106319863450e-01	1.871298281690164345e+02
9.204630817717615043e-01	1.862406240030710194e+02
9.267434415264711456e-01	1.850049911403515637e+02
9.330324197354928906e-01	1.833073319218212305e+02
9.393265785573878812e-01	1.824477534302795902e+02
9.455974810398196650e-01	1.809187949897326178e+02
9.518660018545171964e-01	1.801734840606434034e+02
9.581413255531838757e-01	1.801045449323960383e+02
9.644350945109106954e-01	1.773382078802462161e+02
9.707355633568249820e-01	1.766963121027840486e+02
9.770080768450029041e-01	1.747421453801410678e+02
9.832823325363413414e-01	1.743144269900461723e+02
9.895569691966674686e-01	1.729211932178142490e+02
9.958456301921106979e-01	1.722204226647152439e+02
1.002136210743837408e+00	1.709369063421711132e+02
1.008404825335135424e+00	1.702448252364899872e+02
1.014694149836243398e+00	1.692245668329064188e+02
1.020992555437297167e+00	1.680092090625433627e+02
1.027273980437394485e+00	1.672896297844225444e+02
1.033559181896017254e+00	1.651336228535596433e+02
1.039847557392594934e+00	1.652533726257240971e+02
1.046126974943305088e+00	1.638100408348533392e+02
1.052403436811028659e+00	1.630321156476776707e+02
1.058680704651608684e+00	1.624672152697712590e+02
1.064964333065789193e+00	1.611265632843430922e+02
1.071256777440835473e+00	1.605300393942582957e+02
1.077544048801078125e+00	1.597317797481690320e+02
1.083824820188043603e+00	1.589121634062627777e+02
1.090108023942816695e+00	1.577303350007692018e+02
1.096389665956643222e+00	1.566811755666153374e+02
1.102681132058841440e+00	1.558532673459723981e+02
1.108963047594879958e+00	1.548651156034134715e+02
1.115225428463759272e+00	1.547033090918498601e+02
1.121502127614767863e+00	1.535597877648028486e+02
1.127792573824792033e+00	1.521861977497777332e+02
1.134089552668382961e+00	1.516264153680715197e+02
1.140364049650405942e+00	1.508273413351097645e+02
1.146639180320979445e+00	1.501006299228239413e+02
1.152942412991649901e+00	1.494146641224301959e+02
1.159228906751078814e+00	1.487718985416798319e+02
1.165508721887268173e+00	1.482820139773607480e+02
1.171793076256210320e+00	1.470860778123478951e+02
1.178087436369658958e+00	1.463917429423898398e+02
1.184367654251526902e+00	1.455618177014860066e+02
1.190634642299266632e+00	1.449984050771400632e+02
1.196912208834400859e+00	1.436915341646428033e+02
1.203201577354146234e+00	1.437100296252042142e+02
1.209486844441705733e+00	1.428977454088049797e+02
1.215763902074809888e+00	1.420012171366913947e+02
1.222049755171146668e+00	1.410873772251157163e+02
1.228340616621486969e+00	1.410609263141588201e+02
1.234632986576932767e+00	1.398107050133283451e+02
1.240902247176856488e+00	1.388678337597110328e+02
1.247174839144687519e+00	1.385063129724671569e+02
1.253465459933442272e+00	1.379974889851054911e+02
1.259749951892178421e+00	1.378882259102442163e+02
1.266032143127253873e+00	1.366867719465610094e+02
1.272316288472006507e+00	1.364575131328973896e+02
1.278604155058621350e+00	1.349355599935954899e+02
1.284886588933593865e+00	1.353617081157692326e+02
1.291175420066583257e+00	1.341391707929866755e+02
1.297465726373772332e+00	1.335556862603094146e+02
1.303741827011944299e+00	1.333182369360602308e+02
1.310017322922761851e+00	1.327459767268386770e+02
1.316301447662886703e+00	1.321572542446581906e+02
1.322586760363303249e+00	1.308548783892648828e+02
1.328865492452874664e+00	1.306201114759103348e+02
1.335144804954555564e+00	1.302752000530859391e+02
1.341440516272275119e+00	1.296757172534333620e+02
1.347730868417094552e+00	1.290171472527040635e+02
1.354001589994877630e+00	1.284650767900978678e+02
1.360282609297778444e+00	1.281839852135666149e+02
1.366565686457597906e+00	1.268193809393666527e+02
1.372851498482432708e+00	1.269397444152371719e+02
1.379135372929401804e+00	1.263920075691425211e+02
1.385409567149057164e+00	1.254666683414767050e+02
1.391698641219299315e+00	1.253494526101558364e+02
1.397984451439470810e+00	1.245146183768998753e+02
1.404267883409181961e+00	1.240812675710881621e+02
1.410554779484869181e+00	1.236274612956360954e+02
1.416837833547465397e+00	1.230476119482598989e+02
1.423118177187137068e+00	1.224442016538808673e+02
1.429397801164240089e+00	1.220009891977294387e+02
1.435686921822787232e+00	1.210538280806253368e+02
1.441977121769299597e+00	1.209242630967182208e+02
1.448253667853332427e+00	1.204891948311207415e+02
1.454532348972172651e+00	1.197841470631257721e+02
1.460819319151879903e+00	1.195050142388580383e+02
1.467110364402026468e+00	1.190637172926048635e+02
1.473392908948962132e+00	1.186411831086290931e+02
1.479669965243598950e+00	1.177380789269863754e+02
1.485956144602843532e+00	1.175252360015552995e+02
1.492233610763115115e+00	1.169092659773104543e+02
1.498502470379980078e+00	1.167854825145814743e+02
1.504785752051182701e+00	1.162227543339432572e+02
1.511075991894575976e+00	1.161717016574482528e+02
1.517361634985162189e+00	1.156501798469878963e+02
1.523648570969130533e+00	1.146691888518567595e+02
1.529938035715892264e+00	1.143591882498923553e+02
1.536230176913891965e+00	1.142802579460072536e+02
1.542510718779388279e+00	1.140109785101677886e+02
1.548783963082980275e+00	1.132463506242913667e+02
1.555073069779651318e+00	1.127246096517797014e+02
1.561357324927233892e+00	1.123640363644467612e+02
1.567629121053141006e+00	1.116696835403373314e+02
1.573913697404382583e+00	1.117449527401299036e+02
1.580203545230874029e+00	1.111003512961254245e+02
1.586485393434537983e+00	1.103485039747436502e+02
1.592760014263005841e+00	1.103801396098395884e+02
1.599046436394670812e+00	1.098195860098510082e+02
1.605342136637478934e+00	1.094940618466413298e+02
1.611619860919608627e+00	1.090726102237510844e+02
1.617897597081673799e+00	1.084883371228532383e+02
1.624183235481122756e+00	1.080790289140603022e+02
1.630464598531913722e+00	1.075139479626580510e+02
1.636748985747638274e+00	1.076270160316400819e+02
1.643030923698886259e+00	1.067737938184351663e+02
1.649309176648513064e+00	1.066663687786458894e+02
1.655593633940351861e+00	1.062873649706964727e+02
1.661879571405086464e+00	1.059313910013862738e+02
1.668169361685170271e+00	1.054359252141316148e+02
1.674450151530487485e+00	1.052364993298280496e+02
1.680722718978495900e+00	1.051191970014279633e+02
1.687013891340952476e+00	1.045810766099520066e+02
1.693308984907921033e+00	1.040806213739176371e+02
1.699582147428448486e+00	1.039484434683277954e+02
1.705863747055134105e+00	1.035171934467341828e+02
1.712154434283889470e+00	1.029553374166234505e+02
1.718438381579399321e+00	1.026585555242164816e+02
1.724721264464063930e+00	1.023435667792920611e+02
1.730997441276920679e+00	1.019470307785917527e+02
1.737287073528269499e+00	1.014422781965297133e+02
1.743567991878527401e+00	1.011765611728369834e+02
1.749840680212231048e+00	1.006662411639712218e+02
1.756128549091961144e+00	1.006370551910537472e+02
1.762413535324792502e+00	1.000533683859524245e+02
1.768696187669963837e+00	9.943511636300223699e+01
1.774979359379055266e+00	9.943182979906120522e+01
1.781265555576432957e+00	9.893536797382922998e+01
1.787549427830244619e+00	9.879496088597342407e+01
1.793834120011633004e+00	9.835580841437506194e+01
1.800115051552487300e+00	9.784884385531712780e+01
1.806393904854530330e+00	9.787761313538254626e+01
1.812674089667083432e+00	9.735425819432278161e+01
1.818956920109354058e+00	9.690660345376407747e+01
1.825244164118212220e+00	9.641732514048928238e+01
1.831527256642196955e+00	9.607605681048002566e+01
1.837811294935716599e+00	9.620005972837056163e+01
1.844100717411196744e+00	9.592861399569653713e+01
1.850384816792487230e+00	9.533507662604768029e+01
1.856666059735203822e+00	9.503217699669046681e+01
1.862947728675613979e+00	9.478673623999701192e+01
1.869229324466858078e+00	9.443923417453751767e+01
1.875517616802973686e+00	9.409133482214933508e+01
1.881800769033795229e+00	9.366217210951225525e+01
1.888078863416442710e+00	9.343961029430401766e+01
1.894353975182237582e+00	9.296354400401460794e+01
1.900642716154182565e+00	9.281358715784610069e+01
1.906933494748685121e+00	9.241004623256331740e+01
1.913207568676573933e+00	9.228903985508559060e+01
1.919490884732178992e+00	9.197559306440969351e+01
1.925776855684274480e+00	9.141155443712318629e+01
1.932064452961978152e+00	9.130905520809365328e+01
1.938342610030488800e+00	9.094833854506120474e+01
1.944618341543410178e+00	9.091173140419613219e+01
1.950906260203513876e+00	9.032816296541327006e+01
1.957194556613796488e+00	9.016209990519242012e+01
1.963479614559011432e+00	8.983759358364835634e+01
1.969760361532916226e+00	8.929942909737019363e+01
1.976048367034604736e+00	8.913305590869211414e+01
1.982337990217652335e+00	8.899050358477182954e+01
1.988617489259562721e+00	8.877857013601030189e+01
1.994896320665194178e+00	8.837375535208984445e+01
2.001179596222827151e+00	8.815246515373722502e+01
2.007459756923499761e+00	8.777627149862101419e+01
2.013737397779169935e+00	8.771343180360993586e+01
2.020017234677497164e+00	8.744556160398801126e+01
2.026310251015072783e+00	8.690671426867335470e+01
2.032600542948020284e+00	8.679890760736795130e+01
2.038873863192099289e+00	8.642296261252735690e+01
2.045154087821675404e+00	8.597001289714627603e+01
2.051444704514288730e+00	8.582308462473434929e+01
2.057730430280644729e+00	8.552880271673177504e+01
2.064013940455224461e+00	8.530126356246258013e+01
2.070299891179459895e+00	8.507913089573369803e+01
2.076589719964883951e+00	8.474963804509242493e+01
2.082865483794470673e+00	8.450733378714240018e+01
2.089134494859368640e+00	8.416185927043918014e+01
2.095424211360070288e+00	8.383709748146725360e+01
2.101707116664804254e+00	8.374009872184585390e+01
2.107986473933564309e+00	8.363025347514151520e+01
2.114271806543862375e+00	8.318847728521832607e+01
2.120552717288892275e+00	8.276255787212950565e+01
2.126836933207161717e+00	8.279819137103655180e+01
2.133122044791171845e+00	8.232343052840364805e+01
2.139411711910842673e+00	8.222490558985653308e+01
2.145697076775292089e+00	8.183134144340040450e+01
2.151973548606471276e+00	8.175202039021228018e+01
2.158259913555724108e+00	8.151469084467721871e+01
2.164545396699105506e+00	8.148902741219464474e+01
2.170830700377734068e+00	8.109053513258817247e+01
2.177114138849150393e+00	8.069041200338145359e+01
2.183387647576827018e+00	8.043826771219541172e+01
2.189670273687676971e+00	8.027114115892884172e+01
2.195960147934207463e+00	8.022394306336433090e+01
2.202242556317716371e+00	7.973933207931689537e+01
2.208521655981037668e+00	7.946548451010005465e+01
2.214804637081333016e+00	7.922269706087308805e+01
2.221092583349425276e+00	7.920056131929909782e+01
2.227372893591468728e+00	7.898115662924621461e+01
2.233657161144248171e+00	7.856718178885166992e+01
2.239943485394438660e+00	7.843050517698937085e+01
2.246224175264620815e+00	7.826567520276120149e+01
2.252506378421252009e+00	7.798119647761923545e+01
2.258783417054270437e+00	7.785087429576830687e+01
2.265069077371457684e+00	7.744627874678785417e+01
2.271350377044131452e+00	7.723570056154702002e+01
2.277633995145353918e+00	7.706983699987830505e+01
2.283922419579920149e+00	7.688490324836040202e+01
2.290202874392252674e+00	7.677671424678960932e+01
2.296490779970905560e+00	7.623212834858900067e+01
2.302771769934229162e+00	7.624313219700020738e+01
2.309051364164305564e+00	7.595119861498773162e+01
2.315338502539088239e+00	7.574898157414831701e+01
2.321627336503874428e+00	7.532778671956521066e+01
2.327911878297218795e+00	7.541398335502339023e+01
2.334186238580297168e+00	7.520073893356693873e+01
2.340467971862688401e+00	7.481860930614979566e+01
2.346756940970738725e+00	7.482252437008197887e+01
2.353044444556199988e+00	7.443211650854269124e+01
2.359327653314069906e+00	7.425674964975006276e+01
2.365603048789861607e+00	7.412409263473124099e+01
2.371885911737665165e+00	7.397695400521897113e+01
2.378173303594019572e+00	7.371964150306315844e+01
2.384454016539381271e+00	7.358693012105348430e+01
2.390736447344785187e+00	7.319019367495931760e+01
2.397014133897952259e+00	7.297283776434466063e+01
2.403295490074321972e+00	7.288213361174044280e+01
2.409585049672506862e+00	7.267159491257341131e+01
2.415871703165322071e+00	7.260186687233517944e+01
2.422160652369088840e+00	7.238031009301684549e+01
2.428440167222748691e+00	7.212159095976952017e+01
2.434717472383889803e+00	7.203875523874381770e+01
2.441002456202044257e+00	7.180895447847379387e+01
2.447289980304530488e+00	7.160004182537046802e+01
2.453571844729242279e+00	7.127730164742430929e+01
2.459852705114058846e+00	7.117832741386924056e+01
2.466139233225018934e+00	7.108733689543342393e+01
2.472421963421291391e+00	7.085306133165258302e+01
2.478698519174224568e+00	7.070608759898689755e+01
2.484980841400355800e+00	7.057172418365728106e+01
2.491269319409339822e+00	7.034338427956332396e+01
2.497548505139029373e+00	7.012278931683722760e+01
2.503831667172610853e+00	6.998302348958296193e+01
2.510117938323931153e+00	6.978274682193260503e+01
2.516400733681277480e+00	6.964054465557903484e+01
2.522688226833368130e+00	6.954656573517492291e+01
2.528971695852665569e+00	6.941471660952139189e+01
2.535252039407670299e+00	6.918969482457740128e+01
2.541537514142774512e+00	6.912871888067979853e+01
2.547823008847572179e+00	6.898046332512281253e+01
2.554100666580690238e+00	6.875002181049245564e+01
2.560376788884177301e+00	6.854723024005335219e+01
2.566667521601497359e+00	6.836853226045569443e+01
2.572955062237090473e+00	6.834357880737859148e+01
2.579233771797999175e+00	6.812606977801111441e+01
2.585520164300948220e+00	6.789198898427858353e+01
2.591805130332431872e+00	6.771636482114500666e+01
2.598084074692260881e+00	6.764322418482791477e+01
2.604360404197643586e+00	6.749172275549891253e+01
2.610647185140439142e+00	6.729316811938292631e+01
2.616931864059273138e+00	6.729071654900450028e+01
2.623206107911065565e+00	6.699283165272156282e+01
2.629491626543270844e+00	6.695658308927065150e+01
2.635778507982642349e+00	6.681828430625819237e+01
2.642061039325260818e+00	6.664527982329803990e+01
2.648343840729305843e+00	6.648530023862795701e+01
2.654631838974855551e+00	6.640978649538999434e+01
2.660919001246303761e+00	6.615814267184978803e+01
2.667198525130066056e+00	6.611561692629771869e+01
2.673484307038032526e+00	6.598514598828278110e+01
2.679773388053849459e+00	6.594666253655327637e+01
2.686058217632288692e+00	6.571273365846221282e+01
2.692338738200057868e+00	6.560087306186919420e+01
2.698618022887226964e+00	6.557058866976480260e+01
2.704895450708277860e+00	6.531485653059989716e+01
2.711175674923682166e+00	6.531700200505443377e+01
2.717459832966957922e+00	6.509042896437607340e+01
2.723745731959044569e+00	6.504839969928312371e+01
2.730038414850594730e+00	6.496949270099275964e+01
2.736317989800789441e+00	6.473144908464071534e+01
2.742591858549239703e+00	6.458836064351936557e+01
2.748879749010778362e+00	6.455095530586417851e+01
2.755163403825859447e+00	6.452950188325544900e+01
2.761446955625852073e+00	6.434929259296561099e+01
2.767732088935374701e+00	6.432210996487812338e+01
2.774015452421743966e+00	6.421858033255148257e+01
2.780298635700591436e+00	6.421326270068657038e+01
2.786577474762241380e+00	6.394995817959840423e+01
2.792857983210164541e+00	6.386093505957269656e+01
2.799143790920211483e+00	6.386971484666886312e+01
2.805430058399325244e+00	6.372505110535713158e+01
2.811715058209780072e+00	6.369941353616734148e+01
2.817989272498773623e+00	6.361163296707313464e+01
2.824269171595737760e+00	6.350989558109319688e+01
2.830563016441804081e+00	6.339910924445891993e+01
2.836848750951622034e+00	6.327230376980339344e+01
2.843130027866129783e+00	6.322423260363586195e+01
2.849413896912404986e+00	6.316180269751023246e+01
2.855697464522425566e+00	6.302695278365897025e+01
2.861978799810683594e+00	6.305196612636701303e+01
2.868262469415629567e+00	6.292166984142265562e+01
2.874547359206753860e+00	6.289996233119134672e+01
2.880831111471525041e+00	6.274955611324821803e+01
2.887113216972382546e+00	6.265924963910260459e+01
2.893394504725182781e+00	6.266250751386446893e+01
2.899673662137033592e+00	6.269106214273882927e+01
2.905953958587380814e+00	6.253049074442876076e+01
2.912241118105161064e+00	6.253318358737357840e+01
2.918525996366671205e+00	6.253959606476106359e+01
2.924809035425688819e+00	6.250938089283845756e+01
2.931095916293684933e+00	6.234426372494020541e+01
2.937378182606774413e+00	6.228451745140668550e+01
2.943659980254369923e+00	6.229039858046725442e+01
2.949946454403890250e+00	6.229979337443821663e+01
2.956227653702202307e+00	6.228404897023924036e+01
2.962510478867462993e+00	6.224149221168255508e+01
2.968796535179442309e+00	6.225468445168527154e+01
2.975077657376874907e+00	6.218354005445128507e+01
2.981359866759223376e+00	6.211114351133159062e+01
2.987646761575656562e+00	6.213119122385705140e+01
2.993929038370399365e+00	6.201231323709524190e+01
3.000206214840962726e+00	6.206078237020319222e+01
3.006486172402415669e+00	6.196681145174030547e+01
3.012769812211594456e+00	6.213538794829660361e+01
3.019053144326170113e+00	6.198081968623558424e+01
3.025337405144251424e+00	6.191967499005183839e+01
3.031623734799107961e+00	6.210695425621940302e+01
3.037908962055872575e+00	6.205979387602777564e+01
3.044195067146031608e+00	6.204403700366682983e+01
3.050475543482170426e+00	6.206007754157180045e+01
3.056754954538277502e+00	6.208329715362998513e+01
3.063040539557494668e+00	6.211059761491436859e+01
3.069323699454357346e+00	6.194109352301163085e+01
3.075610692642898769e+00	6.209805845722961948e+01
3.081893798009918584e+00	6.215404497148678331e+01
3.088174549548037717e+00	6.206909356573274295e+01
3.094458635632868493e+00	6.223287556193847081e+01
3.100743982931558840e+00	6.220004697111173897e+01
3.107028111748448396e+00	6.223152634592531740e+01
3.113309299655494300e+00	6.226765564022489485e+01
3.119590662867241626e+00	6.232691754868287859e+01
3.125874006820172912e+00	6.228787773186526522e+01
3.132159251154602586e+00	6.247205489757123331e+01
3.138439172765940643e+00	6.247133723321937282e+01
3.144723867719826593e+00	6.253237517367987408e+01
3.151003951258561031e+00	6.253069006936993901e+01
3.157283664131563139e+00	6.264065700364972855e+01
3.163569317183839935e+00	6.268495650870933389e+01
3.169851661717792091e+00	6.273796038321282253e+01
3.176137704316093657e+00	6.278326738603025348e+01
3.182420924828643916e+00	6.291208668958547889e+01
3.188702811875577581e+00	6.297184610706976571e+01
3.194990520008989865e+00	6.317483063459808790e+01
3.201275324656983834e+00	6.317730096724636724e+01
3.207551352179861759e+00	6.324149334613497331e+01
3.213835216737041645e+00	6.342719067423679746e+01
3.220122579819103770e+00	6.331612863693219140e+01
3.226406606618656525e+00	6.319647031978012564e+01
3.232687390085645429e+00	6.309329911782528200e+01
3.238969121280456331e+00	6.302615055507021680e+01
3.245254751548589667e+00	6.293224535990874813e+01
3.251534499036136783e+00	6.271414777269110630e+01
3.257817780791052442e+00	6.267601134896984405e+01
3.264102164154097263e+00	6.243610773018470894e+01
3.270384152138468892e+00	6.244162204613842704e+01
3.276669427476867735e+00	6.234873983054803404e+01
3.282954688864507808e+00	6.215741290883568126e+01
3.289237200334947264e+00	6.215304695046205552e+01
3.295519587088236779e+00	6.207962578154980804e+01
3.301805977329951958e+00	6.193362369238280962e+01
3.308087486222440088e+00	6.183751177471539506e+01
3.314367630234227313e+00	6.169214739742005804e+01
3.320651909732194262e+00	6.163030595789342669e+01
3.326931260376857047e+00	6.154755506654537101e+01
3.333216512447217728e+00	6.139453910887226584e+01
3.339504489419978128e+00	6.141399431657158914e+01
3.345786804809928405e+00	6.125644775917283624e+01
3.352071130016277767e+00	6.116153630120665241e+01
3.358351496304225581e+00	6.111888295811760230e+01
3.364630591073392019e+00	6.103806133471617557e+01
3.370916305215045483e+00	6.093674004598100424e+01
3.377197952029413752e+00	6.089776508016512224e+01
3.383483063818085501e+00	6.074634094295414144e+01
3.389769992424469969e+00	6.062119856991336064e+01
3.396051330885982100e+00	6.061873922772755918e+01
3.402330879139463971e+00	6.052629332974214549e+01
3.408610488352048495e+00	6.035396880014078391e+01
3.414897837696641236e+00	6.037083715203482370e+01
3.421180484052105619e+00	6.025717266920708681e+01
3.427461639653846870e+00	6.017184682244808158e+01
3.433749159643459059e+00	6.013999397147834713e+01
3.440032646656798310e+00	5.993742775155745051e+01
3.446313366033385339e+00	5.999651188265681157e+01
3.452600135384134905e+00	5.990142835577903924e+01
3.458883152815406703e+00	5.985335331657063307e+01
3.465163834403715448e+00	5.983096100578571708e+01
3.471449329786229221e+00	5.975505314342410657e+01
3.477734476754053894e+00	5.962003919754317849e+01
3.484019652467224226e+00	5.951802591831676637e+01
3.490297019369712928e+00	5.948223041605386641e+01
3.496582486484379970e+00	5.946288122233129059e+01
3.502868048046865024e+00	5.942245558943680805e+01
3.509144649545451244e+00	5.939355543719356945e+01
3.515428082003116295e+00	5.935336221402366874e+01
3.521711031624695565e+00	5.921780618283455055e+01
3.527991850954735664e+00	5.919981982762732287e+01
3.534275545726699885e+00	5.915351098151668907e+01
3.540562632020772149e+00	5.902698185754944404e+01
3.546844410757220789e+00	5.896809751307416292e+01
3.553131386753758836e+00	5.888239421719395494e+01
3.559419203211965144e+00	5.900139148922008303e+01
3.565697971577579839e+00	5.889407604416976483e+01
3.571979559134798254e+00	5.890831926557419962e+01
3.578265774595833726e+00	5.880841433656907213e+01
3.584548309769353125e+00	5.867853437959210794e+01
3.590826843920031486e+00	5.875484915220324922e+01
3.597107306745233934e+00	5.856434992152020413e+01
3.603392831792229245e+00	5.863965359468770799e+01
3.609673209822572559e+00	5.860156285923274311e+01
3.615955412133016189e+00	5.859965899318412852e+01
3.622241607772384686e+00	5.852631101773914679e+01
3.628520252736676444e+00	5.849044546373391995e+01
3.634804827569451113e+00	5.837811806126981651e+01
3.641094981788862928e+00	5.841696520525489689e+01
3.647383514928639325e+00	5.836599513102962788e+01
3.653663283927725658e+00	5.825916658368649337e+01
3.659943504072155296e+00	5.829274194635511464e+01
3.666232000281138603e+00	5.824022289909336081e+01
3.672514211678317597e+00	5.823050032260049136e+01
3.678794154686042539e+00	5.819558463733032738e+01
3.685078621861909820e+00	5.816853889497424035e+01
3.691359210097977961e+00	5.824295194172211154e+01
3.697642368173791105e+00	5.825350209156879799e+01
3.703925796735277665e+00	5.808865235458011256e+01
3.710208240364660348e+00	5.806421772615782828e+01
3.716494593122387169e+00	5.804919068814815830e+01
3.722775386659595398e+00	5.812754121854043632e+01
3.729058392883481510e+00	5.801410489204372567e+01
3.735339748210807720e+00	5.801158070421706014e+01
3.741620776392969638e+00	5.807582234713169100e+01
3.747904795418762980e+00	5.804135780884617901e+01
3.754190633281219380e+00	5.803313281033054949e+01
3.760478208018912749e+00	5.801749937472007446e+01
3.766755538573464346e+00	5.799380009246446122e+01
3.773032090135151506e+00	5.805917896953319257e+01
3.779322553012896879e+00	5.797514998977610645e+01
3.785609109731308930e+00	5.793676173774574067e+01
3.791889825936295200e+00	5.805666752785881357e+01
3.798174822702435893e+00	5.800709490022695292e+01
3.804458658753491651e+00	5.797566455785900530e+01
3.810738438095723435e+00	5.804650192565525657e+01
3.817018850285747167e+00	5.802154695038726118e+01
3.823305314209427763e+00	5.806274853107012746e+01
3.829591295197792178e+00	5.800155021670585853e+01
3.835872296070849341e+00	5.804502938619782526e+01
3.842156279590906109e+00	5.804455313255279947e+01
3.848441511099312429e+00	5.809737448588042241e+01
3.854723334376886079e+00	5.810134773016584830e+01
3.861004740704794713e+00	5.804320291228411577e+01
3.867284336650660848e+00	5.803481596545142907e+01
3.873567367678779849e+00	5.812025087939561985e+01
3.879850662830422792e+00	5.807806836392653338e+01
3.886137063198143338e+00	5.811532490985734256e+01
3.892419463049126005e+00	5.817441428174616647e+01
3.898703740328622658e+00	5.813849817437262857e+01
3.904991458788179326e+00	5.825122993099148516e+01
3.911270842222104083e+00	5.819473727500658100e+01
3.917549806479573071e+00	5.835151652012839918e+01
3.923836006203090587e+00	5.837989697583414994e+01
3.930121452497870926e+00	5.825908367563199874e+01
3.936398172858230460e+00	5.841755024696163190e+01
3.942683040425962293e+00	5.846451849507171517e+01
3.948974759704379611e+00	5.849861725945256552e+01
3.955259227995065352e+00	5.846712765703662740e+01
3.961537174921395454e+00	5.861037199979858059e+01
3.967820217617139544e+00	5.865652323860118145e+01
3.974105559832568968e+00	5.871461497746388147e+01
3.980384727931198352e+00	5.874883160540673543e+01
3.986664590839849698e+00	5.881716027317855122e+01
3.992949619150675034e+00	5.886045035426920435e+01
3.999235075769965952e+00	5.896874041133294497e+01
4.005515715515433506e+00	5.892092144540309562e+01
4.011798434346478537e+00	5.899287675136037734e+01
4.018083716245132386e+00	5.901506012614822083e+01
4.024365700052603856e+00	5.917890237394782815e+01
4.030643960839860540e+00	5.922380948458659589e+01
4.036928708926215137e+00	5.928845499212486914e+01
4.043218157412017177e+00	5.914580635085361848e+01
4.049503019487663558e+00	5.937444613713044816e+01
4.055781898960511000e+00	5.958402786153008890e+01
4.062060795621602161e+00	5.951144318671870082e+01
4.068347865354716042e+00	5.967960897789733821e+01
4.074631027173265529e+00	5.973645949958351054e+01
4.080910837526078971e+00	5.970885126729466208e+01
4.087201203341442657e+00	5.992913445041060783e+01
4.093486818591942189e+00	6.002482499493211776e+01
4.099764387336505500e+00	6.003991598383273498e+01
4.106049166937662420e+00	6.024664211379511158e+01
4.112334559041358695e+00	6.020163643472155712e+01
4.118618926059533614e+00	6.037924001017891129e+01
4.124898942031112625e+00	6.053356686645323492e+01
4.131175432561665417e+00	6.058016829791063884e+01
4.137461563786142271e+00	6.068517987912375133e+01
4.143746006210170307e+00	6.087339984104897184e+01
4.150029800482964326e+00	6.102176604471048904e+01
4.156313390684649001e+00	6.095461171552225466e+01
4.162596105843763716e+00	6.131635508053395256e+01
4.168881843141768684e+00	6.136491574436022489e+01
4.175162111073220217e+00	6.131993140005592124e+01
4.181448573417560155e+00	6.148443801665735009e+01
4.187738782464171194e+00	6.174373470624966842e+01
4.194017437180169061e+00	6.176473846978030480e+01
4.200293572701767175e+00	6.181223245221418239e+01
4.206580195481546269e+00	6.218039346106957765e+01
4.212860644652220543e+00	6.203673361348906212e+01
4.219138153430114002e+00	6.231432045417702170e+01
4.225426162098283811e+00	6.232752876696171285e+01
4.231713506719782636e+00	6.259222007330239279e+01
4.237990056577191744e+00	6.263425433672182407e+01
4.244267783646744618e+00	6.283285200333948950e+01
4.250560660182562955e+00	6.304376343067529831e+01
4.256847734842668096e+00	6.304188548346190402e+01
4.263127100734456221e+00	6.324364745066141325e+01
4.269406860432507500e+00	6.335950288758886018e+01
4.275691671482192646e+00	6.359453163583024349e+01
4.281972414189518794e+00	6.372048919939230416e+01
4.288253516806755705e+00	6.390972395909983561e+01
4.294540520160492925e+00	6.402676413399490229e+01
4.300825742921731809e+00	6.413371813687416534e+01
4.307109835491901961e+00	6.416497201248466808e+01
4.313390926478413157e+00	6.456856618368041723e+01
4.319667979480563247e+00	6.437674176759884404e+01
4.325952598143786076e+00	6.495063081590492970e+01
4.332241647035422361e+00	6.514774762669584618e+01
4.338524445619096781e+00	6.519420998673349743e+01
4.344809348131129845e+00	6.531696669446111514e+01
4.351090699193166600e+00	6.546402441064569189e+01
4.357369710808320029e+00	6.595443201939193045e+01
4.363659348967174445e+00	6.572881905762773158e+01
4.369947418280990981e+00	6.591960824436026201e+01
4.376226569265827315e+00	6.610058563674149923e+01
4.382499356631129217e+00	6.621606888211063335e+01
4.388784975178015024e+00	6.640925935500747812e+01
4.395068696309480494e+00	6.648508188782909656e+01
4.401347962382031298e+00	6.692629694016348196e+01
4.407628405096517099e+00	6.668814460876099304e+01
4.413915862185140426e+00	6.678053178309502869e+01
4.420203163534264235e+00	6.715278677175494693e+01
4.426480311003382795e+00	6.700032780104972119e+01
4.432765973643649104e+00	6.762702846733552065e+01
4.439053392023870614e+00	6.759744615770433995e+01
4.445336141335588742e+00	6.780635138183701827e+01
4.451617241414883352e+00	6.779952153527209191e+01
4.457901500730311106e+00	6.771590608043185000e+01
4.464189501093017043e+00	6.789411715099048195e+01
4.470470197548729985e+00	6.778955624871299790e+01
4.476748044268524573e+00	6.823888266389846535e+01
4.483035990164653484e+00	6.821164223325882858e+01
4.489323331650528104e+00	6.840438440280081522e+01
4.495599111667934800e+00	6.835797851704660388e+01
4.501870922878794090e+00	6.822944617367616615e+01
4.508155162877705457e+00	6.845942947988443450e+01
4.514446451153479423e+00	6.845071225059875530e+01
4.520723894043856994e+00	6.841494957274754540e+01
4.527003782460155890e+00	6.817467713529102014e+01
4.533293086610313161e+00	6.820801713403885458e+01
4.539578989864040182e+00	6.820344220287719850e+01
4.545857164866476730e+00	6.796603604766433193e+01
4.552138955546025656e+00	6.793642421248524954e+01
4.558432046889146605e+00	6.753964516480262148e+01
4.564713463378488711e+00	6.794858186087209617e+01
4.570987274133244682e+00	6.770049446194471443e+01
4.577274818151045643e+00	6.754761984894277305e+01
4.583563263889338657e+00	6.776175556236722741e+01
4.589844917004465508e+00	6.783640913205353229e+01
4.596126259982004747e+00	6.746908048207458819e+01
4.602409075598298926e+00	6.779641380417194796e+01
4.608696634867644804e+00	6.782271610386960958e+01
4.614977646498861219e+00	6.781395420652212636e+01
4.621258953029527383e+00	6.785176581218271963e+01
4.627547993978874175e+00	6.811432197172648273e+01
4.633830152730579854e+00	6.774714190574667327e+01
4.640104005367354567e+00	6.804603270450874675e+01
4.646382060386754276e+00	6.804572729279469456e+01
4.652674213731970987e+00	6.815468963289521298e+01
4.658958291796220230e+00	6.844663475784760465e+01
4.665233615070169648e+00	6.832265948735488337e+01
4.671520675710307380e+00	6.829709573549816071e+01
4.677814351732177300e+00	6.879074065391428405e+01
4.684093699744638073e+00	6.882047400687780225e+01
4.690368661472568590e+00	6.880611454688573758e+01
4.696663270746453733e+00	6.900989378884378311e+01
4.702945459248681459e+00	6.902152992379349428e+01
4.709209170841929470e+00	6.899219734936433213e+01
4.715491634753063543e+00	6.961118323095992366e+01
4.721784316284933780e+00	6.921793242959573433e+01
4.728063062331094635e+00	6.973381691679720973e+01
4.734337423381671073e+00	6.974993303484779972e+01
4.740627024094544062e+00	6.968821852162115249e+01
4.746914995664547554e+00	6.972051983963623911e+01
4.753194740071086777e+00	7.024700846672136834e+01
4.759478891864783456e+00	7.011967693478602826e+01
4.765762396877359031e+00	7.070631412741742849e+01
4.772049481246195768e+00	7.065425933290487137e+01
4.778335091022592351e+00	7.073121219711354968e+01
4.784610831402393849e+00	7.069232601632548096e+01
4.790907306208476157e+00	7.126742241463811922e+01
4.797204047706418173e+00	7.133837326127991219e+01
4.803470827697504220e+00	7.144593065411324062e+01
4.809748850577324042e+00	7.149992726730386039e+01
4.816045316586602176e+00	7.175168479281886391e+01
4.822329240673497885e+00	7.187541412926601936e+01
4.828596758226470165e+00	7.234508007114864370e+01
4.834890332961369275e+00	7.239107946990151277e+01
4.841191655056394261e+00	7.269502696553108478e+01
4.847460407468000554e+00	7.287661666633493951e+01
4.853732128521334843e+00	7.295019914503255620e+01
4.860029138783373170e+00	7.301467900376293585e+01
4.866314601732018019e+00	7.388408173615528085e+01
4.872587026269203925e+00	7.429933626891988752e+01
4.878874221748241702e+00	7.433910117906752646e+01
4.885171078138658807e+00	7.452265241901785942e+01
4.891450629931857641e+00	7.484938045813207452e+01
4.897716482750221978e+00	7.542517552417344007e+01
4.904002834596266069e+00	7.524667127660858057e+01
4.910295858205786068e+00	7.565590156913390274e+01
4.916575188115905881e+00	7.595433003137449646e+01
4.922847946197084212e+00	7.577458768678782519e+01
4.929131667457151700e+00	7.653667878305206784e+01
4.935434460144239033e+00	7.666477552236160875e+01
4.941718513303545279e+00	7.705553722397745275e+01
4.947978624761803168e+00	7.765417830823230361e+01
4.954274999209829389e+00	7.766972061929918425e+01
4.960571094729937514e+00	7.846044253678007863e+01
4.966823207626954506e+00	7.851800876814198205e+01
4.973097418390337587e+00	7.913495905546196241e+01
4.979415129936382023e+00	7.918476091459848476e+01
4.985702082330368157e+00	7.969763558800610781e+01
4.991949985828016523e+00	8.012896086624427028e+01
4.998241586316924057e+00	8.039193383365807222e+01
5.004556635606089543e+00	8.081653110640790771e+01
5.010828655701208945e+00	8.080823612804036316e+01
5.017077229702536556e+00	8.125042737387009595e+01
5.023374414758113637e+00	8.135628990498040025e+01
5.029688873569548413e+00	8.171844339583770989e+01
5.035958413584124216e+00	8.286562070398380797e+01
5.042232667658486989e+00	8.340666462403164871e+01
5.048528755870775875e+00	8.378485549382644137e+01
5.054821121427484520e+00	8.428996605766958794e+01
5.061069509814582368e+00	8.443380429269568310e+01
5.067347812754101177e+00	8.505287076495736187e+01
5.073675050630431116e+00	8.564497739046819902e+01
5.079945928388977627e+00	8.565381063868217382e+01
5.086192992546071601e+00	8.654599647106117288e+01
5.092484128970163226e+00	8.735430711951816818e+01
5.098802924706086870e+00	8.757093371482417865e+01
5.105078217426394005e+00	8.790246804089179022e+01
5.111325076574067872e+00	8.810735754924829166e+01
5.117628358851224135e+00	8.834667963830789006e+01
5.123935939383525984e+00	8.918543701920718547e+01
5.130199176325612065e+00	9.054833298153477017e+01
5.136469985878846956e+00	9.110980087656197668e+01
5.142797788696348071e+00	9.170669059383040178e+01
5.149090378043822192e+00	9.189358543025643655e+01
5.155289879840074363e+00	9.285384304840562208e+01
5.161564521234301317e+00	9.298790590968810932e+01
5.167916673496016244e+00	9.414891500696771232e+01
5.174205974602950064e+00	9.462041196161570156e+01
5.180434820793812456e+00	9.522836209797262086e+01
5.186729096569634656e+00	9.612537897637341189e+01
5.193058481037780894e+00	9.760091022176939646e+01
5.199319511444338460e+00	9.751459311368213889e+01
5.205574295584361799e+00	9.829415418120822778e+01
5.211894977074066126e+00	9.927397491624846282e+01
5.218201708336958511e+00	9.938677189780628396e+01
5.224411911780083351e+00	9.926742702393229933e+01
5.230677632666463239e+00	1.018316234431625560e+02
5.237056729559757429e+00	1.027634380451940075e+02
5.243336785035660697e+00	1.032925250042876684e+02
5.249493476178225038e+00	1.037192096921333189e+02
5.255787017738318134e+00	1.043260438601147797e+02
5.262205327426889845e+00	1.066124637866297036e+02
5.268477758348532269e+00	1.078658111243737068e+02
5.274632213654732560e+00	1.066180318294342300e+02
5.280950543314659740e+00	1.089845002544032866e+02
5.287327645024750389e+00	1.095938141938527508e+02
5.293582359180156516e+00	1.107890835286226121e+02
5.299789992649893478e+00	1.118749754926598854e+02
5.306111460381987222e+00	1.127816076766284255e+02
5.312452717892129250e+00	1.140834576573490722e+02
5.318650122853046724e+00	1.130156210758684097e+02
5.324923043129819789e+00	1.166123479347310479e+02
5.331330237158205421e+00	1.179289120705974767e+02
5.337586726886338617e+00	1.176982507137017393e+02
5.343685192440848830e+00	1.181393871907813633e+02
5.350070659715249199e+00	1.207832523364501043e+02
5.356556762554878226e+00	1.221808131474084433e+02
5.362691868684501095e+00	1.223410699869503020e+02
5.368769208912516966e+00	1.217199557366663072e+02
5.375270137997677722e+00	1.255309246460065680e+02
5.381769983045385786e+00	1.269071215707334801e+02
5.387701030372958222e+00	1.265596194253722331e+02
5.393786668001271600e+00	1.294221932237827275e+02
5.400446161099396569e+00	1.271301075315494842e+02
5.406957063684501463e+00	1.317111434754483525e+02
5.412655672453426270e+00	1.318831349314457668e+02
5.418821279260546575e+00	1.335569182384308817e+02
5.425690594366304076e+00	1.355195138144154328e+02
5.432217487502165376e+00	1.369518829540455727e+02
5.437649811577258241e+00	1.392320301533040947e+02
5.443914404015878006e+00	1.399329348042331844e+02
5.450953501686320202e+00	1.423301159788441907e+02
5.457483690405861232e+00	1.447212189097964199e+02
5.462715250135157241e+00	1.470399881071161587e+02
5.469033575551323523e+00	1.471490989367422912e+02
5.476177730420278778e+00	1.518791365625629339e+02
5.482708935702562236e+00	1.422559837558272307e+02
5.487722405008360838e+00	1.540717844362156086e+02
5.494194284996126498e+00	1.564738117509812412e+02
5.501391471009256406e+00	1.614295886795274555e+02
5.507128202673079009e+00	1.600754992695558201e+02
5.512278020050448646e+00	1.578069904188996304e+02
5.519395563377015534e+00	1.534503603312345206e+02
5.526598678609708770e+00	1.649652894150646034e+02
5.532162682462509196e+00	1.711352493684895819e+02
5.537397124017139127e+00	1.627087427113978322e+02
5.544582756485218589e+00	1.645871143428871619e+02
5.551739327507637434e+00	1.738900445062234610e+02
5.557493306674907707e+00	2.288049418991564039e+02
5.562281709102816940e+00	2.249320382319529301e+02
5.569272720323164449e+00	4.876922899607282602e+01
