8.899641224696953554e-03	5.462486638410759042e+03
1.507912216506557788e-02	4.827081725447556892e+03
2.144790186456836667e-02	6.501078999271283465e+03
2.783660776489276650e-02	6.645188640282572123e+03
3.435099785803411021e-02	6.397704632094338194e+03
4.047886761425745911e-02	7.112396742296745288e+03
4.676716683575679601e-02	6.750754428307143826e+03
5.308225101765951665e-02	6.530637877203611424e+03
5.945362440940590160e-02	6.063854076881144465e+03
6.576224814588792211e-02	5.936337545618257536e+03
7.196632906698736953e-02	5.679578875502858864e+03
7.827860915688347743e-02	5.457579727094715054e+03
8.470398945834539672e-02	5.518753098180172856e+03
9.096854620527369817e-02	5.205569906440168779e+03
9.720789776830213169e-02	4.926617302656150969e+03
1.034763038959366499e-01	4.437436640362810067e+03
1.097576444254559219e-01	4.122647368676784026e+03
1.160543084780093354e-01	3.930421386112210712e+03
1.223669666537485351e-01	3.630709728523567264e+03
1.286817263090294094e-01	3.586183702839849957e+03
1.349500801664080818e-01	3.495161227471190614e+03
1.411949558842147678e-01	3.296739849315960328e+03
1.475133575747468451e-01	3.171413319080083511e+03
1.537865074252268427e-01	3.170193493007832330e+03
1.600657544051110326e-01	2.889123638157720961e+03
1.663991168687080635e-01	2.859793900922737521e+03
1.727195645776442856e-01	2.612190777991196228e+03
1.789765213377084718e-01	2.601420266908593931e+03
1.852353690647852158e-01	2.442267914648596616e+03
1.914806787341157279e-01	2.345656921611773214e+03
1.977889868651535599e-01	2.284912425535597777e+03
2.040937735447724277e-01	2.216790590791376871e+03
2.103939302609846018e-01	2.154200528625126481e+03
2.166909709822301688e-01	2.092472156457818983e+03
2.229700281216152047e-01	2.026831109461963251e+03
2.292620027086341994e-01	1.971299242450176052e+03
2.355141508366812297e-01	1.900079362278582494e+03
2.417910583817859116e-01	1.886283939451545166e+03
2.480856539439619257e-01	1.786808972993059342e+03
2.543492256872954549e-01	1.757596690088012338e+03
2.606334251884805386e-01	1.720210244125649979e+03
2.669257370896960802e-01	1.639524927828419550e+03
2.732423343141155980e-01	1.609691460712432445e+03
2.795529680084415936e-01	1.563592637328290721e+03
2.858366292314493129e-01	1.555834612803927712e+03
2.920876271394311496e-01	1.529316746992874641e+03
2.983449844439822751e-01	1.472912990678485357e+03
3.046382639407197446e-01	1.431510488481413404e+03
3.109279127003197196e-01	1.407413732657757691e+03
3.172168171618398036e-01	1.396547431120578949e+03
3.235187567944423082e-01	1.364767399499846533e+03
3.298168217550395687e-01	1.326549312728233417e+03
3.361176429457156667e-01	1.308688372481533861e+03
3.423700375709273769e-01	1.272477947531548125e+03
3.486478192666269682e-01	1.261572490604776249e+03
3.549411614411318028e-01	1.266527750514844683e+03
3.611916935421040642e-01	1.203707172821882068e+03
3.674767089563572564e-01	1.184562205609980765e+03
3.737647795277591056e-01	1.169361809352344608e+03
3.800654031475132477e-01	1.162514770798105019e+03
3.863539861259823738e-01	1.123689534898109287e+03
3.926140181364449755e-01	1.109022113783413033e+03
3.989264500321934581e-01	1.109862740207294337e+03
4.052073244576828714e-01	1.083422081115595347e+03
4.114916477570477182e-01	1.070303459782363916e+03
4.177814272116491257e-01	1.060001574092045985e+03
4.240400648725131116e-01	1.056447975380020125e+03
4.303425690270192283e-01	1.040805683982911660e+03
4.366358560255625965e-01	1.021900608597721316e+03
4.428996183220763605e-01	1.003471289035153745e+03
4.491634418529859563e-01	9.886801071103004688e+02
4.554414146254732731e-01	9.800642117526442689e+02
4.617634470301058558e-01	9.600201403147264045e+02
4.680644242023710433e-01	9.584619853235030860e+02
4.743485242764365895e-01	9.369756935950832712e+02
4.806356136815400082e-01	9.377565547364147278e+02
4.869019258388697646e-01	9.140432612301394784e+02
4.931697099599955947e-01	9.100213340727706282e+02
4.994506747144535908e-01	9.024763914070413193e+02
5.057159051335421429e-01	8.865015809299512739e+02
5.119923996268095356e-01	8.831323918169973695e+02
5.183126097768406826e-01	8.659135376899305356e+02
5.246089638029100000e-01	8.642715372507758502e+02
5.308757308483337267e-01	8.441043889842471799e+02
5.371573527946726934e-01	8.411255153322766773e+02
5.434579563783791256e-01	8.335240889889340679e+02
5.497430652392217842e-01	8.220874350084535536e+02
5.559937427501778773e-01	8.183092832842645521e+02
5.622854676609657654e-01	8.088319754314397869e+02
5.686011537227265711e-01	8.000656767528627142e+02
5.748804589422079614e-01	7.982736067914923979e+02
5.811550210340560296e-01	7.874573553552653493e+02
5.874394496660968468e-01	7.784495988597587939e+02
5.937176220296899176e-01	7.755545249904744196e+02
5.999971954793682505e-01	7.674512169726508546e+02
6.062679115124277596e-01	7.645508615051792276e+02
6.125469576444534381e-01	7.575958924766462133e+02
6.188477733041515272e-01	7.519977358524439524e+02
6.251310567437898813e-01	7.437299265553809846e+02
6.314027450383210560e-01	7.385903966648454571e+02
6.377003562732055375e-01	7.233670646498487713e+02
6.439857783314556494e-01	7.229749362366897003e+02
6.502685417166111925e-01	7.202661356060299340e+02
6.565586117699038216e-01	7.135562699583185804e+02
6.628369282359254377e-01	7.019104767686424111e+02
6.691185444962194362e-01	7.031443636994589497e+02
6.754070198575605755e-01	6.944858400496913191e+02
6.816835514593204692e-01	6.885833044924422666e+02
6.879592533861698112e-01	6.864868101383816565e+02
6.942344317039531587e-01	6.826973646226545043e+02
7.005175402434737908e-01	6.749839614128088670e+02
7.068124956608716758e-01	6.721187547643445441e+02
7.131019009674921527e-01	6.661393847740533829e+02
7.193918251171427247e-01	6.590555775589663199e+02
7.256833807598113140e-01	6.598368159528573642e+02
7.319652682709349989e-01	6.513247025842902076e+02
7.382507990484923344e-01	6.440626109705748377e+02
7.445265842115937893e-01	6.377747430112024176e+02
7.507871101942712455e-01	6.363777639548112575e+02
7.570758465316046459e-01	6.352145096298230555e+02
7.633641233600957365e-01	6.277139583755043759e+02
7.696462959862266917e-01	6.278754440377035735e+02
7.759394865175414102e-01	6.219560339701160956e+02
7.822329141989586843e-01	6.152617126017519240e+02
7.885314936520240181e-01	6.093328526909191396e+02
7.947896566979522071e-01	6.073468751069864311e+02
8.010491096592354809e-01	6.064934603610809063e+02
8.073364061727361651e-01	5.979565781702082177e+02
8.136229488373866170e-01	5.978496251328787139e+02
8.199152998961036776e-01	5.917585108367662770e+02
8.261952636392789762e-01	5.847505296390140757e+02
8.324897070080405914e-01	5.887979316154561502e+02
8.387959309210778480e-01	5.810336670130059247e+02
8.450634639703045181e-01	5.788590505786609128e+02
8.513282867562648182e-01	5.746269799717583737e+02
8.576198263902009566e-01	5.716268099734960515e+02
8.639058477062415697e-01	5.682617808422581902e+02
8.701838745487597837e-01	5.646786833611641896e+02
8.764641096075268534e-01	5.604724051823411628e+02
8.827503873399735745e-01	5.568987577969899121e+02
8.890332768393869323e-01	5.536569717966583539e+02
8.953084247113127780e-01	5.479629055190655436e+02
9.015956521667095602e-01	5.473922252486419211e+02
9.078833328094829680e-01	5.454150003082552303e+02
9.141744106319863450e-01	5.399632586523265445e+02
9.204630817717615043e-01	5.326115409144833848e+02
9.267434415264711456e-01	5.360527763599400259e+02
9.330324197354928906e-01	5.305769759112082511e+02
9.393265785573878812e-01	5.285442339638633484e+02
9.455974810398196650e-01	5.230485616766021622e+02
9.518660018545171964e-01	5.200119205726923610e+02
9.581413255531838757e-01	5.193436320348198478e+02
9.644350945109106954e-01	5.150500844149914883e+02
9.707355633568249820e-01	5.135006825302519928e+02
9.770080768450029041e-01	5.120940411479645036e+02
9.832823325363413414e-01	5.056102752259567978e+02
9.895569691966674686e-01	5.041511303719217381e+02
9.958456301921106979e-01	4.987751541506005424e+02
1.002136210743837408e+00	4.962884774910619967e+02
1.008404825335135424e+00	4.963769320749162262e+02
1.014694149836243398e+00	4.942524161048798987e+02
1.020992555437297167e+00	4.895936914858634168e+02
1.027273980437394485e+00	4.894546912693477907e+02
1.033559181896017254e+00	4.847712578741327434e+02
1.039847557392594934e+00	4.793626754180638727e+02
1.046126974943305088e+00	4.808874292777431378e+02
1.052403436811028659e+00	4.766552659994112560e+02
1.058680704651608684e+00	4.712593319601921280e+02
1.064964333065789193e+00	4.715542437395257593e+02
1.071256777440835473e+00	4.697391810256468716e+02
1.077544048801078125e+00	4.656175128430103882e+02
1.083824820188043603e+00	4.643103457046739777e+02
1.090108023942816695e+00	4.611480260767543200e+02
1.096389665956643222e+00	4.593599144421754090e+02
1.102681132058841440e+00	4.565772797109151497e+02
1.108963047594879958e+00	4.545358130524003286e+02
1.115225428463759272e+00	4.502564135455664882e+02
1.121502127614767863e+00	4.497783793954664020e+02
1.127792573824792033e+00	4.460164391536569042e+02
1.134089552668382961e+00	4.450601810985976385e+02
1.140364049650405942e+00	4.423224255232967153e+02
1.146639180320979445e+00	4.407001700061389897e+02
1.152942412991649901e+00	4.377840275030819726e+02
1.159228906751078814e+00	4.362657878674332892e+02
1.165508721887268173e+00	4.320842061720980496e+02
1.171793076256210320e+00	4.310042729634108696e+02
1.178087436369658958e+00	4.284103978143867266e+02
1.184367654251526902e+00	4.247517040511385176e+02
1.190634642299266632e+00	4.243945887473548169e+02
1.196912208834400859e+00	4.220606587599880868e+02
1.203201577354146234e+00	4.198262960725495532e+02
1.209486844441705733e+00	4.167869327090271554e+02
1.215763902074809888e+00	4.156798095306123173e+02
1.222049755171146668e+00	4.124399415043164936e+02
1.228340616621486969e+00	4.122427261406253365e+02
1.234632986576932767e+00	4.116606548707440538e+02
1.240902247176856488e+00	4.083560414880295184e+02
1.247174839144687519e+00	4.064133344887487738e+02
1.253465459933442272e+00	4.030923544133574410e+02
1.259749951892178421e+00	4.025415171333589797e+02
1.266032143127253873e+00	3.989907048397452058e+02
1.272316288472006507e+00	3.972029109580048498e+02
1.278604155058621350e+00	3.949127638809706013e+02
1.284886588933593865e+00	3.932617919225990590e+02
1.291175420066583257e+00	3.923612133357415246e+02
1.297465726373772332e+00	3.896108344190525941e+02
1.303741827011944299e+00	3.874255535193681794e+02
1.310017322922761851e+00	3.849835091293404616e+02
1.316301447662886703e+00	3.839730505423191289e+02
1.322586760363303249e+00	3.819612953926775845e+02
1.328865492452874664e+00	3.798630689393843909e+02
1.335144804954555564e+00	3.791419962735782292e+02
1.341440516272275119e+00	3.772187286739023193e+02
1.347730868417094552e+00	3.750959215012147183e+02
1.354001589994877630e+00	3.729056126833356757e+02
1.360282609297778444e+00	3.714542331490761171e+02
1.366565686457597906e+00	3.696176829095167022e+02
1.372851498482432708e+00	3.686245624076525473e+02
1.379135372929401804e+00	3.663681827192525020e+02
1.385409567149057164e+00	3.653257631204114091e+02
1.391698641219299315e+00	3.607025810772982481e+02
1.397984451439470810e+00	3.613574482767751306e+02
1.404267883409181961e+00	3.589925967069593753e+02
1.410554779484869181e+00	3.578530915810100055e+02
1.416837833547465397e+00	3.551543031962089003e+02
1.423118177187137068e+00	3.539374820069060092e+02
1.429397801164240089e+00	3.527771224342484970e+02
1.435686921822787232e+00	3.505625325753160837e+02
1.441977121769299597e+00	3.481678619331640903e+02
1.448253667853332427e+00	3.472168185103785731e+02
1.454532348972172651e+00	3.459675943313534958e+02
1.460819319151879903e+00	3.443271534310882771e+02
1.467110364402026468e+00	3.424449821404241447e+02
1.473392908948962132e+00	3.409837883445004536e+02
1.479669965243598950e+00	3.392303083632498328e+02
1.485956144602843532e+00	3.370157158285429659e+02
1.492233610763115115e+00	3.354817264359583078e+02
1.498502470379980078e+00	3.355650284283428846e+02
1.504785752051182701e+00	3.323906327339756217e+02
1.511075991894575976e+00	3.310375907996758542e+02
1.517361634985162189e+00	3.310677927441069528e+02
1.523648570969130533e+00	3.287128531047232514e+02
1.529938035715892264e+00	3.266175384379283173e+02
1.536230176913891965e+00	3.264888845353150373e+02
1.542510718779388279e+00	3.237802994424915823e+02
1.548783963082980275e+00	3.225921324267822570e+02
1.555073069779651318e+00	3.205021837640304625e+02
1.561357324927233892e+00	3.191054859907818582e+02
1.567629121053141006e+00	3.179324679211187004e+02
1.573913697404382583e+00	3.174129399455417797e+02
1.580203545230874029e+00	3.141720590629247454e+02
1.586485393434537983e+00	3.139304588375686080e+02
1.592760014263005841e+00	3.129923502107243962e+02
1.599046436394670812e+00	3.114099558054088561e+02
1.605342136637478934e+00	3.088600891110101543e+02
1.611619860919608627e+00	3.086417963782653828e+02
1.617897597081673799e+00	3.065251278201021705e+02
1.624183235481122756e+00	3.051319480297614177e+02
1.630464598531913722e+00	3.042713887051846768e+02
1.636748985747638274e+00	3.018433353704079423e+02
1.643030923698886259e+00	3.011850293332573187e+02
1.649309176648513064e+00	3.003786592754776166e+02
1.655593633940351861e+00	2.976323109834997922e+02
1.661879571405086464e+00	2.976659574655694200e+02
1.668169361685170271e+00	2.952347179610022749e+02
1.674450151530487485e+00	2.950160941125066643e+02
1.680722718978495900e+00	2.934975682008143281e+02
1.687013891340952476e+00	2.924476925517163295e+02
1.693308984907921033e+00	2.904976344331613518e+02
1.699582147428448486e+00	2.893019497922260825e+02
1.705863747055134105e+00	2.882618611002692433e+02
1.712154434283889470e+00	2.869826415227672101e+02
1.718438381579399321e+00	2.855934229536667885e+02
1.724721264464063930e+00	2.837771641382500434e+02
1.730997441276920679e+00	2.829369727566687516e+02
1.737287073528269499e+00	2.827312062238368640e+02
1.743567991878527401e+00	2.805661715208487976e+02
1.749840680212231048e+00	2.794002296598197290e+02
1.756128549091961144e+00	2.784933654325014913e+02
1.762413535324792502e+00	2.772115306303014108e+02
1.768696187669963837e+00	2.756309752795290251e+02
1.774979359379055266e+00	2.744690778548340973e+02
1.781265555576432957e+00	2.733509765575533379e+02
1.787549427830244619e+00	2.714347704034971684e+02
1.793834120011633004e+00	2.713730204990814627e+02
1.800115051552487300e+00	2.696135966069692813e+02
1.806393904854530330e+00	2.690186836371868822e+02
1.812674089667083432e+00	2.678955286558370403e+02
1.818956920109354058e+00	2.661929670074614478e+02
1.825244164118212220e+00	2.648242641673430740e+02
1.831527256642196955e+00	2.645281704017434095e+02
1.837811294935716599e+00	2.631997636160593856e+02
1.844100717411196744e+00	2.622347337488363337e+02
1.850384816792487230e+00	2.605945140035070153e+02
1.856666059735203822e+00	2.603467634132720718e+02
1.862947728675613979e+00	2.583140355144432192e+02
1.869229324466858078e+00	2.575210289110669351e+02
1.875517616802973686e+00	2.565045588520473530e+02
1.881800769033795229e+00	2.556366003958489728e+02
1.888078863416442710e+00	2.548035416807809383e+02
1.894353975182237582e+00	2.529674888125359473e+02
1.900642716154182565e+00	2.531992288920455678e+02
1.906933494748685121e+00	2.510597381394059937e+02
1.913207568676573933e+00	2.501698363467644413e+02
1.919490884732178992e+00	2.490041267305660142e+02
1.925776855684274480e+00	2.479297250264756372e+02
1.932064452961978152e+00	2.476168515543300828e+02
1.938342610030488800e+00	2.463800359434244740e+02
1.944618341543410178e+00	2.455340605258287496e+02
1.950906260203513876e+00	2.443963415890873421e+02
1.957194556613796488e+00	2.430972161521369799e+02
1.963479614559011432e+00	2.422205469813958416e+02
1.969760361532916226e+00	2.415574145162244974e+02
1.976048367034604736e+00	2.399412100927502252e+02
1.982337990217652335e+00	2.388015652778765627e+02
1.988617489259562721e+00	2.385598172896195877e+02
1.994896320665194178e+00	2.373102660050715258e+02
2.001179596222827151e+00	2.363355613874714152e+02
2.007459756923499761e+00	2.358104543176660570e+02
2.013737397779169935e+00	2.345322334911187454e+02
2.020017234677497164e+00	2.332728526604493879e+02
2.026310251015072783e+00	2.329036237686775621e+02
2.032600542948020284e+00	2.323142045264714852e+02
2.038873863192099289e+00	2.308374322879416525e+02
2.045154087821675404e+00	2.297051630342212150e+02
2.051444704514288730e+00	2.292628797194277865e+02
2.057730430280644729e+00	2.278753949327092982e+02
2.064013940455224461e+00	2.273178576371724375e+02
2.070299891179459895e+00	2.263313187202952577e+02
2.076589719964883951e+00	2.252671061632629517e+02
2.082865483794470673e+00	2.246379616109023232e+02
2.089134494859368640e+00	2.239953871850014195e+02
2.095424211360070288e+00	2.229369460078926295e+02
2.101707116664804254e+00	2.217555676903220956e+02
2.107986473933564309e+00	2.210461167539106384e+02
2.114271806543862375e+00	2.203727519641085451e+02
2.120552717288892275e+00	2.196451571944240584e+02
2.126836933207161717e+00	2.187481470240508656e+02
2.133122044791171845e+00	2.178381598718720795e+02
2.139411711910842673e+00	2.171231452074408139e+02
2.145697076775292089e+00	2.164627313079983253e+02
2.151973548606471276e+00	2.155198300025824096e+02
2.158259913555724108e+00	2.148417626555363142e+02
2.164545396699105506e+00	2.136242514580572447e+02
2.170830700377734068e+00	2.131808642392882689e+02
2.177114138849150393e+00	2.121777980880077052e+02
2.183387647576827018e+00	2.116293238633383282e+02
2.189670273687676971e+00	2.109362487003742501e+02
2.195960147934207463e+00	2.098255845757574036e+02
2.202242556317716371e+00	2.088601514767914864e+02
2.208521655981037668e+00	2.085137261683983354e+02
2.214804637081333016e+00	2.076087182384037817e+02
2.221092583349425276e+00	2.067621633055030941e+02
2.227372893591468728e+00	2.063680002991124809e+02
2.233657161144248171e+00	2.051624519578058710e+02
2.239943485394438660e+00	2.050049715622384099e+02
2.246224175264620815e+00	2.036264518594284709e+02
2.252506378421252009e+00	2.031387825855505582e+02
2.258783417054270437e+00	2.024896665885364087e+02
2.265069077371457684e+00	2.015163911690389114e+02
2.271350377044131452e+00	2.011079161452541371e+02
2.277633995145353918e+00	2.000606417508713548e+02
2.283922419579920149e+00	1.997426262354422590e+02
2.290202874392252674e+00	1.988459127647318780e+02
2.296490779970905560e+00	1.982152705856294403e+02
2.302771769934229162e+00	1.974746998931233293e+02
2.309051364164305564e+00	1.965542263302703532e+02
2.315338502539088239e+00	1.960274611264120779e+02
2.321627336503874428e+00	1.953265431045697085e+02
2.327911878297218795e+00	1.949274650882948379e+02
2.334186238580297168e+00	1.937706053682788649e+02
2.340467971862688401e+00	1.931791325887283790e+02
2.346756940970738725e+00	1.928446987572021669e+02
2.353044444556199988e+00	1.923953802559011592e+02
2.359327653314069906e+00	1.908926915833049236e+02
2.365603048789861607e+00	1.903503540736596733e+02
2.371885911737665165e+00	1.901483860309688225e+02
2.378173303594019572e+00	1.898525624535479892e+02
2.384454016539381271e+00	1.889429176631795713e+02
2.390736447344785187e+00	1.884173769613679497e+02
2.397014133897952259e+00	1.874820102071674626e+02
2.403295490074321972e+00	1.867500064369859842e+02
2.409585049672506862e+00	1.864703196542178034e+02
2.415871703165322071e+00	1.857444538359326884e+02
2.422160652369088840e+00	1.851274242164653572e+02
2.428440167222748691e+00	1.844419967140232188e+02
2.434717472383889803e+00	1.837223356698228827e+02
2.441002456202044257e+00	1.840899832127596483e+02
2.447289980304530488e+00	1.825987627551015180e+02
2.453571844729242279e+00	1.825382581870483136e+02
2.459852705114058846e+00	1.817854904091991841e+02
2.466139233225018934e+00	1.811661023821174865e+02
2.472421963421291391e+00	1.804999979635128398e+02
2.478698519174224568e+00	1.798494555494198153e+02
2.484980841400355800e+00	1.796141501821579141e+02
2.491269319409339822e+00	1.788619370078316138e+02
2.497548505139029373e+00	1.784023825010262669e+02
2.503831667172610853e+00	1.779438394052617411e+02
2.510117938323931153e+00	1.769057922321976264e+02
2.516400733681277480e+00	1.762123108317011599e+02
2.522688226833368130e+00	1.762507724094121215e+02
2.528971695852665569e+00	1.754185565966407125e+02
2.535252039407670299e+00	1.751373915392940432e+02
2.541537514142774512e+00	1.746188252741030453e+02
2.547823008847572179e+00	1.742314707072451654e+02
2.554100666580690238e+00	1.735548560534795968e+02
2.560376788884177301e+00	1.730050980539375587e+02
2.566667521601497359e+00	1.726812597903320636e+02
2.572955062237090473e+00	1.722175928699876692e+02
2.579233771797999175e+00	1.717977657271711962e+02
2.585520164300948220e+00	1.713301095519948376e+02
2.591805130332431872e+00	1.706901894049167936e+02
2.598084074692260881e+00	1.701088599670105452e+02
2.604360404197643586e+00	1.695727706881421284e+02
2.610647185140439142e+00	1.693340471218751020e+02
2.616931864059273138e+00	1.690307986917915457e+02
2.623206107911065565e+00	1.682944592055500834e+02
2.629491626543270844e+00	1.681081158589523170e+02
2.635778507982642349e+00	1.674033665628428480e+02
2.642061039325260818e+00	1.669888993858029949e+02
2.648343840729305843e+00	1.667009112899577019e+02
2.654631838974855551e+00	1.661417478453338106e+02
2.660919001246303761e+00	1.660107788097324146e+02
2.667198525130066056e+00	1.652982991583508863e+02
2.673484307038032526e+00	1.648881894352502968e+02
2.679773388053849459e+00	1.648365022922669993e+02
2.686058217632288692e+00	1.642457437741242927e+02
2.692338738200057868e+00	1.635994886417037151e+02
2.698618022887226964e+00	1.634069210957774487e+02
2.704895450708277860e+00	1.629220903131738680e+02
2.711175674923682166e+00	1.626110370215911303e+02
2.717459832966957922e+00	1.624048934049739046e+02
2.723745731959044569e+00	1.615866955352773005e+02
2.730038414850594730e+00	1.617756092389889488e+02
2.736317989800789441e+00	1.611292150820948166e+02
2.742591858549239703e+00	1.608709650984272344e+02
2.748879749010778362e+00	1.606975125885275872e+02
2.755163403825859447e+00	1.601326540161425953e+02
2.761446955625852073e+00	1.598394825679523308e+02
2.767732088935374701e+00	1.595997158627337740e+02
2.774015452421743966e+00	1.590923569560218311e+02
2.780298635700591436e+00	1.589820311409084468e+02
2.786577474762241380e+00	1.585606752326342530e+02
2.792857983210164541e+00	1.580626116745114302e+02
2.799143790920211483e+00	1.578388814998156988e+02
2.805430058399325244e+00	1.575969162250576119e+02
2.811715058209780072e+00	1.572132814222774186e+02
2.817989272498773623e+00	1.570420559962469440e+02
2.824269171595737760e+00	1.565514534191111409e+02
2.830563016441804081e+00	1.564624391069725107e+02
2.836848750951622034e+00	1.561229716871873165e+02
2.843130027866129783e+00	1.559670329588202833e+02
2.849413896912404986e+00	1.555777861400185316e+02
2.855697464522425566e+00	1.554120587247581682e+02
2.861978799810683594e+00	1.552555428232632835e+02
2.868262469415629567e+00	1.551765919336563968e+02
2.874547359206753860e+00	1.546183372265131197e+02
2.880831111471525041e+00	1.541473651217445138e+02
2.887113216972382546e+00	1.542318048769344045e+02
2.893394504725182781e+00	1.543213184333485231e+02
2.899673662137033592e+00	1.538586764732496022e+02
2.905953958587380814e+00	1.534629073398560024e+02
2.912241118105161064e+00	1.533299975248159228e+02
2.918525996366671205e+00	1.531386127774053136e+02
2.924809035425688819e+00	1.530910246555544063e+02
2.931095916293684933e+00	1.528283947953964628e+02
2.937378182606774413e+00	1.526263501907573072e+02
2.943659980254369923e+00	1.525817200490039909e+02
2.949946454403890250e+00	1.523877558049485401e+02
2.956227653702202307e+00	1.521734429849073820e+02
2.962510478867462993e+00	1.518674099164971096e+02
2.968796535179442309e+00	1.521460115121665524e+02
2.975077657376874907e+00	1.517875754120360909e+02
2.981359866759223376e+00	1.514749827356950789e+02
2.987646761575656562e+00	1.516022090336551571e+02
2.993929038370399365e+00	1.512366226982672117e+02
3.000206214840962726e+00	1.513516731058417690e+02
3.006486172402415669e+00	1.510424027242000022e+02
3.012769812211594456e+00	1.510582066430615100e+02
3.019053144326170113e+00	1.510288387755417148e+02
3.025337405144251424e+00	1.509408466199407997e+02
3.031623734799107961e+00	1.509560829097998464e+02
3.037908962055872575e+00	1.508790093463077255e+02
3.044195067146031608e+00	1.507758173692578225e+02
3.050475543482170426e+00	1.507208267848770902e+02
3.056754954538277502e+00	1.507099387068105614e+02
3.063040539557494668e+00	1.506407285518237131e+02
3.069323699454357346e+00	1.507336724176036853e+02
3.075610692642898769e+00	1.504126804354186504e+02
3.081893798009918584e+00	1.506081980216494856e+02
3.088174549548037717e+00	1.503275465420058481e+02
3.094458635632868493e+00	1.508089185771743246e+02
3.100743982931558840e+00	1.504702771845485358e+02
3.107028111748448396e+00	1.505010362251425420e+02
3.113309299655494300e+00	1.505447135644693333e+02
3.119590662867241626e+00	1.506317730408665057e+02
3.125874006820172912e+00	1.506639664369743628e+02
3.132159251154602586e+00	1.508892073563271765e+02
3.138439172765940643e+00	1.506978920749154156e+02
3.144723867719826593e+00	1.510237094710032864e+02
3.151003951258561031e+00	1.509081991873025004e+02
3.157283664131563139e+00	1.510211632537509558e+02
3.163569317183839935e+00	1.512517583171878073e+02
3.169851661717792091e+00	1.513235137541453810e+02
3.176137704316093657e+00	1.514288127045568615e+02
3.182420924828643916e+00	1.516113614599481991e+02
3.188702811875577581e+00	1.515522189292779558e+02
3.194990520008989865e+00	1.517019786653648339e+02
3.201275324656983834e+00	1.520176915058517295e+02
3.207551352179861759e+00	1.520162170023176884e+02
3.213835216737041645e+00	1.524791691553526505e+02
3.220122579819103770e+00	1.524208692478316607e+02
3.226406606618656525e+00	1.520173297183488046e+02
3.232687390085645429e+00	1.519242969526512752e+02
3.238969121280456331e+00	1.513872455316592891e+02
3.245254751548589667e+00	1.510172897830163663e+02
3.251534499036136783e+00	1.508064510343876350e+02
3.257817780791052442e+00	1.503550914586834892e+02
3.264102164154097263e+00	1.503236770733234664e+02
3.270384152138468892e+00	1.498927095590508713e+02
3.276669427476867735e+00	1.496884671376782876e+02
3.282954688864507808e+00	1.493088777227971775e+02
3.289237200334947264e+00	1.491645969920206767e+02
3.295519587088236779e+00	1.489147335142579038e+02
3.301805977329951958e+00	1.486347399779622833e+02
3.308087486222440088e+00	1.482595635318282348e+02
3.314367630234227313e+00	1.480751440882762608e+02
3.320651909732194262e+00	1.476717770819457769e+02
3.326931260376857047e+00	1.473952484199710398e+02
3.333216512447217728e+00	1.472856500826636079e+02
3.339504489419978128e+00	1.471283197801669189e+02
3.345786804809928405e+00	1.465904180372278347e+02
3.352071130016277767e+00	1.465414599927063648e+02
3.358351496304225581e+00	1.460328117407453021e+02
3.364630591073392019e+00	1.457617427988888039e+02
3.370916305215045483e+00	1.456169053594073262e+02
3.377197952029413752e+00	1.455978524705392658e+02
3.383483063818085501e+00	1.452295740124487509e+02
3.389769992424469969e+00	1.448015310338159622e+02
3.396051330885982100e+00	1.446009314314890730e+02
3.402330879139463971e+00	1.446299883783844393e+02
3.408610488352048495e+00	1.441708707709140356e+02
3.414897837696641236e+00	1.441790945086393094e+02
3.421180484052105619e+00	1.439424187646482665e+02
3.427461639653846870e+00	1.437575519090856346e+02
3.433749159643459059e+00	1.432177408597441115e+02
3.440032646656798310e+00	1.431892992420517032e+02
3.446313366033385339e+00	1.430506384410832368e+02
3.452600135384134905e+00	1.426974043939896433e+02
3.458883152815406703e+00	1.423281048524795835e+02
3.465163834403715448e+00	1.423228955877528108e+02
3.471449329786229221e+00	1.421850773772677883e+02
3.477734476754053894e+00	1.418975949150555493e+02
3.484019652467224226e+00	1.417465714815905358e+02
3.490297019369712928e+00	1.416248200704235671e+02
3.496582486484379970e+00	1.414714229773904322e+02
3.502868048046865024e+00	1.412125538983810600e+02
3.509144649545451244e+00	1.409497986618010827e+02
3.515428082003116295e+00	1.408885457860676524e+02
3.521711031624695565e+00	1.406746962676990051e+02
3.527991850954735664e+00	1.405277842660372869e+02
3.534275545726699885e+00	1.401839489595958526e+02
3.540562632020772149e+00	1.400341759177457277e+02
3.546844410757220789e+00	1.398585470496597907e+02
3.553131386753758836e+00	1.396657348006429800e+02
3.559419203211965144e+00	1.395598638975600636e+02
3.565697971577579839e+00	1.391934954224709884e+02
3.571979559134798254e+00	1.393555594006755030e+02
3.578265774595833726e+00	1.390362734004502556e+02
3.584548309769353125e+00	1.388772233878835891e+02
3.590826843920031486e+00	1.387753909694251035e+02
3.597107306745233934e+00	1.385684762097505143e+02
3.603392831792229245e+00	1.384922771251762015e+02
3.609673209822572559e+00	1.384544956295230804e+02
3.615955412133016189e+00	1.382321300933066652e+02
3.622241607772384686e+00	1.381050549156576892e+02
3.628520252736676444e+00	1.378651081830240912e+02
3.634804827569451113e+00	1.378561547561677685e+02
3.641094981788862928e+00	1.375325293923685592e+02
3.647383514928639325e+00	1.374762221321849722e+02
3.653663283927725658e+00	1.373827051604691292e+02
3.659943504072155296e+00	1.371469416977571143e+02
3.666232000281138603e+00	1.371705927461460419e+02
3.672514211678317597e+00	1.369363365851033336e+02
3.678794154686042539e+00	1.368840819990472255e+02
3.685078621861909820e+00	1.368833945144693871e+02
3.691359210097977961e+00	1.367307463861191081e+02
3.697642368173791105e+00	1.368554196075631353e+02
3.703925796735277665e+00	1.364400837851370625e+02
3.710208240364660348e+00	1.364085896304687822e+02
3.716494593122387169e+00	1.361191121333840499e+02
3.722775386659595398e+00	1.360564386326775832e+02
3.729058392883481510e+00	1.362018856707986743e+02
3.735339748210807720e+00	1.359338663486107919e+02
3.741620776392969638e+00	1.359454789256197103e+02
3.747904795418762980e+00	1.358878858702144328e+02
3.754190633281219380e+00	1.357579876357365833e+02
3.760478208018912749e+00	1.358494025465576271e+02
3.766755538573464346e+00	1.355088982550048797e+02
3.773032090135151506e+00	1.358115855674205079e+02
3.779322553012896879e+00	1.356898558705131563e+02
3.785609109731308930e+00	1.354609873747291431e+02
3.791889825936295200e+00	1.356283685173945059e+02
3.798174822702435893e+00	1.354069567362161308e+02
3.804458658753491651e+00	1.353158613720621304e+02
3.810738438095723435e+00	1.354035184163211056e+02
3.817018850285747167e+00	1.352895313102159207e+02
3.823305314209427763e+00	1.354809214786739915e+02
3.829591295197792178e+00	1.353085317257082067e+02
3.835872296070849341e+00	1.351914085275615207e+02
3.842156279590906109e+00	1.351420217673741888e+02
3.848441511099312429e+00	1.352074696243739993e+02
3.854723334376886079e+00	1.352624823054617025e+02
3.861004740704794713e+00	1.350410497118812430e+02
3.867284336650660848e+00	1.351233572496240356e+02
3.873567367678779849e+00	1.350468148838732816e+02
3.879850662830422792e+00	1.352560569931968928e+02
3.886137063198143338e+00	1.350299476982916360e+02
3.892419463049126005e+00	1.351169985876292685e+02
3.898703740328622658e+00	1.352370035731765938e+02
3.904991458788179326e+00	1.350915525500322474e+02
3.911270842222104083e+00	1.350778572272295719e+02
3.917549806479573071e+00	1.355576549082569500e+02
3.923836006203090587e+00	1.351704051144973562e+02
3.930121452497870926e+00	1.348280346862473493e+02
3.936398172858230460e+00	1.352889429286105951e+02
3.942683040425962293e+00	1.353672120264916146e+02
3.948974759704379611e+00	1.352348539307940598e+02
3.955259227995065352e+00	1.356574419291795834e+02
3.961537174921395454e+00	1.355162443841389006e+02
3.967820217617139544e+00	1.355825212212781992e+02
3.974105559832568968e+00	1.356352030888316449e+02
3.980384727931198352e+00	1.359764770597477650e+02
3.986664590839849698e+00	1.358536675443939430e+02
3.992949619150675034e+00	1.359157448234493017e+02
3.999235075769965952e+00	1.360304682052768328e+02
4.005515715515433506e+00	1.362503175024025097e+02
4.011798434346478537e+00	1.360429825850540624e+02
4.018083716245132386e+00	1.362492428936357953e+02
4.024365700052603856e+00	1.366180910711692604e+02
4.030643960839860540e+00	1.366683785787193415e+02
4.036928708926215137e+00	1.368270028822536517e+02
4.043218157412017177e+00	1.368235025419729993e+02
4.049503019487663558e+00	1.370281520985611223e+02
4.055781898960511000e+00	1.369862247049952657e+02
4.062060795621602161e+00	1.370284089279940360e+02
4.068347865354716042e+00	1.371643031573896963e+02
4.074631027173265529e+00	1.373807033677430240e+02
4.080910837526078971e+00	1.374657265003797590e+02
4.087201203341442657e+00	1.377119004090373267e+02
4.093486818591942189e+00	1.379223179233997598e+02
4.099764387336505500e+00	1.382019902935863058e+02
4.106049166937662420e+00	1.384694654512718444e+02
4.112334559041358695e+00	1.384046463103672977e+02
4.118618926059533614e+00	1.385346232536233515e+02
4.124898942031112625e+00	1.386496035504104611e+02
4.131175432561665417e+00	1.389613471818115045e+02
4.137461563786142271e+00	1.391094263445898207e+02
4.143746006210170307e+00	1.392578164625736008e+02
4.150029800482964326e+00	1.394602864920773584e+02
4.156313390684649001e+00	1.397977249662442318e+02
4.162596105843763716e+00	1.402379461632073401e+02
4.168881843141768684e+00	1.401522435280640764e+02
4.175162111073220217e+00	1.404219970325060558e+02
4.181448573417560155e+00	1.404292756673515896e+02
4.187738782464171194e+00	1.411140326037868249e+02
4.194017437180169061e+00	1.412278732584948102e+02
4.200293572701767175e+00	1.412129911253197463e+02
4.206580195481546269e+00	1.415270932170950573e+02
4.212860644652220543e+00	1.418530530823937283e+02
4.219138153430114002e+00	1.424193629356263671e+02
4.225426162098283811e+00	1.424568837665583203e+02
4.231713506719782636e+00	1.425186155920337967e+02
4.237990056577191744e+00	1.428424537799602376e+02
4.244267783646744618e+00	1.433117401497954688e+02
4.250560660182562955e+00	1.436918383778571808e+02
4.256847734842668096e+00	1.439903150549799591e+02
4.263127100734456221e+00	1.439441201876272771e+02
4.269406860432507500e+00	1.440871871027925692e+02
4.275691671482192646e+00	1.446648463223750696e+02
4.281972414189518794e+00	1.452468733916021790e+02
4.288253516806755705e+00	1.451336779617896866e+02
4.294540520160492925e+00	1.455634302746801723e+02
4.300825742921731809e+00	1.457827796040448050e+02
4.307109835491901961e+00	1.464812546180060053e+02
4.313390926478413157e+00	1.466036067694921030e+02
4.319667979480563247e+00	1.466774663118632702e+02
4.325952598143786076e+00	1.474151113736734260e+02
4.332241647035422361e+00	1.475527387212034967e+02
4.338524445619096781e+00	1.478821064966089409e+02
4.344809348131129845e+00	1.481530018108182389e+02
4.351090699193166600e+00	1.486119841368047787e+02
4.357369710808320029e+00	1.492282650909386348e+02
4.363659348967174445e+00	1.492957821625601014e+02
4.369947418280990981e+00	1.497072041647871572e+02
4.376226569265827315e+00	1.497748415589646243e+02
4.382499356631129217e+00	1.501136384161602564e+02
4.388784975178015024e+00	1.505213558477081222e+02
4.395068696309480494e+00	1.505673229214958440e+02
4.401347962382031298e+00	1.511861203874670139e+02
4.407628405096517099e+00	1.512833176133340203e+02
4.413915862185140426e+00	1.520921936159223549e+02
4.420203163534264235e+00	1.521819019891522373e+02
4.426480311003382795e+00	1.517907664993607284e+02
4.432765973643649104e+00	1.523784762368105703e+02
4.439053392023870614e+00	1.522922934686242229e+02
4.445336141335588742e+00	1.531913113745075066e+02
4.451617241414883352e+00	1.531099711883747148e+02
4.457901500730311106e+00	1.534947345023988703e+02
4.464189501093017043e+00	1.536941389180747137e+02
4.470470197548729985e+00	1.534175376574975189e+02
4.476748044268524573e+00	1.542449828758291517e+02
4.483035990164653484e+00	1.538488272726701211e+02
4.489323331650528104e+00	1.542734011215535759e+02
4.495599111667934800e+00	1.542158730784891816e+02
4.501870922878794090e+00	1.536134873255635398e+02
4.508155162877705457e+00	1.538526631081595610e+02
4.514446451153479423e+00	1.536116186628927096e+02
4.520723894043856994e+00	1.537959266204064761e+02
4.527003782460155890e+00	1.536121660364003958e+02
4.533293086610313161e+00	1.539637183497280830e+02
4.539578989864040182e+00	1.531916037091725400e+02
4.545857164866476730e+00	1.529439038603987058e+02
4.552138955546025656e+00	1.521075982593068829e+02
4.558432046889146605e+00	1.525074002416093037e+02
4.564713463378488711e+00	1.522433559758472938e+02
4.570987274133244682e+00	1.522444343936526536e+02
4.577274818151045643e+00	1.518328869513909183e+02
4.583563263889338657e+00	1.514542012327487157e+02
4.589844917004465508e+00	1.521016523987675839e+02
4.596126259982004747e+00	1.514549939497918842e+02
4.602409075598298926e+00	1.515915287235822291e+02
4.608696634867644804e+00	1.520117804947852562e+02
4.614977646498861219e+00	1.520003735393919726e+02
4.621258953029527383e+00	1.518911460712879773e+02
4.627547993978874175e+00	1.517796380160550882e+02
4.633830152730579854e+00	1.520620858511981055e+02
4.640104005367354567e+00	1.523020155982779613e+02
4.646382060386754276e+00	1.522817762955907597e+02
4.652674213731970987e+00	1.526311030441950152e+02
4.658958291796220230e+00	1.525222410855427597e+02
4.665233615070169648e+00	1.522408725376409961e+02
4.671520675710307380e+00	1.524273678459396422e+02
4.677814351732177300e+00	1.536217352087732309e+02
4.684093699744638073e+00	1.531218762897621843e+02
4.690368661472568590e+00	1.533182981952089392e+02
4.696663270746453733e+00	1.536301161194867859e+02
4.702945459248681459e+00	1.537467476966495781e+02
4.709209170841929470e+00	1.540600496200632108e+02
4.715491634753063543e+00	1.544546470375816796e+02
4.721784316284933780e+00	1.545384233733632868e+02
4.728063062331094635e+00	1.545315534164136011e+02
4.734337423381671073e+00	1.550088201439749298e+02
4.740627024094544062e+00	1.551498949936713529e+02
4.746914995664547554e+00	1.549900127781033632e+02
4.753194740071086777e+00	1.557409703145192168e+02
4.759478891864783456e+00	1.562874604890522221e+02
4.765762396877359031e+00	1.567852505412653557e+02
4.772049481246195768e+00	1.570766677559332152e+02
4.778335091022592351e+00	1.575797879258469152e+02
4.784610831402393849e+00	1.572489557203638526e+02
4.790907306208476157e+00	1.581348433301122896e+02
4.797204047706418173e+00	1.579565732734752999e+02
4.803470827697504220e+00	1.579522236698093991e+02
4.809748850577324042e+00	1.584272106443412724e+02
4.816045316586602176e+00	1.592343131780468468e+02
4.822329240673497885e+00	1.597873560536399680e+02
4.828596758226470165e+00	1.603980083152944189e+02
4.834890332961369275e+00	1.604883818321609397e+02
4.841191655056394261e+00	1.611990467255812973e+02
4.847460407468000554e+00	1.618810273428585162e+02
4.853732128521334843e+00	1.622343070056492706e+02
4.860029138783373170e+00	1.623368812080988732e+02
4.866314601732018019e+00	1.627594085342980463e+02
4.872587026269203925e+00	1.632633755429060045e+02
4.878874221748241702e+00	1.634968224260124998e+02
4.885171078138658807e+00	1.643568081986854281e+02
4.891450629931857641e+00	1.646957299409004349e+02
4.897716482750221978e+00	1.651679784730129654e+02
4.904002834596266069e+00	1.669194637153030101e+02
4.910295858205786068e+00	1.664147130285759886e+02
4.916575188115905881e+00	1.678961400518923313e+02
4.922847946197084212e+00	1.679775494599514616e+02
4.929131667457151700e+00	1.689022387231373727e+02
4.935434460144239033e+00	1.693084584545160567e+02
4.941718513303545279e+00	1.701101203824794652e+02
4.947978624761803168e+00	1.702444393072775597e+02
4.954274999209829389e+00	1.702546723781108824e+02
4.960571094729937514e+00	1.710330503140739609e+02
4.966823207626954506e+00	1.724414114859023073e+02
4.973097418390337587e+00	1.729789989009771887e+02
4.979415129936382023e+00	1.743298119504991348e+02
4.985702082330368157e+00	1.731651063365242749e+02
4.991949985828016523e+00	1.760980591688581569e+02
4.998241586316924057e+00	1.754949023201707803e+02
5.004556635606089543e+00	1.763664519316282622e+02
5.010828655701208945e+00	1.778753353449094163e+02
5.017077229702536556e+00	1.774645535805571228e+02
5.023374414758113637e+00	1.797705263847780088e+02
5.029688873569548413e+00	1.795915846680628931e+02
5.035958413584124216e+00	1.810868853452503799e+02
5.042232667658486989e+00	1.824595438210512555e+02
5.048528755870775875e+00	1.821231992283432248e+02
5.054821121427484520e+00	1.830722168903868123e+02
5.061069509814582368e+00	1.843776509081107520e+02
5.067347812754101177e+00	1.856518775662953828e+02
5.073675050630431116e+00	1.878783159408392578e+02
5.079945928388977627e+00	1.865555577214007030e+02
5.086192992546071601e+00	1.883838302203356818e+02
5.092484128970163226e+00	1.892900762800420296e+02
5.098802924706086870e+00	1.909869363530694102e+02
5.105078217426394005e+00	1.925375834921134128e+02
5.111325076574067872e+00	1.924274689926687643e+02
5.117628358851224135e+00	1.923255815112260905e+02
5.123935939383525984e+00	1.955777763406053964e+02
5.130199176325612065e+00	1.968279579598773523e+02
5.136469985878846956e+00	1.958412055617005194e+02
5.142797788696348071e+00	1.996400254045172176e+02
5.149090378043822192e+00	2.010605390891325612e+02
5.155289879840074363e+00	2.011989736557794402e+02
5.161564521234301317e+00	2.036355499797392952e+02
5.167916673496016244e+00	2.042069974093864175e+02
5.174205974602950064e+00	2.063907097377469313e+02
5.180434820793812456e+00	2.067803135359626765e+02
5.186729096569634656e+00	2.079638590095484290e+02
5.193058481037780894e+00	2.087557706146248506e+02
5.199319511444338460e+00	2.109217676304649842e+02
5.205574295584361799e+00	2.142080814453587720e+02
5.211894977074066126e+00	2.144390988643301057e+02
5.218201708336958511e+00	2.141216931753330641e+02
5.224411911780083351e+00	2.164783589600783955e+02
5.230677632666463239e+00	2.186866454834016622e+02
5.237056729559757429e+00	2.201106041620876965e+02
5.243336785035660697e+00	2.256269788854954754e+02
5.249493476178225038e+00	2.247411325508442417e+02
5.255787017738318134e+00	2.264824804493639476e+02
5.262205327426889845e+00	2.287611067236776137e+02
5.268477758348532269e+00	2.310354280837057672e+02
5.274632213654732560e+00	2.329102723800940566e+02
5.280950543314659740e+00	2.351219330666418159e+02
5.287327645024750389e+00	2.380755288750819432e+02
5.293582359180156516e+00	2.398493308928453303e+02
5.299789992649893478e+00	2.438197154701659599e+02
5.306111460381987222e+00	2.414775251485480680e+02
5.312452717892129250e+00	2.467604980868291022e+02
5.318650122853046724e+00	2.488939075638095630e+02
5.324923043129819789e+00	2.468772308242009785e+02
5.331330237158205421e+00	2.508050063902429940e+02
5.337586726886338617e+00	2.576567669568403289e+02
5.343685192440848830e+00	2.556554627232199266e+02
5.350070659715249199e+00	2.607886982895496999e+02
5.356556762554878226e+00	2.597925603224152269e+02
5.362691868684501095e+00	2.652692162163785952e+02
5.368769208912516966e+00	2.684842180926974606e+02
5.375270137997677722e+00	2.715067863768135226e+02
5.381769983045385786e+00	2.707956254368048690e+02
5.387701030372958222e+00	2.716041482078920808e+02
5.393786668001271600e+00	2.787805932164321234e+02
5.400446161099396569e+00	2.797677622286345240e+02
5.406957063684501463e+00	2.838205763337081748e+02
5.412655672453426270e+00	2.862631216551043849e+02
5.418821279260546575e+00	2.888070339483118119e+02
5.425690594366304076e+00	2.896962020183860886e+02
5.432217487502165376e+00	3.006552065049500584e+02
5.437649811577258241e+00	3.031447691317059139e+02
5.443914404015878006e+00	2.993028838283758546e+02
5.450953501686320202e+00	3.025416036241543907e+02
5.457483690405861232e+00	3.034540996262034014e+02
5.462715250135157241e+00	3.156480605748093922e+02
5.469033575551323523e+00	3.166246206450073828e+02
5.476177730420278778e+00	3.203200756738533528e+02
5.482708935702562236e+00	3.208427532180036792e+02
5.487722405008360838e+00	3.304677410973415590e+02
5.494194284996126498e+00	3.300231661820016029e+02
5.501391471009256406e+00	3.430527296488644424e+02
5.507128202673079009e+00	3.457670387840185526e+02
5.512278020050448646e+00	3.495627623340236596e+02
5.519395563377015534e+00	3.694951316511955497e+02
5.526598678609708770e+00	3.633699886455056003e+02
5.532162682462509196e+00	3.491952235707432237e+02
5.537397124017139127e+00	3.621150714565800968e+02
5.544582756485218589e+00	4.093601309303579683e+02
5.551739327507637434e+00	3.514019976311948881e+02
5.557493306674907707e+00	2.963513886817506773e+02
5.562281709102816940e+00	3.994069288594070031e+02
5.569272720323164449e+00	6.093187472392044128e+02
