8.899641224696953554e-03	5.924280078134851065e+05
1.507912216506557788e-02	2.279666614945452893e+05
2.144790186456836667e-02	2.004832977549154893e+05
2.783660776489276650e-02	1.009364651496459701e+05
3.435099785803411021e-02	4.028406941924939019e+04
4.047886761425745911e-02	2.883996080128849644e+04
4.676716683575679601e-02	2.471229873094842696e+04
5.308225101765951665e-02	3.411080886178733635e+04
5.945362440940590160e-02	3.769732011655547103e+04
6.576224814588792211e-02	3.632749181620034506e+04
7.196632906698736953e-02	2.550545609102975504e+04
7.827860915688347743e-02	1.780508990173116035e+04
8.470398945834539672e-02	1.312876817697918341e+04
9.096854620527369817e-02	1.126942199894812984e+04
9.720789776830213169e-02	1.077713339314717632e+04
1.034763038959366499e-01	1.187080207929622884e+04
1.097576444254559219e-01	1.186221884998157475e+04
1.160543084780093354e-01	1.105351821265364197e+04
1.223669666537485351e-01	1.021539449943526051e+04
1.286817263090294094e-01	8.661244539342495045e+03
1.349500801664080818e-01	7.986329086994521276e+03
1.411949558842147678e-01	7.317725946504957392e+03
1.475133575747468451e-01	6.989215123948511064e+03
1.537865074252268427e-01	6.514570165836899832e+03
1.600657544051110326e-01	6.352062516571873857e+03
1.663991168687080635e-01	6.073294119642718215e+03
1.727195645776442856e-01	5.807326460904092528e+03
1.789765213377084718e-01	5.366373071840684133e+03
1.852353690647852158e-01	5.101682068927042565e+03
1.914806787341157279e-01	4.823262244750288119e+03
1.977889868651535599e-01	4.704650481006639893e+03
2.040937735447724277e-01	4.481228746966025938e+03
2.103939302609846018e-01	4.303379323137660322e+03
2.166909709822301688e-01	4.149129022507613627e+03
2.229700281216152047e-01	3.994373963563095458e+03
2.292620027086341994e-01	3.851461254104985983e+03
2.355141508366812297e-01	3.848229939945039860e+03
2.417910583817859116e-01	3.550210499878242445e+03
2.480856539439619257e-01	3.561793389083545208e+03
2.543492256872954549e-01	3.454278365660661620e+03
2.606334251884805386e-01	3.379927821940453214e+03
2.669257370896960802e-01	3.321001444844765956e+03
2.732423343141155980e-01	3.172420652820609575e+03
2.795529680084415936e-01	3.110688152652148801e+03
2.858366292314493129e-01	3.015020913983322771e+03
2.920876271394311496e-01	2.950158286061097442e+03
2.983449844439822751e-01	2.867918587256212959e+03
3.046382639407197446e-01	2.827608202376201916e+03
3.109279127003197196e-01	2.799903048525426584e+03
3.172168171618398036e-01	2.692017324584351627e+03
3.235187567944423082e-01	2.706809773801350730e+03
3.298168217550395687e-01	2.605213213663987972e+03
3.361176429457156667e-01	2.557012040197738770e+03
3.423700375709273769e-01	2.567673692310454044e+03
3.486478192666269682e-01	2.443679046427072990e+03
3.549411614411318028e-01	2.419260538450541389e+03
3.611916935421040642e-01	2.329201818511894089e+03
3.674767089563572564e-01	2.324342465378199449e+03
3.737647795277591056e-01	2.267066750251016856e+03
3.800654031475132477e-01	2.274560143537576096e+03
3.863539861259823738e-01	2.216116927822220532e+03
3.926140181364449755e-01	2.186291789581198373e+03
3.989264500321934581e-01	2.164979449361902425e+03
4.052073244576828714e-01	2.119159978171925559e+03
4.114916477570477182e-01	2.104053674351971949e+03
4.177814272116491257e-01	2.057878885452996201e+03
4.240400648725131116e-01	2.034311411525589165e+03
4.303425690270192283e-01	1.980178005799611583e+03
4.366358560255625965e-01	1.973737604276761431e+03
4.428996183220763605e-01	1.957442494015322609e+03
4.491634418529859563e-01	1.920595648097081494e+03
4.554414146254732731e-01	1.895294691823946096e+03
4.617634470301058558e-01	1.872267423252530079e+03
4.680644242023710433e-01	1.849485046567005838e+03
4.743485242764365895e-01	1.827102063164713400e+03
4.806356136815400082e-01	1.795269426067188533e+03
4.869019258388697646e-01	1.763908064435599954e+03
4.931697099599955947e-01	1.735523846503715049e+03
4.994506747144535908e-01	1.706737358288152109e+03
5.057159051335421429e-01	1.713356360390543159e+03
5.119923996268095356e-01	1.674934507603704333e+03
5.183126097768406826e-01	1.655030983752829798e+03
5.246089638029100000e-01	1.661663310856972885e+03
5.308757308483337267e-01	1.632772872649891269e+03
5.371573527946726934e-01	1.609502671565276842e+03
5.434579563783791256e-01	1.603130189390482428e+03
5.497430652392217842e-01	1.578267531097349320e+03
5.559937427501778773e-01	1.549044963197349944e+03
5.622854676609657654e-01	1.539535381272403356e+03
5.686011537227265711e-01	1.530601932045783769e+03
5.748804589422079614e-01	1.500470286961229931e+03
5.811550210340560296e-01	1.478573331375858515e+03
5.874394496660968468e-01	1.472122416878957893e+03
5.937176220296899176e-01	1.465522381825511502e+03
5.999971954793682505e-01	1.438675354676201323e+03
6.062679115124277596e-01	1.428372174816306142e+03
6.125469576444534381e-01	1.417120968951253417e+03
6.188477733041515272e-01	1.390772528960775844e+03
6.251310567437898813e-01	1.374978151404679465e+03
6.314027450383210560e-01	1.370113867060800203e+03
6.377003562732055375e-01	1.367809120105644297e+03
6.439857783314556494e-01	1.347636213308251627e+03
6.502685417166111925e-01	1.330660545648106336e+03
6.565586117699038216e-01	1.323139812523064165e+03
6.628369282359254377e-01	1.297842180164124557e+03
6.691185444962194362e-01	1.293698846055771128e+03
6.754070198575605755e-01	1.272647461868421487e+03
6.816835514593204692e-01	1.265891433804338249e+03
6.879592533861698112e-01	1.257721488707145681e+03
6.942344317039531587e-01	1.243492779470846017e+03
7.005175402434737908e-01	1.230386967112689945e+03
7.068124956608716758e-01	1.215661664100108283e+03
7.131019009674921527e-01	1.210272325005357061e+03
7.193918251171427247e-01	1.196205131199330026e+03
7.256833807598113140e-01	1.184436504360957997e+03
7.319652682709349989e-01	1.174059442548983725e+03
7.382507990484923344e-01	1.166393089559336204e+03
7.445265842115937893e-01	1.157287867291014436e+03
7.507871101942712455e-01	1.145131915419571669e+03
7.570758465316046459e-01	1.135270850464181876e+03
7.633641233600957365e-01	1.124677911629314622e+03
7.696462959862266917e-01	1.113959322370403697e+03
7.759394865175414102e-01	1.102875523230884937e+03
7.822329141989586843e-01	1.091084374267957401e+03
7.885314936520240181e-01	1.085255359237295124e+03
7.947896566979522071e-01	1.072337012942368801e+03
8.010491096592354809e-01	1.064997580536513624e+03
8.073364061727361651e-01	1.054565132574195331e+03
8.136229488373866170e-01	1.046324841957313311e+03
8.199152998961036776e-01	1.042733487515740990e+03
8.261952636392789762e-01	1.032333428501923436e+03
8.324897070080405914e-01	1.025101752518438389e+03
8.387959309210778480e-01	1.013970871284031205e+03
8.450634639703045181e-01	1.004321035542983054e+03
8.513282867562648182e-01	9.972220343782779537e+02
8.576198263902009566e-01	9.919055200481486736e+02
8.639058477062415697e-01	9.837683196428778274e+02
8.701838745487597837e-01	9.767594115407189292e+02
8.764641096075268534e-01	9.671111945381992427e+02
8.827503873399735745e-01	9.628797256517856340e+02
8.890332768393869323e-01	9.474671141926444307e+02
8.953084247113127780e-01	9.445154550500607229e+02
9.015956521667095602e-01	9.396091121636222852e+02
9.078833328094829680e-01	9.286025967741983322e+02
9.141744106319863450e-01	9.217073654766234085e+02
9.204630817717615043e-01	9.137449821965150250e+02
9.267434415264711456e-01	9.058385095159358116e+02
9.330324197354928906e-01	8.968298177877069293e+02
9.393265785573878812e-01	8.895023662081720204e+02
9.455974810398196650e-01	8.842714381500941272e+02
9.518660018545171964e-01	8.791749386201632888e+02
9.581413255531838757e-01	8.721404580419330159e+02
9.644350945109106954e-01	8.633850422361838355e+02
9.707355633568249820e-01	8.529965287810168775e+02
9.770080768450029041e-01	8.430046989146901524e+02
9.832823325363413414e-01	8.414638515090597366e+02
9.895569691966674686e-01	8.378424924360330124e+02
9.958456301921106979e-01	8.266593234470781226e+02
1.002136210743837408e+00	8.256539364835011838e+02
1.008404825335135424e+00	8.212529936936074364e+02
1.014694149836243398e+00	8.141490649067843606e+02
1.020992555437297167e+00	8.062757649047765653e+02
1.027273980437394485e+00	7.976445227948277079e+02
1.033559181896017254e+00	7.949178258773189327e+02
1.039847557392594934e+00	7.873303156240367571e+02
1.046126974943305088e+00	7.811887763149450166e+02
1.052403436811028659e+00	7.733865398999222407e+02
1.058680704651608684e+00	7.685565483182290336e+02
1.064964333065789193e+00	7.605918828026333358e+02
1.071256777440835473e+00	7.594815081476949672e+02
1.077544048801078125e+00	7.520430271806537803e+02
1.083824820188043603e+00	7.456639354265411157e+02
1.090108023942816695e+00	7.430020465391139624e+02
1.096389665956643222e+00	7.353031835415840760e+02
1.102681132058841440e+00	7.307906575617799945e+02
1.108963047594879958e+00	7.275108634354591004e+02
1.115225428463759272e+00	7.181951938215779592e+02
1.121502127614767863e+00	7.133633774542729498e+02
1.127792573824792033e+00	7.101731076383798609e+02
1.134089552668382961e+00	7.022062306250918482e+02
1.140364049650405942e+00	7.021439526011415637e+02
1.146639180320979445e+00	6.937625893528953611e+02
1.152942412991649901e+00	6.894607781074596460e+02
1.159228906751078814e+00	6.823345598781844501e+02
1.165508721887268173e+00	6.791008998549557418e+02
1.171793076256210320e+00	6.754323631720387766e+02
1.178087436369658958e+00	6.702424992893382978e+02
1.184367654251526902e+00	6.663602992466762771e+02
1.190634642299266632e+00	6.589944286340290773e+02
1.196912208834400859e+00	6.551478992957726177e+02
1.203201577354146234e+00	6.507271832506760347e+02
1.209486844441705733e+00	6.455635662699746717e+02
1.215763902074809888e+00	6.414759338211759996e+02
1.222049755171146668e+00	6.367059950081021498e+02
1.228340616621486969e+00	6.345591436426460632e+02
1.234632986576932767e+00	6.286633551866281095e+02
1.240902247176856488e+00	6.254132038208160793e+02
1.247174839144687519e+00	6.199286177770214863e+02
1.253465459933442272e+00	6.157800761109916721e+02
1.259749951892178421e+00	6.122106741139622272e+02
1.266032143127253873e+00	6.098049927692376286e+02
1.272316288472006507e+00	6.031575253147874491e+02
1.278604155058621350e+00	6.008482918953437775e+02
1.284886588933593865e+00	5.950257321345233095e+02
1.291175420066583257e+00	5.918581771438231272e+02
1.297465726373772332e+00	5.868296353135615391e+02
1.303741827011944299e+00	5.833225361213667384e+02
1.310017322922761851e+00	5.810131776779395523e+02
1.316301447662886703e+00	5.784921936713171817e+02
1.322586760363303249e+00	5.725487247625235341e+02
1.328865492452874664e+00	5.688235197750408361e+02
1.335144804954555564e+00	5.670684551850456501e+02
1.341440516272275119e+00	5.620061515219858848e+02
1.347730868417094552e+00	5.572185056092579316e+02
1.354001589994877630e+00	5.544672863301683492e+02
1.360282609297778444e+00	5.516790315429573184e+02
1.366565686457597906e+00	5.485125049715386467e+02
1.372851498482432708e+00	5.429049572605482581e+02
1.379135372929401804e+00	5.417052482637395769e+02
1.385409567149057164e+00	5.378733333898982210e+02
1.391698641219299315e+00	5.344700708880562843e+02
1.397984451439470810e+00	5.294107714218588399e+02
1.404267883409181961e+00	5.268948887798006808e+02
1.410554779484869181e+00	5.241155385091427661e+02
1.416837833547465397e+00	5.208616677384369495e+02
1.423118177187137068e+00	5.162636794758811902e+02
1.429397801164240089e+00	5.128606982475813538e+02
1.435686921822787232e+00	5.104696179603162136e+02
1.441977121769299597e+00	5.079470471566511378e+02
1.448253667853332427e+00	5.044590135828807433e+02
1.454532348972172651e+00	5.003946217633072138e+02
1.460819319151879903e+00	4.994658224892115754e+02
1.467110364402026468e+00	4.951963773964335473e+02
1.473392908948962132e+00	4.908490446204996260e+02
1.479669965243598950e+00	4.896164291742776982e+02
1.485956144602843532e+00	4.864978216467304719e+02
1.492233610763115115e+00	4.823998607638362728e+02
1.498502470379980078e+00	4.796825843983742743e+02
1.504785752051182701e+00	4.768111583759384189e+02
1.511075991894575976e+00	4.719091605706024666e+02
1.517361634985162189e+00	4.718188381597908005e+02
1.523648570969130533e+00	4.693872189540736599e+02
1.529938035715892264e+00	4.654270242511930178e+02
1.536230176913891965e+00	4.612409545068690022e+02
1.542510718779388279e+00	4.590071150588287878e+02
1.548783963082980275e+00	4.566151616713733574e+02
1.555073069779651318e+00	4.546148360951677887e+02
1.561357324927233892e+00	4.527203516903267655e+02
1.567629121053141006e+00	4.487260773996464991e+02
1.573913697404382583e+00	4.463219114300252954e+02
1.580203545230874029e+00	4.441564596408977081e+02
1.586485393434537983e+00	4.419317358934054027e+02
1.592760014263005841e+00	4.380621177370012447e+02
1.599046436394670812e+00	4.356274554846283422e+02
1.605342136637478934e+00	4.332668138376662910e+02
1.611619860919608627e+00	4.306143138482260042e+02
1.617897597081673799e+00	4.278241715024105360e+02
1.624183235481122756e+00	4.264753557583308066e+02
1.630464598531913722e+00	4.243638295598692594e+02
1.636748985747638274e+00	4.212743508360852616e+02
1.643030923698886259e+00	4.192291662381447850e+02
1.649309176648513064e+00	4.154260495882080022e+02
1.655593633940351861e+00	4.135222073635333686e+02
1.661879571405086464e+00	4.106566599299570157e+02
1.668169361685170271e+00	4.092647448489697695e+02
1.674450151530487485e+00	4.071445968517810456e+02
1.680722718978495900e+00	4.048935559954908854e+02
1.687013891340952476e+00	4.016314382649533172e+02
1.693308984907921033e+00	4.000951140144109104e+02
1.699582147428448486e+00	3.989456574591656590e+02
1.705863747055134105e+00	3.960954283936973752e+02
1.712154434283889470e+00	3.930664919927760366e+02
1.718438381579399321e+00	3.916731986074813108e+02
1.724721264464063930e+00	3.893839192316103208e+02
1.730997441276920679e+00	3.875452531907806701e+02
1.737287073528269499e+00	3.854207496541060323e+02
1.743567991878527401e+00	3.830700778067505325e+02
1.749840680212231048e+00	3.805550330441482174e+02
1.756128549091961144e+00	3.799203799583900150e+02
1.762413535324792502e+00	3.765695053946965913e+02
1.768696187669963837e+00	3.741712136005746743e+02
1.774979359379055266e+00	3.734881403633388572e+02
1.781265555576432957e+00	3.711402093375546087e+02
1.787549427830244619e+00	3.681132540121494685e+02
1.793834120011633004e+00	3.667601867419284645e+02
1.800115051552487300e+00	3.647224609344688133e+02
1.806393904854530330e+00	3.629837214932451275e+02
1.812674089667083432e+00	3.612024741922279532e+02
1.818956920109354058e+00	3.592461092572385724e+02
1.825244164118212220e+00	3.572460953447450720e+02
1.831527256642196955e+00	3.551731149032449366e+02
1.837811294935716599e+00	3.535770623073563002e+02
1.844100717411196744e+00	3.513654735635117277e+02
1.850384816792487230e+00	3.505031806615212986e+02
1.856666059735203822e+00	3.476986741248576891e+02
1.862947728675613979e+00	3.465751392567282210e+02
1.869229324466858078e+00	3.444641346603469856e+02
1.875517616802973686e+00	3.420645478556899661e+02
1.881800769033795229e+00	3.414712435527494563e+02
1.888078863416442710e+00	3.393612285109828122e+02
1.894353975182237582e+00	3.367740255047105506e+02
1.900642716154182565e+00	3.352528172643948778e+02
1.906933494748685121e+00	3.334571869923281042e+02
1.913207568676573933e+00	3.319826442156277153e+02
1.919490884732178992e+00	3.298881903450771347e+02
1.925776855684274480e+00	3.291468229837985291e+02
1.932064452961978152e+00	3.269806525222438722e+02
1.938342610030488800e+00	3.259061671031958554e+02
1.944618341543410178e+00	3.239778828123428980e+02
1.950906260203513876e+00	3.230105416370382159e+02
1.957194556613796488e+00	3.209122806856216243e+02
1.963479614559011432e+00	3.187897475095056166e+02
1.969760361532916226e+00	3.175613563442179270e+02
1.976048367034604736e+00	3.155119028642549210e+02
1.982337990217652335e+00	3.149348876497360834e+02
1.988617489259562721e+00	3.129470495594195540e+02
1.994896320665194178e+00	3.107063608314642806e+02
2.001179596222827151e+00	3.098748942184251405e+02
2.007459756923499761e+00	3.087624159825954280e+02
2.013737397779169935e+00	3.067847881474282303e+02
2.020017234677497164e+00	3.052481850479025525e+02
2.026310251015072783e+00	3.039406084742356029e+02
2.032600542948020284e+00	3.024085177548299157e+02
2.038873863192099289e+00	3.009902971155931368e+02
2.045154087821675404e+00	2.996082525044041631e+02
2.051444704514288730e+00	2.986693981243216172e+02
2.057730430280644729e+00	2.973694872836108516e+02
2.064013940455224461e+00	2.957213499206401366e+02
2.070299891179459895e+00	2.942563576878940808e+02
2.076589719964883951e+00	2.931921486608536043e+02
2.082865483794470673e+00	2.909005687854798907e+02
2.089134494859368640e+00	2.894155755920991169e+02
2.095424211360070288e+00	2.891110993343646669e+02
2.101707116664804254e+00	2.868082883366027431e+02
2.107986473933564309e+00	2.859552593794815039e+02
2.114271806543862375e+00	2.847260130995564396e+02
2.120552717288892275e+00	2.829431090556262234e+02
2.126836933207161717e+00	2.820468341381445612e+02
2.133122044791171845e+00	2.810681675174585621e+02
2.139411711910842673e+00	2.794331630322941464e+02
2.145697076775292089e+00	2.781273277164182218e+02
2.151973548606471276e+00	2.772029109721001419e+02
2.158259913555724108e+00	2.760061723365012654e+02
2.164545396699105506e+00	2.746173233755220622e+02
2.170830700377734068e+00	2.733728652500042244e+02
2.177114138849150393e+00	2.720735676605097524e+02
2.183387647576827018e+00	2.707922001670235659e+02
2.189670273687676971e+00	2.695163760227235343e+02
2.195960147934207463e+00	2.683195165235733270e+02
2.202242556317716371e+00	2.672597258157186957e+02
2.208521655981037668e+00	2.658574076290162225e+02
2.214804637081333016e+00	2.651895223361768785e+02
2.221092583349425276e+00	2.636124089924441023e+02
2.227372893591468728e+00	2.621863476912337774e+02
2.233657161144248171e+00	2.613169672969729049e+02
2.239943485394438660e+00	2.600308786601387965e+02
2.246224175264620815e+00	2.589981848444031129e+02
2.252506378421252009e+00	2.576639251167116527e+02
2.258783417054270437e+00	2.571707740463634195e+02
2.265069077371457684e+00	2.558167873311976734e+02
2.271350377044131452e+00	2.546843178918710464e+02
2.277633995145353918e+00	2.533841028701457958e+02
2.283922419579920149e+00	2.524727766117129590e+02
2.290202874392252674e+00	2.510764914674732609e+02
2.296490779970905560e+00	2.508338030954705857e+02
2.302771769934229162e+00	2.497387915329656494e+02
2.309051364164305564e+00	2.483873173011927520e+02
2.315338502539088239e+00	2.471515586173384520e+02
2.321627336503874428e+00	2.459926542742424544e+02
2.327911878297218795e+00	2.445038605605746227e+02
2.334186238580297168e+00	2.437573240833310990e+02
2.340467971862688401e+00	2.433462099558239800e+02
2.346756940970738725e+00	2.417055829883155411e+02
2.353044444556199988e+00	2.405134315189611414e+02
2.359327653314069906e+00	2.401053455295856338e+02
2.365603048789861607e+00	2.393844425229767694e+02
2.371885911737665165e+00	2.377296572532024754e+02
2.378173303594019572e+00	2.370978404631385956e+02
2.384454016539381271e+00	2.361848934686559573e+02
2.390736447344785187e+00	2.352808969669956127e+02
2.397014133897952259e+00	2.344998573632366572e+02
2.403295490074321972e+00	2.339194958471353800e+02
2.409585049672506862e+00	2.320837951056653310e+02
2.415871703165322071e+00	2.314394391570707512e+02
2.422160652369088840e+00	2.304493338710127261e+02
2.428440167222748691e+00	2.297443741056435158e+02
2.434717472383889803e+00	2.286145562018736825e+02
2.441002456202044257e+00	2.273559226495621033e+02
2.447289980304530488e+00	2.269204291940891949e+02
2.453571844729242279e+00	2.268443028956876333e+02
2.459852705114058846e+00	2.253006209302528191e+02
2.466139233225018934e+00	2.244204885644957130e+02
2.472421963421291391e+00	2.238239769123610756e+02
2.478698519174224568e+00	2.226142240724834949e+02
2.484980841400355800e+00	2.222263480447503810e+02
2.491269319409339822e+00	2.211598282245380176e+02
2.497548505139029373e+00	2.201641268729055696e+02
2.503831667172610853e+00	2.195266430069725629e+02
2.510117938323931153e+00	2.187494928267462626e+02
2.516400733681277480e+00	2.176707070311556436e+02
2.522688226833368130e+00	2.168988067919773925e+02
2.528971695852665569e+00	2.164358093007410275e+02
2.535252039407670299e+00	2.156672749296704410e+02
2.541537514142774512e+00	2.145757744587996854e+02
2.547823008847572179e+00	2.136394490086291000e+02
2.554100666580690238e+00	2.127509897658878231e+02
2.560376788884177301e+00	2.122090932684296263e+02
2.566667521601497359e+00	2.114470671400397066e+02
2.572955062237090473e+00	2.104674723186186043e+02
2.579233771797999175e+00	2.104153552171556498e+02
2.585520164300948220e+00	2.091814443684928904e+02
2.591805130332431872e+00	2.090058546993531365e+02
2.598084074692260881e+00	2.082576336249685482e+02
2.604360404197643586e+00	2.072587696277159068e+02
2.610647185140439142e+00	2.068400899637308328e+02
2.616931864059273138e+00	2.058970345894425691e+02
2.623206107911065565e+00	2.051066898876676987e+02
2.629491626543270844e+00	2.045702846135988580e+02
2.635778507982642349e+00	2.039288661167890098e+02
2.642061039325260818e+00	2.033178673347197218e+02
2.648343840729305843e+00	2.031074260814998240e+02
2.654631838974855551e+00	2.018228489375181880e+02
2.660919001246303761e+00	2.012217949710215521e+02
2.667198525130066056e+00	2.007316891637383662e+02
2.673484307038032526e+00	2.000126687576581332e+02
2.679773388053849459e+00	1.996613782719115591e+02
2.686058217632288692e+00	1.984216962480740847e+02
2.692338738200057868e+00	1.979895209064344783e+02
2.698618022887226964e+00	1.974065444643346439e+02
2.704895450708277860e+00	1.968832679441519531e+02
2.711175674923682166e+00	1.963221586370968907e+02
2.717459832966957922e+00	1.955802243486654106e+02
2.723745731959044569e+00	1.951845997061807907e+02
2.730038414850594730e+00	1.949309146563283548e+02
2.736317989800789441e+00	1.940122318292964678e+02
2.742591858549239703e+00	1.937752879719000703e+02
2.748879749010778362e+00	1.932765109359127962e+02
2.755163403825859447e+00	1.925177374113063138e+02
2.761446955625852073e+00	1.919359349111554707e+02
2.767732088935374701e+00	1.918060287677545830e+02
2.774015452421743966e+00	1.910065740400597178e+02
2.780298635700591436e+00	1.906092403805341462e+02
2.786577474762241380e+00	1.898998563347585957e+02
2.792857983210164541e+00	1.895113631091268758e+02
2.799143790920211483e+00	1.890136370675196247e+02
2.805430058399325244e+00	1.886311727269115295e+02
2.811715058209780072e+00	1.882478576847435079e+02
2.817989272498773623e+00	1.877248012455809771e+02
2.824269171595737760e+00	1.871345295471942904e+02
2.830563016441804081e+00	1.869234686904852936e+02
2.836848750951622034e+00	1.861657524284983936e+02
2.843130027866129783e+00	1.858627615679598648e+02
2.849413896912404986e+00	1.853555272630275397e+02
2.855697464522425566e+00	1.850394458238295954e+02
2.861978799810683594e+00	1.849345882604496296e+02
2.868262469415629567e+00	1.844115364021137964e+02
2.874547359206753860e+00	1.836883931664716556e+02
2.880831111471525041e+00	1.835455905683936635e+02
2.887113216972382546e+00	1.830830915902554636e+02
2.893394504725182781e+00	1.829027412607568124e+02
2.899673662137033592e+00	1.825193332415482246e+02
2.905953958587380814e+00	1.825057337749521764e+02
2.912241118105161064e+00	1.821769964833905249e+02
2.918525996366671205e+00	1.817545352326795296e+02
2.924809035425688819e+00	1.808539415047470413e+02
2.931095916293684933e+00	1.805308152346995598e+02
2.937378182606774413e+00	1.805609129887552626e+02
2.943659980254369923e+00	1.799914331371875562e+02
2.949946454403890250e+00	1.801231748327158186e+02
2.956227653702202307e+00	1.795048801711221813e+02
2.962510478867462993e+00	1.795681493424335144e+02
2.968796535179442309e+00	1.794293208879159067e+02
2.975077657376874907e+00	1.788693816650191764e+02
2.981359866759223376e+00	1.789041699002461030e+02
2.987646761575656562e+00	1.784824041623124629e+02
2.993929038370399365e+00	1.781393399608977290e+02
3.000206214840962726e+00	1.781604969629708251e+02
3.006486172402415669e+00	1.776904518393066041e+02
3.012769812211594456e+00	1.777493611725722928e+02
3.019053144326170113e+00	1.772146188998108300e+02
3.025337405144251424e+00	1.772400274828071645e+02
3.031623734799107961e+00	1.771161643783763395e+02
3.037908962055872575e+00	1.769772900231712072e+02
3.044195067146031608e+00	1.768218336539585209e+02
3.050475543482170426e+00	1.767395025463956131e+02
3.056754954538277502e+00	1.763893588798506471e+02
3.063040539557494668e+00	1.764855676171933112e+02
3.069323699454357346e+00	1.759440637947124060e+02
3.075610692642898769e+00	1.760473907193556897e+02
3.081893798009918584e+00	1.760689288474266334e+02
3.088174549548037717e+00	1.759851041679770276e+02
3.094458635632868493e+00	1.760845820971806006e+02
3.100743982931558840e+00	1.754171804606889680e+02
3.107028111748448396e+00	1.755909646832094211e+02
3.113309299655494300e+00	1.755626165673695311e+02
3.119590662867241626e+00	1.757141398758878381e+02
3.125874006820172912e+00	1.754708378493040755e+02
3.132159251154602586e+00	1.755130976909524065e+02
3.138439172765940643e+00	1.755230980706285209e+02
3.144723867719826593e+00	1.755582203763031544e+02
3.151003951258561031e+00	1.757931098317960448e+02
3.157283664131563139e+00	1.757361588732032089e+02
3.163569317183839935e+00	1.755487589499245757e+02
3.169851661717792091e+00	1.755427477751325398e+02
3.176137704316093657e+00	1.759617607973695215e+02
3.182420924828643916e+00	1.761118485212073210e+02
3.188702811875577581e+00	1.759803692227068836e+02
3.194990520008989865e+00	1.760485575899905086e+02
3.201275324656983834e+00	1.761740120690230640e+02
3.207551352179861759e+00	1.762222154093204836e+02
3.213835216737041645e+00	1.765897810374697485e+02
3.220122579819103770e+00	1.765571154489408343e+02
3.226406606618656525e+00	1.759787258936482317e+02
3.232687390085645429e+00	1.753167451570076025e+02
3.238969121280456331e+00	1.751108488063697166e+02
3.245254751548589667e+00	1.747491446381177695e+02
3.251534499036136783e+00	1.742223827562469864e+02
3.257817780791052442e+00	1.737891349034429709e+02
3.264102164154097263e+00	1.731033880373396698e+02
3.270384152138468892e+00	1.728390066973147725e+02
3.276669427476867735e+00	1.726879595361974964e+02
3.282954688864507808e+00	1.723636587335383297e+02
3.289237200334947264e+00	1.718144807214038394e+02
3.295519587088236779e+00	1.710834343459456761e+02
3.301805977329951958e+00	1.709526522018976493e+02
3.308087486222440088e+00	1.704757796137581067e+02
3.314367630234227313e+00	1.700968794815319995e+02
3.320651909732194262e+00	1.698770339384223291e+02
3.326931260376857047e+00	1.695054709831456421e+02
3.333216512447217728e+00	1.692353675833603575e+02
3.339504489419978128e+00	1.687184137650198181e+02
3.345786804809928405e+00	1.682682535589990209e+02
3.352071130016277767e+00	1.677452859974789305e+02
3.358351496304225581e+00	1.674283192792713066e+02
3.364630591073392019e+00	1.672714544890682475e+02
3.370916305215045483e+00	1.670466088980795405e+02
3.377197952029413752e+00	1.666958345498192671e+02
3.383483063818085501e+00	1.663708553803732002e+02
3.389769992424469969e+00	1.656627857015272696e+02
3.396051330885982100e+00	1.654812489005318810e+02
3.402330879139463971e+00	1.655450063068237512e+02
3.408610488352048495e+00	1.650067434673946991e+02
3.414897837696641236e+00	1.646551666231972035e+02
3.421180484052105619e+00	1.641940162966988339e+02
3.427461639653846870e+00	1.640443392158459517e+02
3.433749159643459059e+00	1.637350800628531147e+02
3.440032646656798310e+00	1.631000486827294367e+02
3.446313366033385339e+00	1.629540773018368895e+02
3.452600135384134905e+00	1.625256104867770262e+02
3.458883152815406703e+00	1.620316260903496470e+02
3.465163834403715448e+00	1.621981628420746233e+02
3.471449329786229221e+00	1.618651995451743062e+02
3.477734476754053894e+00	1.616732927849900250e+02
3.484019652467224226e+00	1.611891485644480326e+02
3.490297019369712928e+00	1.607409457191375566e+02
3.496582486484379970e+00	1.607589427328937859e+02
3.502868048046865024e+00	1.602664685710616368e+02
3.509144649545451244e+00	1.596870727987553664e+02
3.515428082003116295e+00	1.598608895541729567e+02
3.521711031624695565e+00	1.594486886596660327e+02
3.527991850954735664e+00	1.591273528023975246e+02
3.534275545726699885e+00	1.590753306875922704e+02
3.540562632020772149e+00	1.586654003408065421e+02
3.546844410757220789e+00	1.585515716441259713e+02
3.553131386753758836e+00	1.581555666640613254e+02
3.559419203211965144e+00	1.575529704247803124e+02
3.565697971577579839e+00	1.575826153087218700e+02
3.571979559134798254e+00	1.573171297166398404e+02
3.578265774595833726e+00	1.570595765945759865e+02
3.584548309769353125e+00	1.569569360273249288e+02
3.590826843920031486e+00	1.566894246618129216e+02
3.597107306745233934e+00	1.566356651855324458e+02
3.603392831792229245e+00	1.560754916642473802e+02
3.609673209822572559e+00	1.560287023843305292e+02
3.615955412133016189e+00	1.558947146829099779e+02
3.622241607772384686e+00	1.554473695011333234e+02
3.628520252736676444e+00	1.554003670924371079e+02
3.634804827569451113e+00	1.549405170726987251e+02
3.641094981788862928e+00	1.547878824701182623e+02
3.647383514928639325e+00	1.549024236241251629e+02
3.653663283927725658e+00	1.545596262702291313e+02
3.659943504072155296e+00	1.543451023804230999e+02
3.666232000281138603e+00	1.544352420451146486e+02
3.672514211678317597e+00	1.540654523144672225e+02
3.678794154686042539e+00	1.538098580272525169e+02
3.685078621861909820e+00	1.534959721452742656e+02
3.691359210097977961e+00	1.535415831369659827e+02
3.697642368173791105e+00	1.534029096542473098e+02
3.703925796735277665e+00	1.532572062293264707e+02
3.710208240364660348e+00	1.531308336582662832e+02
3.716494593122387169e+00	1.529335903257787379e+02
3.722775386659595398e+00	1.526548685805964283e+02
3.729058392883481510e+00	1.525204523160180656e+02
3.735339748210807720e+00	1.523706843069995500e+02
3.741620776392969638e+00	1.521491168561188374e+02
3.747904795418762980e+00	1.518839252798209429e+02
3.754190633281219380e+00	1.520055784034938711e+02
3.760478208018912749e+00	1.520611653637101881e+02
3.766755538573464346e+00	1.513965415148660441e+02
3.773032090135151506e+00	1.515452146784153342e+02
3.779322553012896879e+00	1.514976460133815976e+02
3.785609109731308930e+00	1.512855737196964299e+02
3.791889825936295200e+00	1.511253345964976518e+02
3.798174822702435893e+00	1.509567475778054302e+02
3.804458658753491651e+00	1.509117044530376006e+02
3.810738438095723435e+00	1.508997443394905815e+02
3.817018850285747167e+00	1.509497895736974442e+02
3.823305314209427763e+00	1.505735072063562541e+02
3.829591295197792178e+00	1.505197119222003721e+02
3.835872296070849341e+00	1.506101481089091578e+02
3.842156279590906109e+00	1.503959124892535897e+02
3.848441511099312429e+00	1.501227435726291048e+02
3.854723334376886079e+00	1.504600990386412036e+02
3.861004740704794713e+00	1.499540924838829028e+02
3.867284336650660848e+00	1.499323598071773063e+02
3.873567367678779849e+00	1.501595871171083729e+02
3.879850662830422792e+00	1.500437879191464106e+02
3.886137063198143338e+00	1.501196099001864184e+02
3.892419463049126005e+00	1.497271202718883671e+02
3.898703740328622658e+00	1.498453609419883605e+02
3.904991458788179326e+00	1.500670666013297705e+02
3.911270842222104083e+00	1.502297858993999569e+02
3.917549806479573071e+00	1.499763021665731060e+02
3.923836006203090587e+00	1.499714317035967781e+02
3.930121452497870926e+00	1.498922083154446625e+02
3.936398172858230460e+00	1.496673677850408239e+02
3.942683040425962293e+00	1.498137533046644023e+02
3.948974759704379611e+00	1.498908216223546219e+02
3.955259227995065352e+00	1.499518444431142257e+02
3.961537174921395454e+00	1.499998276651348021e+02
3.967820217617139544e+00	1.496386657229690513e+02
3.974105559832568968e+00	1.500445432616662060e+02
3.980384727931198352e+00	1.498254491810411935e+02
3.986664590839849698e+00	1.498478397082530194e+02
3.992949619150675034e+00	1.501386868462770963e+02
3.999235075769965952e+00	1.501245886898966262e+02
4.005515715515433506e+00	1.502149924421240428e+02
4.011798434346478537e+00	1.501434876010793573e+02
4.018083716245132386e+00	1.502009537010001452e+02
4.024365700052603856e+00	1.501037195217209899e+02
4.030643960839860540e+00	1.504310305958306628e+02
4.036928708926215137e+00	1.501367661579594710e+02
4.043218157412017177e+00	1.505690037528733285e+02
4.049503019487663558e+00	1.503830081580624665e+02
4.055781898960511000e+00	1.508139802555912752e+02
4.062060795621602161e+00	1.507265880849913060e+02
4.068347865354716042e+00	1.506139501528380151e+02
4.074631027173265529e+00	1.511645392806941857e+02
4.080910837526078971e+00	1.510182664927963572e+02
4.087201203341442657e+00	1.512806476307127639e+02
4.093486818591942189e+00	1.513508738156103846e+02
4.099764387336505500e+00	1.516347731991734236e+02
4.106049166937662420e+00	1.515852176558032340e+02
4.112334559041358695e+00	1.520484673711340520e+02
4.118618926059533614e+00	1.520963704107516890e+02
4.124898942031112625e+00	1.518626821123073967e+02
4.131175432561665417e+00	1.518888125381718623e+02
4.137461563786142271e+00	1.526562376804081111e+02
4.143746006210170307e+00	1.528290387448528520e+02
4.150029800482964326e+00	1.527841693307192941e+02
4.156313390684649001e+00	1.530010826652494416e+02
4.162596105843763716e+00	1.530084688940835917e+02
4.168881843141768684e+00	1.529887298409302616e+02
4.175162111073220217e+00	1.537891848978007658e+02
4.181448573417560155e+00	1.536752818665974871e+02
4.187738782464171194e+00	1.536548560835698822e+02
4.194017437180169061e+00	1.540601563494968218e+02
4.200293572701767175e+00	1.542773101582161530e+02
4.206580195481546269e+00	1.548524377124972489e+02
4.212860644652220543e+00	1.545007570607942000e+02
4.219138153430114002e+00	1.551075273654750504e+02
4.225426162098283811e+00	1.549824801141829766e+02
4.231713506719782636e+00	1.554610253024366102e+02
4.237990056577191744e+00	1.556467557027355610e+02
4.244267783646744618e+00	1.561962136350428807e+02
4.250560660182562955e+00	1.563735359892791621e+02
4.256847734842668096e+00	1.564296485577110332e+02
4.263127100734456221e+00	1.571582994794776482e+02
4.269406860432507500e+00	1.570212740669188918e+02
4.275691671482192646e+00	1.577086841783308273e+02
4.281972414189518794e+00	1.580639223160705740e+02
4.288253516806755705e+00	1.582048212075005722e+02
4.294540520160492925e+00	1.584852061086360777e+02
4.300825742921731809e+00	1.583358388565304153e+02
4.307109835491901961e+00	1.589296226825898088e+02
4.313390926478413157e+00	1.592631822684022040e+02
4.319667979480563247e+00	1.595118744194487306e+02
4.325952598143786076e+00	1.598141836851343385e+02
4.332241647035422361e+00	1.601256451775369385e+02
4.338524445619096781e+00	1.605917410152845832e+02
4.344809348131129845e+00	1.609353115205647953e+02
4.351090699193166600e+00	1.609129061541998738e+02
4.357369710808320029e+00	1.615475123268311677e+02
4.363659348967174445e+00	1.617995832828578102e+02
4.369947418280990981e+00	1.612362931985142893e+02
4.376226569265827315e+00	1.623370396695484033e+02
4.382499356631129217e+00	1.626144879461170945e+02
4.388784975178015024e+00	1.631067678898856173e+02
4.395068696309480494e+00	1.627384712486113756e+02
4.401347962382031298e+00	1.634265091585451160e+02
4.407628405096517099e+00	1.634231552776686271e+02
4.413915862185140426e+00	1.640932189203951168e+02
4.420203163534264235e+00	1.645882026979297734e+02
4.426480311003382795e+00	1.643714683126954412e+02
4.432765973643649104e+00	1.648992412765807671e+02
4.439053392023870614e+00	1.647578913190577055e+02
4.445336141335588742e+00	1.651143176200402820e+02
4.451617241414883352e+00	1.654362421019249894e+02
4.457901500730311106e+00	1.653562607295321527e+02
4.464189501093017043e+00	1.654166475845358093e+02
4.470470197548729985e+00	1.653907913472510245e+02
4.476748044268524573e+00	1.662045373705981035e+02
4.483035990164653484e+00	1.660743068217294081e+02
4.489323331650528104e+00	1.661284676750263998e+02
4.495599111667934800e+00	1.657968855085075859e+02
4.501870922878794090e+00	1.656212906977315527e+02
4.508155162877705457e+00	1.659335464073968467e+02
4.514446451153479423e+00	1.655810906163253549e+02
4.520723894043856994e+00	1.657093639687826112e+02
4.527003782460155890e+00	1.656294893178585426e+02
4.533293086610313161e+00	1.652897532586478349e+02
4.539578989864040182e+00	1.648800711547866626e+02
4.545857164866476730e+00	1.644059249010140036e+02
4.552138955546025656e+00	1.642112671999693703e+02
4.558432046889146605e+00	1.637742896764880811e+02
4.564713463378488711e+00	1.638530780778586973e+02
4.570987274133244682e+00	1.635893654392763494e+02
4.577274818151045643e+00	1.632824549087737864e+02
4.583563263889338657e+00	1.631828667860431494e+02
4.589844917004465508e+00	1.635088411840317235e+02
4.596126259982004747e+00	1.635488554479807135e+02
4.602409075598298926e+00	1.631885638749378984e+02
4.608696634867644804e+00	1.634201406809990829e+02
4.614977646498861219e+00	1.632327855318431205e+02
4.621258953029527383e+00	1.632089138848166670e+02
4.627547993978874175e+00	1.636207762766135261e+02
4.633830152730579854e+00	1.630821445807072223e+02
4.640104005367354567e+00	1.643930723774490446e+02
4.646382060386754276e+00	1.637322341199634366e+02
4.652674213731970987e+00	1.640724393956079155e+02
4.658958291796220230e+00	1.638503665723493157e+02
4.665233615070169648e+00	1.640031581837170620e+02
4.671520675710307380e+00	1.645035534317293582e+02
4.677814351732177300e+00	1.645152548283655847e+02
4.684093699744638073e+00	1.646546248248540678e+02
4.690368661472568590e+00	1.652962759885263324e+02
4.696663270746453733e+00	1.647964949880285985e+02
4.702945459248681459e+00	1.648128721635129921e+02
4.709209170841929470e+00	1.654772222616801116e+02
4.715491634753063543e+00	1.653798854149122235e+02
4.721784316284933780e+00	1.650730934876537788e+02
4.728063062331094635e+00	1.650273995219646110e+02
4.734337423381671073e+00	1.662024049697845953e+02
4.740627024094544062e+00	1.662396836742038602e+02
4.746914995664547554e+00	1.666035214676944349e+02
4.753194740071086777e+00	1.664776988906800170e+02
4.759478891864783456e+00	1.674735225401090304e+02
4.765762396877359031e+00	1.672449459419708262e+02
4.772049481246195768e+00	1.675727062513682881e+02
4.778335091022592351e+00	1.686688299702419727e+02
4.784610831402393849e+00	1.684157800736991817e+02
4.790907306208476157e+00	1.687003934657226978e+02
4.797204047706418173e+00	1.694947443984259507e+02
4.803470827697504220e+00	1.699455350081821905e+02
4.809748850577324042e+00	1.698704204727904141e+02
4.816045316586602176e+00	1.706593595333780797e+02
4.822329240673497885e+00	1.713617876439737699e+02
4.828596758226470165e+00	1.712352633226537648e+02
4.834890332961369275e+00	1.715897656533436191e+02
4.841191655056394261e+00	1.716256093732261263e+02
4.847460407468000554e+00	1.733845637715963903e+02
4.853732128521334843e+00	1.725803786402110802e+02
4.860029138783373170e+00	1.724789638083082650e+02
4.866314601732018019e+00	1.734428144860384577e+02
4.872587026269203925e+00	1.745877092508679311e+02
4.878874221748241702e+00	1.740534519175026844e+02
4.885171078138658807e+00	1.751065904132600508e+02
4.891450629931857641e+00	1.753773776317348450e+02
4.897716482750221978e+00	1.765408774495889759e+02
4.904002834596266069e+00	1.770307379428373338e+02
4.910295858205786068e+00	1.771410934022050867e+02
4.916575188115905881e+00	1.775723016749550993e+02
4.922847946197084212e+00	1.791174137942137747e+02
4.929131667457151700e+00	1.796411636054756968e+02
4.935434460144239033e+00	1.792797255632225131e+02
4.941718513303545279e+00	1.802858760320171712e+02
4.947978624761803168e+00	1.815754322238779821e+02
4.954274999209829389e+00	1.822386999047742222e+02
4.960571094729937514e+00	1.822061377283218917e+02
4.966823207626954506e+00	1.830706128837476001e+02
4.973097418390337587e+00	1.846357545420069926e+02
4.979415129936382023e+00	1.844152594854709264e+02
4.985702082330368157e+00	1.853543479471061346e+02
4.991949985828016523e+00	1.869607667209343447e+02
4.998241586316924057e+00	1.872878282944670900e+02
5.004556635606089543e+00	1.880523775523686822e+02
5.010828655701208945e+00	1.893265932181311086e+02
5.017077229702536556e+00	1.891880060149413509e+02
5.023374414758113637e+00	1.897305220730339670e+02
5.029688873569548413e+00	1.911339765232502828e+02
5.035958413584124216e+00	1.931074561712085256e+02
5.042232667658486989e+00	1.933823603995207634e+02
5.048528755870775875e+00	1.938797911136134644e+02
5.054821121427484520e+00	1.939716081710282651e+02
5.061069509814582368e+00	1.953988483364129252e+02
5.067347812754101177e+00	1.964705715512173185e+02
5.073675050630431116e+00	1.978351921473256994e+02
5.079945928388977627e+00	1.992176962531752622e+02
5.086192992546071601e+00	2.016727054046403111e+02
5.092484128970163226e+00	2.022113810683484019e+02
5.098802924706086870e+00	2.036580070282458905e+02
5.105078217426394005e+00	2.040344383829537094e+02
5.111325076574067872e+00	2.057735223009203480e+02
5.117628358851224135e+00	2.059638170642056423e+02
5.123935939383525984e+00	2.060056700189652474e+02
5.130199176325612065e+00	2.101753415582073501e+02
5.136469985878846956e+00	2.113451245905719418e+02
5.142797788696348071e+00	2.122911914693718245e+02
5.149090378043822192e+00	2.134261582995069375e+02
5.155289879840074363e+00	2.151701181749231466e+02
5.161564521234301317e+00	2.152311225831009835e+02
5.167916673496016244e+00	2.173213591428806524e+02
5.174205974602950064e+00	2.190624626672131683e+02
5.180434820793812456e+00	2.187430793653750811e+02
5.186729096569634656e+00	2.216545123475310390e+02
5.193058481037780894e+00	2.206901246581539908e+02
5.199319511444338460e+00	2.248448667782867290e+02
5.205574295584361799e+00	2.255439306636545780e+02
5.211894977074066126e+00	2.268292266528063976e+02
5.218201708336958511e+00	2.299412635299601106e+02
5.224411911780083351e+00	2.295187533267935009e+02
5.230677632666463239e+00	2.319265190864917656e+02
5.237056729559757429e+00	2.355142247841844210e+02
5.243336785035660697e+00	2.346794590131961513e+02
5.249493476178225038e+00	2.386952394325896023e+02
5.255787017738318134e+00	2.440189219189219898e+02
5.262205327426889845e+00	2.416111350187586595e+02
5.268477758348532269e+00	2.455457027592368036e+02
5.274632213654732560e+00	2.466771525376007617e+02
5.280950543314659740e+00	2.500480311860936524e+02
5.287327645024750389e+00	2.499775837228110618e+02
5.293582359180156516e+00	2.537000080417037395e+02
5.299789992649893478e+00	2.558781610784942586e+02
5.306111460381987222e+00	2.558212270374560262e+02
5.312452717892129250e+00	2.619930587235294865e+02
5.318650122853046724e+00	2.596649920271107135e+02
5.324923043129819789e+00	2.610960272174650640e+02
5.331330237158205421e+00	2.649607776571450586e+02
5.337586726886338617e+00	2.691939791056127547e+02
5.343685192440848830e+00	2.694033064100620436e+02
5.350070659715249199e+00	2.717453671993319517e+02
5.356556762554878226e+00	2.753805462324216933e+02
5.362691868684501095e+00	2.759858583656496194e+02
5.368769208912516966e+00	2.814516410209807873e+02
5.375270137997677722e+00	2.899087409527582508e+02
5.381769983045385786e+00	2.886015735245927090e+02
5.387701030372958222e+00	2.881828490233817774e+02
5.393786668001271600e+00	2.921728965204628139e+02
5.400446161099396569e+00	2.955745840149033938e+02
5.406957063684501463e+00	2.957661448842675327e+02
5.412655672453426270e+00	3.039764273522204121e+02
5.418821279260546575e+00	3.020876355831226761e+02
5.425690594366304076e+00	3.072075800468570037e+02
5.432217487502165376e+00	3.071357880776081970e+02
5.437649811577258241e+00	3.189717771024632498e+02
5.443914404015878006e+00	3.170846278544274242e+02
5.450953501686320202e+00	3.292993816972564787e+02
5.457483690405861232e+00	3.273289813476023937e+02
5.462715250135157241e+00	3.281721012311069217e+02
5.469033575551323523e+00	3.387715248456913741e+02
5.476177730420278778e+00	3.462983611218042483e+02
5.482708935702562236e+00	3.458005711641902167e+02
5.487722405008360838e+00	3.238016150269536979e+02
5.494194284996126498e+00	3.485505609896341070e+02
5.501391471009256406e+00	3.525392012247336879e+02
5.507128202673079009e+00	3.787769692834480679e+02
5.512278020050448646e+00	3.558155563580730814e+02
5.519395563377015534e+00	3.675240369357581471e+02
5.526598678609708770e+00	3.596136546125133577e+02
5.532162682462509196e+00	3.371940877485124588e+02
5.537397124017139127e+00	4.010880982396575405e+02
5.544582756485218589e+00	3.947107811827785326e+02
5.551739327507637434e+00	4.153886438909943877e+02
5.557493306674907707e+00	3.263882283636287411e+02
5.562281709102816940e+00	4.766835381647264285e+02
5.569272720323164449e+00	7.045586628558121447e+02
