8.899641224696953554e-03	2.913378302398072992e+04
1.507912216506557788e-02	4.832143944343339535e+04
2.144790186456836667e-02	3.187313579153376850e+04
2.783660776489276650e-02	2.567682393350057464e+04
3.435099785803411021e-02	2.194103365433156432e+04
4.047886761425745911e-02	1.631601960825875722e+04
4.676716683575679601e-02	1.349215656235398092e+04
5.308225101765951665e-02	1.386459746525983064e+04
5.945362440940590160e-02	1.172267453392409698e+04
6.576224814588792211e-02	1.197360055377859862e+04
7.196632906698736953e-02	1.066423192760516213e+04
7.827860915688347743e-02	1.088505182229297861e+04
8.470398945834539672e-02	9.194372094019840006e+03
9.096854620527369817e-02	8.197674042966811612e+03
9.720789776830213169e-02	6.922135385588368990e+03
1.034763038959366499e-01	6.391713368516660012e+03
1.097576444254559219e-01	5.730653537690819576e+03
1.160543084780093354e-01	5.481728660584811223e+03
1.223669666537485351e-01	5.394226072347721129e+03
1.286817263090294094e-01	4.865872126279478834e+03
1.349500801664080818e-01	4.909709471785165988e+03
1.411949558842147678e-01	4.516218137556526926e+03
1.475133575747468451e-01	4.264520503481853666e+03
1.537865074252268427e-01	3.991859892980276982e+03
1.600657544051110326e-01	3.839903984911349198e+03
1.663991168687080635e-01	3.546235254030253145e+03
1.727195645776442856e-01	3.339575053376245251e+03
1.789765213377084718e-01	3.130328507272691240e+03
1.852353690647852158e-01	2.997251590460532043e+03
1.914806787341157279e-01	2.888693954305713760e+03
1.977889868651535599e-01	2.769358633033566093e+03
2.040937735447724277e-01	2.751910846314831360e+03
2.103939302609846018e-01	2.635081753460542586e+03
2.166909709822301688e-01	2.470042110253768897e+03
2.229700281216152047e-01	2.435745950983864532e+03
2.292620027086341994e-01	2.330810745354237042e+03
2.355141508366812297e-01	2.264091085017831119e+03
2.417910583817859116e-01	2.178536589050480870e+03
2.480856539439619257e-01	2.111562064665670732e+03
2.543492256872954549e-01	2.037486882923452640e+03
2.606334251884805386e-01	2.005836030073783377e+03
2.669257370896960802e-01	1.943472745366876097e+03
2.732423343141155980e-01	1.870518838104191445e+03
2.795529680084415936e-01	1.835811179614275488e+03
2.858366292314493129e-01	1.783635315275463654e+03
2.920876271394311496e-01	1.734667798334505505e+03
2.983449844439822751e-01	1.687255277518380126e+03
3.046382639407197446e-01	1.647832560886892679e+03
3.109279127003197196e-01	1.587555598278212074e+03
3.172168171618398036e-01	1.589513030742718684e+03
3.235187567944423082e-01	1.569057571215970029e+03
3.298168217550395687e-01	1.503836418573395122e+03
3.361176429457156667e-01	1.462356108474245502e+03
3.423700375709273769e-01	1.439063150078896570e+03
3.486478192666269682e-01	1.445633091299481293e+03
3.549411614411318028e-01	1.409864444273273421e+03
3.611916935421040642e-01	1.380144589718742964e+03
3.674767089563572564e-01	1.346258021669620575e+03
3.737647795277591056e-01	1.319549069459688099e+03
3.800654031475132477e-01	1.293660890074349709e+03
3.863539861259823738e-01	1.265101415579968943e+03
3.926140181364449755e-01	1.263113960076045714e+03
3.989264500321934581e-01	1.239690134961669401e+03
4.052073244576828714e-01	1.201079119636740643e+03
4.114916477570477182e-01	1.200307868630742632e+03
4.177814272116491257e-01	1.174335462803152950e+03
4.240400648725131116e-01	1.164614826559576386e+03
4.303425690270192283e-01	1.144127862882337922e+03
4.366358560255625965e-01	1.123350977626694203e+03
4.428996183220763605e-01	1.118482221500299147e+03
4.491634418529859563e-01	1.093006388030634980e+03
4.554414146254732731e-01	1.082897167258991203e+03
4.617634470301058558e-01	1.069848150800146641e+03
4.680644242023710433e-01	1.055313774820264825e+03
4.743485242764365895e-01	1.030657068661358835e+03
4.806356136815400082e-01	1.014263475112460924e+03
4.869019258388697646e-01	1.009973619096843322e+03
4.931697099599955947e-01	1.006714751115099943e+03
4.994506747144535908e-01	9.886260012080498427e+02
5.057159051335421429e-01	9.827459689554270881e+02
5.119923996268095356e-01	9.657387168370588597e+02
5.183126097768406826e-01	9.452503484433146923e+02
5.246089638029100000e-01	9.329594505370910156e+02
5.308757308483337267e-01	9.334752110218811367e+02
5.371573527946726934e-01	9.137968247531908901e+02
5.434579563783791256e-01	9.088420079955868687e+02
5.497430652392217842e-01	8.974415392356557959e+02
5.559937427501778773e-01	8.889071188930654444e+02
5.622854676609657654e-01	8.829441040989007661e+02
5.686011537227265711e-01	8.730153009730996700e+02
5.748804589422079614e-01	8.603820165729085829e+02
5.811550210340560296e-01	8.564103370975107055e+02
5.874394496660968468e-01	8.483514278511279372e+02
5.937176220296899176e-01	8.358308067588425274e+02
5.999971954793682505e-01	8.337731126987985135e+02
6.062679115124277596e-01	8.223193107538556887e+02
6.125469576444534381e-01	8.146299500337026984e+02
6.188477733041515272e-01	8.054239805934240621e+02
6.251310567437898813e-01	7.978003451736707348e+02
6.314027450383210560e-01	7.935995874730559763e+02
6.377003562732055375e-01	7.848419990912913136e+02
6.439857783314556494e-01	7.808722172428031172e+02
6.502685417166111925e-01	7.695878570618457388e+02
6.565586117699038216e-01	7.621020916445828561e+02
6.628369282359254377e-01	7.599197862387140958e+02
6.691185444962194362e-01	7.481507424884458715e+02
6.754070198575605755e-01	7.411408179649854446e+02
6.816835514593204692e-01	7.368295305824544812e+02
6.879592533861698112e-01	7.267622107541608329e+02
6.942344317039531587e-01	7.242107889680628432e+02
7.005175402434737908e-01	7.230487578561711643e+02
7.068124956608716758e-01	7.158667015393538122e+02
7.131019009674921527e-01	7.082955840804975196e+02
7.193918251171427247e-01	7.010592787879637626e+02
7.256833807598113140e-01	6.916661327064147144e+02
7.319652682709349989e-01	6.944806018314576477e+02
7.382507990484923344e-01	6.836783680774447021e+02
7.445265842115937893e-01	6.776794192816201985e+02
7.507871101942712455e-01	6.747604681745699509e+02
7.570758465316046459e-01	6.694728903601535421e+02
7.633641233600957365e-01	6.593960989867432545e+02
7.696462959862266917e-01	6.549417336122226061e+02
7.759394865175414102e-01	6.547706884727747365e+02
7.822329141989586843e-01	6.451832809921031640e+02
7.885314936520240181e-01	6.442042944527297550e+02
7.947896566979522071e-01	6.356970155384893815e+02
8.010491096592354809e-01	6.344011721739731229e+02
8.073364061727361651e-01	6.265881063857473237e+02
8.136229488373866170e-01	6.237773467469844491e+02
8.199152998961036776e-01	6.200283788545303878e+02
8.261952636392789762e-01	6.152337269949683787e+02
8.324897070080405914e-01	6.108610508447269467e+02
8.387959309210778480e-01	6.070090800832083460e+02
8.450634639703045181e-01	5.997148401809478173e+02
8.513282867562648182e-01	5.988939474738034505e+02
8.576198263902009566e-01	5.947490134416652836e+02
8.639058477062415697e-01	5.882473379204383264e+02
8.701838745487597837e-01	5.816732093692688750e+02
8.764641096075268534e-01	5.806066311720721842e+02
8.827503873399735745e-01	5.757802067628045961e+02
8.890332768393869323e-01	5.720053225139594133e+02
8.953084247113127780e-01	5.696333049943136757e+02
9.015956521667095602e-01	5.667860428833545257e+02
9.078833328094829680e-01	5.628663944912145780e+02
9.141744106319863450e-01	5.563708047180446101e+02
9.204630817717615043e-01	5.529420428882533542e+02
9.267434415264711456e-01	5.489748223299708343e+02
9.330324197354928906e-01	5.417492279298764970e+02
9.393265785573878812e-01	5.407840290613848993e+02
9.455974810398196650e-01	5.378058307563368317e+02
9.518660018545171964e-01	5.337616032659525445e+02
9.581413255531838757e-01	5.306787863920541213e+02
9.644350945109106954e-01	5.331509967042061362e+02
9.707355633568249820e-01	5.239034053420118653e+02
9.770080768450029041e-01	5.221841229337226196e+02
9.832823325363413414e-01	5.179288836635513462e+02
9.895569691966674686e-01	5.140134526290923986e+02
9.958456301921106979e-01	5.106717699640717569e+02
1.002136210743837408e+00	5.100786572031868786e+02
1.008404825335135424e+00	5.030792244415295045e+02
1.014694149836243398e+00	5.019701463193770792e+02
1.020992555437297167e+00	4.999135573353701147e+02
1.027273980437394485e+00	4.950725958123007331e+02
1.033559181896017254e+00	4.904933534303170291e+02
1.039847557392594934e+00	4.908708940741052515e+02
1.046126974943305088e+00	4.853723858193507681e+02
1.052403436811028659e+00	4.827846730887768558e+02
1.058680704651608684e+00	4.803184694405787241e+02
1.064964333065789193e+00	4.763740842002660543e+02
1.071256777440835473e+00	4.735405752306334080e+02
1.077544048801078125e+00	4.685350260957804949e+02
1.083824820188043603e+00	4.654510602319562622e+02
1.090108023942816695e+00	4.646027588021168526e+02
1.096389665956643222e+00	4.609794144850794169e+02
1.102681132058841440e+00	4.589246951133717403e+02
1.108963047594879958e+00	4.546070691946294460e+02
1.115225428463759272e+00	4.549395659326068539e+02
1.121502127614767863e+00	4.495138052071745278e+02
1.127792573824792033e+00	4.454728382518353555e+02
1.134089552668382961e+00	4.443638851747700755e+02
1.140364049650405942e+00	4.415113472941065993e+02
1.146639180320979445e+00	4.384036081939872815e+02
1.152942412991649901e+00	4.367181054460079963e+02
1.159228906751078814e+00	4.335671708672863929e+02
1.165508721887268173e+00	4.328475929922067280e+02
1.171793076256210320e+00	4.292329872201374883e+02
1.178087436369658958e+00	4.262056833933635858e+02
1.184367654251526902e+00	4.236792200238467103e+02
1.190634642299266632e+00	4.200142258249941278e+02
1.196912208834400859e+00	4.198218730706869906e+02
1.203201577354146234e+00	4.157751490382669886e+02
1.209486844441705733e+00	4.125323395182027753e+02
1.215763902074809888e+00	4.121709601400497718e+02
1.222049755171146668e+00	4.113258461858309829e+02
1.228340616621486969e+00	4.095585564096558073e+02
1.234632986576932767e+00	4.044269767020282984e+02
1.240902247176856488e+00	4.023989762837674675e+02
1.247174839144687519e+00	4.002221881514213351e+02
1.253465459933442272e+00	3.979327157820285379e+02
1.259749951892178421e+00	3.968043943839530243e+02
1.266032143127253873e+00	3.946385913308422460e+02
1.272316288472006507e+00	3.904288382460097750e+02
1.278604155058621350e+00	3.899300435587311426e+02
1.284886588933593865e+00	3.864661943397320556e+02
1.291175420066583257e+00	3.844722803619483784e+02
1.297465726373772332e+00	3.825217040144830776e+02
1.303741827011944299e+00	3.807059758478694107e+02
1.310017322922761851e+00	3.782022024319966249e+02
1.316301447662886703e+00	3.755348197420254905e+02
1.322586760363303249e+00	3.739165233699778810e+02
1.328865492452874664e+00	3.724192064088499023e+02
1.335144804954555564e+00	3.694572889409355980e+02
1.341440516272275119e+00	3.679655286764564153e+02
1.347730868417094552e+00	3.659682345142745703e+02
1.354001589994877630e+00	3.643704670073674379e+02
1.360282609297778444e+00	3.632321950027214257e+02
1.366565686457597906e+00	3.601321926601825680e+02
1.372851498482432708e+00	3.593754225546226166e+02
1.379135372929401804e+00	3.563281158305600229e+02
1.385409567149057164e+00	3.535617979048485040e+02
1.391698641219299315e+00	3.509604211497443771e+02
1.397984451439470810e+00	3.492237749377837872e+02
1.404267883409181961e+00	3.485319639917403833e+02
1.410554779484869181e+00	3.473669706109187700e+02
1.416837833547465397e+00	3.455394948064569007e+02
1.423118177187137068e+00	3.422141432306203797e+02
1.429397801164240089e+00	3.406045545978116138e+02
1.435686921822787232e+00	3.402742544879830007e+02
1.441977121769299597e+00	3.384500770927530766e+02
1.448253667853332427e+00	3.359339717139384902e+02
1.454532348972172651e+00	3.339257759746527086e+02
1.460819319151879903e+00	3.321351351467995983e+02
1.467110364402026468e+00	3.297268277527167584e+02
1.473392908948962132e+00	3.280571411230000649e+02
1.479669965243598950e+00	3.266069754453702672e+02
1.485956144602843532e+00	3.256729475712793942e+02
1.492233610763115115e+00	3.232587349992450640e+02
1.498502470379980078e+00	3.214677669372265996e+02
1.504785752051182701e+00	3.197149839111942242e+02
1.511075991894575976e+00	3.172393705575360059e+02
1.517361634985162189e+00	3.168322897110391523e+02
1.523648570969130533e+00	3.145168217483271746e+02
1.529938035715892264e+00	3.131862020449611350e+02
1.536230176913891965e+00	3.114415715675303886e+02
1.542510718779388279e+00	3.097094795362933155e+02
1.548783963082980275e+00	3.093016797169465804e+02
1.555073069779651318e+00	3.066185616238309422e+02
1.561357324927233892e+00	3.051324486874422064e+02
1.567629121053141006e+00	3.038890794244430822e+02
1.573913697404382583e+00	3.020152576311378425e+02
1.580203545230874029e+00	3.015569726465496387e+02
1.586485393434537983e+00	2.994633968312494972e+02
1.592760014263005841e+00	2.976028326100970958e+02
1.599046436394670812e+00	2.965306296373166788e+02
1.605342136637478934e+00	2.945202396290601428e+02
1.611619860919608627e+00	2.927374444605338226e+02
1.617897597081673799e+00	2.910031870884822069e+02
1.624183235481122756e+00	2.897717860084402446e+02
1.630464598531913722e+00	2.877961833263765357e+02
1.636748985747638274e+00	2.867655089081740130e+02
1.643030923698886259e+00	2.857855719117241620e+02
1.649309176648513064e+00	2.840779631317440703e+02
1.655593633940351861e+00	2.832409287017222823e+02
1.661879571405086464e+00	2.808426212656794405e+02
1.668169361685170271e+00	2.793307050654054251e+02
1.674450151530487485e+00	2.780735267248032301e+02
1.680722718978495900e+00	2.773471372051391199e+02
1.687013891340952476e+00	2.755361139373713399e+02
1.693308984907921033e+00	2.746820788569926890e+02
1.699582147428448486e+00	2.736601826415407004e+02
1.705863747055134105e+00	2.713369852737977226e+02
1.712154434283889470e+00	2.695844754163536550e+02
1.718438381579399321e+00	2.680691842343546796e+02
1.724721264464063930e+00	2.671477036392046784e+02
1.730997441276920679e+00	2.659025131244575846e+02
1.737287073528269499e+00	2.651448655199707218e+02
1.743567991878527401e+00	2.631797671627736008e+02
1.749840680212231048e+00	2.622442773410256791e+02
1.756128549091961144e+00	2.616056812165602423e+02
1.762413535324792502e+00	2.599756310652180105e+02
1.768696187669963837e+00	2.591827671982082393e+02
1.774979359379055266e+00	2.568787491276128776e+02
1.781265555576432957e+00	2.564201013930601789e+02
1.787549427830244619e+00	2.551801007673503250e+02
1.793834120011633004e+00	2.533499774088842287e+02
1.800115051552487300e+00	2.524335985464318242e+02
1.806393904854530330e+00	2.516011933828671374e+02
1.812674089667083432e+00	2.497186862311065170e+02
1.818956920109354058e+00	2.488147924498441341e+02
1.825244164118212220e+00	2.476496957721267904e+02
1.831527256642196955e+00	2.460730765235174147e+02
1.837811294935716599e+00	2.452024360332190440e+02
1.844100717411196744e+00	2.437115289521567547e+02
1.850384816792487230e+00	2.428651217491696173e+02
1.856666059735203822e+00	2.415573323526289755e+02
1.862947728675613979e+00	2.404588721032027649e+02
1.869229324466858078e+00	2.395864068868542631e+02
1.875517616802973686e+00	2.382401326009670584e+02
1.881800769033795229e+00	2.377710759222610193e+02
1.888078863416442710e+00	2.358286738362810979e+02
1.894353975182237582e+00	2.350879459157406473e+02
1.900642716154182565e+00	2.341864970441029357e+02
1.906933494748685121e+00	2.329788568762640750e+02
1.913207568676573933e+00	2.317691315100887834e+02
1.919490884732178992e+00	2.304816715046795537e+02
1.925776855684274480e+00	2.299003805484821328e+02
1.932064452961978152e+00	2.287773622514676504e+02
1.938342610030488800e+00	2.281243835696812710e+02
1.944618341543410178e+00	2.263527799065522288e+02
1.950906260203513876e+00	2.251827643841866973e+02
1.957194556613796488e+00	2.246690451315605799e+02
1.963479614559011432e+00	2.242680595480077272e+02
1.969760361532916226e+00	2.220611277159247834e+02
1.976048367034604736e+00	2.211080916141573312e+02
1.982337990217652335e+00	2.204340460369162713e+02
1.988617489259562721e+00	2.194565127371288327e+02
1.994896320665194178e+00	2.190019830167857435e+02
2.001179596222827151e+00	2.177307322960733416e+02
2.007459756923499761e+00	2.166631693418910913e+02
2.013737397779169935e+00	2.150868256569588937e+02
2.020017234677497164e+00	2.147926818400027287e+02
2.026310251015072783e+00	2.137149141390699185e+02
2.032600542948020284e+00	2.127219843629709146e+02
2.038873863192099289e+00	2.123744028832360868e+02
2.045154087821675404e+00	2.107630458927409904e+02
2.051444704514288730e+00	2.100205259499461476e+02
2.057730430280644729e+00	2.091573827956339073e+02
2.064013940455224461e+00	2.086528691339044599e+02
2.070299891179459895e+00	2.068236468145190941e+02
2.076589719964883951e+00	2.062912377026589184e+02
2.082865483794470673e+00	2.055023604380035351e+02
2.089134494859368640e+00	2.048201169550505654e+02
2.095424211360070288e+00	2.037845699580468590e+02
2.101707116664804254e+00	2.028113556294817670e+02
2.107986473933564309e+00	2.018825541172986107e+02
2.114271806543862375e+00	2.013349641175170177e+02
2.120552717288892275e+00	1.999019682732715353e+02
2.126836933207161717e+00	1.992138995957978409e+02
2.133122044791171845e+00	1.982821981364187138e+02
2.139411711910842673e+00	1.977039278166224108e+02
2.145697076775292089e+00	1.969797482729246099e+02
2.151973548606471276e+00	1.963075287929803494e+02
2.158259913555724108e+00	1.952602285550537431e+02
2.164545396699105506e+00	1.944489840713653166e+02
2.170830700377734068e+00	1.937040539572395232e+02
2.177114138849150393e+00	1.926108700901216650e+02
2.183387647576827018e+00	1.919097156026057576e+02
2.189670273687676971e+00	1.908465625098695853e+02
2.195960147934207463e+00	1.904939066376125538e+02
2.202242556317716371e+00	1.897029905006260719e+02
2.208521655981037668e+00	1.885265108175779005e+02
2.214804637081333016e+00	1.878013897195110928e+02
2.221092583349425276e+00	1.871438788579611128e+02
2.227372893591468728e+00	1.863630524898222234e+02
2.233657161144248171e+00	1.857666583211256750e+02
2.239943485394438660e+00	1.851151836883113617e+02
2.246224175264620815e+00	1.846785829886616455e+02
2.252506378421252009e+00	1.837474385558022334e+02
2.258783417054270437e+00	1.828980895010577967e+02
2.265069077371457684e+00	1.825474900499817181e+02
2.271350377044131452e+00	1.816192531933992598e+02
2.277633995145353918e+00	1.809146950457615333e+02
2.283922419579920149e+00	1.796852571788319040e+02
2.290202874392252674e+00	1.790824563624536268e+02
2.296490779970905560e+00	1.785232646845094564e+02
2.302771769934229162e+00	1.778069948780060940e+02
2.309051364164305564e+00	1.774204610911464499e+02
2.315338502539088239e+00	1.766755358693734479e+02
2.321627336503874428e+00	1.756694502447438992e+02
2.327911878297218795e+00	1.751387158374396051e+02
2.334186238580297168e+00	1.747579139801207191e+02
2.340467971862688401e+00	1.736946975787101053e+02
2.346756940970738725e+00	1.736480633316921285e+02
2.353044444556199988e+00	1.724018544266319566e+02
2.359327653314069906e+00	1.716810397659365321e+02
2.365603048789861607e+00	1.709760262225338181e+02
2.371885911737665165e+00	1.708039205967425858e+02
2.378173303594019572e+00	1.699492460606221300e+02
2.384454016539381271e+00	1.695260035740195121e+02
2.390736447344785187e+00	1.684746741668523669e+02
2.397014133897952259e+00	1.678257527548496455e+02
2.403295490074321972e+00	1.670084020495409050e+02
2.409585049672506862e+00	1.669692000073169140e+02
2.415871703165322071e+00	1.660928731199257982e+02
2.422160652369088840e+00	1.653015389609260524e+02
2.428440167222748691e+00	1.651722246901807978e+02
2.434717472383889803e+00	1.644254134678645300e+02
2.441002456202044257e+00	1.636673696135906368e+02
2.447289980304530488e+00	1.633856844729133684e+02
2.453571844729242279e+00	1.626113529242059883e+02
2.459852705114058846e+00	1.621837420056531869e+02
2.466139233225018934e+00	1.618497818762030533e+02
2.472421963421291391e+00	1.612150919957844621e+02
2.478698519174224568e+00	1.603650608708838945e+02
2.484980841400355800e+00	1.599051560686495463e+02
2.491269319409339822e+00	1.593586724421273573e+02
2.497548505139029373e+00	1.586970875110160932e+02
2.503831667172610853e+00	1.581407667887594073e+02
2.510117938323931153e+00	1.576038544592878452e+02
2.516400733681277480e+00	1.572206795006453888e+02
2.522688226833368130e+00	1.566566233702116904e+02
2.528971695852665569e+00	1.560593127815263585e+02
2.535252039407670299e+00	1.556562571908566213e+02
2.541537514142774512e+00	1.551447363126022481e+02
2.547823008847572179e+00	1.545754463379306287e+02
2.554100666580690238e+00	1.539292716372255541e+02
2.560376788884177301e+00	1.532837042527944789e+02
2.566667521601497359e+00	1.528605824729779386e+02
2.572955062237090473e+00	1.525539233510695851e+02
2.579233771797999175e+00	1.518387995138406268e+02
2.585520164300948220e+00	1.516950021174058634e+02
2.591805130332431872e+00	1.512052208864666909e+02
2.598084074692260881e+00	1.507314839931868562e+02
2.604360404197643586e+00	1.506173539095096032e+02
2.610647185140439142e+00	1.496164596193622174e+02
2.616931864059273138e+00	1.493693674265522020e+02
2.623206107911065565e+00	1.488485511116724354e+02
2.629491626543270844e+00	1.484961321934984255e+02
2.635778507982642349e+00	1.479483621858526590e+02
2.642061039325260818e+00	1.473761566188436518e+02
2.648343840729305843e+00	1.473335708747685260e+02
2.654631838974855551e+00	1.466091022638422601e+02
2.660919001246303761e+00	1.462190168819417693e+02
2.667198525130066056e+00	1.458789110120430621e+02
2.673484307038032526e+00	1.452893716989022153e+02
2.679773388053849459e+00	1.452049674446571430e+02
2.686058217632288692e+00	1.443332444723963306e+02
2.692338738200057868e+00	1.440300047947446274e+02
2.698618022887226964e+00	1.439247658375190326e+02
2.704895450708277860e+00	1.434795935884492337e+02
2.711175674923682166e+00	1.430631695022923964e+02
2.717459832966957922e+00	1.425989161012391548e+02
2.723745731959044569e+00	1.422784542158325678e+02
2.730038414850594730e+00	1.418318123778896904e+02
2.736317989800789441e+00	1.415963015402865324e+02
2.742591858549239703e+00	1.413804800528140220e+02
2.748879749010778362e+00	1.407963319032518825e+02
2.755163403825859447e+00	1.402511955101660988e+02
2.761446955625852073e+00	1.400657980859100178e+02
2.767732088935374701e+00	1.398305079174452317e+02
2.774015452421743966e+00	1.392156625599859865e+02
2.780298635700591436e+00	1.388344815973889865e+02
2.786577474762241380e+00	1.388338635032278887e+02
2.792857983210164541e+00	1.384091447218047222e+02
2.799143790920211483e+00	1.382487109693155105e+02
2.805430058399325244e+00	1.376389690486913651e+02
2.811715058209780072e+00	1.375220791901030850e+02
2.817989272498773623e+00	1.371925528879286560e+02
2.824269171595737760e+00	1.369009548438583010e+02
2.830563016441804081e+00	1.365057158661898029e+02
2.836848750951622034e+00	1.363337500418574564e+02
2.843130027866129783e+00	1.360760011466512367e+02
2.849413896912404986e+00	1.355238307580430615e+02
2.855697464522425566e+00	1.353636105003018315e+02
2.861978799810683594e+00	1.352946054439594548e+02
2.868262469415629567e+00	1.349820109720177470e+02
2.874547359206753860e+00	1.347685370593347329e+02
2.880831111471525041e+00	1.344593040777212138e+02
2.887113216972382546e+00	1.343133135484235083e+02
2.893394504725182781e+00	1.339362013536614029e+02
2.899673662137033592e+00	1.337129199651223814e+02
2.905953958587380814e+00	1.335207194935668156e+02
2.912241118105161064e+00	1.331706540192453758e+02
2.918525996366671205e+00	1.330959909031860775e+02
2.924809035425688819e+00	1.329051348863266355e+02
2.931095916293684933e+00	1.327418236122216229e+02
2.937378182606774413e+00	1.325240794247033875e+02
2.943659980254369923e+00	1.324927077979298815e+02
2.949946454403890250e+00	1.320028560780214661e+02
2.956227653702202307e+00	1.318390545074682905e+02
2.962510478867462993e+00	1.317457308975568822e+02
2.968796535179442309e+00	1.314936665768025819e+02
2.975077657376874907e+00	1.313134698272459957e+02
2.981359866759223376e+00	1.316024351145357514e+02
2.987646761575656562e+00	1.311279145980397516e+02
2.993929038370399365e+00	1.312609868492819203e+02
3.000206214840962726e+00	1.308516255128778880e+02
3.006486172402415669e+00	1.308179309606612435e+02
3.012769812211594456e+00	1.307391514626951903e+02
3.019053144326170113e+00	1.303533489894053616e+02
3.025337405144251424e+00	1.302873799865728301e+02
3.031623734799107961e+00	1.303812073236722995e+02
3.037908962055872575e+00	1.300221707753297551e+02
3.044195067146031608e+00	1.302637923151094412e+02
3.050475543482170426e+00	1.300464657490622074e+02
3.056754954538277502e+00	1.299036369032660048e+02
3.063040539557494668e+00	1.300794123957972204e+02
3.069323699454357346e+00	1.299784633415277426e+02
3.075610692642898769e+00	1.298109870253388181e+02
3.081893798009918584e+00	1.297745557931814915e+02
3.088174549548037717e+00	1.297315748558030464e+02
3.094458635632868493e+00	1.296834986707750090e+02
3.100743982931558840e+00	1.297277373110281360e+02
3.107028111748448396e+00	1.294096143425915102e+02
3.113309299655494300e+00	1.294723148760046456e+02
3.119590662867241626e+00	1.295181706209197614e+02
3.125874006820172912e+00	1.295454814886169856e+02
3.132159251154602586e+00	1.296358088991008799e+02
3.138439172765940643e+00	1.296157998341668360e+02
3.144723867719826593e+00	1.298152250835923951e+02
3.151003951258561031e+00	1.298571982109326370e+02
3.157283664131563139e+00	1.297520489256679923e+02
3.163569317183839935e+00	1.298554875295765783e+02
3.169851661717792091e+00	1.299598648145834261e+02
3.176137704316093657e+00	1.299117288244633812e+02
3.182420924828643916e+00	1.301802657705887043e+02
3.188702811875577581e+00	1.302206268849934929e+02
3.194990520008989865e+00	1.304530393410176146e+02
3.201275324656983834e+00	1.304491447047448958e+02
3.207551352179861759e+00	1.305058348198769238e+02
3.213835216737041645e+00	1.308067119420922211e+02
3.220122579819103770e+00	1.306136154041606119e+02
3.226406606618656525e+00	1.304489747718601507e+02
3.232687390085645429e+00	1.301067451756208015e+02
3.238969121280456331e+00	1.296943895063780303e+02
3.245254751548589667e+00	1.294254976873311307e+02
3.251534499036136783e+00	1.290774608393621463e+02
3.257817780791052442e+00	1.289880186457664877e+02
3.264102164154097263e+00	1.286844518663095869e+02
3.270384152138468892e+00	1.283013152149255518e+02
3.276669427476867735e+00	1.280966834437009823e+02
3.282954688864507808e+00	1.279575769553140532e+02
3.289237200334947264e+00	1.276096818010448999e+02
3.295519587088236779e+00	1.270151996667871543e+02
3.301805977329951958e+00	1.273145975362595692e+02
3.308087486222440088e+00	1.267614425250616677e+02
3.314367630234227313e+00	1.262873390549381156e+02
3.320651909732194262e+00	1.262248922837357270e+02
3.326931260376857047e+00	1.258513319583225609e+02
3.333216512447217728e+00	1.258021442798307277e+02
3.339504489419978128e+00	1.255957475914293155e+02
3.345786804809928405e+00	1.252210136559308324e+02
3.352071130016277767e+00	1.248553163768012837e+02
3.358351496304225581e+00	1.247513858601341070e+02
3.364630591073392019e+00	1.245738167969145138e+02
3.370916305215045483e+00	1.243932695301581788e+02
3.377197952029413752e+00	1.240537273612742979e+02
3.383483063818085501e+00	1.238381856617779846e+02
3.389769992424469969e+00	1.234621604616777688e+02
3.396051330885982100e+00	1.234568918661482968e+02
3.402330879139463971e+00	1.232786890389683663e+02
3.408610488352048495e+00	1.229488833501952030e+02
3.414897837696641236e+00	1.225752687168422028e+02
3.421180484052105619e+00	1.223968106285295079e+02
3.427461639653846870e+00	1.222528005271343972e+02
3.433749159643459059e+00	1.220214538486924170e+02
3.440032646656798310e+00	1.217516430434689028e+02
3.446313366033385339e+00	1.215897154951327366e+02
3.452600135384134905e+00	1.213606452391313866e+02
3.458883152815406703e+00	1.210751594263570610e+02
3.465163834403715448e+00	1.209341090164116537e+02
3.471449329786229221e+00	1.206235467563742247e+02
3.477734476754053894e+00	1.205220634684440171e+02
3.484019652467224226e+00	1.204166425844781259e+02
3.490297019369712928e+00	1.200528522723424487e+02
3.496582486484379970e+00	1.199694047232756731e+02
3.502868048046865024e+00	1.198304692384244419e+02
3.509144649545451244e+00	1.197633382031560814e+02
3.515428082003116295e+00	1.194522720801758595e+02
3.521711031624695565e+00	1.191457961826656486e+02
3.527991850954735664e+00	1.191890636911463304e+02
3.534275545726699885e+00	1.188422042295892282e+02
3.540562632020772149e+00	1.187766493210181977e+02
3.546844410757220789e+00	1.184369121480301175e+02
3.553131386753758836e+00	1.184797089217526889e+02
3.559419203211965144e+00	1.180942086251608316e+02
3.565697971577579839e+00	1.181777989833360891e+02
3.571979559134798254e+00	1.177432598472821894e+02
3.578265774595833726e+00	1.177678363988652279e+02
3.584548309769353125e+00	1.175967521785883889e+02
3.590826843920031486e+00	1.173660818956931138e+02
3.597107306745233934e+00	1.172519039663897473e+02
3.603392831792229245e+00	1.170006817160874135e+02
3.609673209822572559e+00	1.167628958460251170e+02
3.615955412133016189e+00	1.169551451193640332e+02
3.622241607772384686e+00	1.164926488151627240e+02
3.628520252736676444e+00	1.164368453180410370e+02
3.634804827569451113e+00	1.163442730600704635e+02
3.641094981788862928e+00	1.163183542262985384e+02
3.647383514928639325e+00	1.163158855394888036e+02
3.653663283927725658e+00	1.160167794748493861e+02
3.659943504072155296e+00	1.159194022593179056e+02
3.666232000281138603e+00	1.158499168241552013e+02
3.672514211678317597e+00	1.155562207750858192e+02
3.678794154686042539e+00	1.153482983966229796e+02
3.685078621861909820e+00	1.153709530247241730e+02
3.691359210097977961e+00	1.153905757142874648e+02
3.697642368173791105e+00	1.151939806248909264e+02
3.703925796735277665e+00	1.149976720999367217e+02
3.710208240364660348e+00	1.151520181838432109e+02
3.716494593122387169e+00	1.148434365028264921e+02
3.722775386659595398e+00	1.147026926430878007e+02
3.729058392883481510e+00	1.146314248582750253e+02
3.735339748210807720e+00	1.142987176175269326e+02
3.741620776392969638e+00	1.143915893590936292e+02
3.747904795418762980e+00	1.145666210919927153e+02
3.754190633281219380e+00	1.142842314789946414e+02
3.760478208018912749e+00	1.143198618584919473e+02
3.766755538573464346e+00	1.141610247078411362e+02
3.773032090135151506e+00	1.140335894933680123e+02
3.779322553012896879e+00	1.140436600646447687e+02
3.785609109731308930e+00	1.139095204057370410e+02
3.791889825936295200e+00	1.138985678865089568e+02
3.798174822702435893e+00	1.139359686245784644e+02
3.804458658753491651e+00	1.139200628608055581e+02
3.810738438095723435e+00	1.137932746099830297e+02
3.817018850285747167e+00	1.138116494410860753e+02
3.823305314209427763e+00	1.135732865051142966e+02
3.829591295197792178e+00	1.136649292428796798e+02
3.835872296070849341e+00	1.135441994892828745e+02
3.842156279590906109e+00	1.136326226540326161e+02
3.848441511099312429e+00	1.135884916470360935e+02
3.854723334376886079e+00	1.133614306133043215e+02
3.861004740704794713e+00	1.135562580889375113e+02
3.867284336650660848e+00	1.135933181674346315e+02
3.873567367678779849e+00	1.133646673092283237e+02
3.879850662830422792e+00	1.133695414133345309e+02
3.886137063198143338e+00	1.134429096114281634e+02
3.892419463049126005e+00	1.131944334898898603e+02
3.898703740328622658e+00	1.133224291346976713e+02
3.904991458788179326e+00	1.132499409294583756e+02
3.911270842222104083e+00	1.132363902271761162e+02
3.917549806479573071e+00	1.134535266942590113e+02
3.923836006203090587e+00	1.131132613954303991e+02
3.930121452497870926e+00	1.133223003851948647e+02
3.936398172858230460e+00	1.134150927864906464e+02
3.942683040425962293e+00	1.133345458472588092e+02
3.948974759704379611e+00	1.135586514933996654e+02
3.955259227995065352e+00	1.133670080912875591e+02
3.961537174921395454e+00	1.136919934124084932e+02
3.967820217617139544e+00	1.135082676319361354e+02
3.974105559832568968e+00	1.137437154856031185e+02
3.980384727931198352e+00	1.134542450850139943e+02
3.986664590839849698e+00	1.136310397144648334e+02
3.992949619150675034e+00	1.134822649621356589e+02
3.999235075769965952e+00	1.137845800317632268e+02
4.005515715515433506e+00	1.137071968353982072e+02
4.011798434346478537e+00	1.139070950788923540e+02
4.018083716245132386e+00	1.136802103443835108e+02
4.024365700052603856e+00	1.139437581112966313e+02
4.030643960839860540e+00	1.140819475799419962e+02
4.036928708926215137e+00	1.140826685136229912e+02
4.043218157412017177e+00	1.141302356458241150e+02
4.049503019487663558e+00	1.142838091614596010e+02
4.055781898960511000e+00	1.144364032070397741e+02
4.062060795621602161e+00	1.144575622578959724e+02
4.068347865354716042e+00	1.146522470690294995e+02
4.074631027173265529e+00	1.147059460220219478e+02
4.080910837526078971e+00	1.146003859965869651e+02
4.087201203341442657e+00	1.148890961031732871e+02
4.093486818591942189e+00	1.148178413168268435e+02
4.099764387336505500e+00	1.151417823437607950e+02
4.106049166937662420e+00	1.151140147556227760e+02
4.112334559041358695e+00	1.154230835909684600e+02
4.118618926059533614e+00	1.156176005269663989e+02
4.124898942031112625e+00	1.153762674624968412e+02
4.131175432561665417e+00	1.156991817367382964e+02
4.137461563786142271e+00	1.157943962219882792e+02
4.143746006210170307e+00	1.159635335116946919e+02
4.150029800482964326e+00	1.160785478633444541e+02
4.156313390684649001e+00	1.165285612546931588e+02
4.162596105843763716e+00	1.160953447381974399e+02
4.168881843141768684e+00	1.166151106218028417e+02
4.175162111073220217e+00	1.167839625419704959e+02
4.181448573417560155e+00	1.167713621410538849e+02
4.187738782464171194e+00	1.173252928677935927e+02
4.194017437180169061e+00	1.176468138721811840e+02
4.200293572701767175e+00	1.175485716024727765e+02
4.206580195481546269e+00	1.179528194823173379e+02
4.212860644652220543e+00	1.181860141529908219e+02
4.219138153430114002e+00	1.181077585830378212e+02
4.225426162098283811e+00	1.185124723346672511e+02
4.231713506719782636e+00	1.185136238854686184e+02
4.237990056577191744e+00	1.190273471704286976e+02
4.244267783646744618e+00	1.189822079762118818e+02
4.250560660182562955e+00	1.192429124880893738e+02
4.256847734842668096e+00	1.195296446686104019e+02
4.263127100734456221e+00	1.198282326078553837e+02
4.269406860432507500e+00	1.200941770201390000e+02
4.275691671482192646e+00	1.202505797105315395e+02
4.281972414189518794e+00	1.202017824763018581e+02
4.288253516806755705e+00	1.204193985954887012e+02
4.294540520160492925e+00	1.208466785640173953e+02
4.300825742921731809e+00	1.208412119456206852e+02
4.307109835491901961e+00	1.211010504708066549e+02
4.313390926478413157e+00	1.216601416872597241e+02
4.319667979480563247e+00	1.213271041091569487e+02
4.325952598143786076e+00	1.222372653935076556e+02
4.332241647035422361e+00	1.223361646174237052e+02
4.338524445619096781e+00	1.224897183277010555e+02
4.344809348131129845e+00	1.231880119033682490e+02
4.351090699193166600e+00	1.229045645067305088e+02
4.357369710808320029e+00	1.232853054884418640e+02
4.363659348967174445e+00	1.235588961296999884e+02
4.369947418280990981e+00	1.238137812899063448e+02
4.376226569265827315e+00	1.240091214396240247e+02
4.382499356631129217e+00	1.244399741974930720e+02
4.388784975178015024e+00	1.244527785883290392e+02
4.395068696309480494e+00	1.245776707087160844e+02
4.401347962382031298e+00	1.250001704686613238e+02
4.407628405096517099e+00	1.250252276203408002e+02
4.413915862185140426e+00	1.252232754071523999e+02
4.420203163534264235e+00	1.257086681938111923e+02
4.426480311003382795e+00	1.257758994013717881e+02
4.432765973643649104e+00	1.262667398886634800e+02
4.439053392023870614e+00	1.260910101028506318e+02
4.445336141335588742e+00	1.267602500375204500e+02
4.451617241414883352e+00	1.265198837832405871e+02
4.457901500730311106e+00	1.266542173310970867e+02
4.464189501093017043e+00	1.269707606787330434e+02
4.470470197548729985e+00	1.265980337786284906e+02
4.476748044268524573e+00	1.271582863291930465e+02
4.483035990164653484e+00	1.268100496101306476e+02
4.489323331650528104e+00	1.268705369291149481e+02
4.495599111667934800e+00	1.268441796763530931e+02
4.501870922878794090e+00	1.271991490561267426e+02
4.508155162877705457e+00	1.272709938960829561e+02
4.514446451153479423e+00	1.268743830029789450e+02
4.520723894043856994e+00	1.274143124346326204e+02
4.527003782460155890e+00	1.264324610173637353e+02
4.533293086610313161e+00	1.264078086463728994e+02
4.539578989864040182e+00	1.264756663147496880e+02
4.545857164866476730e+00	1.259672511919532525e+02
4.552138955546025656e+00	1.260273969279624708e+02
4.558432046889146605e+00	1.251753902673968071e+02
4.564713463378488711e+00	1.252345247088095164e+02
4.570987274133244682e+00	1.251317352222493042e+02
4.577274818151045643e+00	1.249332824131674897e+02
4.583563263889338657e+00	1.244898963386818735e+02
4.589844917004465508e+00	1.249460874320852071e+02
4.596126259982004747e+00	1.251438945389412680e+02
4.602409075598298926e+00	1.250250626309002655e+02
4.608696634867644804e+00	1.254060010827810743e+02
4.614977646498861219e+00	1.251091174633424146e+02
4.621258953029527383e+00	1.251850700966738685e+02
4.627547993978874175e+00	1.248057198077134160e+02
4.633830152730579854e+00	1.259448333757763550e+02
4.640104005367354567e+00	1.253967856359339237e+02
4.646382060386754276e+00	1.255302798471756063e+02
4.652674213731970987e+00	1.256319355179184782e+02
4.658958291796220230e+00	1.258349088782895535e+02
4.665233615070169648e+00	1.259724807141953988e+02
4.671520675710307380e+00	1.253134029712540212e+02
4.677814351732177300e+00	1.260450747921523202e+02
4.684093699744638073e+00	1.262708703200105873e+02
4.690368661472568590e+00	1.261926786497996318e+02
4.696663270746453733e+00	1.265730657807728505e+02
4.702945459248681459e+00	1.267280324941540783e+02
4.709209170841929470e+00	1.265746660363616769e+02
4.715491634753063543e+00	1.272602146322439722e+02
4.721784316284933780e+00	1.270171090968776468e+02
4.728063062331094635e+00	1.270416055970017908e+02
4.734337423381671073e+00	1.272343827385641504e+02
4.740627024094544062e+00	1.278713683027985297e+02
4.746914995664547554e+00	1.279607666284044143e+02
4.753194740071086777e+00	1.284401731739457944e+02
4.759478891864783456e+00	1.283334414698582862e+02
4.765762396877359031e+00	1.285119942211054536e+02
4.772049481246195768e+00	1.292965629562067704e+02
4.778335091022592351e+00	1.294583153853871522e+02
4.784610831402393849e+00	1.290018634904116084e+02
4.790907306208476157e+00	1.296929858213308933e+02
4.797204047706418173e+00	1.298134145460338686e+02
4.803470827697504220e+00	1.301867004060292174e+02
4.809748850577324042e+00	1.302417348331003382e+02
4.816045316586602176e+00	1.313756226764519681e+02
4.822329240673497885e+00	1.317315980409666452e+02
4.828596758226470165e+00	1.315394923497952391e+02
4.834890332961369275e+00	1.318774253473850990e+02
4.841191655056394261e+00	1.321521779338767715e+02
4.847460407468000554e+00	1.330869375791431821e+02
4.853732128521334843e+00	1.329579597924645782e+02
4.860029138783373170e+00	1.321977304757694469e+02
4.866314601732018019e+00	1.341010219321130137e+02
4.872587026269203925e+00	1.339332493433127240e+02
4.878874221748241702e+00	1.341005712163850490e+02
4.885171078138658807e+00	1.353137536176294589e+02
4.891450629931857641e+00	1.348364775454142830e+02
4.897716482750221978e+00	1.360752874514568873e+02
4.904002834596266069e+00	1.357595315302257575e+02
4.910295858205786068e+00	1.360358221981946087e+02
4.916575188115905881e+00	1.374469355788684197e+02
4.922847946197084212e+00	1.371779786790298488e+02
4.929131667457151700e+00	1.385996407261610841e+02
4.935434460144239033e+00	1.386784119196067309e+02
4.941718513303545279e+00	1.382278009648022135e+02
4.947978624761803168e+00	1.390847621904788980e+02
4.954274999209829389e+00	1.398572383403174797e+02
4.960571094729937514e+00	1.408303396491953094e+02
4.966823207626954506e+00	1.405081633876732781e+02
4.973097418390337587e+00	1.425697558715543494e+02
4.979415129936382023e+00	1.420403881043387457e+02
4.985702082330368157e+00	1.424471075722329090e+02
4.991949985828016523e+00	1.435159265712545675e+02
4.998241586316924057e+00	1.438258384867948507e+02
5.004556635606089543e+00	1.446221270038721514e+02
5.010828655701208945e+00	1.453398203235134076e+02
5.017077229702536556e+00	1.450376666940609027e+02
5.023374414758113637e+00	1.461704515397209150e+02
5.029688873569548413e+00	1.469849350726130126e+02
5.035958413584124216e+00	1.482828962006625773e+02
5.042232667658486989e+00	1.497994728304450405e+02
5.048528755870775875e+00	1.496420225491527560e+02
5.054821121427484520e+00	1.507845264989045688e+02
5.061069509814582368e+00	1.512817690927127785e+02
5.067347812754101177e+00	1.513760726732755870e+02
5.073675050630431116e+00	1.532100593165041857e+02
5.079945928388977627e+00	1.538174309078053170e+02
5.086192992546071601e+00	1.535594167566587771e+02
5.092484128970163226e+00	1.552493251069872997e+02
5.098802924706086870e+00	1.565641991547848875e+02
5.105078217426394005e+00	1.576287852538735308e+02
5.111325076574067872e+00	1.588454864602059047e+02
5.117628358851224135e+00	1.589651148017402420e+02
5.123935939383525984e+00	1.597585689390657535e+02
5.130199176325612065e+00	1.611310758708835920e+02
5.136469985878846956e+00	1.633306915753866804e+02
5.142797788696348071e+00	1.614365713125849311e+02
5.149090378043822192e+00	1.634251836090842289e+02
5.155289879840074363e+00	1.659436812747123611e+02
5.161564521234301317e+00	1.650013105530563564e+02
5.167916673496016244e+00	1.665757171340739831e+02
5.174205974602950064e+00	1.689253479099569404e+02
5.180434820793812456e+00	1.702994401358490677e+02
5.186729096569634656e+00	1.707615127531981898e+02
5.193058481037780894e+00	1.708807147764035506e+02
5.199319511444338460e+00	1.729148176278042683e+02
5.205574295584361799e+00	1.756151149598192092e+02
5.211894977074066126e+00	1.753256827017458761e+02
5.218201708336958511e+00	1.742228429511882553e+02
5.224411911780083351e+00	1.772449177808332195e+02
5.230677632666463239e+00	1.790509901771532668e+02
5.237056729559757429e+00	1.818788133648748726e+02
5.243336785035660697e+00	1.838782861707076677e+02
5.249493476178225038e+00	1.851459339287781063e+02
5.255787017738318134e+00	1.835123204505771355e+02
5.262205327426889845e+00	1.869707343703001641e+02
5.268477758348532269e+00	1.884995515039643976e+02
5.274632213654732560e+00	1.885094573781504153e+02
5.280950543314659740e+00	1.912827831681149178e+02
5.287327645024750389e+00	1.929160761466380620e+02
5.293582359180156516e+00	1.950829493654616158e+02
5.299789992649893478e+00	1.952016368611488417e+02
5.306111460381987222e+00	1.983309598290751410e+02
5.312452717892129250e+00	2.028670575553263689e+02
5.318650122853046724e+00	2.015041590638450089e+02
5.324923043129819789e+00	2.028088230124952247e+02
5.331330237158205421e+00	2.080031464075288739e+02
5.337586726886338617e+00	2.066755822160745879e+02
5.343685192440848830e+00	2.076968414285819620e+02
5.350070659715249199e+00	2.119354024725973602e+02
5.356556762554878226e+00	2.151511888028969395e+02
5.362691868684501095e+00	2.141727274518845547e+02
5.368769208912516966e+00	2.208919084286628163e+02
5.375270137997677722e+00	2.243488497517305689e+02
5.381769983045385786e+00	2.234751356562032925e+02
5.387701030372958222e+00	2.281837402379160267e+02
5.393786668001271600e+00	2.260245789570971908e+02
5.400446161099396569e+00	2.283192512067911366e+02
5.406957063684501463e+00	2.316093272789906052e+02
5.412655672453426270e+00	2.377664899865786197e+02
5.418821279260546575e+00	2.340268110954804968e+02
5.425690594366304076e+00	2.388069115342063355e+02
5.432217487502165376e+00	2.411729180437303910e+02
5.437649811577258241e+00	2.452555696642794203e+02
5.443914404015878006e+00	2.410440054766123126e+02
5.450953501686320202e+00	2.500030174101126761e+02
5.457483690405861232e+00	2.539898389224720461e+02
5.462715250135157241e+00	2.568236400536047768e+02
5.469033575551323523e+00	2.638262988142187737e+02
5.476177730420278778e+00	2.572113832142162551e+02
5.482708935702562236e+00	2.717982445802074380e+02
5.487722405008360838e+00	2.868508126596706802e+02
5.494194284996126498e+00	2.655099364903536525e+02
5.501391471009256406e+00	2.895509203488883259e+02
5.507128202673079009e+00	2.626340348129289737e+02
5.512278020050448646e+00	2.893184934198447991e+02
5.519395563377015534e+00	2.869187688419597748e+02
5.526598678609708770e+00	2.973950289069977657e+02
5.532162682462509196e+00	3.237828266922285820e+02
5.537397124017139127e+00	3.045620111822894387e+02
5.544582756485218589e+00	2.952463142567477234e+02
5.551739327507637434e+00	3.379168634281397203e+02
5.557493306674907707e+00	3.030054162220137641e+02
5.562281709102816940e+00	2.228512779548788387e+02
5.569272720323164449e+00	5.654069967606945966e+02
