8.899641224696953554e-03	9.647197169858280176e+03
1.507912216506557788e-02	1.415789191557430422e+04
2.144790186456836667e-02	1.231744697057579469e+04
2.783660776489276650e-02	1.416902053741253621e+04
3.435099785803411021e-02	1.153792826446664549e+04
4.047886761425745911e-02	1.163605475719397691e+04
4.676716683575679601e-02	1.092378165561831702e+04
5.308225101765951665e-02	9.436505756653767094e+03
5.945362440940590160e-02	9.112169963834707232e+03
6.576224814588792211e-02	8.601578914739049651e+03
7.196632906698736953e-02	8.175680675209756373e+03
7.827860915688347743e-02	7.621311224325107105e+03
8.470398945834539672e-02	7.416561836033581130e+03
9.096854620527369817e-02	6.371807197906528927e+03
9.720789776830213169e-02	6.065795252670832269e+03
1.034763038959366499e-01	5.543549604135838308e+03
1.097576444254559219e-01	5.227304214524922827e+03
1.160543084780093354e-01	5.048020404797829542e+03
1.223669666537485351e-01	4.670613308057427275e+03
1.286817263090294094e-01	4.573489107574410809e+03
1.349500801664080818e-01	4.339928546805475889e+03
1.411949558842147678e-01	4.073182188801378288e+03
1.475133575747468451e-01	3.791524728347631026e+03
1.537865074252268427e-01	3.717069672222332429e+03
1.600657544051110326e-01	3.471028043242364220e+03
1.663991168687080635e-01	3.260981989642682038e+03
1.727195645776442856e-01	3.221089981901329338e+03
1.789765213377084718e-01	2.938952282195970838e+03
1.852353690647852158e-01	2.868854926185726526e+03
1.914806787341157279e-01	2.800527820988699659e+03
1.977889868651535599e-01	2.684113189057683940e+03
2.040937735447724277e-01	2.594186838898338465e+03
2.103939302609846018e-01	2.526450166957919009e+03
2.166909709822301688e-01	2.414163739750413697e+03
2.229700281216152047e-01	2.352052583550026611e+03
2.292620027086341994e-01	2.267415679752048163e+03
2.355141508366812297e-01	2.193182516799026416e+03
2.417910583817859116e-01	2.083624544727251759e+03
2.480856539439619257e-01	2.050795006566310349e+03
2.543492256872954549e-01	1.984085549729340528e+03
2.606334251884805386e-01	1.981052189415593830e+03
2.669257370896960802e-01	1.908523221835486538e+03
2.732423343141155980e-01	1.842989900917763180e+03
2.795529680084415936e-01	1.798587092035807473e+03
2.858366292314493129e-01	1.730613420253566346e+03
2.920876271394311496e-01	1.729312026673093442e+03
2.983449844439822751e-01	1.696897887568203487e+03
3.046382639407197446e-01	1.640503311523671073e+03
3.109279127003197196e-01	1.639787629565906400e+03
3.172168171618398036e-01	1.549195643595191768e+03
3.235187567944423082e-01	1.556040635711866798e+03
3.298168217550395687e-01	1.509880369340486368e+03
3.361176429457156667e-01	1.458430398815852413e+03
3.423700375709273769e-01	1.459860271386230124e+03
3.486478192666269682e-01	1.435812521603960249e+03
3.549411614411318028e-01	1.397831690395974192e+03
3.611916935421040642e-01	1.378327355061778917e+03
3.674767089563572564e-01	1.346416161581586493e+03
3.737647795277591056e-01	1.332263899281794920e+03
3.800654031475132477e-01	1.311606319204692454e+03
3.863539861259823738e-01	1.303957625243456960e+03
3.926140181364449755e-01	1.266272416532347052e+03
3.989264500321934581e-01	1.249899451596719473e+03
4.052073244576828714e-01	1.223313145207024945e+03
4.114916477570477182e-01	1.203771214541337031e+03
4.177814272116491257e-01	1.193308679929802111e+03
4.240400648725131116e-01	1.182754631901190805e+03
4.303425690270192283e-01	1.149917282641407382e+03
4.366358560255625965e-01	1.145588179142569743e+03
4.428996183220763605e-01	1.130266154690087205e+03
4.491634418529859563e-01	1.117090150141629920e+03
4.554414146254732731e-01	1.101524947790891702e+03
4.617634470301058558e-01	1.083414949823494680e+03
4.680644242023710433e-01	1.071162766947965338e+03
4.743485242764365895e-01	1.063053242994702941e+03
4.806356136815400082e-01	1.051839453796628959e+03
4.869019258388697646e-01	1.029097875460211526e+03
4.931697099599955947e-01	1.019276308288049790e+03
4.994506747144535908e-01	1.012174840403739381e+03
5.057159051335421429e-01	1.002009205038094365e+03
5.119923996268095356e-01	9.994143209245286243e+02
5.183126097768406826e-01	9.766975075066106911e+02
5.246089638029100000e-01	9.630129587189646827e+02
5.308757308483337267e-01	9.500842408061519109e+02
5.371573527946726934e-01	9.443465102063315726e+02
5.434579563783791256e-01	9.381857678219137142e+02
5.497430652392217842e-01	9.375017330571902221e+02
5.559937427501778773e-01	9.206504837004081310e+02
5.622854676609657654e-01	9.062969467025292261e+02
5.686011537227265711e-01	9.022617136339935087e+02
5.748804589422079614e-01	8.972108849625931271e+02
5.811550210340560296e-01	8.779119095678436224e+02
5.874394496660968468e-01	8.739852203652443450e+02
5.937176220296899176e-01	8.592034034950744399e+02
5.999971954793682505e-01	8.597007320133781150e+02
6.062679115124277596e-01	8.477462360934496246e+02
6.125469576444534381e-01	8.444726373396608778e+02
6.188477733041515272e-01	8.319751138042283856e+02
6.251310567437898813e-01	8.284283885132730347e+02
6.314027450383210560e-01	8.197828664253122497e+02
6.377003562732055375e-01	8.152185995520655979e+02
6.439857783314556494e-01	8.063437418016652600e+02
6.502685417166111925e-01	7.956815231049916974e+02
6.565586117699038216e-01	7.940784046172904027e+02
6.628369282359254377e-01	7.898124825269713938e+02
6.691185444962194362e-01	7.786983122932672359e+02
6.754070198575605755e-01	7.725326121662774312e+02
6.816835514593204692e-01	7.725599136496542769e+02
6.879592533861698112e-01	7.606966108336598609e+02
6.942344317039531587e-01	7.575736048843926937e+02
7.005175402434737908e-01	7.465938688554131204e+02
7.068124956608716758e-01	7.393526282599593742e+02
7.131019009674921527e-01	7.422562358582330262e+02
7.193918251171427247e-01	7.354571136977737069e+02
7.256833807598113140e-01	7.269854806948649184e+02
7.319652682709349989e-01	7.178818962657724114e+02
7.382507990484923344e-01	7.142098970200249823e+02
7.445265842115937893e-01	7.080436816142389489e+02
7.507871101942712455e-01	7.019301311447246690e+02
7.570758465316046459e-01	6.975420070369827954e+02
7.633641233600957365e-01	6.895526577055752568e+02
7.696462959862266917e-01	6.875496353284410134e+02
7.759394865175414102e-01	6.853748752899655301e+02
7.822329141989586843e-01	6.815727766877084832e+02
7.885314936520240181e-01	6.773091588325605699e+02
7.947896566979522071e-01	6.684978733511134124e+02
8.010491096592354809e-01	6.661520223403144882e+02
8.073364061727361651e-01	6.618212302722324694e+02
8.136229488373866170e-01	6.553807917620324588e+02
8.199152998961036776e-01	6.539060820326011481e+02
8.261952636392789762e-01	6.454705581678791759e+02
8.324897070080405914e-01	6.416317047592793870e+02
8.387959309210778480e-01	6.406480357979969540e+02
8.450634639703045181e-01	6.356367324237246521e+02
8.513282867562648182e-01	6.324427837521391211e+02
8.576198263902009566e-01	6.267588122974386806e+02
8.639058477062415697e-01	6.251741275326616005e+02
8.701838745487597837e-01	6.154516495749559226e+02
8.764641096075268534e-01	6.117773165927332002e+02
8.827503873399735745e-01	6.104307547496291591e+02
8.890332768393869323e-01	6.091967482620399323e+02
8.953084247113127780e-01	6.010072290650321065e+02
9.015956521667095602e-01	5.971993938534102426e+02
9.078833328094829680e-01	5.949177813076381653e+02
9.141744106319863450e-01	5.913119633009408744e+02
9.204630817717615043e-01	5.871294379347085624e+02
9.267434415264711456e-01	5.800720357701858347e+02
9.330324197354928906e-01	5.840943323316612350e+02
9.393265785573878812e-01	5.758784319423290299e+02
9.455974810398196650e-01	5.735574023208405379e+02
9.518660018545171964e-01	5.690859923114526282e+02
9.581413255531838757e-01	5.688003351898404389e+02
9.644350945109106954e-01	5.616107267049291067e+02
9.707355633568249820e-01	5.591425004595009796e+02
9.770080768450029041e-01	5.568024796981518421e+02
9.832823325363413414e-01	5.539541387875071905e+02
9.895569691966674686e-01	5.486406711924842057e+02
9.958456301921106979e-01	5.453692904301606177e+02
1.002136210743837408e+00	5.427158315024713602e+02
1.008404825335135424e+00	5.368125378215572709e+02
1.014694149836243398e+00	5.355593191838355551e+02
1.020992555437297167e+00	5.314440450911105245e+02
1.027273980437394485e+00	5.311017219578916411e+02
1.033559181896017254e+00	5.253134801938009559e+02
1.039847557392594934e+00	5.225119303943923796e+02
1.046126974943305088e+00	5.203434099672927005e+02
1.052403436811028659e+00	5.166485694779056530e+02
1.058680704651608684e+00	5.138651251547005359e+02
1.064964333065789193e+00	5.100449066118202950e+02
1.071256777440835473e+00	5.088485118992740013e+02
1.077544048801078125e+00	5.075879559031260442e+02
1.083824820188043603e+00	5.020841046253496529e+02
1.090108023942816695e+00	5.022544187561987883e+02
1.096389665956643222e+00	4.969548342911144232e+02
1.102681132058841440e+00	4.946848533409241213e+02
1.108963047594879958e+00	4.923859772648688136e+02
1.115225428463759272e+00	4.890570137632889214e+02
1.121502127614767863e+00	4.872871857309013990e+02
1.127792573824792033e+00	4.830753906574504981e+02
1.134089552668382961e+00	4.804070836496455286e+02
1.140364049650405942e+00	4.777968685431739573e+02
1.146639180320979445e+00	4.747744773697674532e+02
1.152942412991649901e+00	4.717297711254219621e+02
1.159228906751078814e+00	4.712131706293363322e+02
1.165508721887268173e+00	4.684110307420553454e+02
1.171793076256210320e+00	4.655146624334415151e+02
1.178087436369658958e+00	4.630148403358574001e+02
1.184367654251526902e+00	4.605618986374620363e+02
1.190634642299266632e+00	4.566283190880671441e+02
1.196912208834400859e+00	4.533511654948852652e+02
1.203201577354146234e+00	4.531294501257797833e+02
1.209486844441705733e+00	4.501371950604713561e+02
1.215763902074809888e+00	4.478127976047005063e+02
1.222049755171146668e+00	4.467743956774015714e+02
1.228340616621486969e+00	4.424882185593666577e+02
1.234632986576932767e+00	4.392465440249017661e+02
1.240902247176856488e+00	4.366730227163714062e+02
1.247174839144687519e+00	4.355331832695424623e+02
1.253465459933442272e+00	4.344316021779242760e+02
1.259749951892178421e+00	4.311079829012753066e+02
1.266032143127253873e+00	4.277631350920934779e+02
1.272316288472006507e+00	4.278281227613248916e+02
1.278604155058621350e+00	4.240711871735032332e+02
1.284886588933593865e+00	4.212121504473417417e+02
1.291175420066583257e+00	4.188789620426279612e+02
1.297465726373772332e+00	4.175861971962224857e+02
1.303741827011944299e+00	4.148815845692503217e+02
1.310017322922761851e+00	4.146008391067484808e+02
1.316301447662886703e+00	4.114479057028819966e+02
1.322586760363303249e+00	4.078582530393564980e+02
1.328865492452874664e+00	4.061686104967982374e+02
1.335144804954555564e+00	4.047016717673944868e+02
1.341440516272275119e+00	4.041318654457299999e+02
1.347730868417094552e+00	4.000913655186835172e+02
1.354001589994877630e+00	3.976718622813596653e+02
1.360282609297778444e+00	3.944102555245928556e+02
1.366565686457597906e+00	3.938713074975943300e+02
1.372851498482432708e+00	3.915447975130633154e+02
1.379135372929401804e+00	3.907562962013722085e+02
1.385409567149057164e+00	3.875423980949706788e+02
1.391698641219299315e+00	3.861138396531465560e+02
1.397984451439470810e+00	3.834989720473619172e+02
1.404267883409181961e+00	3.821488888140846711e+02
1.410554779484869181e+00	3.797538500239169252e+02
1.416837833547465397e+00	3.774941614004323469e+02
1.423118177187137068e+00	3.753958678059654517e+02
1.429397801164240089e+00	3.737825543395072714e+02
1.435686921822787232e+00	3.734859276685343730e+02
1.441977121769299597e+00	3.698378786606033373e+02
1.448253667853332427e+00	3.689093396377352860e+02
1.454532348972172651e+00	3.671599313314620758e+02
1.460819319151879903e+00	3.645178078306847738e+02
1.467110364402026468e+00	3.623420043725844835e+02
1.473392908948962132e+00	3.608474060036883202e+02
1.479669965243598950e+00	3.607540607342945123e+02
1.485956144602843532e+00	3.568349664597554352e+02
1.492233610763115115e+00	3.561421238573652204e+02
1.498502470379980078e+00	3.548982538971736176e+02
1.504785752051182701e+00	3.520513949173189872e+02
1.511075991894575976e+00	3.505682396719029725e+02
1.517361634985162189e+00	3.492973819564867881e+02
1.523648570969130533e+00	3.471518131994396867e+02
1.529938035715892264e+00	3.448636277718570113e+02
1.536230176913891965e+00	3.434077812884181071e+02
1.542510718779388279e+00	3.415766441144290297e+02
1.548783963082980275e+00	3.411584431832111477e+02
1.555073069779651318e+00	3.380787460767616039e+02
1.561357324927233892e+00	3.366317141180225008e+02
1.567629121053141006e+00	3.357054373785725261e+02
1.573913697404382583e+00	3.334326628075812096e+02
1.580203545230874029e+00	3.326618031455470827e+02
1.586485393434537983e+00	3.303846444849418162e+02
1.592760014263005841e+00	3.292501656103997902e+02
1.599046436394670812e+00	3.273837135944577881e+02
1.605342136637478934e+00	3.261786942636326216e+02
1.611619860919608627e+00	3.233165140175880765e+02
1.617897597081673799e+00	3.219740516504464836e+02
1.624183235481122756e+00	3.213330597799443922e+02
1.630464598531913722e+00	3.194588310213929390e+02
1.636748985747638274e+00	3.182484654006371443e+02
1.643030923698886259e+00	3.164335001083979364e+02
1.649309176648513064e+00	3.155341190848714632e+02
1.655593633940351861e+00	3.135698412051163473e+02
1.661879571405086464e+00	3.114434045338859960e+02
1.668169361685170271e+00	3.112993009528447033e+02
1.674450151530487485e+00	3.090361072239367672e+02
1.680722718978495900e+00	3.072675683458412550e+02
1.687013891340952476e+00	3.057572947099593534e+02
1.693308984907921033e+00	3.043061083479537956e+02
1.699582147428448486e+00	3.031754653836057969e+02
1.705863747055134105e+00	3.020603772019464373e+02
1.712154434283889470e+00	3.000322290346791192e+02
1.718438381579399321e+00	2.984966836949912476e+02
1.724721264464063930e+00	2.977950642638440399e+02
1.730997441276920679e+00	2.954830894125268514e+02
1.737287073528269499e+00	2.947109942501707565e+02
1.743567991878527401e+00	2.926503056454749867e+02
1.749840680212231048e+00	2.913601276489574161e+02
1.756128549091961144e+00	2.907998125683295143e+02
1.762413535324792502e+00	2.891941569320623557e+02
1.768696187669963837e+00	2.885685999477791484e+02
1.774979359379055266e+00	2.860572344571417602e+02
1.781265555576432957e+00	2.852715476817578519e+02
1.787549427830244619e+00	2.841136667226381860e+02
1.793834120011633004e+00	2.830674796731872789e+02
1.800115051552487300e+00	2.812309103133592316e+02
1.806393904854530330e+00	2.802471451356202579e+02
1.812674089667083432e+00	2.787918643366223250e+02
1.818956920109354058e+00	2.779353803628968649e+02
1.825244164118212220e+00	2.760917159430630363e+02
1.831527256642196955e+00	2.748307489847084071e+02
1.837811294935716599e+00	2.736287268759351150e+02
1.844100717411196744e+00	2.722193164877648428e+02
1.850384816792487230e+00	2.707779085817364830e+02
1.856666059735203822e+00	2.698204059165871058e+02
1.862947728675613979e+00	2.678867931834913634e+02
1.869229324466858078e+00	2.672624462903953031e+02
1.875517616802973686e+00	2.665359934461999956e+02
1.881800769033795229e+00	2.655735553444333163e+02
1.888078863416442710e+00	2.634847746562870157e+02
1.894353975182237582e+00	2.628089188499243392e+02
1.900642716154182565e+00	2.619810264289598081e+02
1.906933494748685121e+00	2.602159249407911830e+02
1.913207568676573933e+00	2.593968359313353744e+02
1.919490884732178992e+00	2.581476322328245487e+02
1.925776855684274480e+00	2.570218296966594949e+02
1.932064452961978152e+00	2.556936491936998550e+02
1.938342610030488800e+00	2.543943326776307288e+02
1.944618341543410178e+00	2.533182582348043468e+02
1.950906260203513876e+00	2.521389780580704496e+02
1.957194556613796488e+00	2.515478133550862765e+02
1.963479614559011432e+00	2.507103479370313437e+02
1.969760361532916226e+00	2.491044119921487834e+02
1.976048367034604736e+00	2.483317189570549317e+02
1.982337990217652335e+00	2.466311766272449972e+02
1.988617489259562721e+00	2.460174481704862330e+02
1.994896320665194178e+00	2.445264587568101717e+02
2.001179596222827151e+00	2.440398785915630242e+02
2.007459756923499761e+00	2.431957505479417421e+02
2.013737397779169935e+00	2.419426609608978538e+02
2.020017234677497164e+00	2.404074758249395529e+02
2.026310251015072783e+00	2.394436947915952487e+02
2.032600542948020284e+00	2.388264939124945272e+02
2.038873863192099289e+00	2.379216672919944529e+02
2.045154087821675404e+00	2.368139707984025790e+02
2.051444704514288730e+00	2.359839499633788193e+02
2.057730430280644729e+00	2.348505234091938405e+02
2.064013940455224461e+00	2.341114667706511341e+02
2.070299891179459895e+00	2.326890858033200402e+02
2.076589719964883951e+00	2.319140749238323167e+02
2.082865483794470673e+00	2.304797988558667612e+02
2.089134494859368640e+00	2.301392828678751812e+02
2.095424211360070288e+00	2.290723914411435942e+02
2.101707116664804254e+00	2.279668913434070703e+02
2.107986473933564309e+00	2.268342811750286501e+02
2.114271806543862375e+00	2.259018598072798909e+02
2.120552717288892275e+00	2.259614687839380451e+02
2.126836933207161717e+00	2.244440760639137977e+02
2.133122044791171845e+00	2.230849418012051615e+02
2.139411711910842673e+00	2.223004491420320790e+02
2.145697076775292089e+00	2.217780812512928321e+02
2.151973548606471276e+00	2.205148082938712264e+02
2.158259913555724108e+00	2.201090230066739082e+02
2.164545396699105506e+00	2.188984337298668095e+02
2.170830700377734068e+00	2.179979545219991621e+02
2.177114138849150393e+00	2.172783436418365568e+02
2.183387647576827018e+00	2.162920428609711507e+02
2.189670273687676971e+00	2.156236559584038162e+02
2.195960147934207463e+00	2.143285540017182029e+02
2.202242556317716371e+00	2.137349063711998554e+02
2.208521655981037668e+00	2.129913259203683538e+02
2.214804637081333016e+00	2.119985473102359208e+02
2.221092583349425276e+00	2.113987312750255967e+02
2.227372893591468728e+00	2.102013732050891974e+02
2.233657161144248171e+00	2.096284318149880619e+02
2.239943485394438660e+00	2.085198142005541513e+02
2.246224175264620815e+00	2.084885682073673649e+02
2.252506378421252009e+00	2.073984779930515288e+02
2.258783417054270437e+00	2.064894686580809662e+02
2.265069077371457684e+00	2.058535895996774627e+02
2.271350377044131452e+00	2.047129187714857323e+02
2.277633995145353918e+00	2.037836182163041769e+02
2.283922419579920149e+00	2.035650265617034336e+02
2.290202874392252674e+00	2.023803833963121406e+02
2.296490779970905560e+00	2.020363075658534910e+02
2.302771769934229162e+00	2.009087503879655969e+02
2.309051364164305564e+00	2.000690961659670961e+02
2.315338502539088239e+00	1.995966462528765533e+02
2.321627336503874428e+00	1.985020009867197359e+02
2.327911878297218795e+00	1.983023073462584023e+02
2.334186238580297168e+00	1.971444278362367868e+02
2.340467971862688401e+00	1.964880496838978274e+02
2.346756940970738725e+00	1.957337898527406139e+02
2.353044444556199988e+00	1.950318398478850099e+02
2.359327653314069906e+00	1.947628785573927530e+02
2.365603048789861607e+00	1.944180363658050794e+02
2.371885911737665165e+00	1.930111055576751653e+02
2.378173303594019572e+00	1.922557838555654541e+02
2.384454016539381271e+00	1.918080546777511302e+02
2.390736447344785187e+00	1.908294651425247821e+02
2.397014133897952259e+00	1.903534753486140687e+02
2.403295490074321972e+00	1.894994794000781155e+02
2.409585049672506862e+00	1.888054605914556987e+02
2.415871703165322071e+00	1.885097022717801565e+02
2.422160652369088840e+00	1.876986088413092943e+02
2.428440167222748691e+00	1.869201065893953455e+02
2.434717472383889803e+00	1.863323107369493243e+02
2.441002456202044257e+00	1.859180909393577679e+02
2.447289980304530488e+00	1.850814817437886859e+02
2.453571844729242279e+00	1.847431317893025664e+02
2.459852705114058846e+00	1.839380283548954367e+02
2.466139233225018934e+00	1.830095515492725724e+02
2.472421963421291391e+00	1.827670149830219657e+02
2.478698519174224568e+00	1.818606073681922339e+02
2.484980841400355800e+00	1.815950323614918887e+02
2.491269319409339822e+00	1.808056761196318973e+02
2.497548505139029373e+00	1.801733744643388491e+02
2.503831667172610853e+00	1.796807253119019094e+02
2.510117938323931153e+00	1.789639857417015207e+02
2.516400733681277480e+00	1.783319465309293719e+02
2.522688226833368130e+00	1.779240357178903764e+02
2.528971695852665569e+00	1.774934321882938377e+02
2.535252039407670299e+00	1.763753633458697436e+02
2.541537514142774512e+00	1.763791497567339945e+02
2.547823008847572179e+00	1.757024828186113723e+02
2.554100666580690238e+00	1.753188472589674518e+02
2.560376788884177301e+00	1.744036972113020170e+02
2.566667521601497359e+00	1.741394906575655170e+02
2.572955062237090473e+00	1.736922051705792001e+02
2.579233771797999175e+00	1.729523498216122164e+02
2.585520164300948220e+00	1.724191662421318370e+02
2.591805130332431872e+00	1.716567655597519604e+02
2.598084074692260881e+00	1.714428537782371791e+02
2.604360404197643586e+00	1.710793692096288794e+02
2.610647185140439142e+00	1.705836682599737060e+02
2.616931864059273138e+00	1.700591964760560018e+02
2.623206107911065565e+00	1.694429851980216313e+02
2.629491626543270844e+00	1.689747555350826360e+02
2.635778507982642349e+00	1.684676851994756532e+02
2.642061039325260818e+00	1.685024252091716335e+02
2.648343840729305843e+00	1.677113906618920112e+02
2.654631838974855551e+00	1.669287534408199178e+02
2.660919001246303761e+00	1.666359463851830469e+02
2.667198525130066056e+00	1.662675939488997585e+02
2.673484307038032526e+00	1.658179254294659017e+02
2.679773388053849459e+00	1.653949442847840601e+02
2.686058217632288692e+00	1.648698629294640909e+02
2.692338738200057868e+00	1.643516331977271818e+02
2.698618022887226964e+00	1.641551598157188323e+02
2.704895450708277860e+00	1.635812649087739032e+02
2.711175674923682166e+00	1.633511699284010490e+02
2.717459832966957922e+00	1.627462730948246588e+02
2.723745731959044569e+00	1.624675643364668076e+02
2.730038414850594730e+00	1.617590271275924749e+02
2.736317989800789441e+00	1.613836870175685760e+02
2.742591858549239703e+00	1.610667176675387680e+02
2.748879749010778362e+00	1.609474619733040583e+02
2.755163403825859447e+00	1.604632775711072554e+02
2.761446955625852073e+00	1.601800232378647877e+02
2.767732088935374701e+00	1.600156603622267255e+02
2.774015452421743966e+00	1.594206052092044672e+02
2.780298635700591436e+00	1.592068608908349461e+02
2.786577474762241380e+00	1.585906592327996805e+02
2.792857983210164541e+00	1.582224093630102004e+02
2.799143790920211483e+00	1.578836388839606286e+02
2.805430058399325244e+00	1.573571057058595102e+02
2.811715058209780072e+00	1.572801739143100690e+02
2.817989272498773623e+00	1.566824262226176359e+02
2.824269171595737760e+00	1.565204140867324156e+02
2.830563016441804081e+00	1.564389937286811971e+02
2.836848750951622034e+00	1.560897148353398620e+02
2.843130027866129783e+00	1.559232178177931303e+02
2.849413896912404986e+00	1.554548838773073385e+02
2.855697464522425566e+00	1.552566094985915583e+02
2.861978799810683594e+00	1.546471696682158097e+02
2.868262469415629567e+00	1.545539671690393675e+02
2.874547359206753860e+00	1.542228561978135133e+02
2.880831111471525041e+00	1.540462706919288962e+02
2.887113216972382546e+00	1.536994179992308602e+02
2.893394504725182781e+00	1.533702538793831991e+02
2.899673662137033592e+00	1.534893912909763003e+02
2.905953958587380814e+00	1.530640734968383470e+02
2.912241118105161064e+00	1.527634688157340292e+02
2.918525996366671205e+00	1.526384964298124771e+02
2.924809035425688819e+00	1.526751815494991149e+02
2.931095916293684933e+00	1.522397995561123025e+02
2.937378182606774413e+00	1.521181113777728342e+02
2.943659980254369923e+00	1.515266471485100226e+02
2.949946454403890250e+00	1.515561779759176488e+02
2.956227653702202307e+00	1.516033959842024217e+02
2.962510478867462993e+00	1.512989779971881319e+02
2.968796535179442309e+00	1.512112499668333783e+02
2.975077657376874907e+00	1.509276347246627097e+02
2.981359866759223376e+00	1.510539987776155897e+02
2.987646761575656562e+00	1.505358464950423638e+02
2.993929038370399365e+00	1.504031629291058891e+02
3.000206214840962726e+00	1.504200953508582757e+02
3.006486172402415669e+00	1.501623523816123793e+02
3.012769812211594456e+00	1.502398320785845840e+02
3.019053144326170113e+00	1.498168256964788156e+02
3.025337405144251424e+00	1.497913573750037131e+02
3.031623734799107961e+00	1.496311424670347208e+02
3.037908962055872575e+00	1.495447913003319513e+02
3.044195067146031608e+00	1.495207135383780042e+02
3.050475543482170426e+00	1.495846737206155694e+02
3.056754954538277502e+00	1.496437775940651989e+02
3.063040539557494668e+00	1.493613151854069656e+02
3.069323699454357346e+00	1.493293748406852899e+02
3.075610692642898769e+00	1.491136333722953680e+02
3.081893798009918584e+00	1.490875217684886422e+02
3.088174549548037717e+00	1.494635384616974534e+02
3.094458635632868493e+00	1.491421554599129990e+02
3.100743982931558840e+00	1.492051899046690835e+02
3.107028111748448396e+00	1.491853150328982167e+02
3.113309299655494300e+00	1.493312764609570706e+02
3.119590662867241626e+00	1.493403958840116559e+02
3.125874006820172912e+00	1.492300567947636978e+02
3.132159251154602586e+00	1.491137572816771524e+02
3.138439172765940643e+00	1.492907183655850929e+02
3.144723867719826593e+00	1.495689982540928327e+02
3.151003951258561031e+00	1.494240496159738143e+02
3.157283664131563139e+00	1.493428672356299955e+02
3.163569317183839935e+00	1.494440918673105330e+02
3.169851661717792091e+00	1.495773189507517600e+02
3.176137704316093657e+00	1.495177115770569856e+02
3.182420924828643916e+00	1.499707307631906588e+02
3.188702811875577581e+00	1.500126323146433833e+02
3.194990520008989865e+00	1.502217811182260903e+02
3.201275324656983834e+00	1.501224451845245937e+02
3.207551352179861759e+00	1.504386419207649226e+02
3.213835216737041645e+00	1.507237259562242855e+02
3.220122579819103770e+00	1.506216406408663886e+02
3.226406606618656525e+00	1.503185243646604192e+02
3.232687390085645429e+00	1.496390965144824179e+02
3.238969121280456331e+00	1.495842859944366694e+02
3.245254751548589667e+00	1.494381832683191647e+02
3.251534499036136783e+00	1.490275852744950100e+02
3.257817780791052442e+00	1.485914957692845348e+02
3.264102164154097263e+00	1.484597085102264487e+02
3.270384152138468892e+00	1.479241368808119717e+02
3.276669427476867735e+00	1.477219854687895975e+02
3.282954688864507808e+00	1.473722706129891264e+02
3.289237200334947264e+00	1.472892445219530089e+02
3.295519587088236779e+00	1.470183667111134014e+02
3.301805977329951958e+00	1.466397243577467577e+02
3.308087486222440088e+00	1.462477067710996721e+02
3.314367630234227313e+00	1.459876152603771970e+02
3.320651909732194262e+00	1.458624071529991397e+02
3.326931260376857047e+00	1.454560624594964509e+02
3.333216512447217728e+00	1.452188596539216405e+02
3.339504489419978128e+00	1.448812968184098224e+02
3.345786804809928405e+00	1.446616534548423942e+02
3.352071130016277767e+00	1.442781193498826724e+02
3.358351496304225581e+00	1.438162362776460839e+02
3.364630591073392019e+00	1.438883797034053202e+02
3.370916305215045483e+00	1.438235151806331942e+02
3.377197952029413752e+00	1.432904258810866907e+02
3.383483063818085501e+00	1.429748363389154804e+02
3.389769992424469969e+00	1.427047728633696693e+02
3.396051330885982100e+00	1.424389535536569440e+02
3.402330879139463971e+00	1.423485171342139779e+02
3.408610488352048495e+00	1.419705791079165067e+02
3.414897837696641236e+00	1.419145321071757451e+02
3.421180484052105619e+00	1.414863192753738304e+02
3.427461639653846870e+00	1.410197197306292196e+02
3.433749159643459059e+00	1.412022807105789184e+02
3.440032646656798310e+00	1.407110409922541976e+02
3.446313366033385339e+00	1.406620338425008185e+02
3.452600135384134905e+00	1.404521816360703781e+02
3.458883152815406703e+00	1.400785002766941432e+02
3.465163834403715448e+00	1.399930834466411227e+02
3.471449329786229221e+00	1.398280951271383969e+02
3.477734476754053894e+00	1.395995212675495054e+02
3.484019652467224226e+00	1.393669046996490408e+02
3.490297019369712928e+00	1.390925096850430123e+02
3.496582486484379970e+00	1.389819476774175939e+02
3.502868048046865024e+00	1.388313378702688112e+02
3.509144649545451244e+00	1.384925265686646583e+02
3.515428082003116295e+00	1.382322944812336800e+02
3.521711031624695565e+00	1.380883937190956487e+02
3.527991850954735664e+00	1.377565928321435536e+02
3.534275545726699885e+00	1.375821554796146131e+02
3.540562632020772149e+00	1.373889974608617877e+02
3.546844410757220789e+00	1.372379679429261614e+02
3.553131386753758836e+00	1.371940260797816791e+02
3.559419203211965144e+00	1.370053503049014694e+02
3.565697971577579839e+00	1.367869192247469528e+02
3.571979559134798254e+00	1.366060683052319007e+02
3.578265774595833726e+00	1.363916530557830527e+02
3.584548309769353125e+00	1.360621822093292792e+02
3.590826843920031486e+00	1.361243378247058331e+02
3.597107306745233934e+00	1.358724125103338167e+02
3.603392831792229245e+00	1.359659189685748970e+02
3.609673209822572559e+00	1.355280977243203608e+02
3.615955412133016189e+00	1.352986980987052732e+02
3.622241607772384686e+00	1.351170806373791606e+02
3.628520252736676444e+00	1.350870148226167942e+02
3.634804827569451113e+00	1.347846195310705468e+02
3.641094981788862928e+00	1.347879656852790049e+02
3.647383514928639325e+00	1.346284981933529821e+02
3.653663283927725658e+00	1.346739758139142396e+02
3.659943504072155296e+00	1.344856798692070186e+02
3.666232000281138603e+00	1.341901203757886663e+02
3.672514211678317597e+00	1.340967936690232989e+02
3.678794154686042539e+00	1.339342285808086785e+02
3.685078621861909820e+00	1.339030865629731863e+02
3.691359210097977961e+00	1.338856891110276308e+02
3.697642368173791105e+00	1.336304482087794838e+02
3.703925796735277665e+00	1.333167378249135027e+02
3.710208240364660348e+00	1.335081875441101147e+02
3.716494593122387169e+00	1.333741753774040149e+02
3.722775386659595398e+00	1.329452103416472823e+02
3.729058392883481510e+00	1.332521704195225709e+02
3.735339748210807720e+00	1.330683554933204675e+02
3.741620776392969638e+00	1.331691351230798261e+02
3.747904795418762980e+00	1.328635481462285384e+02
3.754190633281219380e+00	1.327092721860590530e+02
3.760478208018912749e+00	1.325955843683672697e+02
3.766755538573464346e+00	1.326034250505318823e+02
3.773032090135151506e+00	1.323653505111518882e+02
3.779322553012896879e+00	1.324130582516809227e+02
3.785609109731308930e+00	1.324393926426526491e+02
3.791889825936295200e+00	1.325652331908532062e+02
3.798174822702435893e+00	1.324788278724437873e+02
3.804458658753491651e+00	1.322676440638350925e+02
3.810738438095723435e+00	1.322875337674225875e+02
3.817018850285747167e+00	1.322346392670239368e+02
3.823305314209427763e+00	1.320793281828148338e+02
3.829591295197792178e+00	1.319414901139473386e+02
3.835872296070849341e+00	1.319272098174000973e+02
3.842156279590906109e+00	1.318934060269799602e+02
3.848441511099312429e+00	1.320897382336393377e+02
3.854723334376886079e+00	1.317173942046922264e+02
3.861004740704794713e+00	1.318553831793227005e+02
3.867284336650660848e+00	1.317452694986030508e+02
3.873567367678779849e+00	1.315919437172754272e+02
3.879850662830422792e+00	1.316434047029820533e+02
3.886137063198143338e+00	1.320378795001190895e+02
3.892419463049126005e+00	1.318713859746559365e+02
3.898703740328622658e+00	1.320978616756652002e+02
3.904991458788179326e+00	1.319176403816160814e+02
3.911270842222104083e+00	1.317673010658293151e+02
3.917549806479573071e+00	1.317730734362918383e+02
3.923836006203090587e+00	1.317933299433403818e+02
3.930121452497870926e+00	1.319098771786111968e+02
3.936398172858230460e+00	1.318041566554067003e+02
3.942683040425962293e+00	1.320601113635367199e+02
3.948974759704379611e+00	1.318011713697495964e+02
3.955259227995065352e+00	1.320118594966392891e+02
3.961537174921395454e+00	1.322756507672101236e+02
3.967820217617139544e+00	1.320800340091986129e+02
3.974105559832568968e+00	1.321464231140440404e+02
3.980384727931198352e+00	1.322761559513041902e+02
3.986664590839849698e+00	1.325362022489979097e+02
3.992949619150675034e+00	1.322299899041618119e+02
3.999235075769965952e+00	1.323145253484786110e+02
4.005515715515433506e+00	1.322516076133269678e+02
4.011798434346478537e+00	1.326056910395448654e+02
4.018083716245132386e+00	1.324421810643979427e+02
4.024365700052603856e+00	1.326772584487336815e+02
4.030643960839860540e+00	1.329472881813245806e+02
4.036928708926215137e+00	1.330334655401032080e+02
4.043218157412017177e+00	1.332043871096011003e+02
4.049503019487663558e+00	1.329803161638092206e+02
4.055781898960511000e+00	1.333035960453856035e+02
4.062060795621602161e+00	1.332720389901629403e+02
4.068347865354716042e+00	1.334842595498932951e+02
4.074631027173265529e+00	1.336015586099696009e+02
4.080910837526078971e+00	1.338072840092135039e+02
4.087201203341442657e+00	1.339060198671251669e+02
4.093486818591942189e+00	1.341388555814421863e+02
4.099764387336505500e+00	1.341595324756927141e+02
4.106049166937662420e+00	1.343743644313730385e+02
4.112334559041358695e+00	1.343041534554221812e+02
4.118618926059533614e+00	1.345165436503982903e+02
4.124898942031112625e+00	1.345640028661191536e+02
4.131175432561665417e+00	1.347645113642852834e+02
4.137461563786142271e+00	1.351744529424895234e+02
4.143746006210170307e+00	1.354457308670569091e+02
4.150029800482964326e+00	1.355876335265859325e+02
4.156313390684649001e+00	1.356148893204599801e+02
4.162596105843763716e+00	1.360303705514586454e+02
4.168881843141768684e+00	1.358649738348456708e+02
4.175162111073220217e+00	1.362000939064599265e+02
4.181448573417560155e+00	1.363078709730616538e+02
4.187738782464171194e+00	1.366589396796562710e+02
4.194017437180169061e+00	1.367775144502950297e+02
4.200293572701767175e+00	1.370938129740194427e+02
4.206580195481546269e+00	1.372224073895150127e+02
4.212860644652220543e+00	1.374403920147250062e+02
4.219138153430114002e+00	1.377325715596843736e+02
4.225426162098283811e+00	1.378732316327072169e+02
4.231713506719782636e+00	1.384900675155556371e+02
4.237990056577191744e+00	1.384176518300505450e+02
4.244267783646744618e+00	1.386493082407462509e+02
4.250560660182562955e+00	1.391639126347680246e+02
4.256847734842668096e+00	1.393012436459016499e+02
4.263127100734456221e+00	1.396251939540962610e+02
4.269406860432507500e+00	1.396421073357743978e+02
4.275691671482192646e+00	1.399938012810640657e+02
4.281972414189518794e+00	1.402191187184533305e+02
4.288253516806755705e+00	1.404870137751481707e+02
4.294540520160492925e+00	1.410215884328515585e+02
4.300825742921731809e+00	1.415766192416480180e+02
4.307109835491901961e+00	1.415270114972863666e+02
4.313390926478413157e+00	1.417953114290221492e+02
4.319667979480563247e+00	1.418174056262296858e+02
4.325952598143786076e+00	1.426851035425022189e+02
4.332241647035422361e+00	1.425347351554460431e+02
4.338524445619096781e+00	1.432235012172738209e+02
4.344809348131129845e+00	1.432663581399209818e+02
4.351090699193166600e+00	1.434146660374574935e+02
4.357369710808320029e+00	1.436766927612397353e+02
4.363659348967174445e+00	1.441574234365081395e+02
4.369947418280990981e+00	1.446959728654247499e+02
4.376226569265827315e+00	1.452049609428718497e+02
4.382499356631129217e+00	1.450560696006863282e+02
4.388784975178015024e+00	1.449013666366609243e+02
4.395068696309480494e+00	1.452543048685936640e+02
4.401347962382031298e+00	1.459958255065703838e+02
4.407628405096517099e+00	1.461875953932053278e+02
4.413915862185140426e+00	1.463677478453631409e+02
4.420203163534264235e+00	1.466813521187822005e+02
4.426480311003382795e+00	1.462398857533388252e+02
4.432765973643649104e+00	1.477810501048665515e+02
4.439053392023870614e+00	1.469597603467288138e+02
4.445336141335588742e+00	1.477403816224325794e+02
4.451617241414883352e+00	1.475389911876205247e+02
4.457901500730311106e+00	1.475474092191622333e+02
4.464189501093017043e+00	1.479825350160967901e+02
4.470470197548729985e+00	1.481295026931015855e+02
4.476748044268524573e+00	1.484528885193524559e+02
4.483035990164653484e+00	1.480761524085145311e+02
4.489323331650528104e+00	1.484492265319460671e+02
4.495599111667934800e+00	1.485644356450326882e+02
4.501870922878794090e+00	1.483878645386348580e+02
4.508155162877705457e+00	1.487231573227080901e+02
4.514446451153479423e+00	1.488099434402861618e+02
4.520723894043856994e+00	1.484495662035383248e+02
4.527003782460155890e+00	1.474476254175269787e+02
4.533293086610313161e+00	1.478654807131515554e+02
4.539578989864040182e+00	1.473937627846475493e+02
4.545857164866476730e+00	1.471921933872739885e+02
4.552138955546025656e+00	1.469840588531852461e+02
4.558432046889146605e+00	1.467830010930558728e+02
4.564713463378488711e+00	1.462322958871693857e+02
4.570987274133244682e+00	1.467732629833689373e+02
4.577274818151045643e+00	1.464757622056096693e+02
4.583563263889338657e+00	1.456411324925757640e+02
4.589844917004465508e+00	1.464475859101397930e+02
4.596126259982004747e+00	1.460758372508412606e+02
4.602409075598298926e+00	1.459551232347409666e+02
4.608696634867644804e+00	1.466544338184253036e+02
4.614977646498861219e+00	1.464530155016076094e+02
4.621258953029527383e+00	1.461708176974702269e+02
4.627547993978874175e+00	1.456848321908686614e+02
4.633830152730579854e+00	1.464299679727226646e+02
4.640104005367354567e+00	1.461550809304977463e+02
4.646382060386754276e+00	1.461837679819787184e+02
4.652674213731970987e+00	1.466755275654677746e+02
4.658958291796220230e+00	1.470188669899800686e+02
4.665233615070169648e+00	1.468761825197661608e+02
4.671520675710307380e+00	1.473248057038951799e+02
4.677814351732177300e+00	1.472078381725025054e+02
4.684093699744638073e+00	1.469811441707181814e+02
4.690368661472568590e+00	1.473832748697812463e+02
4.696663270746453733e+00	1.475933328111955802e+02
4.702945459248681459e+00	1.476091448165114173e+02
4.709209170841929470e+00	1.476866487037733862e+02
4.715491634753063543e+00	1.483046434351101936e+02
4.721784316284933780e+00	1.485037462034314331e+02
4.728063062331094635e+00	1.481940385691085567e+02
4.734337423381671073e+00	1.494488651120919371e+02
4.740627024094544062e+00	1.492737742517651895e+02
4.746914995664547554e+00	1.488260425039492247e+02
4.753194740071086777e+00	1.492292420021784949e+02
4.759478891864783456e+00	1.495155565536416873e+02
4.765762396877359031e+00	1.498221701806441502e+02
4.772049481246195768e+00	1.504082435568371352e+02
4.778335091022592351e+00	1.505881618698525131e+02
4.784610831402393849e+00	1.509814450146947991e+02
4.790907306208476157e+00	1.514595582698476903e+02
4.797204047706418173e+00	1.521458560277557126e+02
4.803470827697504220e+00	1.521927923968320897e+02
4.809748850577324042e+00	1.521339661976921036e+02
4.816045316586602176e+00	1.530883950953972601e+02
4.822329240673497885e+00	1.532616182265809641e+02
4.828596758226470165e+00	1.536268640737526141e+02
4.834890332961369275e+00	1.538923768301734185e+02
4.841191655056394261e+00	1.547363738335909318e+02
4.847460407468000554e+00	1.553914659909768829e+02
4.853732128521334843e+00	1.547326925849147301e+02
4.860029138783373170e+00	1.551136295762771056e+02
4.866314601732018019e+00	1.562440354602087211e+02
4.872587026269203925e+00	1.569335238196550790e+02
4.878874221748241702e+00	1.570557476626524078e+02
4.885171078138658807e+00	1.564833056290838442e+02
4.891450629931857641e+00	1.579276263844084269e+02
4.897716482750221978e+00	1.588411962104790973e+02
4.904002834596266069e+00	1.589703944009015970e+02
4.910295858205786068e+00	1.587373910050803545e+02
4.916575188115905881e+00	1.599817407873918853e+02
4.922847946197084212e+00	1.608218594369828054e+02
4.929131667457151700e+00	1.607228316588201267e+02
4.935434460144239033e+00	1.611620953548212185e+02
4.941718513303545279e+00	1.628998588575644249e+02
4.947978624761803168e+00	1.634983795900888595e+02
4.954274999209829389e+00	1.634935426882591685e+02
4.960571094729937514e+00	1.641701006929007178e+02
4.966823207626954506e+00	1.652860500135856228e+02
4.973097418390337587e+00	1.650625131665717049e+02
4.979415129936382023e+00	1.672149304648831674e+02
4.985702082330368157e+00	1.664457846860895813e+02
4.991949985828016523e+00	1.663225628265565206e+02
4.998241586316924057e+00	1.681321649944100329e+02
5.004556635606089543e+00	1.683224932171496562e+02
5.010828655701208945e+00	1.694906667783133400e+02
5.017077229702536556e+00	1.708474331619565021e+02
5.023374414758113637e+00	1.707846715011559979e+02
5.029688873569548413e+00	1.734300236570326774e+02
5.035958413584124216e+00	1.736646754426435564e+02
5.042232667658486989e+00	1.731940872892811853e+02
5.048528755870775875e+00	1.748386794891403326e+02
5.054821121427484520e+00	1.770268655139851148e+02
5.061069509814582368e+00	1.766077511566383862e+02
5.067347812754101177e+00	1.767534175166055945e+02
5.073675050630431116e+00	1.781216393837183602e+02
5.079945928388977627e+00	1.800231354032018203e+02
5.086192992546071601e+00	1.799316605823148620e+02
5.092484128970163226e+00	1.818921697757006086e+02
5.098802924706086870e+00	1.813147781139512347e+02
5.105078217426394005e+00	1.832171975318514399e+02
5.111325076574067872e+00	1.854242648879800868e+02
5.117628358851224135e+00	1.868950540940062695e+02
5.123935939383525984e+00	1.870126962916799016e+02
5.130199176325612065e+00	1.883946094490081862e+02
5.136469985878846956e+00	1.902143882666547370e+02
5.142797788696348071e+00	1.906057767186118213e+02
5.149090378043822192e+00	1.912810769404007374e+02
5.155289879840074363e+00	1.932503277395544217e+02
5.161564521234301317e+00	1.944116491056292944e+02
5.167916673496016244e+00	1.948832938910395285e+02
5.174205974602950064e+00	1.977864135947440616e+02
5.180434820793812456e+00	1.992165444490243544e+02
5.186729096569634656e+00	1.999890936029426882e+02
5.193058481037780894e+00	2.013324295038497098e+02
5.199319511444338460e+00	2.025002527442248947e+02
5.205574295584361799e+00	2.021710807014802924e+02
5.211894977074066126e+00	2.051750295951275120e+02
5.218201708336958511e+00	2.075538763306236376e+02
5.224411911780083351e+00	2.085010245383384984e+02
5.230677632666463239e+00	2.103927442666034722e+02
5.237056729559757429e+00	2.118636887833879427e+02
5.243336785035660697e+00	2.130001835905944461e+02
5.249493476178225038e+00	2.153675747692400364e+02
5.255787017738318134e+00	2.134347759874761721e+02
5.262205327426889845e+00	2.141503531997054779e+02
5.268477758348532269e+00	2.185675604134251273e+02
5.274632213654732560e+00	2.215444388594371787e+02
5.280950543314659740e+00	2.260585463648715177e+02
5.287327645024750389e+00	2.252162156066133889e+02
5.293582359180156516e+00	2.309111386817455127e+02
5.299789992649893478e+00	2.284701176245424392e+02
5.306111460381987222e+00	2.295521017403399355e+02
5.312452717892129250e+00	2.329538457290826727e+02
5.318650122853046724e+00	2.364122158813648582e+02
5.324923043129819789e+00	2.356607947455616454e+02
5.331330237158205421e+00	2.373088044576682307e+02
5.337586726886338617e+00	2.425895451174879156e+02
5.343685192440848830e+00	2.408659817543707220e+02
5.350070659715249199e+00	2.496991331014561695e+02
5.356556762554878226e+00	2.490420711839730359e+02
5.362691868684501095e+00	2.498215630137745507e+02
5.368769208912516966e+00	2.541392157338839297e+02
5.375270137997677722e+00	2.554799333268714179e+02
5.381769983045385786e+00	2.598935111018078032e+02
5.387701030372958222e+00	2.621619271411449290e+02
5.393786668001271600e+00	2.696759064519691833e+02
5.400446161099396569e+00	2.665094773054918278e+02
5.406957063684501463e+00	2.694139087555454921e+02
5.412655672453426270e+00	2.725911453671722029e+02
5.418821279260546575e+00	2.745046136080962924e+02
5.425690594366304076e+00	2.765372606264199362e+02
5.432217487502165376e+00	2.872052365434499279e+02
5.437649811577258241e+00	2.834832886705852957e+02
5.443914404015878006e+00	2.843648917246850942e+02
5.450953501686320202e+00	2.942909259209054653e+02
5.457483690405861232e+00	2.936505274665585148e+02
5.462715250135157241e+00	3.002867943693832444e+02
5.469033575551323523e+00	3.022379225826603033e+02
5.476177730420278778e+00	3.021020968654316903e+02
5.482708935702562236e+00	3.058211596837677462e+02
5.487722405008360838e+00	3.058434763067856466e+02
5.494194284996126498e+00	3.187533726607029507e+02
5.501391471009256406e+00	3.069687407950720512e+02
5.507128202673079009e+00	3.197315600893547298e+02
5.512278020050448646e+00	3.063319436431492591e+02
5.519395563377015534e+00	3.407712262272515886e+02
5.526598678609708770e+00	3.493823001285750820e+02
5.532162682462509196e+00	3.948673535970922899e+02
5.537397124017139127e+00	3.230337880828683410e+02
5.544582756485218589e+00	3.186816095310047672e+02
5.551739327507637434e+00	3.548200986050792380e+02
5.557493306674907707e+00	4.092359678431697603e+02
5.562281709102816940e+00	3.135836791946379662e+02
5.569272720323164449e+00	3.087077466669962291e+02
