8.899641224696953554e-03	4.052425380429789657e+05
1.507912216506557788e-02	2.255170548864828597e+05
2.144790186456836667e-02	1.547061355959277425e+05
2.783660776489276650e-02	1.192295779363309266e+05
3.435099785803411021e-02	5.757332217659797607e+04
4.047886761425745911e-02	4.234560123607785499e+04
4.676716683575679601e-02	3.208526212278484309e+04
5.308225101765951665e-02	3.093407446503405299e+04
5.945362440940590160e-02	2.771815196066653880e+04
6.576224814588792211e-02	2.629112967068269791e+04
7.196632906698736953e-02	2.315923874985769362e+04
7.827860915688347743e-02	2.201303335698270894e+04
8.470398945834539672e-02	1.733513798129551651e+04
9.096854620527369817e-02	1.441858105124428403e+04
9.720789776830213169e-02	1.256637527045930074e+04
1.034763038959366499e-01	1.144901729711381631e+04
1.097576444254559219e-01	1.046238326300669542e+04
1.160543084780093354e-01	9.627449290202337579e+03
1.223669666537485351e-01	9.162696187641204233e+03
1.286817263090294094e-01	8.617332472605890871e+03
1.349500801664080818e-01	8.533797869604992229e+03
1.411949558842147678e-01	7.977243086253349247e+03
1.475133575747468451e-01	7.164147138023104162e+03
1.537865074252268427e-01	6.626226066242702473e+03
1.600657544051110326e-01	6.240079173517410709e+03
1.663991168687080635e-01	5.966761350203517395e+03
1.727195645776442856e-01	5.769345123661933940e+03
1.789765213377084718e-01	5.657228742531092394e+03
1.852353690647852158e-01	5.238347076708157147e+03
1.914806787341157279e-01	4.942394010751850146e+03
1.977889868651535599e-01	4.798642934050319127e+03
2.040937735447724277e-01	4.577927327803852677e+03
2.103939302609846018e-01	4.386555032160388691e+03
2.166909709822301688e-01	4.228697150152750510e+03
2.229700281216152047e-01	4.131053818118497475e+03
2.292620027086341994e-01	3.945455145911022100e+03
2.355141508366812297e-01	3.839417902196629257e+03
2.417910583817859116e-01	3.773380844561694175e+03
2.480856539439619257e-01	3.645754533299199466e+03
2.543492256872954549e-01	3.454536864342261197e+03
2.606334251884805386e-01	3.412949621659442073e+03
2.669257370896960802e-01	3.313424182065230980e+03
2.732423343141155980e-01	3.221293506642789907e+03
2.795529680084415936e-01	3.136234168074042373e+03
2.858366292314493129e-01	3.032894176026995865e+03
2.920876271394311496e-01	2.963342337002492513e+03
2.983449844439822751e-01	2.934050105628307392e+03
3.046382639407197446e-01	2.852926651812064392e+03
3.109279127003197196e-01	2.756757307294268685e+03
3.172168171618398036e-01	2.686409618618264631e+03
3.235187567944423082e-01	2.673891601571880528e+03
3.298168217550395687e-01	2.608244515780384063e+03
3.361176429457156667e-01	2.536228958799712018e+03
3.423700375709273769e-01	2.501556083418814524e+03
3.486478192666269682e-01	2.436981038410748170e+03
3.549411614411318028e-01	2.388923974494525282e+03
3.611916935421040642e-01	2.356987526788431296e+03
3.674767089563572564e-01	2.328778848195650426e+03
3.737647795277591056e-01	2.240896812357426825e+03
3.800654031475132477e-01	2.215135663772400221e+03
3.863539861259823738e-01	2.198661503155055016e+03
3.926140181364449755e-01	2.146576117641060137e+03
3.989264500321934581e-01	2.124722603282268210e+03
4.052073244576828714e-01	2.097848605857193888e+03
4.114916477570477182e-01	2.061581950015409802e+03
4.177814272116491257e-01	2.024704248723458932e+03
4.240400648725131116e-01	1.971847731980923299e+03
4.303425690270192283e-01	1.953970346202493829e+03
4.366358560255625965e-01	1.922947673723805565e+03
4.428996183220763605e-01	1.906132179431619534e+03
4.491634418529859563e-01	1.864858299691390812e+03
4.554414146254732731e-01	1.823643186478919688e+03
4.617634470301058558e-01	1.803130811727776518e+03
4.680644242023710433e-01	1.782985393717700845e+03
4.743485242764365895e-01	1.762947894569876553e+03
4.806356136815400082e-01	1.725250488819922566e+03
4.869019258388697646e-01	1.718546112498401499e+03
4.931697099599955947e-01	1.687682101613876512e+03
4.994506747144535908e-01	1.654601721435808258e+03
5.057159051335421429e-01	1.647579980862145931e+03
5.119923996268095356e-01	1.617380069472527794e+03
5.183126097768406826e-01	1.613201239133408308e+03
5.246089638029100000e-01	1.568412756122457040e+03
5.308757308483337267e-01	1.561520229121758121e+03
5.371573527946726934e-01	1.551380134729805832e+03
5.434579563783791256e-01	1.531988067844251191e+03
5.497430652392217842e-01	1.516815499481641609e+03
5.559937427501778773e-01	1.491275836571328000e+03
5.622854676609657654e-01	1.479280361969570549e+03
5.686011537227265711e-01	1.467333038855113500e+03
5.748804589422079614e-01	1.451303475448237577e+03
5.811550210340560296e-01	1.416957901689668233e+03
5.874394496660968468e-01	1.404211006276692387e+03
5.937176220296899176e-01	1.387805914790253382e+03
5.999971954793682505e-01	1.383365133262971767e+03
6.062679115124277596e-01	1.356926806629739758e+03
6.125469576444534381e-01	1.344662514692425020e+03
6.188477733041515272e-01	1.326692906572848187e+03
6.251310567437898813e-01	1.324621361193125267e+03
6.314027450383210560e-01	1.297518083395407075e+03
6.377003562732055375e-01	1.284966431991737409e+03
6.439857783314556494e-01	1.279906339605161520e+03
6.502685417166111925e-01	1.256958657123121156e+03
6.565586117699038216e-01	1.238555167739202716e+03
6.628369282359254377e-01	1.234382809328346184e+03
6.691185444962194362e-01	1.214878889814152899e+03
6.754070198575605755e-01	1.215873540075685014e+03
6.816835514593204692e-01	1.203154531691953480e+03
6.879592533861698112e-01	1.185392863311921928e+03
6.942344317039531587e-01	1.174331406765063775e+03
7.005175402434737908e-01	1.162831273766748609e+03
7.068124956608716758e-01	1.149419082636916755e+03
7.131019009674921527e-01	1.138343399982743676e+03
7.193918251171427247e-01	1.126267965063100746e+03
7.256833807598113140e-01	1.110701998325181648e+03
7.319652682709349989e-01	1.104233519798654697e+03
7.382507990484923344e-01	1.088150693087931586e+03
7.445265842115937893e-01	1.078395555248746405e+03
7.507871101942712455e-01	1.068397905395079079e+03
7.570758465316046459e-01	1.059513786266567422e+03
7.633641233600957365e-01	1.047329474272269863e+03
7.696462959862266917e-01	1.037452418086927537e+03
7.759394865175414102e-01	1.030373132935176727e+03
7.822329141989586843e-01	1.020977443241597371e+03
7.885314936520240181e-01	1.012771396458422373e+03
7.947896566979522071e-01	9.979871638984384390e+02
8.010491096592354809e-01	9.950836857156409678e+02
8.073364061727361651e-01	9.780104856322135447e+02
8.136229488373866170e-01	9.703558204081863323e+02
8.199152998961036776e-01	9.583116992767500051e+02
8.261952636392789762e-01	9.549430801946982683e+02
8.324897070080405914e-01	9.488263827040888145e+02
8.387959309210778480e-01	9.392184873208899489e+02
8.450634639703045181e-01	9.258020979946156785e+02
8.513282867562648182e-01	9.220827599567340940e+02
8.576198263902009566e-01	9.155840657480110849e+02
8.639058477062415697e-01	9.055292483444943628e+02
8.701838745487597837e-01	8.928074939076985856e+02
8.764641096075268534e-01	8.850850501584208132e+02
8.827503873399735745e-01	8.730673669565672981e+02
8.890332768393869323e-01	8.721834811031685604e+02
8.953084247113127780e-01	8.622236199515659791e+02
9.015956521667095602e-01	8.553295119293743483e+02
9.078833328094829680e-01	8.517396376450730031e+02
9.141744106319863450e-01	8.407468021472394639e+02
9.204630817717615043e-01	8.329768980576536705e+02
9.267434415264711456e-01	8.257864641759671258e+02
9.330324197354928906e-01	8.212231287401499458e+02
9.393265785573878812e-01	8.136313439110837180e+02
9.455974810398196650e-01	8.071239979829921367e+02
9.518660018545171964e-01	7.987495797191625115e+02
9.581413255531838757e-01	7.928631325800780587e+02
9.644350945109106954e-01	7.828530757957096284e+02
9.707355633568249820e-01	7.819046348558883892e+02
9.770080768450029041e-01	7.753501680680370782e+02
9.832823325363413414e-01	7.696800015294843433e+02
9.895569691966674686e-01	7.611417221765185559e+02
9.958456301921106979e-01	7.522107271595443763e+02
1.002136210743837408e+00	7.494474131784505744e+02
1.008404825335135424e+00	7.391199917223120792e+02
1.014694149836243398e+00	7.331408525703525356e+02
1.020992555437297167e+00	7.266232798973775289e+02
1.027273980437394485e+00	7.190314529142194715e+02
1.033559181896017254e+00	7.140398370434326125e+02
1.039847557392594934e+00	7.098094415684166734e+02
1.046126974943305088e+00	7.022898926181792376e+02
1.052403436811028659e+00	6.966325339914768620e+02
1.058680704651608684e+00	6.902771966065674860e+02
1.064964333065789193e+00	6.871738523258143232e+02
1.071256777440835473e+00	6.832765845479002564e+02
1.077544048801078125e+00	6.784181342646660369e+02
1.083824820188043603e+00	6.715631133436068012e+02
1.090108023942816695e+00	6.661624346312122498e+02
1.096389665956643222e+00	6.595148033658738314e+02
1.102681132058841440e+00	6.572481626899829052e+02
1.108963047594879958e+00	6.505663014326810298e+02
1.115225428463759272e+00	6.460460658107273275e+02
1.121502127614767863e+00	6.406391441125775827e+02
1.127792573824792033e+00	6.375657972643397216e+02
1.134089552668382961e+00	6.322023304859093287e+02
1.140364049650405942e+00	6.262759231119891865e+02
1.146639180320979445e+00	6.226275655021770490e+02
1.152942412991649901e+00	6.173135334904964111e+02
1.159228906751078814e+00	6.104102833521328648e+02
1.165508721887268173e+00	6.050538815397659391e+02
1.171793076256210320e+00	6.034441387741509288e+02
1.178087436369658958e+00	5.965635130203379504e+02
1.184367654251526902e+00	5.899529787951091748e+02
1.190634642299266632e+00	5.871385001052657344e+02
1.196912208834400859e+00	5.834827703597414938e+02
1.203201577354146234e+00	5.770475381305583369e+02
1.209486844441705733e+00	5.734252922034224866e+02
1.215763902074809888e+00	5.704099621665619679e+02
1.222049755171146668e+00	5.667059386679239879e+02
1.228340616621486969e+00	5.635581568771626735e+02
1.234632986576932767e+00	5.587991946646602628e+02
1.240902247176856488e+00	5.552099252977848209e+02
1.247174839144687519e+00	5.526757877030046302e+02
1.253465459933442272e+00	5.461357254510322718e+02
1.259749951892178421e+00	5.432539383060274076e+02
1.266032143127253873e+00	5.397587946576286413e+02
1.272316288472006507e+00	5.336715439166765691e+02
1.278604155058621350e+00	5.310224840618122926e+02
1.284886588933593865e+00	5.276310574596265042e+02
1.291175420066583257e+00	5.232072717358463478e+02
1.297465726373772332e+00	5.189732626483531703e+02
1.303741827011944299e+00	5.159303896247629382e+02
1.310017322922761851e+00	5.123148618456739314e+02
1.316301447662886703e+00	5.105234163157634271e+02
1.322586760363303249e+00	5.062861571462282768e+02
1.328865492452874664e+00	5.015012716845005798e+02
1.335144804954555564e+00	4.992859418551764747e+02
1.341440516272275119e+00	4.955017731429616106e+02
1.347730868417094552e+00	4.905066021928670921e+02
1.354001589994877630e+00	4.874376408623423913e+02
1.360282609297778444e+00	4.836774725373375077e+02
1.366565686457597906e+00	4.799844428135062913e+02
1.372851498482432708e+00	4.772783459894805560e+02
1.379135372929401804e+00	4.731181231565924463e+02
1.385409567149057164e+00	4.718823560351300443e+02
1.391698641219299315e+00	4.665782084806946841e+02
1.397984451439470810e+00	4.643481931796155777e+02
1.404267883409181961e+00	4.612299759312488163e+02
1.410554779484869181e+00	4.581385638227157528e+02
1.416837833547465397e+00	4.541765433431219208e+02
1.423118177187137068e+00	4.519426733810965970e+02
1.429397801164240089e+00	4.506316034074948220e+02
1.435686921822787232e+00	4.446198394687240238e+02
1.441977121769299597e+00	4.417966027234331818e+02
1.448253667853332427e+00	4.377799866212268967e+02
1.454532348972172651e+00	4.353133812418616344e+02
1.460819319151879903e+00	4.328626892061491844e+02
1.467110364402026468e+00	4.305800397390830199e+02
1.473392908948962132e+00	4.284361458076086819e+02
1.479669965243598950e+00	4.246798286715876429e+02
1.485956144602843532e+00	4.219317317589412255e+02
1.492233610763115115e+00	4.196338631823192600e+02
1.498502470379980078e+00	4.163752290423297495e+02
1.504785752051182701e+00	4.141045375060972447e+02
1.511075991894575976e+00	4.108456560667669351e+02
1.517361634985162189e+00	4.087506434724686528e+02
1.523648570969130533e+00	4.078460723206314356e+02
1.529938035715892264e+00	4.041177641660900690e+02
1.536230176913891965e+00	4.005650872363833628e+02
1.542510718779388279e+00	3.974738528493274998e+02
1.548783963082980275e+00	3.959841145652837326e+02
1.555073069779651318e+00	3.930898229424909118e+02
1.561357324927233892e+00	3.913912139275432196e+02
1.567629121053141006e+00	3.883353472643300393e+02
1.573913697404382583e+00	3.867914855105853462e+02
1.580203545230874029e+00	3.839575938859537700e+02
1.586485393434537983e+00	3.810573589757688069e+02
1.592760014263005841e+00	3.784730469998509648e+02
1.599046436394670812e+00	3.757984675403304209e+02
1.605342136637478934e+00	3.736357591473937987e+02
1.611619860919608627e+00	3.719908984836960144e+02
1.617897597081673799e+00	3.692793306627127663e+02
1.624183235481122756e+00	3.662135897594388325e+02
1.630464598531913722e+00	3.639019858203356534e+02
1.636748985747638274e+00	3.615814011058353117e+02
1.643030923698886259e+00	3.589353528651797660e+02
1.649309176648513064e+00	3.568413393273489760e+02
1.655593633940351861e+00	3.566501429163327543e+02
1.661879571405086464e+00	3.541179314743868076e+02
1.668169361685170271e+00	3.507652445126279304e+02
1.674450151530487485e+00	3.484059805069792333e+02
1.680722718978495900e+00	3.466260383148551227e+02
1.687013891340952476e+00	3.454544430864559104e+02
1.693308984907921033e+00	3.431167905832061820e+02
1.699582147428448486e+00	3.407836612479283644e+02
1.705863747055134105e+00	3.382322976879153202e+02
1.712154434283889470e+00	3.350183263825888957e+02
1.718438381579399321e+00	3.335478577180580828e+02
1.724721264464063930e+00	3.329884349717817713e+02
1.730997441276920679e+00	3.301492837232964348e+02
1.737287073528269499e+00	3.284130060052633553e+02
1.743567991878527401e+00	3.252453852351129626e+02
1.749840680212231048e+00	3.239264920322785315e+02
1.756128549091961144e+00	3.219811812039251322e+02
1.762413535324792502e+00	3.204465753030075916e+02
1.768696187669963837e+00	3.181947599082806732e+02
1.774979359379055266e+00	3.161977906333546571e+02
1.781265555576432957e+00	3.146815854465235134e+02
1.787549427830244619e+00	3.137239456164405169e+02
1.793834120011633004e+00	3.118003459568382141e+02
1.800115051552487300e+00	3.094178545718938267e+02
1.806393904854530330e+00	3.079863040812216468e+02
1.812674089667083432e+00	3.059431946410271621e+02
1.818956920109354058e+00	3.041042850612474808e+02
1.825244164118212220e+00	3.026056602362695571e+02
1.831527256642196955e+00	3.009738070687430991e+02
1.837811294935716599e+00	2.994088610119891314e+02
1.844100717411196744e+00	2.973408481562256611e+02
1.850384816792487230e+00	2.966419659672056923e+02
1.856666059735203822e+00	2.938136564673787916e+02
1.862947728675613979e+00	2.923272005953642747e+02
1.869229324466858078e+00	2.910347564971533529e+02
1.875517616802973686e+00	2.896635996811492078e+02
1.881800769033795229e+00	2.873472373582455930e+02
1.888078863416442710e+00	2.863653945615860152e+02
1.894353975182237582e+00	2.843501447722689477e+02
1.900642716154182565e+00	2.819101443034548993e+02
1.906933494748685121e+00	2.815405892037957756e+02
1.913207568676573933e+00	2.793438068314905536e+02
1.919490884732178992e+00	2.779281902003140203e+02
1.925776855684274480e+00	2.762431417495192818e+02
1.932064452961978152e+00	2.749956482197619039e+02
1.938342610030488800e+00	2.731893912796144264e+02
1.944618341543410178e+00	2.722291314878557955e+02
1.950906260203513876e+00	2.699598211253097020e+02
1.957194556613796488e+00	2.688729271411626200e+02
1.963479614559011432e+00	2.678885174142003507e+02
1.969760361532916226e+00	2.668310933671185126e+02
1.976048367034604736e+00	2.648984980882605100e+02
1.982337990217652335e+00	2.634278155360256619e+02
1.988617489259562721e+00	2.620362553111923489e+02
1.994896320665194178e+00	2.609963418131206367e+02
2.001179596222827151e+00	2.590061929070290034e+02
2.007459756923499761e+00	2.579770106224286792e+02
2.013737397779169935e+00	2.560407233402769975e+02
2.020017234677497164e+00	2.548201929134997954e+02
2.026310251015072783e+00	2.532971079236503158e+02
2.032600542948020284e+00	2.513110238111607373e+02
2.038873863192099289e+00	2.511209060999186988e+02
2.045154087821675404e+00	2.492527701751896245e+02
2.051444704514288730e+00	2.481569578399509624e+02
2.057730430280644729e+00	2.468327033347105726e+02
2.064013940455224461e+00	2.455645832253383389e+02
2.070299891179459895e+00	2.440975417300752781e+02
2.076589719964883951e+00	2.433129245071655191e+02
2.082865483794470673e+00	2.421874579538325349e+02
2.089134494859368640e+00	2.410823532600203123e+02
2.095424211360070288e+00	2.392547926652897274e+02
2.101707116664804254e+00	2.385311854631443396e+02
2.107986473933564309e+00	2.370106088879578579e+02
2.114271806543862375e+00	2.355749649993661023e+02
2.120552717288892275e+00	2.341595603756430819e+02
2.126836933207161717e+00	2.326034253757591728e+02
2.133122044791171845e+00	2.324256753089458698e+02
2.139411711910842673e+00	2.307146202145214602e+02
2.145697076775292089e+00	2.300654113119195756e+02
2.151973548606471276e+00	2.288292930071175704e+02
2.158259913555724108e+00	2.273745246227593384e+02
2.164545396699105506e+00	2.264725029895150783e+02
2.170830700377734068e+00	2.249264176618943623e+02
2.177114138849150393e+00	2.235686443836937087e+02
2.183387647576827018e+00	2.235512344825895070e+02
2.189670273687676971e+00	2.217952830041348022e+02
2.195960147934207463e+00	2.203008743588845846e+02
2.202242556317716371e+00	2.198791768917488980e+02
2.208521655981037668e+00	2.187437246146633072e+02
2.214804637081333016e+00	2.179387593815932576e+02
2.221092583349425276e+00	2.166148494740628223e+02
2.227372893591468728e+00	2.155651420795196316e+02
2.233657161144248171e+00	2.148000722547511998e+02
2.239943485394438660e+00	2.135517234794159833e+02
2.246224175264620815e+00	2.126123741604401687e+02
2.252506378421252009e+00	2.115761416244098712e+02
2.258783417054270437e+00	2.102173980017209942e+02
2.265069077371457684e+00	2.098426693006065875e+02
2.271350377044131452e+00	2.089653243579491289e+02
2.277633995145353918e+00	2.075581572580313150e+02
2.283922419579920149e+00	2.065680780228998117e+02
2.290202874392252674e+00	2.052991311393419949e+02
2.296490779970905560e+00	2.048436150149473747e+02
2.302771769934229162e+00	2.038378998687801413e+02
2.309051364164305564e+00	2.029333156480344940e+02
2.315338502539088239e+00	2.019545015508986125e+02
2.321627336503874428e+00	2.009948916315037764e+02
2.327911878297218795e+00	2.000981881012318127e+02
2.334186238580297168e+00	1.987957327651195669e+02
2.340467971862688401e+00	1.981332941216610664e+02
2.346756940970738725e+00	1.973789538173780045e+02
2.353044444556199988e+00	1.961090182129743482e+02
2.359327653314069906e+00	1.956877646963834820e+02
2.365603048789861607e+00	1.949154725199681479e+02
2.371885911737665165e+00	1.939822770246331629e+02
2.378173303594019572e+00	1.932056940458210192e+02
2.384454016539381271e+00	1.925537197011638852e+02
2.390736447344785187e+00	1.912927144981992740e+02
2.397014133897952259e+00	1.904272638167916512e+02
2.403295490074321972e+00	1.897994540671431878e+02
2.409585049672506862e+00	1.889584084516183395e+02
2.415871703165322071e+00	1.881020396945614266e+02
2.422160652369088840e+00	1.875269582018362939e+02
2.428440167222748691e+00	1.868832096730402554e+02
2.434717472383889803e+00	1.851908817865670471e+02
2.441002456202044257e+00	1.849418319547580722e+02
2.447289980304530488e+00	1.840769885137798383e+02
2.453571844729242279e+00	1.836009220950128054e+02
2.459852705114058846e+00	1.823463450769499445e+02
2.466139233225018934e+00	1.818815248319333477e+02
2.472421963421291391e+00	1.809806420847574486e+02
2.478698519174224568e+00	1.803014932630595411e+02
2.484980841400355800e+00	1.796212687839380635e+02
2.491269319409339822e+00	1.789642583635926485e+02
2.497548505139029373e+00	1.781229961796121302e+02
2.503831667172610853e+00	1.775034945837389273e+02
2.510117938323931153e+00	1.767215914415807276e+02
2.516400733681277480e+00	1.763915661786813871e+02
2.522688226833368130e+00	1.750997487485741999e+02
2.528971695852665569e+00	1.745087443744148175e+02
2.535252039407670299e+00	1.737595668349491689e+02
2.541537514142774512e+00	1.735896666019851580e+02
2.547823008847572179e+00	1.727234646460804299e+02
2.554100666580690238e+00	1.718982738894796682e+02
2.560376788884177301e+00	1.712216634954508834e+02
2.566667521601497359e+00	1.707041000383281641e+02
2.572955062237090473e+00	1.697500037370076029e+02
2.579233771797999175e+00	1.691767536250811190e+02
2.585520164300948220e+00	1.685590789976613451e+02
2.591805130332431872e+00	1.683486566023861712e+02
2.598084074692260881e+00	1.674810200492807439e+02
2.604360404197643586e+00	1.669024345481233809e+02
2.610647185140439142e+00	1.662762777611995375e+02
2.616931864059273138e+00	1.657657157928665299e+02
2.623206107911065565e+00	1.646702010343386462e+02
2.629491626543270844e+00	1.643668494325410734e+02
2.635778507982642349e+00	1.638924483465791297e+02
2.642061039325260818e+00	1.633399994169465685e+02
2.648343840729305843e+00	1.627330012076918422e+02
2.654631838974855551e+00	1.621092625638724769e+02
2.660919001246303761e+00	1.613286612584637396e+02
2.667198525130066056e+00	1.609010167883597262e+02
2.673484307038032526e+00	1.604115599181399432e+02
2.679773388053849459e+00	1.596818939352833979e+02
2.686058217632288692e+00	1.594396865685191074e+02
2.692338738200057868e+00	1.585347647637930208e+02
2.698618022887226964e+00	1.582796685508521648e+02
2.704895450708277860e+00	1.576832263627133273e+02
2.711175674923682166e+00	1.574625767151092077e+02
2.717459832966957922e+00	1.564478605721059239e+02
2.723745731959044569e+00	1.561706503362816534e+02
2.730038414850594730e+00	1.556548953434098337e+02
2.736317989800789441e+00	1.554759067474967367e+02
2.742591858549239703e+00	1.546620620607610022e+02
2.748879749010778362e+00	1.540555487355856883e+02
2.755163403825859447e+00	1.539580368708906235e+02
2.761446955625852073e+00	1.535235078404118667e+02
2.767732088935374701e+00	1.527574821308221829e+02
2.774015452421743966e+00	1.525703131442644747e+02
2.780298635700591436e+00	1.518268656813298776e+02
2.786577474762241380e+00	1.515665967707768971e+02
2.792857983210164541e+00	1.510978570786226953e+02
2.799143790920211483e+00	1.506375045797237817e+02
2.805430058399325244e+00	1.502303507901401645e+02
2.811715058209780072e+00	1.496601066060115670e+02
2.817989272498773623e+00	1.492191516292915878e+02
2.824269171595737760e+00	1.490216377075395258e+02
2.830563016441804081e+00	1.488297662423866825e+02
2.836848750951622034e+00	1.483382129603519672e+02
2.843130027866129783e+00	1.479006165867396589e+02
2.849413896912404986e+00	1.472756550380658211e+02
2.855697464522425566e+00	1.472150315299056160e+02
2.861978799810683594e+00	1.467909729763174482e+02
2.868262469415629567e+00	1.465710722573234648e+02
2.874547359206753860e+00	1.459277615213327977e+02
2.880831111471525041e+00	1.456955691411033911e+02
2.887113216972382546e+00	1.453894899874100588e+02
2.893394504725182781e+00	1.448634973004607787e+02
2.899673662137033592e+00	1.446908052267160656e+02
2.905953958587380814e+00	1.445579659977626648e+02
2.912241118105161064e+00	1.439554006822935435e+02
2.918525996366671205e+00	1.437608029313668396e+02
2.924809035425688819e+00	1.432716638341559019e+02
2.931095916293684933e+00	1.431234560924600316e+02
2.937378182606774413e+00	1.429573135433365962e+02
2.943659980254369923e+00	1.424233149011805608e+02
2.949946454403890250e+00	1.422350861709833794e+02
2.956227653702202307e+00	1.416909268886678603e+02
2.962510478867462993e+00	1.415840667490094518e+02
2.968796535179442309e+00	1.414397406877075412e+02
2.975077657376874907e+00	1.412272664386823635e+02
2.981359866759223376e+00	1.409482638115648285e+02
2.987646761575656562e+00	1.408969812609065002e+02
2.993929038370399365e+00	1.405825774118090408e+02
3.000206214840962726e+00	1.401751053994789515e+02
3.006486172402415669e+00	1.402237878717803596e+02
3.012769812211594456e+00	1.401644103529118865e+02
3.019053144326170113e+00	1.397690585679352751e+02
3.025337405144251424e+00	1.393895866500244551e+02
3.031623734799107961e+00	1.393886246725143394e+02
3.037908962055872575e+00	1.391069825315007904e+02
3.044195067146031608e+00	1.391612798071245436e+02
3.050475543482170426e+00	1.388770657458113362e+02
3.056754954538277502e+00	1.386576228788067056e+02
3.063040539557494668e+00	1.386391781193215991e+02
3.069323699454357346e+00	1.383475527384306361e+02
3.075610692642898769e+00	1.384668423405903184e+02
3.081893798009918584e+00	1.382384064108528321e+02
3.088174549548037717e+00	1.379926898005668647e+02
3.094458635632868493e+00	1.378919656717081068e+02
3.100743982931558840e+00	1.378490019706359249e+02
3.107028111748448396e+00	1.380307484105599372e+02
3.113309299655494300e+00	1.378488957206256771e+02
3.119590662867241626e+00	1.376895041947528568e+02
3.125874006820172912e+00	1.379366814256206624e+02
3.132159251154602586e+00	1.376904396003192517e+02
3.138439172765940643e+00	1.375653736325654961e+02
3.144723867719826593e+00	1.374590357889779000e+02
3.151003951258561031e+00	1.375782520412577128e+02
3.157283664131563139e+00	1.376618553251547894e+02
3.163569317183839935e+00	1.378240852430661789e+02
3.169851661717792091e+00	1.376821918558074174e+02
3.176137704316093657e+00	1.377211127294987989e+02
3.182420924828643916e+00	1.379410140415894261e+02
3.188702811875577581e+00	1.376933604516642617e+02
3.194990520008989865e+00	1.377104890669691315e+02
3.201275324656983834e+00	1.378566011140366925e+02
3.207551352179861759e+00	1.380923074240765800e+02
3.213835216737041645e+00	1.381289241860089589e+02
3.220122579819103770e+00	1.378202106342004924e+02
3.226406606618656525e+00	1.375584290162570937e+02
3.232687390085645429e+00	1.371096459136176122e+02
3.238969121280456331e+00	1.368549573433989508e+02
3.245254751548589667e+00	1.362038390522870941e+02
3.251534499036136783e+00	1.359659171133151574e+02
3.257817780791052442e+00	1.357517771048039208e+02
3.264102164154097263e+00	1.351581506967139035e+02
3.270384152138468892e+00	1.349788298952420291e+02
3.276669427476867735e+00	1.344776730127514952e+02
3.282954688864507808e+00	1.340780193718500186e+02
3.289237200334947264e+00	1.336909937234674715e+02
3.295519587088236779e+00	1.335026510736479111e+02
3.301805977329951958e+00	1.331759226033641426e+02
3.308087486222440088e+00	1.328945361198736350e+02
3.314367630234227313e+00	1.323799004244650632e+02
3.320651909732194262e+00	1.323324467716668380e+02
3.326931260376857047e+00	1.318594512596015136e+02
3.333216512447217728e+00	1.315904909158087719e+02
3.339504489419978128e+00	1.312695345968207619e+02
3.345786804809928405e+00	1.310487655422198259e+02
3.352071130016277767e+00	1.305752956492051453e+02
3.358351496304225581e+00	1.304577486856213966e+02
3.364630591073392019e+00	1.298190773405849541e+02
3.370916305215045483e+00	1.294293062825511242e+02
3.377197952029413752e+00	1.294268086835554357e+02
3.383483063818085501e+00	1.291921970726550342e+02
3.389769992424469969e+00	1.287651118389088367e+02
3.396051330885982100e+00	1.285265704109050375e+02
3.402330879139463971e+00	1.280357856058690800e+02
3.408610488352048495e+00	1.279985822388838841e+02
3.414897837696641236e+00	1.275013281781186407e+02
3.421180484052105619e+00	1.273562966933658203e+02
3.427461639653846870e+00	1.270241619824229247e+02
3.433749159643459059e+00	1.269535720087618671e+02
3.440032646656798310e+00	1.265366163878754122e+02
3.446313366033385339e+00	1.265764941893021813e+02
3.452600135384134905e+00	1.256138093897094308e+02
3.458883152815406703e+00	1.257316302643648669e+02
3.465163834403715448e+00	1.252463927145177109e+02
3.471449329786229221e+00	1.252899562652519165e+02
3.477734476754053894e+00	1.248892484690560138e+02
3.484019652467224226e+00	1.246420125240500170e+02
3.490297019369712928e+00	1.244990145970428728e+02
3.496582486484379970e+00	1.242871915479818625e+02
3.502868048046865024e+00	1.237393344444772936e+02
3.509144649545451244e+00	1.236226781765190594e+02
3.515428082003116295e+00	1.236375004761854370e+02
3.521711031624695565e+00	1.233441140317835192e+02
3.527991850954735664e+00	1.228979901050900168e+02
3.534275545726699885e+00	1.227734819951516982e+02
3.540562632020772149e+00	1.225201530366210818e+02
3.546844410757220789e+00	1.224658098226091312e+02
3.553131386753758836e+00	1.220607533158850089e+02
3.559419203211965144e+00	1.219316755592527102e+02
3.565697971577579839e+00	1.217271503227336922e+02
3.571979559134798254e+00	1.215471027215228901e+02
3.578265774595833726e+00	1.213581595134491522e+02
3.584548309769353125e+00	1.210817375249429233e+02
3.590826843920031486e+00	1.207670074861432994e+02
3.597107306745233934e+00	1.205542440961740454e+02
3.603392831792229245e+00	1.204336294502214457e+02
3.609673209822572559e+00	1.203070561272552794e+02
3.615955412133016189e+00	1.201306844817856927e+02
3.622241607772384686e+00	1.200080212431917346e+02
3.628520252736676444e+00	1.198475963459548836e+02
3.634804827569451113e+00	1.195285141748206286e+02
3.641094981788862928e+00	1.194300489125459137e+02
3.647383514928639325e+00	1.191826810174773783e+02
3.653663283927725658e+00	1.189833572200526959e+02
3.659943504072155296e+00	1.187101124906683083e+02
3.666232000281138603e+00	1.186265352393787680e+02
3.672514211678317597e+00	1.184383737548155722e+02
3.678794154686042539e+00	1.183633101208737770e+02
3.685078621861909820e+00	1.182108002680158876e+02
3.691359210097977961e+00	1.181352155250282578e+02
3.697642368173791105e+00	1.178566987488943170e+02
3.703925796735277665e+00	1.176852122522198414e+02
3.710208240364660348e+00	1.175581572710725737e+02
3.716494593122387169e+00	1.174577096371757108e+02
3.722775386659595398e+00	1.172859877989228892e+02
3.729058392883481510e+00	1.171163764128739899e+02
3.735339748210807720e+00	1.168389471992893078e+02
3.741620776392969638e+00	1.168337638395933595e+02
3.747904795418762980e+00	1.168056369498932554e+02
3.754190633281219380e+00	1.166617753010746554e+02
3.760478208018912749e+00	1.163409342180350023e+02
3.766755538573464346e+00	1.164442757846740903e+02
3.773032090135151506e+00	1.159177086120230200e+02
3.779322553012896879e+00	1.159304740405392948e+02
3.785609109731308930e+00	1.158931347299822647e+02
3.791889825936295200e+00	1.159038791294095745e+02
3.798174822702435893e+00	1.156524054038025611e+02
3.804458658753491651e+00	1.156043848153219216e+02
3.810738438095723435e+00	1.155376131647514910e+02
3.817018850285747167e+00	1.154857088458209375e+02
3.823305314209427763e+00	1.153493254870313223e+02
3.829591295197792178e+00	1.150399954389893935e+02
3.835872296070849341e+00	1.152874741712491584e+02
3.842156279590906109e+00	1.150679627395411018e+02
3.848441511099312429e+00	1.151739550301473400e+02
3.854723334376886079e+00	1.150043969335292644e+02
3.861004740704794713e+00	1.149107998584620134e+02
3.867284336650660848e+00	1.147639441658202344e+02
3.873567367678779849e+00	1.146507035772550296e+02
3.879850662830422792e+00	1.145431979040026249e+02
3.886137063198143338e+00	1.146323854984940738e+02
3.892419463049126005e+00	1.144964542371998419e+02
3.898703740328622658e+00	1.145322598776312333e+02
3.904991458788179326e+00	1.143334247180507077e+02
3.911270842222104083e+00	1.143032854741927622e+02
3.917549806479573071e+00	1.142038343084568766e+02
3.923836006203090587e+00	1.143650641748950676e+02
3.930121452497870926e+00	1.145845961204194481e+02
3.936398172858230460e+00	1.143234400454306439e+02
3.942683040425962293e+00	1.142388191446566168e+02
3.948974759704379611e+00	1.142176155964086632e+02
3.955259227995065352e+00	1.140606726757171003e+02
3.961537174921395454e+00	1.142222284724471990e+02
3.967820217617139544e+00	1.141518939899236642e+02
3.974105559832568968e+00	1.141652434083950425e+02
3.980384727931198352e+00	1.141143410344825355e+02
3.986664590839849698e+00	1.143521468454322161e+02
3.992949619150675034e+00	1.141087465444007165e+02
3.999235075769965952e+00	1.142290023325670774e+02
4.005515715515433506e+00	1.142020782104078762e+02
4.011798434346478537e+00	1.144254797141033606e+02
4.018083716245132386e+00	1.142231987847315082e+02
4.024365700052603856e+00	1.143510137021209800e+02
4.030643960839860540e+00	1.144215846683192268e+02
4.036928708926215137e+00	1.142425515495626342e+02
4.043218157412017177e+00	1.146049237296797969e+02
4.049503019487663558e+00	1.144386987628894161e+02
4.055781898960511000e+00	1.147860732270952440e+02
4.062060795621602161e+00	1.145913413800780063e+02
4.068347865354716042e+00	1.146501317504519903e+02
4.074631027173265529e+00	1.149118959243961484e+02
4.080910837526078971e+00	1.147853472963554538e+02
4.087201203341442657e+00	1.149004194896298969e+02
4.093486818591942189e+00	1.150278159948339294e+02
4.099764387336505500e+00	1.149438454867088524e+02
4.106049166937662420e+00	1.151101577929979669e+02
4.112334559041358695e+00	1.152371685340825138e+02
4.118618926059533614e+00	1.155524400414731048e+02
4.124898942031112625e+00	1.154654506689927160e+02
4.131175432561665417e+00	1.154122944785374187e+02
4.137461563786142271e+00	1.154581009128386455e+02
4.143746006210170307e+00	1.158136524259987823e+02
4.150029800482964326e+00	1.158701838694912425e+02
4.156313390684649001e+00	1.158564829877867766e+02
4.162596105843763716e+00	1.162033192284151255e+02
4.168881843141768684e+00	1.163192342218267754e+02
4.175162111073220217e+00	1.164659477453801486e+02
4.181448573417560155e+00	1.165609014655329077e+02
4.187738782464171194e+00	1.166507619570867149e+02
4.194017437180169061e+00	1.167291915915484708e+02
4.200293572701767175e+00	1.168374382192730536e+02
4.206580195481546269e+00	1.170262994305960973e+02
4.212860644652220543e+00	1.172044449004168598e+02
4.219138153430114002e+00	1.172485358195593506e+02
4.225426162098283811e+00	1.177482570915221345e+02
4.231713506719782636e+00	1.178591301873823056e+02
4.237990056577191744e+00	1.182108165059748188e+02
4.244267783646744618e+00	1.181971696052233654e+02
4.250560660182562955e+00	1.183051645603976851e+02
4.256847734842668096e+00	1.186211265430188462e+02
4.263127100734456221e+00	1.188386392147162383e+02
4.269406860432507500e+00	1.187359859437205927e+02
4.275691671482192646e+00	1.191650433747910256e+02
4.281972414189518794e+00	1.194018964128237599e+02
4.288253516806755705e+00	1.194668513362430531e+02
4.294540520160492925e+00	1.198623605054987280e+02
4.300825742921731809e+00	1.198623723320651493e+02
4.307109835491901961e+00	1.200042010756908724e+02
4.313390926478413157e+00	1.202600565141496389e+02
4.319667979480563247e+00	1.203594995083675059e+02
4.325952598143786076e+00	1.204786805396777538e+02
4.332241647035422361e+00	1.206503078170923118e+02
4.338524445619096781e+00	1.209483292520590112e+02
4.344809348131129845e+00	1.213141682706294091e+02
4.351090699193166600e+00	1.214155466790852103e+02
4.357369710808320029e+00	1.219117400985212782e+02
4.363659348967174445e+00	1.218003135139937996e+02
4.369947418280990981e+00	1.218874255644772830e+02
4.376226569265827315e+00	1.225202936766650481e+02
4.382499356631129217e+00	1.222787646041997363e+02
4.388784975178015024e+00	1.229008228042132487e+02
4.395068696309480494e+00	1.228807010853440431e+02
4.401347962382031298e+00	1.232309813751637648e+02
4.407628405096517099e+00	1.234032582930326782e+02
4.413915862185140426e+00	1.233381079597083527e+02
4.420203163534264235e+00	1.237229796972790581e+02
4.426480311003382795e+00	1.236644976696392462e+02
4.432765973643649104e+00	1.242525358616292266e+02
4.439053392023870614e+00	1.238295657909868766e+02
4.445336141335588742e+00	1.244278986482532474e+02
4.451617241414883352e+00	1.243635895593316718e+02
4.457901500730311106e+00	1.244687730511958108e+02
4.464189501093017043e+00	1.247838523740936409e+02
4.470470197548729985e+00	1.244554514598285238e+02
4.476748044268524573e+00	1.248478732894361372e+02
4.483035990164653484e+00	1.245916351532782897e+02
4.489323331650528104e+00	1.250672010437418464e+02
4.495599111667934800e+00	1.244746060841557806e+02
4.501870922878794090e+00	1.246641311835870169e+02
4.508155162877705457e+00	1.249442740116941053e+02
4.514446451153479423e+00	1.244192785139958772e+02
4.520723894043856994e+00	1.247529275633950476e+02
4.527003782460155890e+00	1.243754549970037431e+02
4.533293086610313161e+00	1.241818146615580218e+02
4.539578989864040182e+00	1.239477115849387019e+02
4.545857164866476730e+00	1.235408233470636787e+02
4.552138955546025656e+00	1.229780245374068386e+02
4.558432046889146605e+00	1.232516007570614818e+02
4.564713463378488711e+00	1.229749330262049654e+02
4.570987274133244682e+00	1.226924897047406944e+02
4.577274818151045643e+00	1.227247758151414274e+02
4.583563263889338657e+00	1.224880473770658398e+02
4.589844917004465508e+00	1.223906368143160677e+02
4.596126259982004747e+00	1.223663970765997675e+02
4.602409075598298926e+00	1.219847443781868890e+02
4.608696634867644804e+00	1.221422022588568979e+02
4.614977646498861219e+00	1.221600762454836939e+02
4.621258953029527383e+00	1.221932529626858468e+02
4.627547993978874175e+00	1.224114482334456540e+02
4.633830152730579854e+00	1.222951083409760429e+02
4.640104005367354567e+00	1.223430943449026245e+02
4.646382060386754276e+00	1.223476538535934992e+02
4.652674213731970987e+00	1.225054516911605020e+02
4.658958291796220230e+00	1.222160741865547635e+02
4.665233615070169648e+00	1.224099998396051774e+02
4.671520675710307380e+00	1.222703927511848008e+02
4.677814351732177300e+00	1.225822812941331108e+02
4.684093699744638073e+00	1.225756072516533806e+02
4.690368661472568590e+00	1.230143455507625276e+02
4.696663270746453733e+00	1.227208021620733547e+02
4.702945459248681459e+00	1.229825582654932106e+02
4.709209170841929470e+00	1.226840808043805851e+02
4.715491634753063543e+00	1.232691852681914924e+02
4.721784316284933780e+00	1.232873915473912803e+02
4.728063062331094635e+00	1.236078420984274118e+02
4.734337423381671073e+00	1.242291107627899009e+02
4.740627024094544062e+00	1.239359274348610569e+02
4.746914995664547554e+00	1.238433756955827079e+02
4.753194740071086777e+00	1.242670747548332457e+02
4.759478891864783456e+00	1.242844297460670902e+02
4.765762396877359031e+00	1.244602323098309995e+02
4.772049481246195768e+00	1.243766670847368374e+02
4.778335091022592351e+00	1.249854328766087264e+02
4.784610831402393849e+00	1.248705179415662769e+02
4.790907306208476157e+00	1.255425047350487375e+02
4.797204047706418173e+00	1.254942695593264261e+02
4.803470827697504220e+00	1.259028149473246714e+02
4.809748850577324042e+00	1.263123344716533296e+02
4.816045316586602176e+00	1.265049871441501921e+02
4.822329240673497885e+00	1.268011748694802634e+02
4.828596758226470165e+00	1.263539797739863815e+02
4.834890332961369275e+00	1.272379993918484615e+02
4.841191655056394261e+00	1.269064875525068885e+02
4.847460407468000554e+00	1.281649363314937773e+02
4.853732128521334843e+00	1.284467320033512863e+02
4.860029138783373170e+00	1.285439858609132386e+02
4.866314601732018019e+00	1.288588775929464134e+02
4.872587026269203925e+00	1.296667227085985132e+02
4.878874221748241702e+00	1.295014773358969364e+02
4.885171078138658807e+00	1.305583498687508097e+02
4.891450629931857641e+00	1.301249117970072007e+02
4.897716482750221978e+00	1.310410931064670592e+02
4.904002834596266069e+00	1.311343666230926317e+02
4.910295858205786068e+00	1.309148536135678000e+02
4.916575188115905881e+00	1.320696899030010343e+02
4.922847946197084212e+00	1.325135344195855396e+02
4.929131667457151700e+00	1.324434445435919372e+02
4.935434460144239033e+00	1.334547629615967139e+02
4.941718513303545279e+00	1.341702110125734180e+02
4.947978624761803168e+00	1.339726083720957774e+02
4.954274999209829389e+00	1.352820415657903084e+02
4.960571094729937514e+00	1.351124154278345202e+02
4.966823207626954506e+00	1.355779140851931288e+02
4.973097418390337587e+00	1.363050445144968990e+02
4.979415129936382023e+00	1.362407852523790552e+02
4.985702082330368157e+00	1.370250265912503096e+02
4.991949985828016523e+00	1.381479652037669155e+02
4.998241586316924057e+00	1.387409808132163676e+02
5.004556635606089543e+00	1.381023277472098982e+02
5.010828655701208945e+00	1.386289685078056948e+02
5.017077229702536556e+00	1.401393369814151129e+02
5.023374414758113637e+00	1.396799522218225036e+02
5.029688873569548413e+00	1.404360510567265976e+02
5.035958413584124216e+00	1.421250991594598361e+02
5.042232667658486989e+00	1.425669447080438204e+02
5.048528755870775875e+00	1.442519343821566338e+02
5.054821121427484520e+00	1.445814990989967157e+02
5.061069509814582368e+00	1.448960857841562415e+02
5.067347812754101177e+00	1.461137268994742726e+02
5.073675050630431116e+00	1.465745572008078454e+02
5.079945928388977627e+00	1.464470556233450793e+02
5.086192992546071601e+00	1.478897022156797050e+02
5.092484128970163226e+00	1.486067625261865714e+02
5.098802924706086870e+00	1.491260590274219737e+02
5.105078217426394005e+00	1.496505709017939694e+02
5.111325076574067872e+00	1.509756731668180976e+02
5.117628358851224135e+00	1.524207578582780798e+02
5.123935939383525984e+00	1.533286737592408429e+02
5.130199176325612065e+00	1.533773682658547557e+02
5.136469985878846956e+00	1.554973903545798350e+02
5.142797788696348071e+00	1.557312002118584928e+02
5.149090378043822192e+00	1.575958423538485818e+02
5.155289879840074363e+00	1.575729178833575759e+02
5.161564521234301317e+00	1.580615598428472026e+02
5.167916673496016244e+00	1.589633161689868359e+02
5.174205974602950064e+00	1.600288067538209020e+02
5.180434820793812456e+00	1.602674506624893525e+02
5.186729096569634656e+00	1.624274724179073814e+02
5.193058481037780894e+00	1.640374790272886116e+02
5.199319511444338460e+00	1.648782618111459612e+02
5.205574295584361799e+00	1.660354042707921849e+02
5.211894977074066126e+00	1.672150527650995571e+02
5.218201708336958511e+00	1.691427005648309887e+02
5.224411911780083351e+00	1.704330371183893647e+02
5.230677632666463239e+00	1.716478442063203715e+02
5.237056729559757429e+00	1.738766944757947215e+02
5.243336785035660697e+00	1.750225322715529046e+02
5.249493476178225038e+00	1.751392088874223134e+02
5.255787017738318134e+00	1.765983716287136644e+02
5.262205327426889845e+00	1.776060296928509956e+02
5.268477758348532269e+00	1.793671542410895938e+02
5.274632213654732560e+00	1.819949489725865419e+02
5.280950543314659740e+00	1.824086131753708742e+02
5.287327645024750389e+00	1.842496179529508424e+02
5.293582359180156516e+00	1.832975671369526367e+02
5.299789992649893478e+00	1.838752298003583405e+02
5.306111460381987222e+00	1.842786554984823510e+02
5.312452717892129250e+00	1.901325431912927115e+02
5.318650122853046724e+00	1.883008781946548709e+02
5.324923043129819789e+00	1.917026095355680582e+02
5.331330237158205421e+00	1.926793444382529685e+02
5.337586726886338617e+00	1.944333241533625198e+02
5.343685192440848830e+00	1.984147958443753055e+02
5.350070659715249199e+00	1.974377015204573524e+02
5.356556762554878226e+00	2.021184040626029912e+02
5.362691868684501095e+00	2.012018958732562908e+02
5.368769208912516966e+00	2.073176210703535958e+02
5.375270137997677722e+00	2.072378634294214805e+02
5.381769983045385786e+00	2.134914098510534188e+02
5.387701030372958222e+00	2.118876997792624763e+02
5.393786668001271600e+00	2.112327504808649508e+02
5.400446161099396569e+00	2.148645849474329168e+02
5.406957063684501463e+00	2.157824282885290472e+02
5.412655672453426270e+00	2.257453906960602694e+02
5.418821279260546575e+00	2.221572053494266186e+02
5.425690594366304076e+00	2.243128223867009012e+02
5.432217487502165376e+00	2.269941184499866154e+02
5.437649811577258241e+00	2.248087635036472705e+02
5.443914404015878006e+00	2.301549014089356433e+02
5.450953501686320202e+00	2.276098600780999277e+02
5.457483690405861232e+00	2.383387891752670669e+02
5.462715250135157241e+00	2.430088281185457504e+02
5.469033575551323523e+00	2.383504112048043169e+02
5.476177730420278778e+00	2.479393860381450452e+02
5.482708935702562236e+00	2.503349454339469844e+02
5.487722405008360838e+00	2.363239952453648982e+02
5.494194284996126498e+00	2.473363794525529045e+02
5.501391471009256406e+00	2.690538465442532470e+02
5.507128202673079009e+00	2.614023976399457183e+02
5.512278020050448646e+00	2.622760004113991954e+02
5.519395563377015534e+00	2.550212427977402569e+02
5.526598678609708770e+00	2.696272345462755879e+02
5.532162682462509196e+00	2.452350819209426902e+02
5.537397124017139127e+00	2.646881999827508594e+02
5.544582756485218589e+00	2.812544217475822279e+02
5.551739327507637434e+00	2.969343906763389214e+02
5.557493306674907707e+00	3.353710270946003220e+02
5.562281709102816940e+00	2.351065035548371327e+02
5.569272720323164449e+00	7.387796609680499671e+01
