8.899641224696953554e-03	3.008410095547120363e+03
1.507912216506557788e-02	8.684248479240930465e+03
2.144790186456836667e-02	7.549417824310528886e+03
2.783660776489276650e-02	8.486791266365140473e+03
3.435099785803411021e-02	8.406157167731771551e+03
4.047886761425745911e-02	7.291750531753741598e+03
4.676716683575679601e-02	7.214172087610768358e+03
5.308225101765951665e-02	6.711594711230593930e+03
5.945362440940590160e-02	6.681832902258008289e+03
6.576224814588792211e-02	6.177934764747838926e+03
7.196632906698736953e-02	5.859525592764299290e+03
7.827860915688347743e-02	5.875968765804362192e+03
8.470398945834539672e-02	5.354986277011027596e+03
9.096854620527369817e-02	5.121474134347985455e+03
9.720789776830213169e-02	4.864717391517901888e+03
1.034763038959366499e-01	4.468251465101863687e+03
1.097576444254559219e-01	4.258669269362165323e+03
1.160543084780093354e-01	3.960798882686071465e+03
1.223669666537485351e-01	3.698178058256174154e+03
1.286817263090294094e-01	3.558229916954999226e+03
1.349500801664080818e-01	3.372988504797153382e+03
1.411949558842147678e-01	3.211745899703597388e+03
1.475133575747468451e-01	3.181539773067702299e+03
1.537865074252268427e-01	3.023891630653490665e+03
1.600657544051110326e-01	2.795836575149120563e+03
1.663991168687080635e-01	2.755423504130437777e+03
1.727195645776442856e-01	2.618271184656198329e+03
1.789765213377084718e-01	2.431621230846635626e+03
1.852353690647852158e-01	2.401334506250555478e+03
1.914806787341157279e-01	2.303482106756728172e+03
1.977889868651535599e-01	2.186855363375615525e+03
2.040937735447724277e-01	2.112902034084333536e+03
2.103939302609846018e-01	2.069094312966913094e+03
2.166909709822301688e-01	2.025736821971111340e+03
2.229700281216152047e-01	1.951131013030923896e+03
2.292620027086341994e-01	1.916879077020990735e+03
2.355141508366812297e-01	1.840851715384931367e+03
2.417910583817859116e-01	1.727842182819554409e+03
2.480856539439619257e-01	1.689427046929898552e+03
2.543492256872954549e-01	1.653293675292885382e+03
2.606334251884805386e-01	1.635743868352378740e+03
2.669257370896960802e-01	1.594979732886747797e+03
2.732423343141155980e-01	1.551133707968613408e+03
2.795529680084415936e-01	1.528343124076355025e+03
2.858366292314493129e-01	1.439795387644823677e+03
2.920876271394311496e-01	1.435399136083599160e+03
2.983449844439822751e-01	1.406443499254758990e+03
3.046382639407197446e-01	1.370353217379116813e+03
3.109279127003197196e-01	1.343859852754716485e+03
3.172168171618398036e-01	1.319633444190211094e+03
3.235187567944423082e-01	1.279258687140917118e+03
3.298168217550395687e-01	1.254813500240562917e+03
3.361176429457156667e-01	1.213376215574897742e+03
3.423700375709273769e-01	1.207263646421585690e+03
3.486478192666269682e-01	1.185388047766407226e+03
3.549411614411318028e-01	1.155723707539520774e+03
3.611916935421040642e-01	1.137517596503083041e+03
3.674767089563572564e-01	1.118119679126185929e+03
3.737647795277591056e-01	1.102803857580911426e+03
3.800654031475132477e-01	1.079964758078672276e+03
3.863539861259823738e-01	1.064069355516495534e+03
3.926140181364449755e-01	1.046382287420434977e+03
3.989264500321934581e-01	1.034928762370959703e+03
4.052073244576828714e-01	1.020295966428089628e+03
4.114916477570477182e-01	1.003037263119085992e+03
4.177814272116491257e-01	9.836253343078111584e+02
4.240400648725131116e-01	9.756811941094609892e+02
4.303425690270192283e-01	9.565662050938074117e+02
4.366358560255625965e-01	9.443970870822865891e+02
4.428996183220763605e-01	9.352388062484442344e+02
4.491634418529859563e-01	9.194181726044803327e+02
4.554414146254732731e-01	9.052708508805964129e+02
4.617634470301058558e-01	8.923723768390702844e+02
4.680644242023710433e-01	8.804562429043585325e+02
4.743485242764365895e-01	8.819737060541438041e+02
4.806356136815400082e-01	8.546791658882929141e+02
4.869019258388697646e-01	8.581842435628641397e+02
4.931697099599955947e-01	8.352742363921506694e+02
4.994506747144535908e-01	8.286309851817168237e+02
5.057159051335421429e-01	8.234963292133762707e+02
5.119923996268095356e-01	8.079507801092596537e+02
5.183126097768406826e-01	8.060882827318722548e+02
5.246089638029100000e-01	7.919387517484415184e+02
5.308757308483337267e-01	7.841289933511671961e+02
5.371573527946726934e-01	7.732908027106539066e+02
5.434579563783791256e-01	7.749134027899528974e+02
5.497430652392217842e-01	7.610019343306945530e+02
5.559937427501778773e-01	7.492795196335657693e+02
5.622854676609657654e-01	7.406977879101068538e+02
5.686011537227265711e-01	7.413144895553390370e+02
5.748804589422079614e-01	7.348151740074266627e+02
5.811550210340560296e-01	7.236976192808209589e+02
5.874394496660968468e-01	7.173210012300527296e+02
5.937176220296899176e-01	7.118750254009997889e+02
5.999971954793682505e-01	7.090834889465742208e+02
6.062679115124277596e-01	7.023639523324237643e+02
6.125469576444534381e-01	6.916564909694113794e+02
6.188477733041515272e-01	6.846598036109636496e+02
6.251310567437898813e-01	6.823050276569190373e+02
6.314027450383210560e-01	6.771534477681126418e+02
6.377003562732055375e-01	6.695005902513105411e+02
6.439857783314556494e-01	6.642999492216799808e+02
6.502685417166111925e-01	6.564007815668210242e+02
6.565586117699038216e-01	6.514892441235465412e+02
6.628369282359254377e-01	6.447256955065049624e+02
6.691185444962194362e-01	6.411180939519657613e+02
6.754070198575605755e-01	6.357071705011125005e+02
6.816835514593204692e-01	6.295390208611851222e+02
6.879592533861698112e-01	6.263399012997299451e+02
6.942344317039531587e-01	6.156314392575578722e+02
7.005175402434737908e-01	6.137862884833034514e+02
7.068124956608716758e-01	6.135102694295075025e+02
7.131019009674921527e-01	6.073731414061497844e+02
7.193918251171427247e-01	6.027590294450438932e+02
7.256833807598113140e-01	5.974590587646089261e+02
7.319652682709349989e-01	5.914144634812392951e+02
7.382507990484923344e-01	5.859250550335343632e+02
7.445265842115937893e-01	5.827781394579930065e+02
7.507871101942712455e-01	5.780240107926806559e+02
7.570758465316046459e-01	5.782668079362786102e+02
7.633641233600957365e-01	5.733668997498012914e+02
7.696462959862266917e-01	5.670464784876282920e+02
7.759394865175414102e-01	5.617723717122379412e+02
7.822329141989586843e-01	5.606975308660114479e+02
7.885314936520240181e-01	5.545715769674386593e+02
7.947896566979522071e-01	5.497515730749024669e+02
8.010491096592354809e-01	5.504036601643500717e+02
8.073364061727361651e-01	5.427970041752111001e+02
8.136229488373866170e-01	5.393421047787441012e+02
8.199152998961036776e-01	5.356524814061680217e+02
8.261952636392789762e-01	5.367350440356801755e+02
8.324897070080405914e-01	5.302214977685609938e+02
8.387959309210778480e-01	5.234426776783197965e+02
8.450634639703045181e-01	5.246030095398706408e+02
8.513282867562648182e-01	5.210675802303882165e+02
8.576198263902009566e-01	5.161482770591064764e+02
8.639058477062415697e-01	5.137222951109232554e+02
8.701838745487597837e-01	5.102516462333133518e+02
8.764641096075268534e-01	5.061043237747774697e+02
8.827503873399735745e-01	5.043646679674712345e+02
8.890332768393869323e-01	4.984318435732467378e+02
8.953084247113127780e-01	4.968529799097860860e+02
9.015956521667095602e-01	4.947249415276559716e+02
9.078833328094829680e-01	4.920986210235960243e+02
9.141744106319863450e-01	4.891752107044343916e+02
9.204630817717615043e-01	4.852293818019697369e+02
9.267434415264711456e-01	4.840350786632666313e+02
9.330324197354928906e-01	4.792431579324058930e+02
9.393265785573878812e-01	4.764039839174121198e+02
9.455974810398196650e-01	4.747467919986092966e+02
9.518660018545171964e-01	4.697046004921071471e+02
9.581413255531838757e-01	4.692469948390215109e+02
9.644350945109106954e-01	4.665419131958391858e+02
9.707355633568249820e-01	4.629063329304880199e+02
9.770080768450029041e-01	4.613050317428367180e+02
9.832823325363413414e-01	4.598087482422712924e+02
9.895569691966674686e-01	4.549442492823409339e+02
9.958456301921106979e-01	4.499873065337013713e+02
1.002136210743837408e+00	4.507821841286832409e+02
1.008404825335135424e+00	4.476446810049607166e+02
1.014694149836243398e+00	4.459131608734318775e+02
1.020992555437297167e+00	4.405133091183165561e+02
1.027273980437394485e+00	4.400612058782145937e+02
1.033559181896017254e+00	4.374364178744103242e+02
1.039847557392594934e+00	4.346032795171971088e+02
1.046126974943305088e+00	4.339189939561557594e+02
1.052403436811028659e+00	4.307398176869851341e+02
1.058680704651608684e+00	4.278486414794301709e+02
1.064964333065789193e+00	4.256497049612419801e+02
1.071256777440835473e+00	4.232514951107030470e+02
1.077544048801078125e+00	4.218788854400160631e+02
1.083824820188043603e+00	4.181108233188762142e+02
1.090108023942816695e+00	4.162823369184887952e+02
1.096389665956643222e+00	4.134320863659393694e+02
1.102681132058841440e+00	4.121047417510767445e+02
1.108963047594879958e+00	4.100059341390856389e+02
1.115225428463759272e+00	4.065853774608769413e+02
1.121502127614767863e+00	4.056381297832498376e+02
1.127792573824792033e+00	4.035831107083396319e+02
1.134089552668382961e+00	4.011245562507231739e+02
1.140364049650405942e+00	3.992556492101077197e+02
1.146639180320979445e+00	3.958914762091761759e+02
1.152942412991649901e+00	3.941213663160906435e+02
1.159228906751078814e+00	3.924234547619587374e+02
1.165508721887268173e+00	3.899743392867551393e+02
1.171793076256210320e+00	3.877573307148406911e+02
1.178087436369658958e+00	3.859041008838768789e+02
1.184367654251526902e+00	3.841385238101009350e+02
1.190634642299266632e+00	3.821724023226628333e+02
1.196912208834400859e+00	3.797039206131292417e+02
1.203201577354146234e+00	3.774787677236286640e+02
1.209486844441705733e+00	3.763453723815380272e+02
1.215763902074809888e+00	3.735250052558109815e+02
1.222049755171146668e+00	3.722609344154886344e+02
1.228340616621486969e+00	3.692322715215323683e+02
1.234632986576932767e+00	3.685369035695932212e+02
1.240902247176856488e+00	3.670120963565863121e+02
1.247174839144687519e+00	3.650161889086045903e+02
1.253465459933442272e+00	3.629564424994358092e+02
1.259749951892178421e+00	3.611292397996317618e+02
1.266032143127253873e+00	3.593941060349856684e+02
1.272316288472006507e+00	3.559751887161267518e+02
1.278604155058621350e+00	3.565210603214977141e+02
1.284886588933593865e+00	3.540909122113520198e+02
1.291175420066583257e+00	3.520668277889278670e+02
1.297465726373772332e+00	3.495098536799704334e+02
1.303741827011944299e+00	3.486356487583488502e+02
1.310017322922761851e+00	3.473007276618087076e+02
1.316301447662886703e+00	3.454114096779301804e+02
1.322586760363303249e+00	3.427343757816191783e+02
1.328865492452874664e+00	3.424181176918460778e+02
1.335144804954555564e+00	3.400547394395526908e+02
1.341440516272275119e+00	3.363655948592497111e+02
1.347730868417094552e+00	3.363127615915598767e+02
1.354001589994877630e+00	3.344566840965832171e+02
1.360282609297778444e+00	3.330308428894776966e+02
1.366565686457597906e+00	3.319949390937509293e+02
1.372851498482432708e+00	3.298285982174889455e+02
1.379135372929401804e+00	3.282934893372419083e+02
1.385409567149057164e+00	3.276028699040643914e+02
1.391698641219299315e+00	3.250678687252677719e+02
1.397984451439470810e+00	3.241562251692113250e+02
1.404267883409181961e+00	3.220314908892318044e+02
1.410554779484869181e+00	3.205733597548153853e+02
1.416837833547465397e+00	3.191350104585068266e+02
1.423118177187137068e+00	3.168004916366475641e+02
1.429397801164240089e+00	3.158571146522646131e+02
1.435686921822787232e+00	3.134887925996405329e+02
1.441977121769299597e+00	3.136646740607699826e+02
1.448253667853332427e+00	3.118015741066071769e+02
1.454532348972172651e+00	3.099212781551344165e+02
1.460819319151879903e+00	3.083092551792373683e+02
1.467110364402026468e+00	3.069552058861235082e+02
1.473392908948962132e+00	3.058325364477582298e+02
1.479669965243598950e+00	3.033283037733970673e+02
1.485956144602843532e+00	3.024851556561635562e+02
1.492233610763115115e+00	3.008468080701657072e+02
1.498502470379980078e+00	3.001966551343933247e+02
1.504785752051182701e+00	2.979440117816030806e+02
1.511075991894575976e+00	2.966205925850779863e+02
1.517361634985162189e+00	2.943376117561983278e+02
1.523648570969130533e+00	2.945781956123877308e+02
1.529938035715892264e+00	2.921928033312651110e+02
1.536230176913891965e+00	2.908992098051380140e+02
1.542510718779388279e+00	2.893113513834236414e+02
1.548783963082980275e+00	2.888807851872323340e+02
1.555073069779651318e+00	2.867831099678487021e+02
1.561357324927233892e+00	2.856521447622220649e+02
1.567629121053141006e+00	2.848844272057456806e+02
1.573913697404382583e+00	2.825511534712320554e+02
1.580203545230874029e+00	2.826774846477776464e+02
1.586485393434537983e+00	2.798291612120596028e+02
1.592760014263005841e+00	2.791069273111160669e+02
1.599046436394670812e+00	2.774106026393052389e+02
1.605342136637478934e+00	2.775004132483318813e+02
1.611619860919608627e+00	2.757530169475547837e+02
1.617897597081673799e+00	2.742781218129376839e+02
1.624183235481122756e+00	2.727681161770146332e+02
1.630464598531913722e+00	2.721217146409032921e+02
1.636748985747638274e+00	2.699925323101726349e+02
1.643030923698886259e+00	2.686851798150278796e+02
1.649309176648513064e+00	2.674518985573060377e+02
1.655593633940351861e+00	2.667656393439656881e+02
1.661879571405086464e+00	2.660083479223987979e+02
1.668169361685170271e+00	2.639036967645833442e+02
1.674450151530487485e+00	2.623127659456166612e+02
1.680722718978495900e+00	2.621446025864158855e+02
1.687013891340952476e+00	2.602497675211933483e+02
1.693308984907921033e+00	2.598446378846990683e+02
1.699582147428448486e+00	2.577376325481558297e+02
1.705863747055134105e+00	2.577528892571052097e+02
1.712154434283889470e+00	2.561615662800326163e+02
1.718438381579399321e+00	2.549961036539884560e+02
1.724721264464063930e+00	2.537680110216517733e+02
1.730997441276920679e+00	2.528850477986236456e+02
1.737287073528269499e+00	2.519992842028960354e+02
1.743567991878527401e+00	2.511584346970065553e+02
1.749840680212231048e+00	2.493068007679183609e+02
1.756128549091961144e+00	2.481240334388905353e+02
1.762413535324792502e+00	2.461378594915049689e+02
1.768696187669963837e+00	2.465945693049426097e+02
1.774979359379055266e+00	2.455756129475645650e+02
1.781265555576432957e+00	2.441364207922891012e+02
1.787549427830244619e+00	2.430158484893835578e+02
1.793834120011633004e+00	2.422647858163753654e+02
1.800115051552487300e+00	2.406490097083614614e+02
1.806393904854530330e+00	2.395186876562593739e+02
1.812674089667083432e+00	2.387710510994244260e+02
1.818956920109354058e+00	2.374192577077699582e+02
1.825244164118212220e+00	2.362140308909199007e+02
1.831527256642196955e+00	2.355869193979457918e+02
1.837811294935716599e+00	2.343679282124425072e+02
1.844100717411196744e+00	2.335599209998164838e+02
1.850384816792487230e+00	2.320443918221388913e+02
1.856666059735203822e+00	2.317568551433344908e+02
1.862947728675613979e+00	2.303604170201821830e+02
1.869229324466858078e+00	2.295256836271910288e+02
1.875517616802973686e+00	2.284022781902845338e+02
1.881800769033795229e+00	2.272773762141762290e+02
1.888078863416442710e+00	2.264727517103258663e+02
1.894353975182237582e+00	2.263294171073614791e+02
1.900642716154182565e+00	2.252722091508523761e+02
1.906933494748685121e+00	2.244473988615282565e+02
1.913207568676573933e+00	2.225594351644214441e+02
1.919490884732178992e+00	2.220369715006037836e+02
1.925776855684274480e+00	2.209854600664824034e+02
1.932064452961978152e+00	2.201281103959827874e+02
1.938342610030488800e+00	2.185867018356266271e+02
1.944618341543410178e+00	2.185379962804210550e+02
1.950906260203513876e+00	2.176577345745289733e+02
1.957194556613796488e+00	2.160611444115980646e+02
1.963479614559011432e+00	2.159536813581344177e+02
1.969760361532916226e+00	2.142776214198777041e+02
1.976048367034604736e+00	2.136413714698244348e+02
1.982337990217652335e+00	2.129740765019211608e+02
1.988617489259562721e+00	2.118165251705003129e+02
1.994896320665194178e+00	2.107899848268545213e+02
2.001179596222827151e+00	2.103654827482149585e+02
2.007459756923499761e+00	2.095204517896519292e+02
2.013737397779169935e+00	2.088167726999444085e+02
2.020017234677497164e+00	2.077897951465585606e+02
2.026310251015072783e+00	2.070172775676470280e+02
2.032600542948020284e+00	2.059343989712518805e+02
2.038873863192099289e+00	2.055744731147581774e+02
2.045154087821675404e+00	2.040583119984845553e+02
2.051444704514288730e+00	2.038131866979802282e+02
2.057730430280644729e+00	2.030793139096546156e+02
2.064013940455224461e+00	2.020818958253142057e+02
2.070299891179459895e+00	2.011636085635932716e+02
2.076589719964883951e+00	2.002465409803360785e+02
2.082865483794470673e+00	1.991141376416712774e+02
2.089134494859368640e+00	1.987477637203288907e+02
2.095424211360070288e+00	1.982313681486741359e+02
2.101707116664804254e+00	1.968406897817720846e+02
2.107986473933564309e+00	1.967824474761604847e+02
2.114271806543862375e+00	1.960213089928346903e+02
2.120552717288892275e+00	1.954728980510215024e+02
2.126836933207161717e+00	1.940042691106224879e+02
2.133122044791171845e+00	1.933933353841548808e+02
2.139411711910842673e+00	1.927481334757123363e+02
2.145697076775292089e+00	1.915259242972063589e+02
2.151973548606471276e+00	1.912139846858376018e+02
2.158259913555724108e+00	1.904800960058308306e+02
2.164545396699105506e+00	1.897251910336512424e+02
2.170830700377734068e+00	1.889721849623282424e+02
2.177114138849150393e+00	1.881121921264190462e+02
2.183387647576827018e+00	1.874760925763354464e+02
2.189670273687676971e+00	1.866585766985229213e+02
2.195960147934207463e+00	1.857639746323946497e+02
2.202242556317716371e+00	1.854170600065900487e+02
2.208521655981037668e+00	1.848339445446883644e+02
2.214804637081333016e+00	1.842817859858183454e+02
2.221092583349425276e+00	1.834152986720616525e+02
2.227372893591468728e+00	1.828101413210082455e+02
2.233657161144248171e+00	1.817137845560785649e+02
2.239943485394438660e+00	1.817398032791314222e+02
2.246224175264620815e+00	1.807790720802217663e+02
2.252506378421252009e+00	1.797434816186681985e+02
2.258783417054270437e+00	1.791614412110713772e+02
2.265069077371457684e+00	1.783842568569231730e+02
2.271350377044131452e+00	1.779801047096826778e+02
2.277633995145353918e+00	1.772583043064706487e+02
2.283922419579920149e+00	1.768999448666044145e+02
2.290202874392252674e+00	1.759194941918216557e+02
2.296490779970905560e+00	1.751103645349230646e+02
2.302771769934229162e+00	1.748562584657447871e+02
2.309051364164305564e+00	1.740197467836676140e+02
2.315338502539088239e+00	1.735596050383360307e+02
2.321627336503874428e+00	1.726040698350931279e+02
2.327911878297218795e+00	1.724174853557463507e+02
2.334186238580297168e+00	1.713234126096563728e+02
2.340467971862688401e+00	1.710134752128532796e+02
2.346756940970738725e+00	1.707873170924908948e+02
2.353044444556199988e+00	1.695051934174410064e+02
2.359327653314069906e+00	1.691995410042345895e+02
2.365603048789861607e+00	1.685746824643656794e+02
2.371885911737665165e+00	1.681320950894036912e+02
2.378173303594019572e+00	1.674268475374829279e+02
2.384454016539381271e+00	1.670395891547927647e+02
2.390736447344785187e+00	1.661411899622239332e+02
2.397014133897952259e+00	1.658004689560389693e+02
2.403295490074321972e+00	1.647475512369372268e+02
2.409585049672506862e+00	1.649838143856090085e+02
2.415871703165322071e+00	1.639018900596871333e+02
2.422160652369088840e+00	1.635796775756698196e+02
2.428440167222748691e+00	1.628914086325916912e+02
2.434717472383889803e+00	1.624849955391175911e+02
2.441002456202044257e+00	1.619198017756615116e+02
2.447289980304530488e+00	1.610142167527596087e+02
2.453571844729242279e+00	1.606813938775043766e+02
2.459852705114058846e+00	1.605388039805667404e+02
2.466139233225018934e+00	1.600026083195753017e+02
2.472421963421291391e+00	1.593669416385280897e+02
2.478698519174224568e+00	1.587885177705425690e+02
2.484980841400355800e+00	1.584297168752741243e+02
2.491269319409339822e+00	1.578623604809588414e+02
2.497548505139029373e+00	1.573223102208910404e+02
2.503831667172610853e+00	1.568898194256315435e+02
2.510117938323931153e+00	1.563856515402638934e+02
2.516400733681277480e+00	1.559770010440633143e+02
2.522688226833368130e+00	1.557388104529225927e+02
2.528971695852665569e+00	1.550376021320944346e+02
2.535252039407670299e+00	1.544447734332927382e+02
2.541537514142774512e+00	1.538685128037062100e+02
2.547823008847572179e+00	1.533662875630704150e+02
2.554100666580690238e+00	1.529849612235038876e+02
2.560376788884177301e+00	1.525251013789795138e+02
2.566667521601497359e+00	1.524630726980762176e+02
2.572955062237090473e+00	1.517642092022567226e+02
2.579233771797999175e+00	1.512524368663636949e+02
2.585520164300948220e+00	1.508526319173870149e+02
2.591805130332431872e+00	1.506105605139173349e+02
2.598084074692260881e+00	1.500673758341192752e+02
2.604360404197643586e+00	1.496339379748251588e+02
2.610647185140439142e+00	1.490420767479975268e+02
2.616931864059273138e+00	1.488184889138362053e+02
2.623206107911065565e+00	1.484151761200466240e+02
2.629491626543270844e+00	1.479886259021426440e+02
2.635778507982642349e+00	1.475401982615086354e+02
2.642061039325260818e+00	1.470999994881503881e+02
2.648343840729305843e+00	1.466547181505100923e+02
2.654631838974855551e+00	1.465165200177821134e+02
2.660919001246303761e+00	1.458987253755096276e+02
2.667198525130066056e+00	1.455297950695397446e+02
2.673484307038032526e+00	1.453157923227701360e+02
2.679773388053849459e+00	1.447326682623225906e+02
2.686058217632288692e+00	1.446629065415779962e+02
2.692338738200057868e+00	1.442637724447791072e+02
2.698618022887226964e+00	1.435708408648666534e+02
2.704895450708277860e+00	1.435710179745363178e+02
2.711175674923682166e+00	1.432281386324135894e+02
2.717459832966957922e+00	1.428581245046224808e+02
2.723745731959044569e+00	1.423767796737829485e+02
2.730038414850594730e+00	1.421201890161785570e+02
2.736317989800789441e+00	1.417019417861913269e+02
2.742591858549239703e+00	1.415377633075761139e+02
2.748879749010778362e+00	1.410113114090418094e+02
2.755163403825859447e+00	1.406079790160626146e+02
2.761446955625852073e+00	1.404545872968022309e+02
2.767732088935374701e+00	1.402865353787052243e+02
2.774015452421743966e+00	1.396330562828707684e+02
2.780298635700591436e+00	1.394516898694727445e+02
2.786577474762241380e+00	1.393437501585252960e+02
2.792857983210164541e+00	1.389743070449665652e+02
2.799143790920211483e+00	1.385963564104666830e+02
2.805430058399325244e+00	1.385897551353123447e+02
2.811715058209780072e+00	1.381552290726285150e+02
2.817989272498773623e+00	1.379450710003610254e+02
2.824269171595737760e+00	1.374122171171012496e+02
2.830563016441804081e+00	1.373672602367400941e+02
2.836848750951622034e+00	1.370534357636897766e+02
2.843130027866129783e+00	1.368690909610915014e+02
2.849413896912404986e+00	1.365705346849354100e+02
2.855697464522425566e+00	1.361603716962588067e+02
2.861978799810683594e+00	1.359951910316888473e+02
2.868262469415629567e+00	1.359741231152602552e+02
2.874547359206753860e+00	1.356835443533524881e+02
2.880831111471525041e+00	1.352748975605024100e+02
2.887113216972382546e+00	1.353361124535582007e+02
2.893394504725182781e+00	1.352457229485926860e+02
2.899673662137033592e+00	1.348965655038282989e+02
2.905953958587380814e+00	1.347849138058787162e+02
2.912241118105161064e+00	1.344047310339508954e+02
2.918525996366671205e+00	1.343862186284499955e+02
2.924809035425688819e+00	1.341435094516929496e+02
2.931095916293684933e+00	1.339149240234444562e+02
2.937378182606774413e+00	1.338590622523680906e+02
2.943659980254369923e+00	1.338230167364645808e+02
2.949946454403890250e+00	1.333961671554931741e+02
2.956227653702202307e+00	1.332056205590735090e+02
2.962510478867462993e+00	1.333257760350918204e+02
2.968796535179442309e+00	1.331795525646589624e+02
2.975077657376874907e+00	1.327767121857111761e+02
2.981359866759223376e+00	1.328559629525640275e+02
2.987646761575656562e+00	1.327154853697475687e+02
2.993929038370399365e+00	1.325346667603813557e+02
3.000206214840962726e+00	1.325371167951987275e+02
3.006486172402415669e+00	1.323172691188554495e+02
3.012769812211594456e+00	1.322836199111875430e+02
3.019053144326170113e+00	1.321933520293286222e+02
3.025337405144251424e+00	1.320997131602713921e+02
3.031623734799107961e+00	1.321151666430903902e+02
3.037908962055872575e+00	1.317543749151297447e+02
3.044195067146031608e+00	1.318950072015357762e+02
3.050475543482170426e+00	1.318783486362322606e+02
3.056754954538277502e+00	1.317293250517209628e+02
3.063040539557494668e+00	1.318492345299967496e+02
3.069323699454357346e+00	1.318037019812135213e+02
3.075610692642898769e+00	1.318096046168192856e+02
3.081893798009918584e+00	1.316108731035621702e+02
3.088174549548037717e+00	1.317077443316600807e+02
3.094458635632868493e+00	1.316149060968673439e+02
3.100743982931558840e+00	1.315824847087966702e+02
3.107028111748448396e+00	1.316684688514393429e+02
3.113309299655494300e+00	1.318664244873197617e+02
3.119590662867241626e+00	1.317302001679015291e+02
3.125874006820172912e+00	1.316256448901438887e+02
3.132159251154602586e+00	1.316358243977516906e+02
3.138439172765940643e+00	1.317716754291587620e+02
3.144723867719826593e+00	1.318230616468214009e+02
3.151003951258561031e+00	1.318476834681936793e+02
3.157283664131563139e+00	1.320700442303559043e+02
3.163569317183839935e+00	1.321968428323673947e+02
3.169851661717792091e+00	1.322455040327109828e+02
3.176137704316093657e+00	1.323412408712596857e+02
3.182420924828643916e+00	1.324454268573382762e+02
3.188702811875577581e+00	1.325561211439270721e+02
3.194990520008989865e+00	1.327327796538595237e+02
3.201275324656983834e+00	1.326084844758681243e+02
3.207551352179861759e+00	1.328235554335794006e+02
3.213835216737041645e+00	1.331457116867256616e+02
3.220122579819103770e+00	1.330673994997197553e+02
3.226406606618656525e+00	1.327338312248634509e+02
3.232687390085645429e+00	1.324882326245742945e+02
3.238969121280456331e+00	1.322817727704036770e+02
3.245254751548589667e+00	1.319740707746591966e+02
3.251534499036136783e+00	1.315871899563447016e+02
3.257817780791052442e+00	1.313595504247324186e+02
3.264102164154097263e+00	1.310941728018069625e+02
3.270384152138468892e+00	1.308362774010228122e+02
3.276669427476867735e+00	1.305166735877158430e+02
3.282954688864507808e+00	1.302416097953667133e+02
3.289237200334947264e+00	1.300817752550808564e+02
3.295519587088236779e+00	1.298739405873959072e+02
3.301805977329951958e+00	1.295066368108761026e+02
3.308087486222440088e+00	1.292317371711410487e+02
3.314367630234227313e+00	1.289043705769011865e+02
3.320651909732194262e+00	1.287668119311292685e+02
3.326931260376857047e+00	1.286063720533599053e+02
3.333216512447217728e+00	1.282200422584235184e+02
3.339504489419978128e+00	1.280596441119719771e+02
3.345786804809928405e+00	1.278121852128681866e+02
3.352071130016277767e+00	1.276604958287673099e+02
3.358351496304225581e+00	1.274005537003386763e+02
3.364630591073392019e+00	1.272252742763037503e+02
3.370916305215045483e+00	1.270287251850470795e+02
3.377197952029413752e+00	1.267337555422590469e+02
3.383483063818085501e+00	1.263855911538518910e+02
3.389769992424469969e+00	1.264101364223867705e+02
3.396051330885982100e+00	1.261828230422665058e+02
3.402330879139463971e+00	1.259358658901843597e+02
3.408610488352048495e+00	1.256607550642649329e+02
3.414897837696641236e+00	1.254532257540592184e+02
3.421180484052105619e+00	1.252789852914415007e+02
3.427461639653846870e+00	1.250401951512531440e+02
3.433749159643459059e+00	1.248991880119705371e+02
3.440032646656798310e+00	1.246954886944905923e+02
3.446313366033385339e+00	1.245012283940282600e+02
3.452600135384134905e+00	1.244472289493758979e+02
3.458883152815406703e+00	1.240437606079284905e+02
3.465163834403715448e+00	1.239137864182206954e+02
3.471449329786229221e+00	1.236517866865297464e+02
3.477734476754053894e+00	1.236961661589280368e+02
3.484019652467224226e+00	1.233064395495595136e+02
3.490297019369712928e+00	1.230726322365397465e+02
3.496582486484379970e+00	1.231302024055615760e+02
3.502868048046865024e+00	1.227525770794357953e+02
3.509144649545451244e+00	1.227088561946012106e+02
3.515428082003116295e+00	1.225287955440137324e+02
3.521711031624695565e+00	1.223939045950926072e+02
3.527991850954735664e+00	1.222280041572555263e+02
3.534275545726699885e+00	1.220363715738955221e+02
3.540562632020772149e+00	1.217159864101820119e+02
3.546844410757220789e+00	1.214510687337384240e+02
3.553131386753758836e+00	1.216837724868152293e+02
3.559419203211965144e+00	1.211910593760640324e+02
3.565697971577579839e+00	1.215134881593454850e+02
3.571979559134798254e+00	1.209576961621756794e+02
3.578265774595833726e+00	1.210576113568689749e+02
3.584548309769353125e+00	1.208469176217275418e+02
3.590826843920031486e+00	1.202919555634984050e+02
3.597107306745233934e+00	1.205156113743994268e+02
3.603392831792229245e+00	1.201589294082227042e+02
3.609673209822572559e+00	1.201147721151677956e+02
3.615955412133016189e+00	1.199894511448849101e+02
3.622241607772384686e+00	1.200458281168567396e+02
3.628520252736676444e+00	1.197934514351829307e+02
3.634804827569451113e+00	1.197294735893822519e+02
3.641094981788862928e+00	1.195922991089167908e+02
3.647383514928639325e+00	1.193548906372837166e+02
3.653663283927725658e+00	1.193384578150185433e+02
3.659943504072155296e+00	1.191400205113040585e+02
3.666232000281138603e+00	1.190790872113251453e+02
3.672514211678317597e+00	1.189852201057430250e+02
3.678794154686042539e+00	1.190718515420876713e+02
3.685078621861909820e+00	1.187631389773117263e+02
3.691359210097977961e+00	1.188209379374877557e+02
3.697642368173791105e+00	1.184864416278392412e+02
3.703925796735277665e+00	1.185128549393286477e+02
3.710208240364660348e+00	1.184499856865976000e+02
3.716494593122387169e+00	1.181532611821025256e+02
3.722775386659595398e+00	1.182524666850092530e+02
3.729058392883481510e+00	1.181890062899778258e+02
3.735339748210807720e+00	1.181982204418995082e+02
3.741620776392969638e+00	1.178414568260698871e+02
3.747904795418762980e+00	1.179047753059642645e+02
3.754190633281219380e+00	1.177031191498660263e+02
3.760478208018912749e+00	1.178523399698757856e+02
3.766755538573464346e+00	1.179296555282030425e+02
3.773032090135151506e+00	1.175787240113869245e+02
3.779322553012896879e+00	1.174604010542031318e+02
3.785609109731308930e+00	1.176038759336871067e+02
3.791889825936295200e+00	1.172569117131449019e+02
3.798174822702435893e+00	1.173463093922424889e+02
3.804458658753491651e+00	1.173302283154039998e+02
3.810738438095723435e+00	1.174691488582225531e+02
3.817018850285747167e+00	1.172846159538294444e+02
3.823305314209427763e+00	1.172712646336266573e+02
3.829591295197792178e+00	1.172817504057214677e+02
3.835872296070849341e+00	1.170834688776096897e+02
3.842156279590906109e+00	1.170611644122991777e+02
3.848441511099312429e+00	1.172840019031115872e+02
3.854723334376886079e+00	1.169631309708737632e+02
3.861004740704794713e+00	1.171188033127359915e+02
3.867284336650660848e+00	1.172115089305551408e+02
3.873567367678779849e+00	1.172052790323236309e+02
3.879850662830422792e+00	1.170910103971053218e+02
3.886137063198143338e+00	1.170174341126829489e+02
3.892419463049126005e+00	1.168818528074085208e+02
3.898703740328622658e+00	1.173160839512080429e+02
3.904991458788179326e+00	1.171334229301729550e+02
3.911270842222104083e+00	1.170432056144898354e+02
3.917549806479573071e+00	1.171972066783709039e+02
3.923836006203090587e+00	1.173029733298869672e+02
3.930121452497870926e+00	1.173687995482478215e+02
3.936398172858230460e+00	1.171922211562499001e+02
3.942683040425962293e+00	1.173816957871545981e+02
3.948974759704379611e+00	1.172542389714883058e+02
3.955259227995065352e+00	1.173188388910974851e+02
3.961537174921395454e+00	1.174203354282454086e+02
3.967820217617139544e+00	1.173913025760984823e+02
3.974105559832568968e+00	1.175584767512029885e+02
3.980384727931198352e+00	1.176694651382540542e+02
3.986664590839849698e+00	1.175290369360923250e+02
3.992949619150675034e+00	1.178970296255347421e+02
3.999235075769965952e+00	1.177126427236974990e+02
4.005515715515433506e+00	1.180046112474423410e+02
4.011798434346478537e+00	1.179090149117694608e+02
4.018083716245132386e+00	1.180275119772000636e+02
4.024365700052603856e+00	1.179360274628557050e+02
4.030643960839860540e+00	1.177845207589513734e+02
4.036928708926215137e+00	1.182099891180479858e+02
4.043218157412017177e+00	1.180231664639482574e+02
4.049503019487663558e+00	1.184917432375324040e+02
4.055781898960511000e+00	1.186095324155763535e+02
4.062060795621602161e+00	1.187395422042179405e+02
4.068347865354716042e+00	1.187900753746573059e+02
4.074631027173265529e+00	1.190035089396067463e+02
4.080910837526078971e+00	1.190177490048941991e+02
4.087201203341442657e+00	1.190820257542695657e+02
4.093486818591942189e+00	1.193033338814321525e+02
4.099764387336505500e+00	1.194020517634028664e+02
4.106049166937662420e+00	1.196242273561970109e+02
4.112334559041358695e+00	1.198621099519005355e+02
4.118618926059533614e+00	1.199632296770815998e+02
4.124898942031112625e+00	1.200045973468706677e+02
4.131175432561665417e+00	1.200861188792235197e+02
4.137461563786142271e+00	1.200550019681039799e+02
4.143746006210170307e+00	1.206412745422744308e+02
4.150029800482964326e+00	1.207537392349504586e+02
4.156313390684649001e+00	1.211551502065990036e+02
4.162596105843763716e+00	1.209655277938449984e+02
4.168881843141768684e+00	1.212652986968757602e+02
4.175162111073220217e+00	1.214290234031912519e+02
4.181448573417560155e+00	1.217157859647716265e+02
4.187738782464171194e+00	1.218775260316231339e+02
4.194017437180169061e+00	1.219011757527922271e+02
4.200293572701767175e+00	1.223795065304273066e+02
4.206580195481546269e+00	1.224286146940105624e+02
4.212860644652220543e+00	1.225155012231599585e+02
4.219138153430114002e+00	1.229426330383766839e+02
4.225426162098283811e+00	1.229720869737404456e+02
4.231713506719782636e+00	1.232704960590458114e+02
4.237990056577191744e+00	1.234182659136733236e+02
4.244267783646744618e+00	1.236768631862460097e+02
4.250560660182562955e+00	1.240950371427335455e+02
4.256847734842668096e+00	1.242944117282715695e+02
4.263127100734456221e+00	1.245013532145866577e+02
4.269406860432507500e+00	1.246462338937335659e+02
4.275691671482192646e+00	1.250877973922795547e+02
4.281972414189518794e+00	1.254392880167329309e+02
4.288253516806755705e+00	1.254000955875694103e+02
4.294540520160492925e+00	1.259451720475103969e+02
4.300825742921731809e+00	1.261543544494575713e+02
4.307109835491901961e+00	1.263445118294760334e+02
4.313390926478413157e+00	1.266492303067074801e+02
4.319667979480563247e+00	1.269264477189204712e+02
4.325952598143786076e+00	1.269665947874079563e+02
4.332241647035422361e+00	1.270746905369141331e+02
4.338524445619096781e+00	1.275377580162583513e+02
4.344809348131129845e+00	1.280542836577959633e+02
4.351090699193166600e+00	1.279547102335023538e+02
4.357369710808320029e+00	1.284788819592592404e+02
4.363659348967174445e+00	1.288293791787446310e+02
4.369947418280990981e+00	1.289740282519356356e+02
4.376226569265827315e+00	1.291327075369429167e+02
4.382499356631129217e+00	1.298190842439179846e+02
4.388784975178015024e+00	1.297342478515257369e+02
4.395068696309480494e+00	1.296102261406348077e+02
4.401347962382031298e+00	1.304158707761633309e+02
4.407628405096517099e+00	1.305970831509983441e+02
4.413915862185140426e+00	1.305467694592978205e+02
4.420203163534264235e+00	1.313137591711033849e+02
4.426480311003382795e+00	1.310884721262507639e+02
4.432765973643649104e+00	1.319113417423222074e+02
4.439053392023870614e+00	1.317598655854138769e+02
4.445336141335588742e+00	1.320775921155897663e+02
4.451617241414883352e+00	1.318742339534853727e+02
4.457901500730311106e+00	1.322547181240971668e+02
4.464189501093017043e+00	1.326880802778894122e+02
4.470470197548729985e+00	1.321872889395226309e+02
4.476748044268524573e+00	1.326905028015640937e+02
4.483035990164653484e+00	1.325990765428328757e+02
4.489323331650528104e+00	1.327016092236666509e+02
4.495599111667934800e+00	1.327235752296391524e+02
4.501870922878794090e+00	1.324234727448983904e+02
4.508155162877705457e+00	1.328666477236054675e+02
4.514446451153479423e+00	1.326262298589569184e+02
4.520723894043856994e+00	1.328912089693418466e+02
4.527003782460155890e+00	1.327308356681186865e+02
4.533293086610313161e+00	1.324101471540468538e+02
4.539578989864040182e+00	1.316780197350840922e+02
4.545857164866476730e+00	1.320444477294972216e+02
4.552138955546025656e+00	1.314884017802637857e+02
4.558432046889146605e+00	1.311944396950179907e+02
4.564713463378488711e+00	1.311175502700240827e+02
4.570987274133244682e+00	1.310694374445433823e+02
4.577274818151045643e+00	1.310479714627170438e+02
4.583563263889338657e+00	1.309185082422000050e+02
4.589844917004465508e+00	1.309487913568096076e+02
4.596126259982004747e+00	1.306685225237255850e+02
4.602409075598298926e+00	1.307931011297813484e+02
4.608696634867644804e+00	1.309643490533767078e+02
4.614977646498861219e+00	1.307528761899051233e+02
4.621258953029527383e+00	1.307356081196818138e+02
4.627547993978874175e+00	1.315226692395487476e+02
4.633830152730579854e+00	1.310299601639645175e+02
4.640104005367354567e+00	1.311968844463224571e+02
4.646382060386754276e+00	1.316336738503131016e+02
4.652674213731970987e+00	1.310785012500205369e+02
4.658958291796220230e+00	1.320645692825170556e+02
4.665233615070169648e+00	1.316500734290967500e+02
4.671520675710307380e+00	1.318996931477643102e+02
4.677814351732177300e+00	1.318699599302281626e+02
4.684093699744638073e+00	1.316902160552324972e+02
4.690368661472568590e+00	1.327738196337227521e+02
4.696663270746453733e+00	1.323801296385378237e+02
4.702945459248681459e+00	1.324067240299131072e+02
4.709209170841929470e+00	1.325929868099645432e+02
4.715491634753063543e+00	1.329086026188968219e+02
4.721784316284933780e+00	1.328976431075464291e+02
4.728063062331094635e+00	1.330394458669426285e+02
4.734337423381671073e+00	1.339272512174530050e+02
4.740627024094544062e+00	1.330754258850005840e+02
4.746914995664547554e+00	1.341635162849563017e+02
4.753194740071086777e+00	1.339164263187850281e+02
4.759478891864783456e+00	1.345600673527686979e+02
4.765762396877359031e+00	1.352152559507623550e+02
4.772049481246195768e+00	1.349510299924920105e+02
4.778335091022592351e+00	1.352099700992011435e+02
4.784610831402393849e+00	1.354554021907141532e+02
4.790907306208476157e+00	1.356150230527053679e+02
4.797204047706418173e+00	1.362506074954564212e+02
4.803470827697504220e+00	1.365427403681082410e+02
4.809748850577324042e+00	1.369123478886911869e+02
4.816045316586602176e+00	1.368368356744179835e+02
4.822329240673497885e+00	1.379179557336989319e+02
4.828596758226470165e+00	1.377039478394311516e+02
4.834890332961369275e+00	1.380188155006227362e+02
4.841191655056394261e+00	1.390486216533535355e+02
4.847460407468000554e+00	1.388685945589028847e+02
4.853732128521334843e+00	1.384393041771375295e+02
4.860029138783373170e+00	1.389054910506462761e+02
4.866314601732018019e+00	1.398609221497601993e+02
4.872587026269203925e+00	1.405764118287271742e+02
4.878874221748241702e+00	1.405123172203925037e+02
4.885171078138658807e+00	1.411689999120771404e+02
4.891450629931857641e+00	1.420171636282844077e+02
4.897716482750221978e+00	1.425205005843479569e+02
4.904002834596266069e+00	1.423586209711773165e+02
4.910295858205786068e+00	1.429086751525225338e+02
4.916575188115905881e+00	1.437519199662854987e+02
4.922847946197084212e+00	1.436427999909069229e+02
4.929131667457151700e+00	1.452270538796670110e+02
4.935434460144239033e+00	1.456000023189582180e+02
4.941718513303545279e+00	1.451046095665060420e+02
4.947978624761803168e+00	1.456315803819539951e+02
4.954274999209829389e+00	1.468725443042856114e+02
4.960571094729937514e+00	1.483025209444226959e+02
4.966823207626954506e+00	1.484667479341614751e+02
4.973097418390337587e+00	1.486948091098400084e+02
4.979415129936382023e+00	1.503874246269533614e+02
4.985702082330368157e+00	1.507038335486400058e+02
4.991949985828016523e+00	1.504561648213816625e+02
4.998241586316924057e+00	1.513749752103346964e+02
5.004556635606089543e+00	1.527519023537351757e+02
5.010828655701208945e+00	1.526841776527767252e+02
5.017077229702536556e+00	1.542409805995159502e+02
5.023374414758113637e+00	1.548401651969309682e+02
5.029688873569548413e+00	1.552204359696006009e+02
5.035958413584124216e+00	1.561555575103868421e+02
5.042232667658486989e+00	1.571997908491656801e+02
5.048528755870775875e+00	1.569333688496751051e+02
5.054821121427484520e+00	1.598221309215646500e+02
5.061069509814582368e+00	1.576577331735077792e+02
5.067347812754101177e+00	1.596096440000641508e+02
5.073675050630431116e+00	1.596609665838259673e+02
5.079945928388977627e+00	1.615059483035667824e+02
5.086192992546071601e+00	1.635318111913441328e+02
5.092484128970163226e+00	1.626469061592054857e+02
5.098802924706086870e+00	1.644616928988059499e+02
5.105078217426394005e+00	1.658100008654623991e+02
5.111325076574067872e+00	1.669480184987990583e+02
5.117628358851224135e+00	1.685781310540016875e+02
5.123935939383525984e+00	1.690443270268270908e+02
5.130199176325612065e+00	1.694311976238291209e+02
5.136469985878846956e+00	1.713904725648866929e+02
5.142797788696348071e+00	1.705328152990089166e+02
5.149090378043822192e+00	1.727753600933721998e+02
5.155289879840074363e+00	1.738929729098034613e+02
5.161564521234301317e+00	1.741926773586380648e+02
5.167916673496016244e+00	1.757774973196542589e+02
5.174205974602950064e+00	1.767714181353854030e+02
5.180434820793812456e+00	1.786844095534136159e+02
5.186729096569634656e+00	1.783304448268283409e+02
5.193058481037780894e+00	1.804199054569921259e+02
5.199319511444338460e+00	1.809628321086703124e+02
5.205574295584361799e+00	1.836787530783419982e+02
5.211894977074066126e+00	1.848870381610806533e+02
5.218201708336958511e+00	1.870530780956852936e+02
5.224411911780083351e+00	1.881106571970696280e+02
5.230677632666463239e+00	1.895851673694901649e+02
5.237056729559757429e+00	1.891270195552026223e+02
5.243336785035660697e+00	1.923066780684123955e+02
5.249493476178225038e+00	1.939925951807975366e+02
5.255787017738318134e+00	1.950417604898139246e+02
5.262205327426889845e+00	1.953164899766328801e+02
5.268477758348532269e+00	1.967469764261162197e+02
5.274632213654732560e+00	2.021980253713874447e+02
5.280950543314659740e+00	2.007426915552050843e+02
5.287327645024750389e+00	2.024673820761276204e+02
5.293582359180156516e+00	2.036867049446382509e+02
5.299789992649893478e+00	2.038427900417276248e+02
5.306111460381987222e+00	2.064545225589897370e+02
5.312452717892129250e+00	2.112976261481237827e+02
5.318650122853046724e+00	2.148729508322799404e+02
5.324923043129819789e+00	2.133636532897654661e+02
5.331330237158205421e+00	2.166002856726102834e+02
5.337586726886338617e+00	2.197895591876189485e+02
5.343685192440848830e+00	2.212206894850508831e+02
5.350070659715249199e+00	2.221590061876388233e+02
5.356556762554878226e+00	2.248756580726613663e+02
5.362691868684501095e+00	2.255898424324373650e+02
5.368769208912516966e+00	2.240534066939588058e+02
5.375270137997677722e+00	2.316756486890207896e+02
5.381769983045385786e+00	2.350983960331622882e+02
5.387701030372958222e+00	2.365516383492851276e+02
5.393786668001271600e+00	2.401930453872273290e+02
5.400446161099396569e+00	2.385583735446622029e+02
5.406957063684501463e+00	2.429600650577762337e+02
5.412655672453426270e+00	2.493364610647988115e+02
5.418821279260546575e+00	2.502399693837735697e+02
5.425690594366304076e+00	2.534442144161296255e+02
5.432217487502165376e+00	2.639498967185489846e+02
5.437649811577258241e+00	2.566596438790375601e+02
5.443914404015878006e+00	2.612393914197442655e+02
5.450953501686320202e+00	2.624026846744867498e+02
5.457483690405861232e+00	2.631599264395700288e+02
5.462715250135157241e+00	2.581474452291612920e+02
5.469033575551323523e+00	2.700002797092156470e+02
5.476177730420278778e+00	2.864879287079968435e+02
5.482708935702562236e+00	2.879954397489944995e+02
5.487722405008360838e+00	2.823926651353637567e+02
5.494194284996126498e+00	2.848175269930334821e+02
5.501391471009256406e+00	2.881107954908781608e+02
5.507128202673079009e+00	2.962464856979824503e+02
5.512278020050448646e+00	2.962471425712537894e+02
5.519395563377015534e+00	2.855835187935487056e+02
5.526598678609708770e+00	3.199826507858708169e+02
5.532162682462509196e+00	3.121725615638692943e+02
5.537397124017139127e+00	2.955019120020640457e+02
5.544582756485218589e+00	3.067772459852398015e+02
5.551739327507637434e+00	2.800728831712198712e+02
5.557493306674907707e+00	3.146162451406591458e+02
5.562281709102816940e+00	2.762434499741202103e+02
5.569272720323164449e+00	2.881253280211129209e+02
