8.899641224696953554e-03	4.250709237042367749e+04
1.507912216506557788e-02	6.192014565951442637e+04
2.144790186456836667e-02	5.413915896783122298e+04
2.783660776489276650e-02	4.002127749746862537e+04
3.435099785803411021e-02	3.069796646380560560e+04
4.047886761425745911e-02	2.244182030020815364e+04
4.676716683575679601e-02	2.004222640875435172e+04
5.308225101765951665e-02	1.823962886055417403e+04
5.945362440940590160e-02	1.508607233689147506e+04
6.576224814588792211e-02	1.494603117373538407e+04
7.196632906698736953e-02	1.334082617508185831e+04
7.827860915688347743e-02	1.097207653272815514e+04
8.470398945834539672e-02	9.865983055390386653e+03
9.096854620527369817e-02	8.015610816358734155e+03
9.720789776830213169e-02	7.536598863732007885e+03
1.034763038959366499e-01	6.703338216564108734e+03
1.097576444254559219e-01	6.336250644875197395e+03
1.160543084780093354e-01	6.024625422766504016e+03
1.223669666537485351e-01	5.789780442530110122e+03
1.286817263090294094e-01	5.393316642178740040e+03
1.349500801664080818e-01	4.949825327583906983e+03
1.411949558842147678e-01	4.788192779059175336e+03
1.475133575747468451e-01	4.329693004132920578e+03
1.537865074252268427e-01	4.114815024260240534e+03
1.600657544051110326e-01	3.824121600021506310e+03
1.663991168687080635e-01	3.624252406847156180e+03
1.727195645776442856e-01	3.427731378488493647e+03
1.789765213377084718e-01	3.247804616233554952e+03
1.852353690647852158e-01	3.241468159809802273e+03
1.914806787341157279e-01	2.978465335608236273e+03
1.977889868651535599e-01	2.877099705548585916e+03
2.040937735447724277e-01	2.711359197026618403e+03
2.103939302609846018e-01	2.602540783099710097e+03
2.166909709822301688e-01	2.540315060636842645e+03
2.229700281216152047e-01	2.394466485115226078e+03
2.292620027086341994e-01	2.321741761963328372e+03
2.355141508366812297e-01	2.267295381543631265e+03
2.417910583817859116e-01	2.162480816351766407e+03
2.480856539439619257e-01	2.111821127529090973e+03
2.543492256872954549e-01	2.030635466748796034e+03
2.606334251884805386e-01	1.971772957313211919e+03
2.669257370896960802e-01	1.910386730118218566e+03
2.732423343141155980e-01	1.846805755600189059e+03
2.795529680084415936e-01	1.824079048209396660e+03
2.858366292314493129e-01	1.735028844221296140e+03
2.920876271394311496e-01	1.682813632878692715e+03
2.983449844439822751e-01	1.687851509437937011e+03
3.046382639407197446e-01	1.616361919037127336e+03
3.109279127003197196e-01	1.583278603003251419e+03
3.172168171618398036e-01	1.545499799810248760e+03
3.235187567944423082e-01	1.506730187842778150e+03
3.298168217550395687e-01	1.470824371272386543e+03
3.361176429457156667e-01	1.445574986253852330e+03
3.423700375709273769e-01	1.424135147262515147e+03
3.486478192666269682e-01	1.384336672993462798e+03
3.549411614411318028e-01	1.354068371616847116e+03
3.611916935421040642e-01	1.327247010052918313e+03
3.674767089563572564e-01	1.297614789462261115e+03
3.737647795277591056e-01	1.269710969563542221e+03
3.800654031475132477e-01	1.257180401965110832e+03
3.863539861259823738e-01	1.241734391350627675e+03
3.926140181364449755e-01	1.204684010625295286e+03
3.989264500321934581e-01	1.170177871204066832e+03
4.052073244576828714e-01	1.168431830169676232e+03
4.114916477570477182e-01	1.147418357929482681e+03
4.177814272116491257e-01	1.123180153246869168e+03
4.240400648725131116e-01	1.103983310931655069e+03
4.303425690270192283e-01	1.090653772854052249e+03
4.366358560255625965e-01	1.079046247409619355e+03
4.428996183220763605e-01	1.061460913946006258e+03
4.491634418529859563e-01	1.039060540175556980e+03
4.554414146254732731e-01	1.024835150268765574e+03
4.617634470301058558e-01	1.014404990946918133e+03
4.680644242023710433e-01	9.883640647791676201e+02
4.743485242764365895e-01	9.859555396257613893e+02
4.806356136815400082e-01	9.793370792068160426e+02
4.869019258388697646e-01	9.567706834330631409e+02
4.931697099599955947e-01	9.514389494924697601e+02
4.994506747144535908e-01	9.353205784678359578e+02
5.057159051335421429e-01	9.205726445555096689e+02
5.119923996268095356e-01	9.046014688477918071e+02
5.183126097768406826e-01	8.989929058132586306e+02
5.246089638029100000e-01	8.854005900342068571e+02
5.308757308483337267e-01	8.780964907017474843e+02
5.371573527946726934e-01	8.661342719890349144e+02
5.434579563783791256e-01	8.597073183357452990e+02
5.497430652392217842e-01	8.458770801993319992e+02
5.559937427501778773e-01	8.359995431154366088e+02
5.622854676609657654e-01	8.246846913949453892e+02
5.686011537227265711e-01	8.142731109822910867e+02
5.748804589422079614e-01	8.036179995488274699e+02
5.811550210340560296e-01	7.983917159590446317e+02
5.874394496660968468e-01	7.906263143455109912e+02
5.937176220296899176e-01	7.817417305897964752e+02
5.999971954793682505e-01	7.690913828266765222e+02
6.062679115124277596e-01	7.613252188314800151e+02
6.125469576444534381e-01	7.587601650259340431e+02
6.188477733041515272e-01	7.542403858017122502e+02
6.251310567437898813e-01	7.457583854707663704e+02
6.314027450383210560e-01	7.392566264716820115e+02
6.377003562732055375e-01	7.303063804763507960e+02
6.439857783314556494e-01	7.226675598682522832e+02
6.502685417166111925e-01	7.161795374635231610e+02
6.565586117699038216e-01	7.098407584157378096e+02
6.628369282359254377e-01	7.003079207409718947e+02
6.691185444962194362e-01	6.935434558796706597e+02
6.754070198575605755e-01	6.874048536445127411e+02
6.816835514593204692e-01	6.827767737222287678e+02
6.879592533861698112e-01	6.756153615820159075e+02
6.942344317039531587e-01	6.693123543202324299e+02
7.005175402434737908e-01	6.667188606117111931e+02
7.068124956608716758e-01	6.590525857391907039e+02
7.131019009674921527e-01	6.502250839785602921e+02
7.193918251171427247e-01	6.475514330825205889e+02
7.256833807598113140e-01	6.436324655772159531e+02
7.319652682709349989e-01	6.325581843540926457e+02
7.382507990484923344e-01	6.307328845186799526e+02
7.445265842115937893e-01	6.229268018675350049e+02
7.507871101942712455e-01	6.216585170237644888e+02
7.570758465316046459e-01	6.130882796459782185e+02
7.633641233600957365e-01	6.083405260428664860e+02
7.696462959862266917e-01	6.043390046142221763e+02
7.759394865175414102e-01	6.010796553292079807e+02
7.822329141989586843e-01	5.935611228794276713e+02
7.885314936520240181e-01	5.901601023018480419e+02
7.947896566979522071e-01	5.855956568593470593e+02
8.010491096592354809e-01	5.759661439505391627e+02
8.073364061727361651e-01	5.756437284592221886e+02
8.136229488373866170e-01	5.689545465098585737e+02
8.199152998961036776e-01	5.651306317143515798e+02
8.261952636392789762e-01	5.623844680246348844e+02
8.324897070080405914e-01	5.562540246851937127e+02
8.387959309210778480e-01	5.505270255671799760e+02
8.450634639703045181e-01	5.465619074773928787e+02
8.513282867562648182e-01	5.439063566043361106e+02
8.576198263902009566e-01	5.411279081161096656e+02
8.639058477062415697e-01	5.332778543797339807e+02
8.701838745487597837e-01	5.303829110091056691e+02
8.764641096075268534e-01	5.253261032313753276e+02
8.827503873399735745e-01	5.216040742084376234e+02
8.890332768393869323e-01	5.161826072634823959e+02
8.953084247113127780e-01	5.156339682217208065e+02
9.015956521667095602e-01	5.114203389342105197e+02
9.078833328094829680e-01	5.067421935469232608e+02
9.141744106319863450e-01	5.012878493548713550e+02
9.204630817717615043e-01	5.009382568312365152e+02
9.267434415264711456e-01	4.947374094924936117e+02
9.330324197354928906e-01	4.920797690756735960e+02
9.393265785573878812e-01	4.868489477750229071e+02
9.455974810398196650e-01	4.860687795635687394e+02
9.518660018545171964e-01	4.813216593325962549e+02
9.581413255531838757e-01	4.776241188194671281e+02
9.644350945109106954e-01	4.758813979461622807e+02
9.707355633568249820e-01	4.704836701287334222e+02
9.770080768450029041e-01	4.671241927782759262e+02
9.832823325363413414e-01	4.650716297488323789e+02
9.895569691966674686e-01	4.594875192249410247e+02
9.958456301921106979e-01	4.576563404691095229e+02
1.002136210743837408e+00	4.550855908544804151e+02
1.008404825335135424e+00	4.518482705589976831e+02
1.014694149836243398e+00	4.479341384610835348e+02
1.020992555437297167e+00	4.453260270622857888e+02
1.027273980437394485e+00	4.441153433954597176e+02
1.033559181896017254e+00	4.377880045840263392e+02
1.039847557392594934e+00	4.339124520215428902e+02
1.046126974943305088e+00	4.343769685053200078e+02
1.052403436811028659e+00	4.299880063160447889e+02
1.058680704651608684e+00	4.289962632761301506e+02
1.064964333065789193e+00	4.243052205445840741e+02
1.071256777440835473e+00	4.214242396711271113e+02
1.077544048801078125e+00	4.203565570623133567e+02
1.083824820188043603e+00	4.171576824044728369e+02
1.090108023942816695e+00	4.116816019416685890e+02
1.096389665956643222e+00	4.094402219790234199e+02
1.102681132058841440e+00	4.068127663855619289e+02
1.108963047594879958e+00	4.033672245203189846e+02
1.115225428463759272e+00	4.017244905114304743e+02
1.121502127614767863e+00	3.984319396625447212e+02
1.127792573824792033e+00	3.967118349562770732e+02
1.134089552668382961e+00	3.941375814770755710e+02
1.140364049650405942e+00	3.916263845790505229e+02
1.146639180320979445e+00	3.886133511987007410e+02
1.152942412991649901e+00	3.894121923496685440e+02
1.159228906751078814e+00	3.842784933081239842e+02
1.165508721887268173e+00	3.821502464540419055e+02
1.171793076256210320e+00	3.801462917394206329e+02
1.178087436369658958e+00	3.758408202942724188e+02
1.184367654251526902e+00	3.732691297533816055e+02
1.190634642299266632e+00	3.722737746338515308e+02
1.196912208834400859e+00	3.685226479712253536e+02
1.203201577354146234e+00	3.673372197421070382e+02
1.209486844441705733e+00	3.650371876053040410e+02
1.215763902074809888e+00	3.632154308241866829e+02
1.222049755171146668e+00	3.620627605102631605e+02
1.228340616621486969e+00	3.569711742609400744e+02
1.234632986576932767e+00	3.543389755060879338e+02
1.240902247176856488e+00	3.525418543416385546e+02
1.247174839144687519e+00	3.511976157283571638e+02
1.253465459933442272e+00	3.492807082337288307e+02
1.259749951892178421e+00	3.470992628441569536e+02
1.266032143127253873e+00	3.451759258184811756e+02
1.272316288472006507e+00	3.440788246302037692e+02
1.278604155058621350e+00	3.414551735431659267e+02
1.284886588933593865e+00	3.385999141520790090e+02
1.291175420066583257e+00	3.361878530625528469e+02
1.297465726373772332e+00	3.335168382801450093e+02
1.303741827011944299e+00	3.326721482741010618e+02
1.310017322922761851e+00	3.305748330836666469e+02
1.316301447662886703e+00	3.286371261772200114e+02
1.322586760363303249e+00	3.265901323914006866e+02
1.328865492452874664e+00	3.247853292527205440e+02
1.335144804954555564e+00	3.226241730338560387e+02
1.341440516272275119e+00	3.198977972309126017e+02
1.347730868417094552e+00	3.187159614145338082e+02
1.354001589994877630e+00	3.183522555275159220e+02
1.360282609297778444e+00	3.146259663654616929e+02
1.366565686457597906e+00	3.143227613837606214e+02
1.372851498482432708e+00	3.107733867103397642e+02
1.379135372929401804e+00	3.088559994595478884e+02
1.385409567149057164e+00	3.068230154959227320e+02
1.391698641219299315e+00	3.062874441036792632e+02
1.397984451439470810e+00	3.036274211347009100e+02
1.404267883409181961e+00	3.036416741666884036e+02
1.410554779484869181e+00	3.002704435974463308e+02
1.416837833547465397e+00	2.990970548752460445e+02
1.423118177187137068e+00	2.969234894932849897e+02
1.429397801164240089e+00	2.953599098684975957e+02
1.435686921822787232e+00	2.934694180676314090e+02
1.441977121769299597e+00	2.919508507120092986e+02
1.448253667853332427e+00	2.899163548950589870e+02
1.454532348972172651e+00	2.888039409846006151e+02
1.460819319151879903e+00	2.869002753495249749e+02
1.467110364402026468e+00	2.856698745650913338e+02
1.473392908948962132e+00	2.845601417234231008e+02
1.479669965243598950e+00	2.822889158776702061e+02
1.485956144602843532e+00	2.806010182718625288e+02
1.492233610763115115e+00	2.789201854905970777e+02
1.498502470379980078e+00	2.773531515833122398e+02
1.504785752051182701e+00	2.772033649443554850e+02
1.511075991894575976e+00	2.739620321602410513e+02
1.517361634985162189e+00	2.731767002703132334e+02
1.523648570969130533e+00	2.711824213182069343e+02
1.529938035715892264e+00	2.698228805565346420e+02
1.536230176913891965e+00	2.691255418107583068e+02
1.542510718779388279e+00	2.670325445255441537e+02
1.548783963082980275e+00	2.663115142972584977e+02
1.555073069779651318e+00	2.641053831485443766e+02
1.561357324927233892e+00	2.631608636762865103e+02
1.567629121053141006e+00	2.616447103432880681e+02
1.573913697404382583e+00	2.594782804198728172e+02
1.580203545230874029e+00	2.584417846384187101e+02
1.586485393434537983e+00	2.571361350240671300e+02
1.592760014263005841e+00	2.551792900439409379e+02
1.599046436394670812e+00	2.541422842176120866e+02
1.605342136637478934e+00	2.536186047561678549e+02
1.611619860919608627e+00	2.517186998472880930e+02
1.617897597081673799e+00	2.500912161149303472e+02
1.624183235481122756e+00	2.488128386819995796e+02
1.630464598531913722e+00	2.478640721175623014e+02
1.636748985747638274e+00	2.457293249092651592e+02
1.643030923698886259e+00	2.444086595652086942e+02
1.649309176648513064e+00	2.437203767364674150e+02
1.655593633940351861e+00	2.423238954692237996e+02
1.661879571405086464e+00	2.408969522702819006e+02
1.668169361685170271e+00	2.386090778511291148e+02
1.674450151530487485e+00	2.384817610022471115e+02
1.680722718978495900e+00	2.369644969678978157e+02
1.687013891340952476e+00	2.355811276828006555e+02
1.693308984907921033e+00	2.345869718666023118e+02
1.699582147428448486e+00	2.340991112379239212e+02
1.705863747055134105e+00	2.321751881910741133e+02
1.712154434283889470e+00	2.311700854126843012e+02
1.718438381579399321e+00	2.290829017159538807e+02
1.724721264464063930e+00	2.289074027939539064e+02
1.730997441276920679e+00	2.268519838814352738e+02
1.737287073528269499e+00	2.264189405869936138e+02
1.743567991878527401e+00	2.242883746273255099e+02
1.749840680212231048e+00	2.241431199687037861e+02
1.756128549091961144e+00	2.227713590776443482e+02
1.762413535324792502e+00	2.214551958166124166e+02
1.768696187669963837e+00	2.199301206773313027e+02
1.774979359379055266e+00	2.193809518139152885e+02
1.781265555576432957e+00	2.180276476105405834e+02
1.787549427830244619e+00	2.167533420431346087e+02
1.793834120011633004e+00	2.163211578945392830e+02
1.800115051552487300e+00	2.149801369929568580e+02
1.806393904854530330e+00	2.139234376488652742e+02
1.812674089667083432e+00	2.128487526211255840e+02
1.818956920109354058e+00	2.113700827220108636e+02
1.825244164118212220e+00	2.108150486428079091e+02
1.831527256642196955e+00	2.092648407639519519e+02
1.837811294935716599e+00	2.086877273994007282e+02
1.844100717411196744e+00	2.072881376952257710e+02
1.850384816792487230e+00	2.065084576677970745e+02
1.856666059735203822e+00	2.056180771982350279e+02
1.862947728675613979e+00	2.040496662768823910e+02
1.869229324466858078e+00	2.030652243579585843e+02
1.875517616802973686e+00	2.021602936815318685e+02
1.881800769033795229e+00	2.014117712271138316e+02
1.888078863416442710e+00	2.004404230257307518e+02
1.894353975182237582e+00	1.992529417157023204e+02
1.900642716154182565e+00	1.986153936512987457e+02
1.906933494748685121e+00	1.973651517095055965e+02
1.913207568676573933e+00	1.968486274017816413e+02
1.919490884732178992e+00	1.952273146115083193e+02
1.925776855684274480e+00	1.947023656177415774e+02
1.932064452961978152e+00	1.933372099871591274e+02
1.938342610030488800e+00	1.925671952757930683e+02
1.944618341543410178e+00	1.918709368775190285e+02
1.950906260203513876e+00	1.911479419141738845e+02
1.957194556613796488e+00	1.898844862385574288e+02
1.963479614559011432e+00	1.891922566173992095e+02
1.969760361532916226e+00	1.880403886723678397e+02
1.976048367034604736e+00	1.871433366979283335e+02
1.982337990217652335e+00	1.868575738263692756e+02
1.988617489259562721e+00	1.853854054350687761e+02
1.994896320665194178e+00	1.844405445397484868e+02
2.001179596222827151e+00	1.837141410912781794e+02
2.007459756923499761e+00	1.829337808478495901e+02
2.013737397779169935e+00	1.818881665135747312e+02
2.020017234677497164e+00	1.808533982591090705e+02
2.026310251015072783e+00	1.800669403162441142e+02
2.032600542948020284e+00	1.797892478015347990e+02
2.038873863192099289e+00	1.787469595778984512e+02
2.045154087821675404e+00	1.777053437973802659e+02
2.051444704514288730e+00	1.770731206981461412e+02
2.057730430280644729e+00	1.762539101857629475e+02
2.064013940455224461e+00	1.750194822408069797e+02
2.070299891179459895e+00	1.748631682030052730e+02
2.076589719964883951e+00	1.734371891049273131e+02
2.082865483794470673e+00	1.726149691924531169e+02
2.089134494859368640e+00	1.722208969305366395e+02
2.095424211360070288e+00	1.712353651300844888e+02
2.101707116664804254e+00	1.705972560252518235e+02
2.107986473933564309e+00	1.698281717105941482e+02
2.114271806543862375e+00	1.690568176256169011e+02
2.120552717288892275e+00	1.681798710219030113e+02
2.126836933207161717e+00	1.674718350166227196e+02
2.133122044791171845e+00	1.665338295854543844e+02
2.139411711910842673e+00	1.656952096046934741e+02
2.145697076775292089e+00	1.651348177079441086e+02
2.151973548606471276e+00	1.641638543005673512e+02
2.158259913555724108e+00	1.639391564955662943e+02
2.164545396699105506e+00	1.633034728729196274e+02
2.170830700377734068e+00	1.619420883377329972e+02
2.177114138849150393e+00	1.617410606715442327e+02
2.183387647576827018e+00	1.606541641822312840e+02
2.189670273687676971e+00	1.601865514272961377e+02
2.195960147934207463e+00	1.594516621877386342e+02
2.202242556317716371e+00	1.589325460715842837e+02
2.208521655981037668e+00	1.582341365517369525e+02
2.214804637081333016e+00	1.573056553651955483e+02
2.221092583349425276e+00	1.568580111467548193e+02
2.227372893591468728e+00	1.560664356827364543e+02
2.233657161144248171e+00	1.558002902210860157e+02
2.239943485394438660e+00	1.545529375497150113e+02
2.246224175264620815e+00	1.539438692048218229e+02
2.252506378421252009e+00	1.536623393443814507e+02
2.258783417054270437e+00	1.527776883884289703e+02
2.265069077371457684e+00	1.523044111052576000e+02
2.271350377044131452e+00	1.515321732885979600e+02
2.277633995145353918e+00	1.510521090491094185e+02
2.283922419579920149e+00	1.505196979929734766e+02
2.290202874392252674e+00	1.496328092385598438e+02
2.296490779970905560e+00	1.490924855695028555e+02
2.302771769934229162e+00	1.484489429216899623e+02
2.309051364164305564e+00	1.478229896089026170e+02
2.315338502539088239e+00	1.473968139238405399e+02
2.321627336503874428e+00	1.465580417924911103e+02
2.327911878297218795e+00	1.459941059420804663e+02
2.334186238580297168e+00	1.453179594374467740e+02
2.340467971862688401e+00	1.446882017482310800e+02
2.346756940970738725e+00	1.442834273621501495e+02
2.353044444556199988e+00	1.435261045610583324e+02
2.359327653314069906e+00	1.429907758651488905e+02
2.365603048789861607e+00	1.426736418253109093e+02
2.371885911737665165e+00	1.418909160454938387e+02
2.378173303594019572e+00	1.416798552553127024e+02
2.384454016539381271e+00	1.407474524392026183e+02
2.390736447344785187e+00	1.400411129590321195e+02
2.397014133897952259e+00	1.397044812301478771e+02
2.403295490074321972e+00	1.393822486548793620e+02
2.409585049672506862e+00	1.387885357135739071e+02
2.415871703165322071e+00	1.381846776947453179e+02
2.422160652369088840e+00	1.377164390007816053e+02
2.428440167222748691e+00	1.370313879625262246e+02
2.434717472383889803e+00	1.364804269356401107e+02
2.441002456202044257e+00	1.360173668948223451e+02
2.447289980304530488e+00	1.357417444622144842e+02
2.453571844729242279e+00	1.348912442631918793e+02
2.459852705114058846e+00	1.346490423765827700e+02
2.466139233225018934e+00	1.337806030059851992e+02
2.472421963421291391e+00	1.333759140987871490e+02
2.478698519174224568e+00	1.332447154264475557e+02
2.484980841400355800e+00	1.325904513075224429e+02
2.491269319409339822e+00	1.321942532430572612e+02
2.497548505139029373e+00	1.318195200628628641e+02
2.503831667172610853e+00	1.312387465618751605e+02
2.510117938323931153e+00	1.306835948927949289e+02
2.516400733681277480e+00	1.302820547125555493e+02
2.522688226833368130e+00	1.297972739202653827e+02
2.528971695852665569e+00	1.292781021263033949e+02
2.535252039407670299e+00	1.288840337703547618e+02
2.541537514142774512e+00	1.284579710481357040e+02
2.547823008847572179e+00	1.279897280626091458e+02
2.554100666580690238e+00	1.274667451116860235e+02
2.560376788884177301e+00	1.271497236603787542e+02
2.566667521601497359e+00	1.267766891352009395e+02
2.572955062237090473e+00	1.261238763759460682e+02
2.579233771797999175e+00	1.259881519347483447e+02
2.585520164300948220e+00	1.254437270349667699e+02
2.591805130332431872e+00	1.249766564036115852e+02
2.598084074692260881e+00	1.245445290007031929e+02
2.604360404197643586e+00	1.243591700743696720e+02
2.610647185140439142e+00	1.239112713499195308e+02
2.616931864059273138e+00	1.232417908407125964e+02
2.623206107911065565e+00	1.227141315228833349e+02
2.629491626543270844e+00	1.227531162689122226e+02
2.635778507982642349e+00	1.222198010660344352e+02
2.642061039325260818e+00	1.218238113029899807e+02
2.648343840729305843e+00	1.213583229598403932e+02
2.654631838974855551e+00	1.211455825362915419e+02
2.660919001246303761e+00	1.206219123525034860e+02
2.667198525130066056e+00	1.202743580089140494e+02
2.673484307038032526e+00	1.200418232985145011e+02
2.679773388053849459e+00	1.195865672239311408e+02
2.686058217632288692e+00	1.192550888510798472e+02
2.692338738200057868e+00	1.188079012215619343e+02
2.698618022887226964e+00	1.185630542678715358e+02
2.704895450708277860e+00	1.183713726288118977e+02
2.711175674923682166e+00	1.178403421313459489e+02
2.717459832966957922e+00	1.176540687616522263e+02
2.723745731959044569e+00	1.172179546158508003e+02
2.730038414850594730e+00	1.168712647213472309e+02
2.736317989800789441e+00	1.162993743932726858e+02
2.742591858549239703e+00	1.162394894994836392e+02
2.748879749010778362e+00	1.157945480790153141e+02
2.755163403825859447e+00	1.157304231811834683e+02
2.761446955625852073e+00	1.155645815047802927e+02
2.767732088935374701e+00	1.149737405599472453e+02
2.774015452421743966e+00	1.146424837688378631e+02
2.780298635700591436e+00	1.143697350136006605e+02
2.786577474762241380e+00	1.142261249388753725e+02
2.792857983210164541e+00	1.139419439404354364e+02
2.799143790920211483e+00	1.134496989340896533e+02
2.805430058399325244e+00	1.133717151184612675e+02
2.811715058209780072e+00	1.131128289751629126e+02
2.817989272498773623e+00	1.126861532667051762e+02
2.824269171595737760e+00	1.125703718821956301e+02
2.830563016441804081e+00	1.123889870465260685e+02
2.836848750951622034e+00	1.120697149829376116e+02
2.843130027866129783e+00	1.118870529983656752e+02
2.849413896912404986e+00	1.115075747130461536e+02
2.855697464522425566e+00	1.111740095999215043e+02
2.861978799810683594e+00	1.111949706292603821e+02
2.868262469415629567e+00	1.108027081678102803e+02
2.874547359206753860e+00	1.105039075610790604e+02
2.880831111471525041e+00	1.104386196863177503e+02
2.887113216972382546e+00	1.101643969832090164e+02
2.893394504725182781e+00	1.098888227582319814e+02
2.899673662137033592e+00	1.096240719895485967e+02
2.905953958587380814e+00	1.094435873431062589e+02
2.912241118105161064e+00	1.093621529634511518e+02
2.918525996366671205e+00	1.092040094439939821e+02
2.924809035425688819e+00	1.090174450828143335e+02
2.931095916293684933e+00	1.087678787297909651e+02
2.937378182606774413e+00	1.086100008516045534e+02
2.943659980254369923e+00	1.085408114841272464e+02
2.949946454403890250e+00	1.082168104764998304e+02
2.956227653702202307e+00	1.080617398236312425e+02
2.962510478867462993e+00	1.080548398506406329e+02
2.968796535179442309e+00	1.077292020262264600e+02
2.975077657376874907e+00	1.075893431977989962e+02
2.981359866759223376e+00	1.075166067355859525e+02
2.987646761575656562e+00	1.073675224830178223e+02
2.993929038370399365e+00	1.073535320403444757e+02
3.000206214840962726e+00	1.070518805739982611e+02
3.006486172402415669e+00	1.069249772105389411e+02
3.012769812211594456e+00	1.067950571525143175e+02
3.019053144326170113e+00	1.067394229108141559e+02
3.025337405144251424e+00	1.065855077072355641e+02
3.031623734799107961e+00	1.064979614570745241e+02
3.037908962055872575e+00	1.063769868846277120e+02
3.044195067146031608e+00	1.063840572415172829e+02
3.050475543482170426e+00	1.062938309788821414e+02
3.056754954538277502e+00	1.061075654544564912e+02
3.063040539557494668e+00	1.061890369397966936e+02
3.069323699454357346e+00	1.062227628768421823e+02
3.075610692642898769e+00	1.060259242593632365e+02
3.081893798009918584e+00	1.059174545123306217e+02
3.088174549548037717e+00	1.058758093463655001e+02
3.094458635632868493e+00	1.058603754283462308e+02
3.100743982931558840e+00	1.058459712447172052e+02
3.107028111748448396e+00	1.059172984256285872e+02
3.113309299655494300e+00	1.057799263468932338e+02
3.119590662867241626e+00	1.057754050166444841e+02
3.125874006820172912e+00	1.055878483876389424e+02
3.132159251154602586e+00	1.057347226619241809e+02
3.138439172765940643e+00	1.057723739120593365e+02
3.144723867719826593e+00	1.059050826520405337e+02
3.151003951258561031e+00	1.057639108443845259e+02
3.157283664131563139e+00	1.057382354088544929e+02
3.163569317183839935e+00	1.059801821417628673e+02
3.169851661717792091e+00	1.059193628210502283e+02
3.176137704316093657e+00	1.059731216118374704e+02
3.182420924828643916e+00	1.060115581467357231e+02
3.188702811875577581e+00	1.060120507614341392e+02
3.194990520008989865e+00	1.060727867782234881e+02
3.201275324656983834e+00	1.062327002785157219e+02
3.207551352179861759e+00	1.062806853910672231e+02
3.213835216737041645e+00	1.064159576190502747e+02
3.220122579819103770e+00	1.063476403583048295e+02
3.226406606618656525e+00	1.060932023696721700e+02
3.232687390085645429e+00	1.059543830286062445e+02
3.238969121280456331e+00	1.055326818119764027e+02
3.245254751548589667e+00	1.054397337989801002e+02
3.251534499036136783e+00	1.050438083104759528e+02
3.257817780791052442e+00	1.047168501833592984e+02
3.264102164154097263e+00	1.044853745662378230e+02
3.270384152138468892e+00	1.044417381320742493e+02
3.276669427476867735e+00	1.040446452975094758e+02
3.282954688864507808e+00	1.037891373919052569e+02
3.289237200334947264e+00	1.036561431029651743e+02
3.295519587088236779e+00	1.032297807056168040e+02
3.301805977329951958e+00	1.031282127263369262e+02
3.308087486222440088e+00	1.030950479532213819e+02
3.314367630234227313e+00	1.026553148887330167e+02
3.320651909732194262e+00	1.025697961766292536e+02
3.326931260376857047e+00	1.020741266159835448e+02
3.333216512447217728e+00	1.020359075513808875e+02
3.339504489419978128e+00	1.017613910677863913e+02
3.345786804809928405e+00	1.016281556912355484e+02
3.352071130016277767e+00	1.014664084365878125e+02
3.358351496304225581e+00	1.012136098705109930e+02
3.364630591073392019e+00	1.009771037309240143e+02
3.370916305215045483e+00	1.006459058589493765e+02
3.377197952029413752e+00	1.005490279927219461e+02
3.383483063818085501e+00	1.003932586107142129e+02
3.389769992424469969e+00	1.000866596561948967e+02
3.396051330885982100e+00	1.000108606418884989e+02
3.402330879139463971e+00	9.976497469571938836e+01
3.408610488352048495e+00	9.952561244949251318e+01
3.414897837696641236e+00	9.919829329511925664e+01
3.421180484052105619e+00	9.913754166926973710e+01
3.427461639653846870e+00	9.893563170456704370e+01
3.433749159643459059e+00	9.877866058628826806e+01
3.440032646656798310e+00	9.876815626426193262e+01
3.446313366033385339e+00	9.830010013788523793e+01
3.452600135384134905e+00	9.824278256958784539e+01
3.458883152815406703e+00	9.817772446206896575e+01
3.465163834403715448e+00	9.799679514283008075e+01
3.471449329786229221e+00	9.775010856530441572e+01
3.477734476754053894e+00	9.753386120615270727e+01
3.484019652467224226e+00	9.741050320353103587e+01
3.490297019369712928e+00	9.728798723301498796e+01
3.496582486484379970e+00	9.717701179524527788e+01
3.502868048046865024e+00	9.687438574373517497e+01
3.509144649545451244e+00	9.674951258849468161e+01
3.515428082003116295e+00	9.670182462723769845e+01
3.521711031624695565e+00	9.652349110050323588e+01
3.527991850954735664e+00	9.630030833027510084e+01
3.534275545726699885e+00	9.615141500384426365e+01
3.540562632020772149e+00	9.594211234501065633e+01
3.546844410757220789e+00	9.578560646678631940e+01
3.553131386753758836e+00	9.555062667550745914e+01
3.559419203211965144e+00	9.545258177617624540e+01
3.565697971577579839e+00	9.527247835274286558e+01
3.571979559134798254e+00	9.522482971789419537e+01
3.578265774595833726e+00	9.506442772541953445e+01
3.584548309769353125e+00	9.510154173359914864e+01
3.590826843920031486e+00	9.475315056745427000e+01
3.597107306745233934e+00	9.471877091569930940e+01
3.603392831792229245e+00	9.447426703341263021e+01
3.609673209822572559e+00	9.439329608185299492e+01
3.615955412133016189e+00	9.431303903142941181e+01
3.622241607772384686e+00	9.415611359405359337e+01
3.628520252736676444e+00	9.399618863770079713e+01
3.634804827569451113e+00	9.391071468451175974e+01
3.641094981788862928e+00	9.394463027955639234e+01
3.647383514928639325e+00	9.370193355562246040e+01
3.653663283927725658e+00	9.372481792032520787e+01
3.659943504072155296e+00	9.346247231388548471e+01
3.666232000281138603e+00	9.334660263603710462e+01
3.672514211678317597e+00	9.340339075821040637e+01
3.678794154686042539e+00	9.323122620766487501e+01
3.685078621861909820e+00	9.309649740973030418e+01
3.691359210097977961e+00	9.299163589402297703e+01
3.697642368173791105e+00	9.292370702280273065e+01
3.703925796735277665e+00	9.286908413106985449e+01
3.710208240364660348e+00	9.278893360585482242e+01
3.716494593122387169e+00	9.261897094247160567e+01
3.722775386659595398e+00	9.260091775978155226e+01
3.729058392883481510e+00	9.246911706071124115e+01
3.735339748210807720e+00	9.239127168419031477e+01
3.741620776392969638e+00	9.228341659427124455e+01
3.747904795418762980e+00	9.216962239672157864e+01
3.754190633281219380e+00	9.219305998679736547e+01
3.760478208018912749e+00	9.202261428691187461e+01
3.766755538573464346e+00	9.199064600067960384e+01
3.773032090135151506e+00	9.205586270254073611e+01
3.779322553012896879e+00	9.205549603173247419e+01
3.785609109731308930e+00	9.182910186364070171e+01
3.791889825936295200e+00	9.173146934522858942e+01
3.798174822702435893e+00	9.193531853817100341e+01
3.804458658753491651e+00	9.166235800366636965e+01
3.810738438095723435e+00	9.181661270145035303e+01
3.817018850285747167e+00	9.165171896535595408e+01
3.823305314209427763e+00	9.169189984451170972e+01
3.829591295197792178e+00	9.163001797417480532e+01
3.835872296070849341e+00	9.161487591727264146e+01
3.842156279590906109e+00	9.161064102086473326e+01
3.848441511099312429e+00	9.126005928587501614e+01
3.854723334376886079e+00	9.133186858366615013e+01
3.861004740704794713e+00	9.120854047967273459e+01
3.867284336650660848e+00	9.132330887479953674e+01
3.873567367678779849e+00	9.135459900627198238e+01
3.879850662830422792e+00	9.118659273048254477e+01
3.886137063198143338e+00	9.121082121503502549e+01
3.892419463049126005e+00	9.134864785929261188e+01
3.898703740328622658e+00	9.109948639410953319e+01
3.904991458788179326e+00	9.126479512985801534e+01
3.911270842222104083e+00	9.116662251186812682e+01
3.917549806479573071e+00	9.118717055308633235e+01
3.923836006203090587e+00	9.116392665558434771e+01
3.930121452497870926e+00	9.119666701981061863e+01
3.936398172858230460e+00	9.118704696247425545e+01
3.942683040425962293e+00	9.127860077355900614e+01
3.948974759704379611e+00	9.114109510096596978e+01
3.955259227995065352e+00	9.120126895434079017e+01
3.961537174921395454e+00	9.135627632570033541e+01
3.967820217617139544e+00	9.127799807270825738e+01
3.974105559832568968e+00	9.143098254967291894e+01
3.980384727931198352e+00	9.130040019759914571e+01
3.986664590839849698e+00	9.121268427335482443e+01
3.992949619150675034e+00	9.150611648976514800e+01
3.999235075769965952e+00	9.151699226825178357e+01
4.005515715515433506e+00	9.144908066608373076e+01
4.011798434346478537e+00	9.143297059884443456e+01
4.018083716245132386e+00	9.157900043355252251e+01
4.024365700052603856e+00	9.159483789190070979e+01
4.030643960839860540e+00	9.163441580831705835e+01
4.036928708926215137e+00	9.156166384103724454e+01
4.043218157412017177e+00	9.173127358601105641e+01
4.049503019487663558e+00	9.179632226653679083e+01
4.055781898960511000e+00	9.191702982384487086e+01
4.062060795621602161e+00	9.192478741883026316e+01
4.068347865354716042e+00	9.214877392519282751e+01
4.074631027173265529e+00	9.215378292472011879e+01
4.080910837526078971e+00	9.240323872805672067e+01
4.087201203341442657e+00	9.235175371268012157e+01
4.093486818591942189e+00	9.237383043993287401e+01
4.099764387336505500e+00	9.251399582583606218e+01
4.106049166937662420e+00	9.250434685120569611e+01
4.112334559041358695e+00	9.268825268262280304e+01
4.118618926059533614e+00	9.290085848114507883e+01
4.124898942031112625e+00	9.266841064428128050e+01
4.131175432561665417e+00	9.312425675069857789e+01
4.137461563786142271e+00	9.304126647085425361e+01
4.143746006210170307e+00	9.315695007942947825e+01
4.150029800482964326e+00	9.334900465437726780e+01
4.156313390684649001e+00	9.338191039893715129e+01
4.162596105843763716e+00	9.343925949492461314e+01
4.168881843141768684e+00	9.371231751910217156e+01
4.175162111073220217e+00	9.380413897285848179e+01
4.181448573417560155e+00	9.377986108630675233e+01
4.187738782464171194e+00	9.401277147675355650e+01
4.194017437180169061e+00	9.439247755265476769e+01
4.200293572701767175e+00	9.420225374339803182e+01
4.206580195481546269e+00	9.435526765474293143e+01
4.212860644652220543e+00	9.467426232790400320e+01
4.219138153430114002e+00	9.480385499789507264e+01
4.225426162098283811e+00	9.505444627728270746e+01
4.231713506719782636e+00	9.512432628151353242e+01
4.237990056577191744e+00	9.529287891571533464e+01
4.244267783646744618e+00	9.534965790750790404e+01
4.250560660182562955e+00	9.577799116401939727e+01
4.256847734842668096e+00	9.597893420982846635e+01
4.263127100734456221e+00	9.602202181594161345e+01
4.269406860432507500e+00	9.594349963734886444e+01
4.275691671482192646e+00	9.631992696224973827e+01
4.281972414189518794e+00	9.660523121661368862e+01
4.288253516806755705e+00	9.680028078076594511e+01
4.294540520160492925e+00	9.709767498407819630e+01
4.300825742921731809e+00	9.740790374264143736e+01
4.307109835491901961e+00	9.728832142625023494e+01
4.313390926478413157e+00	9.750008330314594218e+01
4.319667979480563247e+00	9.753203187989184642e+01
4.325952598143786076e+00	9.777094031268728713e+01
4.332241647035422361e+00	9.812092614087907805e+01
4.338524445619096781e+00	9.831024247701228092e+01
4.344809348131129845e+00	9.842394142874860563e+01
4.351090699193166600e+00	9.869486481356328511e+01
4.357369710808320029e+00	9.889813796659241518e+01
4.363659348967174445e+00	9.897344967306072760e+01
4.369947418280990981e+00	9.924086552391959515e+01
4.376226569265827315e+00	9.966262184653598410e+01
4.382499356631129217e+00	9.949235167811227143e+01
4.388784975178015024e+00	1.000626431034068844e+02
4.395068696309480494e+00	9.983196445034727162e+01
4.401347962382031298e+00	1.004439978347442235e+02
4.407628405096517099e+00	1.003138820134111882e+02
4.413915862185140426e+00	1.005780207317966557e+02
4.420203163534264235e+00	1.007728300354568489e+02
4.426480311003382795e+00	1.009261598251849961e+02
4.432765973643649104e+00	1.012738788353623107e+02
4.439053392023870614e+00	1.012086703419800529e+02
4.445336141335588742e+00	1.014577788867041050e+02
4.451617241414883352e+00	1.015499910646806114e+02
4.457901500730311106e+00	1.015122395996577609e+02
4.464189501093017043e+00	1.017995847179202684e+02
4.470470197548729985e+00	1.015392278098648120e+02
4.476748044268524573e+00	1.019582326845356022e+02
4.483035990164653484e+00	1.019621232005466567e+02
4.489323331650528104e+00	1.019817954847190862e+02
4.495599111667934800e+00	1.018208414171080562e+02
4.501870922878794090e+00	1.018514677583379466e+02
4.508155162877705457e+00	1.020255713279718606e+02
4.514446451153479423e+00	1.018103413330475178e+02
4.520723894043856994e+00	1.017577680427375668e+02
4.527003782460155890e+00	1.014505643826446430e+02
4.533293086610313161e+00	1.015160966579301913e+02
4.539578989864040182e+00	1.011384636451830659e+02
4.545857164866476730e+00	1.010646866325416227e+02
4.552138955546025656e+00	1.007800882732275909e+02
4.558432046889146605e+00	1.005674582960462686e+02
4.564713463378488711e+00	1.002824527036126057e+02
4.570987274133244682e+00	1.004239652737992827e+02
4.577274818151045643e+00	1.005408702279802924e+02
4.583563263889338657e+00	1.000126158890893038e+02
4.589844917004465508e+00	1.003950182637604200e+02
4.596126259982004747e+00	1.002918927618779321e+02
4.602409075598298926e+00	1.000894978133088813e+02
4.608696634867644804e+00	1.004768080216293242e+02
4.614977646498861219e+00	1.000657448811158332e+02
4.621258953029527383e+00	1.004899512090625109e+02
4.627547993978874175e+00	1.003055768708563136e+02
4.633830152730579854e+00	1.002609347334375798e+02
4.640104005367354567e+00	1.006510255445218291e+02
4.646382060386754276e+00	1.004908852583951102e+02
4.652674213731970987e+00	1.011287086523125822e+02
4.658958291796220230e+00	1.006881073205529304e+02
4.665233615070169648e+00	1.004684257534892566e+02
4.671520675710307380e+00	1.006110670243435123e+02
4.677814351732177300e+00	1.004147014065324868e+02
4.684093699744638073e+00	1.009094694104211527e+02
4.690368661472568590e+00	1.011409097178201932e+02
4.696663270746453733e+00	1.010380371784731892e+02
4.702945459248681459e+00	1.016452413033829174e+02
4.709209170841929470e+00	1.015882920358267825e+02
4.715491634753063543e+00	1.019873584934450719e+02
4.721784316284933780e+00	1.013831993611926379e+02
4.728063062331094635e+00	1.021586665018268434e+02
4.734337423381671073e+00	1.021544051467173944e+02
4.740627024094544062e+00	1.020141499141692094e+02
4.746914995664547554e+00	1.023287648674702552e+02
4.753194740071086777e+00	1.027202759935668581e+02
4.759478891864783456e+00	1.027222048654487594e+02
4.765762396877359031e+00	1.030341353295493292e+02
4.772049481246195768e+00	1.031974542533321682e+02
4.778335091022592351e+00	1.035778224257354623e+02
4.784610831402393849e+00	1.035364128175304330e+02
4.790907306208476157e+00	1.036789298702807542e+02
4.797204047706418173e+00	1.044611504952047909e+02
4.803470827697504220e+00	1.041972089806010899e+02
4.809748850577324042e+00	1.044892793559590274e+02
4.816045316586602176e+00	1.049571992142331425e+02
4.822329240673497885e+00	1.049636581093956096e+02
4.828596758226470165e+00	1.055419399876521425e+02
4.834890332961369275e+00	1.057462959043462405e+02
4.841191655056394261e+00	1.055973900070374754e+02
4.847460407468000554e+00	1.061610769002003138e+02
4.853732128521334843e+00	1.066679989333863290e+02
4.860029138783373170e+00	1.068335107287594923e+02
4.866314601732018019e+00	1.069656073305570345e+02
4.872587026269203925e+00	1.071023102838571646e+02
4.878874221748241702e+00	1.078979471681310542e+02
4.885171078138658807e+00	1.076941883422492339e+02
4.891450629931857641e+00	1.080993858925831859e+02
4.897716482750221978e+00	1.090417404794093557e+02
4.904002834596266069e+00	1.087607234873408544e+02
4.910295858205786068e+00	1.099705021976435546e+02
4.916575188115905881e+00	1.099584779760027118e+02
4.922847946197084212e+00	1.096605236091538842e+02
4.929131667457151700e+00	1.110901902631356251e+02
4.935434460144239033e+00	1.119254854621825075e+02
4.941718513303545279e+00	1.116646940893047457e+02
4.947978624761803168e+00	1.119554815517683295e+02
4.954274999209829389e+00	1.120451257409093131e+02
4.960571094729937514e+00	1.133136623751946104e+02
4.966823207626954506e+00	1.128073684174883908e+02
4.973097418390337587e+00	1.131206239536707159e+02
4.979415129936382023e+00	1.140476192828977560e+02
4.985702082330368157e+00	1.146299294130846249e+02
4.991949985828016523e+00	1.155508759701067163e+02
4.998241586316924057e+00	1.151903178872836548e+02
5.004556635606089543e+00	1.157559401919048980e+02
5.010828655701208945e+00	1.165703512400356772e+02
5.017077229702536556e+00	1.169336882886443618e+02
5.023374414758113637e+00	1.175264584663771501e+02
5.029688873569548413e+00	1.185575146274073575e+02
5.035958413584124216e+00	1.195465599929212601e+02
5.042232667658486989e+00	1.193608972670741224e+02
5.048528755870775875e+00	1.198596907435817656e+02
5.054821121427484520e+00	1.198232739027882445e+02
5.061069509814582368e+00	1.209605217495315941e+02
5.067347812754101177e+00	1.217584658244988702e+02
5.073675050630431116e+00	1.222019863634840249e+02
5.079945928388977627e+00	1.234046000531110678e+02
5.086192992546071601e+00	1.236828291665595003e+02
5.092484128970163226e+00	1.247667067868095501e+02
5.098802924706086870e+00	1.257216071330417151e+02
5.105078217426394005e+00	1.257579212114034277e+02
5.111325076574067872e+00	1.268670696277376777e+02
5.117628358851224135e+00	1.284143417277498997e+02
5.123935939383525984e+00	1.277753142202619898e+02
5.130199176325612065e+00	1.293102642152315980e+02
5.136469985878846956e+00	1.297152477913122937e+02
5.142797788696348071e+00	1.302939096233537839e+02
5.149090378043822192e+00	1.312210013552873136e+02
5.155289879840074363e+00	1.322974055224214851e+02
5.161564521234301317e+00	1.327938331236468912e+02
5.167916673496016244e+00	1.351194788867040018e+02
5.174205974602950064e+00	1.345055072785288530e+02
5.180434820793812456e+00	1.365604527757152482e+02
5.186729096569634656e+00	1.360767758660618085e+02
5.193058481037780894e+00	1.389765547538797534e+02
5.199319511444338460e+00	1.374831397721391113e+02
5.205574295584361799e+00	1.396212810174378944e+02
5.211894977074066126e+00	1.401575933819623856e+02
5.218201708336958511e+00	1.413777876837480392e+02
5.224411911780083351e+00	1.422515694177358512e+02
5.230677632666463239e+00	1.419931800241672022e+02
5.237056729559757429e+00	1.460016834963496706e+02
5.243336785035660697e+00	1.465452281637770398e+02
5.249493476178225038e+00	1.479892460342862250e+02
5.255787017738318134e+00	1.477564919311448079e+02
5.262205327426889845e+00	1.498286613977582817e+02
5.268477758348532269e+00	1.525300528751253353e+02
5.274632213654732560e+00	1.525744979243864634e+02
5.280950543314659740e+00	1.538405955583262710e+02
5.287327645024750389e+00	1.540989937053861354e+02
5.293582359180156516e+00	1.561825030609167868e+02
5.299789992649893478e+00	1.544098014257882880e+02
5.306111460381987222e+00	1.574279932742574886e+02
5.312452717892129250e+00	1.575736945340947557e+02
5.318650122853046724e+00	1.611285711207786733e+02
5.324923043129819789e+00	1.633327733365699714e+02
5.331330237158205421e+00	1.621522505288074569e+02
5.337586726886338617e+00	1.639895898964777246e+02
5.343685192440848830e+00	1.674956878296869434e+02
5.350070659715249199e+00	1.710214185952811192e+02
5.356556762554878226e+00	1.715765695561077564e+02
5.362691868684501095e+00	1.724098637227564552e+02
5.368769208912516966e+00	1.715872207684615489e+02
5.375270137997677722e+00	1.720971651447337649e+02
5.381769983045385786e+00	1.769710812048896287e+02
5.387701030372958222e+00	1.791953697685571285e+02
5.393786668001271600e+00	1.808638194162287789e+02
5.400446161099396569e+00	1.835947918397120873e+02
5.406957063684501463e+00	1.849566089949626075e+02
5.412655672453426270e+00	1.890079193707943830e+02
5.418821279260546575e+00	1.924226732634365931e+02
5.425690594366304076e+00	1.945102529493753138e+02
5.432217487502165376e+00	1.947328530556476665e+02
5.437649811577258241e+00	1.932100489282053104e+02
5.443914404015878006e+00	1.983479096534463793e+02
5.450953501686320202e+00	2.028150493780130148e+02
5.457483690405861232e+00	2.029354504861782686e+02
5.462715250135157241e+00	2.054299352975814656e+02
5.469033575551323523e+00	2.041818396587693201e+02
5.476177730420278778e+00	2.091483441213412675e+02
5.482708935702562236e+00	2.093695709544858232e+02
5.487722405008360838e+00	2.174568484474966681e+02
5.494194284996126498e+00	2.258373057474189807e+02
5.501391471009256406e+00	2.165477247439798703e+02
5.507128202673079009e+00	2.234791015845099480e+02
5.512278020050448646e+00	2.097450282859181243e+02
5.519395563377015534e+00	2.464596023720487779e+02
5.526598678609708770e+00	2.365296738870489719e+02
5.532162682462509196e+00	2.287703135903299767e+02
5.537397124017139127e+00	2.175330926366736151e+02
5.544582756485218589e+00	2.622424059285041835e+02
5.551739327507637434e+00	2.427749475632940630e+02
5.557493306674907707e+00	2.078111627363154241e+02
5.562281709102816940e+00	2.744474916233218096e+02
5.569272720323164449e+00	8.599888320930185159e+01
