8.899641224696953554e-03	3.399913328113647367e+03
1.507912216506557788e-02	7.468714638383792590e+03
2.144790186456836667e-02	7.103181085629618792e+03
2.783660776489276650e-02	7.784762997646132135e+03
3.435099785803411021e-02	7.575127212161080934e+03
4.047886761425745911e-02	7.051857610255852705e+03
4.676716683575679601e-02	7.091377164066427213e+03
5.308225101765951665e-02	6.609885903279418926e+03
5.945362440940590160e-02	6.327599009039138764e+03
6.576224814588792211e-02	5.667213835882593230e+03
7.196632906698736953e-02	5.784419780220804569e+03
7.827860915688347743e-02	5.174748043494078047e+03
8.470398945834539672e-02	4.735069214372567330e+03
9.096854620527369817e-02	4.498606527655059836e+03
9.720789776830213169e-02	4.125907623987715851e+03
1.034763038959366499e-01	3.952370363516894940e+03
1.097576444254559219e-01	3.440213265031643004e+03
1.160543084780093354e-01	3.463287444810594025e+03
1.223669666537485351e-01	3.087283290544778538e+03
1.286817263090294094e-01	2.996490793595196919e+03
1.349500801664080818e-01	2.885688083450331760e+03
1.411949558842147678e-01	2.722027653548613216e+03
1.475133575747468451e-01	2.698916566722012249e+03
1.537865074252268427e-01	2.509724927627843954e+03
1.600657544051110326e-01	2.422551727206758187e+03
1.663991168687080635e-01	2.286381561297719600e+03
1.727195645776442856e-01	2.159016735530121878e+03
1.789765213377084718e-01	2.049710125799980688e+03
1.852353690647852158e-01	2.004599585629290232e+03
1.914806787341157279e-01	1.916021153090944154e+03
1.977889868651535599e-01	1.825320472629711276e+03
2.040937735447724277e-01	1.801336179458624883e+03
2.103939302609846018e-01	1.733201855538427026e+03
2.166909709822301688e-01	1.657328832716131501e+03
2.229700281216152047e-01	1.598138608763895036e+03
2.292620027086341994e-01	1.541696854010506968e+03
2.355141508366812297e-01	1.511788418456331328e+03
2.417910583817859116e-01	1.431554568236341538e+03
2.480856539439619257e-01	1.392561568360032652e+03
2.543492256872954549e-01	1.352058030096901348e+03
2.606334251884805386e-01	1.309839631496465472e+03
2.669257370896960802e-01	1.290137435089945029e+03
2.732423343141155980e-01	1.253228729693748392e+03
2.795529680084415936e-01	1.218641286421752966e+03
2.858366292314493129e-01	1.193392506082763248e+03
2.920876271394311496e-01	1.164882994829588824e+03
2.983449844439822751e-01	1.143332658113440175e+03
3.046382639407197446e-01	1.078984807788950320e+03
3.109279127003197196e-01	1.075266782617055469e+03
3.172168171618398036e-01	1.059473760124314367e+03
3.235187567944423082e-01	1.031864470934582414e+03
3.298168217550395687e-01	1.000235444120698844e+03
3.361176429457156667e-01	9.784434559386685351e+02
3.423700375709273769e-01	9.648249535682153919e+02
3.486478192666269682e-01	9.549275028190107832e+02
3.549411614411318028e-01	9.255034083307072024e+02
3.611916935421040642e-01	9.132705145087130632e+02
3.674767089563572564e-01	8.954433525246515728e+02
3.737647795277591056e-01	8.785877025989830145e+02
3.800654031475132477e-01	8.602503606983012787e+02
3.863539861259823738e-01	8.514158967879325246e+02
3.926140181364449755e-01	8.280301366664647276e+02
3.989264500321934581e-01	8.129184307761491937e+02
4.052073244576828714e-01	8.054031849422912046e+02
4.114916477570477182e-01	7.906336526851225699e+02
4.177814272116491257e-01	7.803818561178256914e+02
4.240400648725131116e-01	7.712774003323049783e+02
4.303425690270192283e-01	7.525853347221473086e+02
4.366358560255625965e-01	7.426018365624909165e+02
4.428996183220763605e-01	7.302345392169274874e+02
4.491634418529859563e-01	7.254922726559792636e+02
4.554414146254732731e-01	7.068373384152763492e+02
4.617634470301058558e-01	6.968746744255914791e+02
4.680644242023710433e-01	6.951806705833366777e+02
4.743485242764365895e-01	6.776787401883551638e+02
4.806356136815400082e-01	6.757457003234871991e+02
4.869019258388697646e-01	6.620684029707207401e+02
4.931697099599955947e-01	6.528440656017520496e+02
4.994506747144535908e-01	6.461574246440732168e+02
5.057159051335421429e-01	6.393030849546116769e+02
5.119923996268095356e-01	6.359343666508210617e+02
5.183126097768406826e-01	6.277820231266582596e+02
5.246089638029100000e-01	6.212856894760871000e+02
5.308757308483337267e-01	6.082064664277206703e+02
5.371573527946726934e-01	6.017125509994041295e+02
5.434579563783791256e-01	5.958182671001646895e+02
5.497430652392217842e-01	5.898030589069610414e+02
5.559937427501778773e-01	5.808184045336747658e+02
5.622854676609657654e-01	5.717371522710388945e+02
5.686011537227265711e-01	5.765342900556190671e+02
5.748804589422079614e-01	5.680363643404837148e+02
5.811550210340560296e-01	5.586370264231305782e+02
5.874394496660968468e-01	5.577072128736691639e+02
5.937176220296899176e-01	5.467254392420333033e+02
5.999971954793682505e-01	5.440316479848690960e+02
6.062679115124277596e-01	5.407191283107329127e+02
6.125469576444534381e-01	5.375618582853174985e+02
6.188477733041515272e-01	5.310583301624041042e+02
6.251310567437898813e-01	5.254592569748391497e+02
6.314027450383210560e-01	5.175202648816621149e+02
6.377003562732055375e-01	5.138970531691252290e+02
6.439857783314556494e-01	5.052983011853214066e+02
6.502685417166111925e-01	5.046785886169988657e+02
6.565586117699038216e-01	4.994063732935971416e+02
6.628369282359254377e-01	4.921294845183108464e+02
6.691185444962194362e-01	4.901351530443865272e+02
6.754070198575605755e-01	4.838816315815137159e+02
6.816835514593204692e-01	4.810063763373632355e+02
6.879592533861698112e-01	4.785247841440126990e+02
6.942344317039531587e-01	4.734225060289922453e+02
7.005175402434737908e-01	4.718801623390894520e+02
7.068124956608716758e-01	4.672513500794703987e+02
7.131019009674921527e-01	4.651338265922345840e+02
7.193918251171427247e-01	4.627328164292262045e+02
7.256833807598113140e-01	4.573359596044997488e+02
7.319652682709349989e-01	4.528523263261991474e+02
7.382507990484923344e-01	4.480956538298510736e+02
7.445265842115937893e-01	4.475298981432488858e+02
7.507871101942712455e-01	4.404622708670826228e+02
7.570758465316046459e-01	4.391039660251913119e+02
7.633641233600957365e-01	4.334990111354906048e+02
7.696462959862266917e-01	4.334182542340055306e+02
7.759394865175414102e-01	4.288908958521625436e+02
7.822329141989586843e-01	4.265992903292283813e+02
7.885314936520240181e-01	4.215006746970875611e+02
7.947896566979522071e-01	4.224404134727057567e+02
8.010491096592354809e-01	4.169934818567566026e+02
8.073364061727361651e-01	4.140064404808790073e+02
8.136229488373866170e-01	4.131492259125590749e+02
8.199152998961036776e-01	4.080502382085609838e+02
8.261952636392789762e-01	4.060186370946932470e+02
8.324897070080405914e-01	4.046377088432982987e+02
8.387959309210778480e-01	3.991472785021621235e+02
8.450634639703045181e-01	3.984382050080056956e+02
8.513282867562648182e-01	3.963636878673581236e+02
8.576198263902009566e-01	3.926699429621538684e+02
8.639058477062415697e-01	3.893417406862503185e+02
8.701838745487597837e-01	3.863342964975335008e+02
8.764641096075268534e-01	3.866743526368603057e+02
8.827503873399735745e-01	3.830935525816482254e+02
8.890332768393869323e-01	3.798864778099128898e+02
8.953084247113127780e-01	3.793394643291246666e+02
9.015956521667095602e-01	3.742193083849863910e+02
9.078833328094829680e-01	3.739631723512972599e+02
9.141744106319863450e-01	3.712992889784450199e+02
9.204630817717615043e-01	3.675266218682421595e+02
9.267434415264711456e-01	3.657256682260617140e+02
9.330324197354928906e-01	3.627826899697366798e+02
9.393265785573878812e-01	3.618754262346084261e+02
9.455974810398196650e-01	3.600252098306538073e+02
9.518660018545171964e-01	3.562150891640939108e+02
9.581413255531838757e-01	3.536039571786247393e+02
9.644350945109106954e-01	3.529663068636522212e+02
9.707355633568249820e-01	3.509134999557246601e+02
9.770080768450029041e-01	3.505536872952191061e+02
9.832823325363413414e-01	3.467711812636299555e+02
9.895569691966674686e-01	3.464353332640849885e+02
9.958456301921106979e-01	3.437449111175011467e+02
1.002136210743837408e+00	3.420603741306294978e+02
1.008404825335135424e+00	3.388849793281537472e+02
1.014694149836243398e+00	3.364042505295869887e+02
1.020992555437297167e+00	3.363545006488974423e+02
1.027273980437394485e+00	3.345152545807787874e+02
1.033559181896017254e+00	3.304869273140715791e+02
1.039847557392594934e+00	3.290477261822247783e+02
1.046126974943305088e+00	3.285975085472213095e+02
1.052403436811028659e+00	3.254971713946580962e+02
1.058680704651608684e+00	3.237371511416089902e+02
1.064964333065789193e+00	3.224449391292023961e+02
1.071256777440835473e+00	3.202641473826272431e+02
1.077544048801078125e+00	3.180061828925296936e+02
1.083824820188043603e+00	3.173757898809532207e+02
1.090108023942816695e+00	3.156568747223860214e+02
1.096389665956643222e+00	3.133521441715968763e+02
1.102681132058841440e+00	3.117089884766279511e+02
1.108963047594879958e+00	3.116094777500704822e+02
1.115225428463759272e+00	3.091054009581789614e+02
1.121502127614767863e+00	3.069279823850510525e+02
1.127792573824792033e+00	3.050532444922585569e+02
1.134089552668382961e+00	3.053231532336659484e+02
1.140364049650405942e+00	3.024028309547873619e+02
1.146639180320979445e+00	3.008789609584441678e+02
1.152942412991649901e+00	2.973388196828050809e+02
1.159228906751078814e+00	2.973167631044451582e+02
1.165508721887268173e+00	2.956021678285330267e+02
1.171793076256210320e+00	2.955530249349444034e+02
1.178087436369658958e+00	2.930611220870404736e+02
1.184367654251526902e+00	2.915898797952700647e+02
1.190634642299266632e+00	2.891868954947555039e+02
1.196912208834400859e+00	2.898825795494349222e+02
1.203201577354146234e+00	2.872125249381624599e+02
1.209486844441705733e+00	2.865376987329345866e+02
1.215763902074809888e+00	2.847774643242769912e+02
1.222049755171146668e+00	2.828463700897356716e+02
1.228340616621486969e+00	2.821019136736358064e+02
1.234632986576932767e+00	2.800446304952588434e+02
1.240902247176856488e+00	2.789370766993773714e+02
1.247174839144687519e+00	2.786895836216582438e+02
1.253465459933442272e+00	2.762895974247987851e+02
1.259749951892178421e+00	2.750826637956775471e+02
1.266032143127253873e+00	2.743861874399209455e+02
1.272316288472006507e+00	2.730254273449157267e+02
1.278604155058621350e+00	2.702849339994075422e+02
1.284886588933593865e+00	2.693870714937751245e+02
1.291175420066583257e+00	2.677575506455373784e+02
1.297465726373772332e+00	2.667525859216974027e+02
1.303741827011944299e+00	2.655848443004605315e+02
1.310017322922761851e+00	2.637960121601713581e+02
1.316301447662886703e+00	2.629530876567997097e+02
1.322586760363303249e+00	2.617813195463729699e+02
1.328865492452874664e+00	2.604861351762262984e+02
1.335144804954555564e+00	2.600085509263264498e+02
1.341440516272275119e+00	2.590815555740521745e+02
1.347730868417094552e+00	2.568873725466705764e+02
1.354001589994877630e+00	2.568799223766171735e+02
1.360282609297778444e+00	2.553325285485715312e+02
1.366565686457597906e+00	2.538873726939126243e+02
1.372851498482432708e+00	2.522275906988301983e+02
1.379135372929401804e+00	2.515562399364604858e+02
1.385409567149057164e+00	2.494392460194842442e+02
1.391698641219299315e+00	2.488810687016768100e+02
1.397984451439470810e+00	2.488539998201998458e+02
1.404267883409181961e+00	2.460775263665773025e+02
1.410554779484869181e+00	2.453801334619180352e+02
1.416837833547465397e+00	2.441344464812603405e+02
1.423118177187137068e+00	2.429954168511607975e+02
1.429397801164240089e+00	2.422717374339303831e+02
1.435686921822787232e+00	2.409187965910568323e+02
1.441977121769299597e+00	2.399511465905050613e+02
1.448253667853332427e+00	2.388035740445495776e+02
1.454532348972172651e+00	2.378846557271521363e+02
1.460819319151879903e+00	2.368341568550976604e+02
1.467110364402026468e+00	2.362257048213671453e+02
1.473392908948962132e+00	2.345093116317321744e+02
1.479669965243598950e+00	2.329340043577071526e+02
1.485956144602843532e+00	2.328266021556914609e+02
1.492233610763115115e+00	2.311950045765805157e+02
1.498502470379980078e+00	2.308319864458420909e+02
1.504785752051182701e+00	2.290747358321046647e+02
1.511075991894575976e+00	2.282088845590773474e+02
1.517361634985162189e+00	2.271586465702739304e+02
1.523648570969130533e+00	2.263237084099093295e+02
1.529938035715892264e+00	2.261492617965734837e+02
1.536230176913891965e+00	2.240537521011261788e+02
1.542510718779388279e+00	2.233216637003121434e+02
1.548783963082980275e+00	2.224592582197637114e+02
1.555073069779651318e+00	2.214602616837335063e+02
1.561357324927233892e+00	2.203330597282745202e+02
1.567629121053141006e+00	2.192053956373667631e+02
1.573913697404382583e+00	2.191472833991614664e+02
1.580203545230874029e+00	2.170511011464722344e+02
1.586485393434537983e+00	2.163039796560008483e+02
1.592760014263005841e+00	2.160555996808193981e+02
1.599046436394670812e+00	2.141626145423312551e+02
1.605342136637478934e+00	2.133975044628996898e+02
1.611619860919608627e+00	2.126764176518218505e+02
1.617897597081673799e+00	2.117030722361969310e+02
1.624183235481122756e+00	2.106207630743558639e+02
1.630464598531913722e+00	2.102030705586496993e+02
1.636748985747638274e+00	2.093668774953709431e+02
1.643030923698886259e+00	2.077475991869087011e+02
1.649309176648513064e+00	2.074493102001509897e+02
1.655593633940351861e+00	2.063509369513242291e+02
1.661879571405086464e+00	2.059989966999752369e+02
1.668169361685170271e+00	2.045053470062740359e+02
1.674450151530487485e+00	2.038253023492010811e+02
1.680722718978495900e+00	2.033446339582596636e+02
1.687013891340952476e+00	2.020660994984123988e+02
1.693308984907921033e+00	2.012741370729098094e+02
1.699582147428448486e+00	2.001332401603148412e+02
1.705863747055134105e+00	1.996958017255070104e+02
1.712154434283889470e+00	1.984928045779628007e+02
1.718438381579399321e+00	1.983788535369101851e+02
1.724721264464063930e+00	1.970378206173293734e+02
1.730997441276920679e+00	1.961279333297054848e+02
1.737287073528269499e+00	1.954810809910987643e+02
1.743567991878527401e+00	1.942814256335698246e+02
1.749840680212231048e+00	1.931641605868524891e+02
1.756128549091961144e+00	1.925171431282184358e+02
1.762413535324792502e+00	1.918952088264551321e+02
1.768696187669963837e+00	1.917522998136807360e+02
1.774979359379055266e+00	1.909310989048379099e+02
1.781265555576432957e+00	1.898303663938516479e+02
1.787549427830244619e+00	1.887120225222182910e+02
1.793834120011633004e+00	1.883122457570337929e+02
1.800115051552487300e+00	1.872636697418056144e+02
1.806393904854530330e+00	1.868097043335223759e+02
1.812674089667083432e+00	1.856278262376448254e+02
1.818956920109354058e+00	1.851585468771554872e+02
1.825244164118212220e+00	1.846177734493734590e+02
1.831527256642196955e+00	1.832217963599643724e+02
1.837811294935716599e+00	1.826431555957985040e+02
1.844100717411196744e+00	1.816741271298250524e+02
1.850384816792487230e+00	1.816369795498245878e+02
1.856666059735203822e+00	1.807916121645066028e+02
1.862947728675613979e+00	1.794400870253959113e+02
1.869229324466858078e+00	1.786993453414757198e+02
1.875517616802973686e+00	1.785844212248449594e+02
1.881800769033795229e+00	1.774139865820301054e+02
1.888078863416442710e+00	1.768941198998631705e+02
1.894353975182237582e+00	1.761468588716016939e+02
1.900642716154182565e+00	1.757551274087800834e+02
1.906933494748685121e+00	1.745623570677737746e+02
1.913207568676573933e+00	1.741215291328387593e+02
1.919490884732178992e+00	1.736288625377544292e+02
1.925776855684274480e+00	1.728902945146342347e+02
1.932064452961978152e+00	1.720953555493763076e+02
1.938342610030488800e+00	1.715087068817287275e+02
1.944618341543410178e+00	1.707219599271690242e+02
1.950906260203513876e+00	1.700166295928442537e+02
1.957194556613796488e+00	1.694695016786959627e+02
1.963479614559011432e+00	1.689523323212628156e+02
1.969760361532916226e+00	1.684620797269793968e+02
1.976048367034604736e+00	1.670620924889830690e+02
1.982337990217652335e+00	1.666575447439595905e+02
1.988617489259562721e+00	1.661104648488652629e+02
1.994896320665194178e+00	1.653715726215211532e+02
2.001179596222827151e+00	1.647297686914438657e+02
2.007459756923499761e+00	1.638647643606708755e+02
2.013737397779169935e+00	1.635504063517380757e+02
2.020017234677497164e+00	1.627528869403653573e+02
2.026310251015072783e+00	1.618351820918406077e+02
2.032600542948020284e+00	1.619572714404476983e+02
2.038873863192099289e+00	1.610631206817714656e+02
2.045154087821675404e+00	1.605651141480649642e+02
2.051444704514288730e+00	1.598729574183076068e+02
2.057730430280644729e+00	1.588746671463745486e+02
2.064013940455224461e+00	1.586639814023749011e+02
2.070299891179459895e+00	1.579163998010524779e+02
2.076589719964883951e+00	1.570268260153580115e+02
2.082865483794470673e+00	1.566824534094986916e+02
2.089134494859368640e+00	1.560654595328973642e+02
2.095424211360070288e+00	1.556138205778947849e+02
2.101707116664804254e+00	1.554458749482031976e+02
2.107986473933564309e+00	1.543652834314849258e+02
2.114271806543862375e+00	1.539039687634700613e+02
2.120552717288892275e+00	1.530492159815402431e+02
2.126836933207161717e+00	1.526552799069087882e+02
2.133122044791171845e+00	1.523198379356484793e+02
2.139411711910842673e+00	1.513429805711955112e+02
2.145697076775292089e+00	1.509785612730862283e+02
2.151973548606471276e+00	1.505079844894768542e+02
2.158259913555724108e+00	1.497500742262808728e+02
2.164545396699105506e+00	1.495590660005493646e+02
2.170830700377734068e+00	1.490214099344252077e+02
2.177114138849150393e+00	1.484467470498944976e+02
2.183387647576827018e+00	1.477778426119526785e+02
2.189670273687676971e+00	1.470037137801108713e+02
2.195960147934207463e+00	1.469345265197705146e+02
2.202242556317716371e+00	1.460601752262164155e+02
2.208521655981037668e+00	1.455543256535860053e+02
2.214804637081333016e+00	1.451171235033143034e+02
2.221092583349425276e+00	1.446145440137530045e+02
2.227372893591468728e+00	1.442914251172907711e+02
2.233657161144248171e+00	1.434840713654569129e+02
2.239943485394438660e+00	1.432149374431935769e+02
2.246224175264620815e+00	1.424091646917942455e+02
2.252506378421252009e+00	1.421268021978652598e+02
2.258783417054270437e+00	1.417206060443723459e+02
2.265069077371457684e+00	1.408817961735611561e+02
2.271350377044131452e+00	1.403481400980187175e+02
2.277633995145353918e+00	1.401134855773345862e+02
2.283922419579920149e+00	1.395994830326819169e+02
2.290202874392252674e+00	1.388508245673767476e+02
2.296490779970905560e+00	1.386308298678444544e+02
2.302771769934229162e+00	1.383952621841355892e+02
2.309051364164305564e+00	1.372797033284333281e+02
2.315338502539088239e+00	1.370490266457769906e+02
2.321627336503874428e+00	1.365520196332912519e+02
2.327911878297218795e+00	1.361122977498900468e+02
2.334186238580297168e+00	1.359187181447135799e+02
2.340467971862688401e+00	1.353127719575961692e+02
2.346756940970738725e+00	1.347972313840442098e+02
2.353044444556199988e+00	1.345446795839246192e+02
2.359327653314069906e+00	1.342544670816280359e+02
2.365603048789861607e+00	1.336644928157868719e+02
2.371885911737665165e+00	1.330044959682581975e+02
2.378173303594019572e+00	1.327117640176572593e+02
2.384454016539381271e+00	1.320803971166112092e+02
2.390736447344785187e+00	1.317774560666432535e+02
2.397014133897952259e+00	1.311287902213438201e+02
2.403295490074321972e+00	1.308864704276510906e+02
2.409585049672506862e+00	1.305612916041436904e+02
2.415871703165322071e+00	1.300682044901277266e+02
2.422160652369088840e+00	1.296166199859781614e+02
2.428440167222748691e+00	1.293400641186438520e+02
2.434717472383889803e+00	1.289364476487395450e+02
2.441002456202044257e+00	1.281188490754886402e+02
2.447289980304530488e+00	1.282428836785958879e+02
2.453571844729242279e+00	1.276201635970596584e+02
2.459852705114058846e+00	1.271365575296703696e+02
2.466139233225018934e+00	1.268298518808695547e+02
2.472421963421291391e+00	1.265244643083139806e+02
2.478698519174224568e+00	1.262886252270030667e+02
2.484980841400355800e+00	1.258896849333123953e+02
2.491269319409339822e+00	1.251776133217287992e+02
2.497548505139029373e+00	1.249912731184414838e+02
2.503831667172610853e+00	1.246233790407517290e+02
2.510117938323931153e+00	1.245181037238498050e+02
2.516400733681277480e+00	1.240517161928707282e+02
2.522688226833368130e+00	1.237015688136431493e+02
2.528971695852665569e+00	1.231354920131756643e+02
2.535252039407670299e+00	1.227621258442116385e+02
2.541537514142774512e+00	1.225853957215321657e+02
2.547823008847572179e+00	1.219503775099047829e+02
2.554100666580690238e+00	1.216932772679128192e+02
2.560376788884177301e+00	1.215511612894073892e+02
2.566667521601497359e+00	1.209185190340374589e+02
2.572955062237090473e+00	1.206506884831772055e+02
2.579233771797999175e+00	1.203431555029234943e+02
2.585520164300948220e+00	1.199613479309534654e+02
2.591805130332431872e+00	1.198027364708649571e+02
2.598084074692260881e+00	1.195133099443349920e+02
2.604360404197643586e+00	1.190310546937833465e+02
2.610647185140439142e+00	1.188415353107600936e+02
2.616931864059273138e+00	1.185652273602012059e+02
2.623206107911065565e+00	1.182818469489430555e+02
2.629491626543270844e+00	1.180291613888458926e+02
2.635778507982642349e+00	1.177403958309378709e+02
2.642061039325260818e+00	1.171673157755945027e+02
2.648343840729305843e+00	1.171306753643761880e+02
2.654631838974855551e+00	1.164092643107921674e+02
2.660919001246303761e+00	1.164840242582212824e+02
2.667198525130066056e+00	1.160451934190073899e+02
2.673484307038032526e+00	1.161232252438802846e+02
2.679773388053849459e+00	1.156438927372927594e+02
2.686058217632288692e+00	1.151968728209968305e+02
2.692338738200057868e+00	1.148908004907683846e+02
2.698618022887226964e+00	1.145724541048066101e+02
2.704895450708277860e+00	1.142941281534360911e+02
2.711175674923682166e+00	1.141316710302905477e+02
2.717459832966957922e+00	1.140251916014867533e+02
2.723745731959044569e+00	1.137468057028400068e+02
2.730038414850594730e+00	1.134573325420825398e+02
2.736317989800789441e+00	1.132288544857767931e+02
2.742591858549239703e+00	1.130849821242587581e+02
2.748879749010778362e+00	1.126871264052912522e+02
2.755163403825859447e+00	1.124167736160570144e+02
2.761446955625852073e+00	1.123799023292548753e+02
2.767732088935374701e+00	1.119390535864498730e+02
2.774015452421743966e+00	1.117805953549389386e+02
2.780298635700591436e+00	1.114735334948031067e+02
2.786577474762241380e+00	1.112581537784994623e+02
2.792857983210164541e+00	1.110416393991966260e+02
2.799143790920211483e+00	1.108056124114201424e+02
2.805430058399325244e+00	1.105154519507676554e+02
2.811715058209780072e+00	1.104776757446104227e+02
2.817989272498773623e+00	1.102208930987849698e+02
2.824269171595737760e+00	1.100231477348241924e+02
2.830563016441804081e+00	1.098247043621993271e+02
2.836848750951622034e+00	1.095566771086610061e+02
2.843130027866129783e+00	1.093514835703371375e+02
2.849413896912404986e+00	1.092359992870282213e+02
2.855697464522425566e+00	1.091229799455385177e+02
2.861978799810683594e+00	1.088069635849156356e+02
2.868262469415629567e+00	1.087967628902882922e+02
2.874547359206753860e+00	1.087179025780948791e+02
2.880831111471525041e+00	1.083977095015238774e+02
2.887113216972382546e+00	1.082562711820780521e+02
2.893394504725182781e+00	1.080297833617486276e+02
2.899673662137033592e+00	1.080196730493953510e+02
2.905953958587380814e+00	1.077789313193683824e+02
2.912241118105161064e+00	1.076103771615624396e+02
2.918525996366671205e+00	1.076193958855546526e+02
2.924809035425688819e+00	1.073372985112204816e+02
2.931095916293684933e+00	1.072971395425822010e+02
2.937378182606774413e+00	1.070923955491228980e+02
2.943659980254369923e+00	1.069236188366872113e+02
2.949946454403890250e+00	1.068713521856243460e+02
2.956227653702202307e+00	1.067576090018162915e+02
2.962510478867462993e+00	1.065858689073307914e+02
2.968796535179442309e+00	1.066505215351183580e+02
2.975077657376874907e+00	1.066113756175485889e+02
2.981359866759223376e+00	1.063702211341575889e+02
2.987646761575656562e+00	1.063215854690646012e+02
2.993929038370399365e+00	1.062625748487728714e+02
3.000206214840962726e+00	1.061217745541603534e+02
3.006486172402415669e+00	1.059560726027235091e+02
3.012769812211594456e+00	1.061204071994463618e+02
3.019053144326170113e+00	1.059881046091468733e+02
3.025337405144251424e+00	1.058713158443671745e+02
3.031623734799107961e+00	1.057284428636415043e+02
3.037908962055872575e+00	1.056187947927040938e+02
3.044195067146031608e+00	1.059400765297776843e+02
3.050475543482170426e+00	1.057008172235380385e+02
3.056754954538277502e+00	1.055864797571471314e+02
3.063040539557494668e+00	1.056478716383297325e+02
3.069323699454357346e+00	1.056887863949382762e+02
3.075610692642898769e+00	1.055252403778225414e+02
3.081893798009918584e+00	1.056742647111287852e+02
3.088174549548037717e+00	1.055797141048328314e+02
3.094458635632868493e+00	1.057573377792890170e+02
3.100743982931558840e+00	1.058378701577371572e+02
3.107028111748448396e+00	1.057160018628777607e+02
3.113309299655494300e+00	1.055933821534630965e+02
3.119590662867241626e+00	1.057295344757478119e+02
3.125874006820172912e+00	1.056893779309210117e+02
3.132159251154602586e+00	1.058773233094089221e+02
3.138439172765940643e+00	1.060167077331626473e+02
3.144723867719826593e+00	1.057862426645466343e+02
3.151003951258561031e+00	1.058638214527355217e+02
3.157283664131563139e+00	1.061522110160524477e+02
3.163569317183839935e+00	1.060267705503505624e+02
3.169851661717792091e+00	1.061664555640210068e+02
3.176137704316093657e+00	1.064094233233809490e+02
3.182420924828643916e+00	1.064031329626126734e+02
3.188702811875577581e+00	1.065437705331715250e+02
3.194990520008989865e+00	1.064395838826780789e+02
3.201275324656983834e+00	1.066762289297286515e+02
3.207551352179861759e+00	1.069896282737028059e+02
3.213835216737041645e+00	1.069486909604898983e+02
3.220122579819103770e+00	1.068644755650574183e+02
3.226406606618656525e+00	1.066560126155956567e+02
3.232687390085645429e+00	1.065454124572436143e+02
3.238969121280456331e+00	1.063228192236354914e+02
3.245254751548589667e+00	1.060816271555148234e+02
3.251534499036136783e+00	1.057385870691249465e+02
3.257817780791052442e+00	1.055155312869289759e+02
3.264102164154097263e+00	1.054536498096040731e+02
3.270384152138468892e+00	1.052298274280285568e+02
3.276669427476867735e+00	1.048603350929283806e+02
3.282954688864507808e+00	1.046896911293020622e+02
3.289237200334947264e+00	1.046880810623586058e+02
3.295519587088236779e+00	1.043441523461622751e+02
3.301805977329951958e+00	1.042683509130422124e+02
3.308087486222440088e+00	1.040398107425995136e+02
3.314367630234227313e+00	1.038466014100768291e+02
3.320651909732194262e+00	1.035391176701140949e+02
3.326931260376857047e+00	1.033741713461217131e+02
3.333216512447217728e+00	1.033177842726387752e+02
3.339504489419978128e+00	1.031510353895910583e+02
3.345786804809928405e+00	1.029098850158860046e+02
3.352071130016277767e+00	1.027979558968201985e+02
3.358351496304225581e+00	1.026162758575304395e+02
3.364630591073392019e+00	1.024732405756235920e+02
3.370916305215045483e+00	1.021882158551307072e+02
3.377197952029413752e+00	1.020720535525380939e+02
3.383483063818085501e+00	1.018483660431229652e+02
3.389769992424469969e+00	1.018213373697992807e+02
3.396051330885982100e+00	1.017197576539509640e+02
3.402330879139463971e+00	1.012781920180650985e+02
3.408610488352048495e+00	1.011281988598921942e+02
3.414897837696641236e+00	1.012215058715919014e+02
3.421180484052105619e+00	1.009625467560857430e+02
3.427461639653846870e+00	1.007292743100065877e+02
3.433749159643459059e+00	1.007500705774404253e+02
3.440032646656798310e+00	1.004765119139888299e+02
3.446313366033385339e+00	1.002656945953542049e+02
3.452600135384134905e+00	1.001935494837487965e+02
3.458883152815406703e+00	1.000454273506381924e+02
3.465163834403715448e+00	9.984006951858285106e+01
3.471449329786229221e+00	9.963680196950350876e+01
3.477734476754053894e+00	9.949447670041753611e+01
3.484019652467224226e+00	9.935737102381268926e+01
3.490297019369712928e+00	9.919646662014345395e+01
3.496582486484379970e+00	9.909150342463611594e+01
3.502868048046865024e+00	9.904850583221256954e+01
3.509144649545451244e+00	9.881932779430132996e+01
3.515428082003116295e+00	9.881963255831416859e+01
3.521711031624695565e+00	9.869093767253819749e+01
3.527991850954735664e+00	9.848232741335553442e+01
3.534275545726699885e+00	9.845762341058370737e+01
3.540562632020772149e+00	9.835192182833598906e+01
3.546844410757220789e+00	9.813215837739602421e+01
3.553131386753758836e+00	9.815287981702165609e+01
3.559419203211965144e+00	9.798667266593976422e+01
3.565697971577579839e+00	9.801633720343365042e+01
3.571979559134798254e+00	9.769814220993508513e+01
3.578265774595833726e+00	9.764346363825669073e+01
3.584548309769353125e+00	9.749580953170131181e+01
3.590826843920031486e+00	9.744158420772166096e+01
3.597107306745233934e+00	9.723110538690347937e+01
3.603392831792229245e+00	9.704007378856093169e+01
3.609673209822572559e+00	9.705560310775530297e+01
3.615955412133016189e+00	9.695146635789994605e+01
3.622241607772384686e+00	9.688459753813961584e+01
3.628520252736676444e+00	9.696379297012958887e+01
3.634804827569451113e+00	9.658727384363207591e+01
3.641094981788862928e+00	9.656588396951272557e+01
3.647383514928639325e+00	9.660153483841929756e+01
3.653663283927725658e+00	9.650199949268645128e+01
3.659943504072155296e+00	9.644501898926017702e+01
3.666232000281138603e+00	9.630657495450566330e+01
3.672514211678317597e+00	9.607341549373307998e+01
3.678794154686042539e+00	9.613706365118495967e+01
3.685078621861909820e+00	9.603955565729236810e+01
3.691359210097977961e+00	9.587827834878282829e+01
3.697642368173791105e+00	9.589338914080437348e+01
3.703925796735277665e+00	9.574160829485569479e+01
3.710208240364660348e+00	9.574936845234311988e+01
3.716494593122387169e+00	9.572470268819672867e+01
3.722775386659595398e+00	9.562364726172695839e+01
3.729058392883481510e+00	9.574369688775871623e+01
3.735339748210807720e+00	9.554553958214670217e+01
3.741620776392969638e+00	9.536957629165102901e+01
3.747904795418762980e+00	9.547355953672030182e+01
3.754190633281219380e+00	9.552036399939684941e+01
3.760478208018912749e+00	9.524837450421338758e+01
3.766755538573464346e+00	9.549459238518423376e+01
3.773032090135151506e+00	9.530957775740333204e+01
3.779322553012896879e+00	9.531624091417455702e+01
3.785609109731308930e+00	9.520469089561095188e+01
3.791889825936295200e+00	9.515848002313471454e+01
3.798174822702435893e+00	9.500700711028876810e+01
3.804458658753491651e+00	9.512174959701525268e+01
3.810738438095723435e+00	9.503190047682448949e+01
3.817018850285747167e+00	9.506673684239810029e+01
3.823305314209427763e+00	9.510289155820606766e+01
3.829591295197792178e+00	9.503171497495684150e+01
3.835872296070849341e+00	9.506593317270801435e+01
3.842156279590906109e+00	9.502320217862616403e+01
3.848441511099312429e+00	9.506392965165595399e+01
3.854723334376886079e+00	9.494084950809107681e+01
3.861004740704794713e+00	9.502850475193945101e+01
3.867284336650660848e+00	9.502202970076064048e+01
3.873567367678779849e+00	9.498531483433767164e+01
3.879850662830422792e+00	9.491841184123549624e+01
3.886137063198143338e+00	9.497224979590995986e+01
3.892419463049126005e+00	9.494369064147555548e+01
3.898703740328622658e+00	9.498633520608123604e+01
3.904991458788179326e+00	9.503729042236879820e+01
3.911270842222104083e+00	9.491798451909998846e+01
3.917549806479573071e+00	9.518430838861070242e+01
3.923836006203090587e+00	9.518810956562771253e+01
3.930121452497870926e+00	9.513531102849682952e+01
3.936398172858230460e+00	9.521867144265617355e+01
3.942683040425962293e+00	9.514177561812782358e+01
3.948974759704379611e+00	9.519295347283521380e+01
3.955259227995065352e+00	9.540294182349734342e+01
3.961537174921395454e+00	9.529889416874499375e+01
3.967820217617139544e+00	9.541633518133311043e+01
3.974105559832568968e+00	9.542100797160571801e+01
3.980384727931198352e+00	9.560724689563207335e+01
3.986664590839849698e+00	9.542060919476148229e+01
3.992949619150675034e+00	9.560248391807877510e+01
3.999235075769965952e+00	9.555891413432949832e+01
4.005515715515433506e+00	9.588251260522437747e+01
4.011798434346478537e+00	9.592902186874083270e+01
4.018083716245132386e+00	9.594038952398253173e+01
4.024365700052603856e+00	9.569310289384011980e+01
4.030643960839860540e+00	9.618308157929364199e+01
4.036928708926215137e+00	9.611291098672377586e+01
4.043218157412017177e+00	9.624564269555433782e+01
4.049503019487663558e+00	9.613125809803689492e+01
4.055781898960511000e+00	9.645106729978225246e+01
4.062060795621602161e+00	9.629417714801091677e+01
4.068347865354716042e+00	9.664035857832837451e+01
4.074631027173265529e+00	9.648171460836498170e+01
4.080910837526078971e+00	9.662938219477325674e+01
4.087201203341442657e+00	9.689448119895979517e+01
4.093486818591942189e+00	9.698650605043145845e+01
4.099764387336505500e+00	9.720511577797290670e+01
4.106049166937662420e+00	9.717241781041327897e+01
4.112334559041358695e+00	9.735284709856559004e+01
4.118618926059533614e+00	9.766072490892157987e+01
4.124898942031112625e+00	9.769548336395287436e+01
4.131175432561665417e+00	9.754253378921141859e+01
4.137461563786142271e+00	9.789672897051893585e+01
4.143746006210170307e+00	9.807551071656391173e+01
4.150029800482964326e+00	9.805499642239065849e+01
4.156313390684649001e+00	9.846584651586189807e+01
4.162596105843763716e+00	9.854448694078412530e+01
4.168881843141768684e+00	9.851042675179152752e+01
4.175162111073220217e+00	9.867357563618367067e+01
4.181448573417560155e+00	9.912823512483856803e+01
4.187738782464171194e+00	9.914465555372922267e+01
4.194017437180169061e+00	9.934882037445414937e+01
4.200293572701767175e+00	9.937391187800899672e+01
4.206580195481546269e+00	9.965057376284964619e+01
4.212860644652220543e+00	9.983191065422431620e+01
4.219138153430114002e+00	9.995043744301534616e+01
4.225426162098283811e+00	1.001546752862355305e+02
4.231713506719782636e+00	1.004233654187743525e+02
4.237990056577191744e+00	1.005990034098852846e+02
4.244267783646744618e+00	1.009432795067743456e+02
4.250560660182562955e+00	1.013620097893069811e+02
4.256847734842668096e+00	1.011726990856601134e+02
4.263127100734456221e+00	1.015126934718626046e+02
4.269406860432507500e+00	1.016412240372866762e+02
4.275691671482192646e+00	1.017320665029881326e+02
4.281972414189518794e+00	1.018509753385644672e+02
4.288253516806755705e+00	1.022301015763067653e+02
4.294540520160492925e+00	1.024678733609420647e+02
4.300825742921731809e+00	1.026531988305323608e+02
4.307109835491901961e+00	1.030252699511651571e+02
4.313390926478413157e+00	1.031780939484302024e+02
4.319667979480563247e+00	1.033708897233117341e+02
4.325952598143786076e+00	1.036429288609720345e+02
4.332241647035422361e+00	1.040004339629854826e+02
4.338524445619096781e+00	1.040804050110432399e+02
4.344809348131129845e+00	1.042074837883777718e+02
4.351090699193166600e+00	1.044012486665000523e+02
4.357369710808320029e+00	1.050230897396469061e+02
4.363659348967174445e+00	1.049633457377546222e+02
4.369947418280990981e+00	1.052582050349080589e+02
4.376226569265827315e+00	1.054349740963516098e+02
4.382499356631129217e+00	1.058691689499305966e+02
4.388784975178015024e+00	1.059856572117972320e+02
4.395068696309480494e+00	1.057554725688814443e+02
4.401347962382031298e+00	1.065220579207598206e+02
4.407628405096517099e+00	1.063797789686704931e+02
4.413915862185140426e+00	1.067763784410849439e+02
4.420203163534264235e+00	1.069899786324691746e+02
4.426480311003382795e+00	1.068281997617287971e+02
4.432765973643649104e+00	1.072083603504679132e+02
4.439053392023870614e+00	1.072494872031460318e+02
4.445336141335588742e+00	1.073154493818977357e+02
4.451617241414883352e+00	1.076155505547549893e+02
4.457901500730311106e+00	1.077865293768358299e+02
4.464189501093017043e+00	1.079156333967806631e+02
4.470470197548729985e+00	1.078338926394494166e+02
4.476748044268524573e+00	1.082701230478937902e+02
4.483035990164653484e+00	1.078317839360464063e+02
4.489323331650528104e+00	1.083819851565964285e+02
4.495599111667934800e+00	1.085657341933926716e+02
4.501870922878794090e+00	1.082609631697439596e+02
4.508155162877705457e+00	1.084073604988848132e+02
4.514446451153479423e+00	1.082055323194249894e+02
4.520723894043856994e+00	1.083418572491874272e+02
4.527003782460155890e+00	1.078797103131930157e+02
4.533293086610313161e+00	1.080983354764695150e+02
4.539578989864040182e+00	1.078444760628603802e+02
4.545857164866476730e+00	1.075320869496966907e+02
4.552138955546025656e+00	1.073884555468655719e+02
4.558432046889146605e+00	1.073181380547459582e+02
4.564713463378488711e+00	1.072297781361424001e+02
4.570987274133244682e+00	1.067740153544237103e+02
4.577274818151045643e+00	1.067721497826967862e+02
4.583563263889338657e+00	1.071113728771646834e+02
4.589844917004465508e+00	1.070568925994978287e+02
4.596126259982004747e+00	1.071226408289912371e+02
4.602409075598298926e+00	1.061296002775476524e+02
4.608696634867644804e+00	1.070152090761571202e+02
4.614977646498861219e+00	1.070722159197024297e+02
4.621258953029527383e+00	1.069452894755341248e+02
4.627547993978874175e+00	1.071950093171110439e+02
4.633830152730579854e+00	1.071173377109096236e+02
4.640104005367354567e+00	1.072445673187066433e+02
4.646382060386754276e+00	1.074187750582985501e+02
4.652674213731970987e+00	1.070785320905937965e+02
4.658958291796220230e+00	1.076209202424578280e+02
4.665233615070169648e+00	1.076538327888086997e+02
4.671520675710307380e+00	1.073802142705780653e+02
4.677814351732177300e+00	1.079808385965678923e+02
4.684093699744638073e+00	1.078444044832937863e+02
4.690368661472568590e+00	1.079470970302499211e+02
4.696663270746453733e+00	1.078838248019841473e+02
4.702945459248681459e+00	1.084803947970441840e+02
4.709209170841929470e+00	1.086450509001634686e+02
4.715491634753063543e+00	1.084410686234399037e+02
4.721784316284933780e+00	1.088394251860522957e+02
4.728063062331094635e+00	1.091123065814827555e+02
4.734337423381671073e+00	1.096409039430119208e+02
4.740627024094544062e+00	1.095187433568722213e+02
4.746914995664547554e+00	1.102587579374093423e+02
4.753194740071086777e+00	1.097710014761019011e+02
4.759478891864783456e+00	1.097294010634914798e+02
4.765762396877359031e+00	1.105348058621011234e+02
4.772049481246195768e+00	1.107304787607288858e+02
4.778335091022592351e+00	1.111547207598709690e+02
4.784610831402393849e+00	1.109881401538674766e+02
4.790907306208476157e+00	1.111179484009448970e+02
4.797204047706418173e+00	1.115980904164384953e+02
4.803470827697504220e+00	1.120661398023064237e+02
4.809748850577324042e+00	1.120865482765252210e+02
4.816045316586602176e+00	1.122383943068637251e+02
4.822329240673497885e+00	1.127493872625814362e+02
4.828596758226470165e+00	1.129115048857391770e+02
4.834890332961369275e+00	1.131628222306102742e+02
4.841191655056394261e+00	1.136430161121197102e+02
4.847460407468000554e+00	1.137574631184552771e+02
4.853732128521334843e+00	1.140144626402298798e+02
4.860029138783373170e+00	1.146521990744734438e+02
4.866314601732018019e+00	1.153813559131578046e+02
4.872587026269203925e+00	1.154605825730439079e+02
4.878874221748241702e+00	1.158448602212236551e+02
4.885171078138658807e+00	1.160783633339780465e+02
4.891450629931857641e+00	1.166717927754522606e+02
4.897716482750221978e+00	1.168980190713414231e+02
4.904002834596266069e+00	1.172114831378507205e+02
4.910295858205786068e+00	1.173695011780201014e+02
4.916575188115905881e+00	1.180999326504808806e+02
4.922847946197084212e+00	1.187937930944255953e+02
4.929131667457151700e+00	1.183762236015779621e+02
4.935434460144239033e+00	1.186755826994230034e+02
4.941718513303545279e+00	1.194705018753076331e+02
4.947978624761803168e+00	1.200073520017254367e+02
4.954274999209829389e+00	1.212771355659567547e+02
4.960571094729937514e+00	1.214413257054502964e+02
4.966823207626954506e+00	1.221032789135667684e+02
4.973097418390337587e+00	1.220265737987395482e+02
4.979415129936382023e+00	1.231460699961605059e+02
4.985702082330368157e+00	1.238517735971477265e+02
4.991949985828016523e+00	1.236833182372613180e+02
4.998241586316924057e+00	1.246870927077674480e+02
5.004556635606089543e+00	1.247162996659803866e+02
5.010828655701208945e+00	1.252813351231901038e+02
5.017077229702536556e+00	1.267875569280756167e+02
5.023374414758113637e+00	1.267635275059460866e+02
5.029688873569548413e+00	1.273732519049538041e+02
5.035958413584124216e+00	1.288521854271791653e+02
5.042232667658486989e+00	1.278887973040656618e+02
5.048528755870775875e+00	1.289888044306187851e+02
5.054821121427484520e+00	1.303966994728033342e+02
5.061069509814582368e+00	1.311039101220701184e+02
5.067347812754101177e+00	1.314490400286181284e+02
5.073675050630431116e+00	1.319777467181644681e+02
5.079945928388977627e+00	1.333123371163439117e+02
5.086192992546071601e+00	1.335590025615400407e+02
5.092484128970163226e+00	1.351416621952927812e+02
5.098802924706086870e+00	1.351048787810295835e+02
5.105078217426394005e+00	1.349738509099283874e+02
5.111325076574067872e+00	1.367252035467205928e+02
5.117628358851224135e+00	1.368665392708332433e+02
5.123935939383525984e+00	1.378263712287524356e+02
5.130199176325612065e+00	1.402385155350910964e+02
5.136469985878846956e+00	1.399458512572699647e+02
5.142797788696348071e+00	1.416443589101696148e+02
5.149090378043822192e+00	1.422027532322373418e+02
5.155289879840074363e+00	1.428259995092216172e+02
5.161564521234301317e+00	1.439472684843844377e+02
5.167916673496016244e+00	1.448789236790341874e+02
5.174205974602950064e+00	1.456365442128294490e+02
5.180434820793812456e+00	1.467705787595508298e+02
5.186729096569634656e+00	1.477826097930276603e+02
5.193058481037780894e+00	1.484383765354786817e+02
5.199319511444338460e+00	1.505988357597573497e+02
5.205574295584361799e+00	1.514355647570194776e+02
5.211894977074066126e+00	1.520015555285488347e+02
5.218201708336958511e+00	1.532365188693767379e+02
5.224411911780083351e+00	1.527841803280432202e+02
5.230677632666463239e+00	1.557738885035703333e+02
5.237056729559757429e+00	1.566686775684933082e+02
5.243336785035660697e+00	1.583759364057013670e+02
5.249493476178225038e+00	1.591683228134006640e+02
5.255787017738318134e+00	1.583587432617885042e+02
5.262205327426889845e+00	1.616628458891282207e+02
5.268477758348532269e+00	1.635438295818333074e+02
5.274632213654732560e+00	1.636994543730329212e+02
5.280950543314659740e+00	1.666533343262673270e+02
5.287327645024750389e+00	1.668652557927204896e+02
5.293582359180156516e+00	1.705938130785262388e+02
5.299789992649893478e+00	1.720340576826218069e+02
5.306111460381987222e+00	1.708702613729204245e+02
5.312452717892129250e+00	1.740985562686831543e+02
5.318650122853046724e+00	1.779006635526469893e+02
5.324923043129819789e+00	1.757020657494022657e+02
5.331330237158205421e+00	1.784186669797268507e+02
5.337586726886338617e+00	1.794117682861716787e+02
5.343685192440848830e+00	1.844158171936971939e+02
5.350070659715249199e+00	1.837017262992913516e+02
5.356556762554878226e+00	1.857771087184581802e+02
5.362691868684501095e+00	1.878848202576303095e+02
5.368769208912516966e+00	1.917249738291033054e+02
5.375270137997677722e+00	1.907243922326021561e+02
5.381769983045385786e+00	1.893309805187824395e+02
5.387701030372958222e+00	1.963682129595596564e+02
5.393786668001271600e+00	1.983278132745653579e+02
5.400446161099396569e+00	1.991731672970481952e+02
5.406957063684501463e+00	1.995613157497460861e+02
5.412655672453426270e+00	2.058901293928951191e+02
5.418821279260546575e+00	2.032097137077755917e+02
5.425690594366304076e+00	2.085263378459501098e+02
5.432217487502165376e+00	2.057226200650910641e+02
5.437649811577258241e+00	2.076606685090016811e+02
5.443914404015878006e+00	2.200491804608211623e+02
5.450953501686320202e+00	2.165037683043758534e+02
5.457483690405861232e+00	2.149519430215181899e+02
5.462715250135157241e+00	2.245548168648827243e+02
5.469033575551323523e+00	2.322934713980519632e+02
5.476177730420278778e+00	2.269137344469392019e+02
5.482708935702562236e+00	2.264172730523109749e+02
5.487722405008360838e+00	2.440303623519948530e+02
5.494194284996126498e+00	2.359264287191457186e+02
5.501391471009256406e+00	2.350846274596147225e+02
5.507128202673079009e+00	2.469319162615001062e+02
5.512278020050448646e+00	2.403299413830268634e+02
5.519395563377015534e+00	2.532163303610236085e+02
5.526598678609708770e+00	2.894432436414462586e+02
5.532162682462509196e+00	2.586714930253390321e+02
5.537397124017139127e+00	2.579187357399011944e+02
5.544582756485218589e+00	2.650279644135877106e+02
5.551739327507637434e+00	2.812604589609956065e+02
5.557493306674907707e+00	2.738066702001781323e+02
5.562281709102816940e+00	2.559271143987550658e+02
5.569272720323164449e+00	4.850962754324665980e+02
