8.899641224696953554e-03	8.201978478554489266e+04
1.507912216506557788e-02	7.907698220264300471e+04
2.144790186456836667e-02	4.880173146156771691e+04
2.783660776489276650e-02	3.119586711494590782e+04
3.435099785803411021e-02	2.130431597496836548e+04
4.047886761425745911e-02	1.878505522798237507e+04
4.676716683575679601e-02	1.877099623068475921e+04
5.308225101765951665e-02	1.767533348659570038e+04
5.945362440940590160e-02	1.497077209760030746e+04
6.576224814588792211e-02	1.177895871951411209e+04
7.196632906698736953e-02	8.673531421388748640e+03
7.827860915688347743e-02	6.952212775499753661e+03
8.470398945834539672e-02	6.479275509655480164e+03
9.096854620527369817e-02	6.309378420605739848e+03
9.720789776830213169e-02	6.086758104864720735e+03
1.034763038959366499e-01	5.229692471994993866e+03
1.097576444254559219e-01	5.052194582756403179e+03
1.160543084780093354e-01	4.193859855519994198e+03
1.223669666537485351e-01	3.738327322226775777e+03
1.286817263090294094e-01	3.511875877123330611e+03
1.349500801664080818e-01	3.310322290152453661e+03
1.411949558842147678e-01	3.152384661429620792e+03
1.475133575747468451e-01	3.067427000049312028e+03
1.537865074252268427e-01	2.910646252925874705e+03
1.600657544051110326e-01	2.585803491464444960e+03
1.663991168687080635e-01	2.519066197450630170e+03
1.727195645776442856e-01	2.275389218066338344e+03
1.789765213377084718e-01	2.187946116013340088e+03
1.852353690647852158e-01	2.173940304743168326e+03
1.914806787341157279e-01	1.972433307654012879e+03
1.977889868651535599e-01	1.897537119248251201e+03
2.040937735447724277e-01	1.834099508412376281e+03
2.103939302609846018e-01	1.722168273085140072e+03
2.166909709822301688e-01	1.636347189337571535e+03
2.229700281216152047e-01	1.571139844247395331e+03
2.292620027086341994e-01	1.575510926386631581e+03
2.355141508366812297e-01	1.447309794390731895e+03
2.417910583817859116e-01	1.422514194778580077e+03
2.480856539439619257e-01	1.387834417653602259e+03
2.543492256872954549e-01	1.309738805908096765e+03
2.606334251884805386e-01	1.260039943608806425e+03
2.669257370896960802e-01	1.210828119468353634e+03
2.732423343141155980e-01	1.190193928209109572e+03
2.795529680084415936e-01	1.144262249963884869e+03
2.858366292314493129e-01	1.114538412594089323e+03
2.920876271394311496e-01	1.081701182444114465e+03
2.983449844439822751e-01	1.051079345780650783e+03
3.046382639407197446e-01	1.019507921289558453e+03
3.109279127003197196e-01	9.977045304835563684e+02
3.172168171618398036e-01	9.780361370612112069e+02
3.235187567944423082e-01	9.689693104630030120e+02
3.298168217550395687e-01	9.419622716601603543e+02
3.361176429457156667e-01	8.999964565502577898e+02
3.423700375709273769e-01	8.750926237156390926e+02
3.486478192666269682e-01	8.642953541312442667e+02
3.549411614411318028e-01	8.565607685230133939e+02
3.611916935421040642e-01	8.329719406444115748e+02
3.674767089563572564e-01	8.076869163189178380e+02
3.737647795277591056e-01	7.968963542924915373e+02
3.800654031475132477e-01	7.699912338718810361e+02
3.863539861259823738e-01	7.541382880720949515e+02
3.926140181364449755e-01	7.403908712641034526e+02
3.989264500321934581e-01	7.312704503325195446e+02
4.052073244576828714e-01	7.101267219710106247e+02
4.114916477570477182e-01	7.084632494170054997e+02
4.177814272116491257e-01	6.898252339929325672e+02
4.240400648725131116e-01	6.809661339322683489e+02
4.303425690270192283e-01	6.640472131732566368e+02
4.366358560255625965e-01	6.559566978543989535e+02
4.428996183220763605e-01	6.410887907515634652e+02
4.491634418529859563e-01	6.331987007574653035e+02
4.554414146254732731e-01	6.320080023637910926e+02
4.617634470301058558e-01	6.052498700899088817e+02
4.680644242023710433e-01	6.064014334029814108e+02
4.743485242764365895e-01	5.928296378590156337e+02
4.806356136815400082e-01	5.807826431797567466e+02
4.869019258388697646e-01	5.749096585450531620e+02
4.931697099599955947e-01	5.671935005728802253e+02
4.994506747144535908e-01	5.567443004016191708e+02
5.057159051335421429e-01	5.513328935275422964e+02
5.119923996268095356e-01	5.413055278539840174e+02
5.183126097768406826e-01	5.386101817568430761e+02
5.246089638029100000e-01	5.331797475814810241e+02
5.308757308483337267e-01	5.226871948988423355e+02
5.371573527946726934e-01	5.203252589444966816e+02
5.434579563783791256e-01	5.115529410190540034e+02
5.497430652392217842e-01	5.023940874627741096e+02
5.559937427501778773e-01	4.962498198066400619e+02
5.622854676609657654e-01	4.890785699625594134e+02
5.686011537227265711e-01	4.825548812708316291e+02
5.748804589422079614e-01	4.826816820598115214e+02
5.811550210340560296e-01	4.754023082212527811e+02
5.874394496660968468e-01	4.678903586376194426e+02
5.937176220296899176e-01	4.654577176329599411e+02
5.999971954793682505e-01	4.592233636822153926e+02
6.062679115124277596e-01	4.561202130537399171e+02
6.125469576444534381e-01	4.469265990309998529e+02
6.188477733041515272e-01	4.441945516583384119e+02
6.251310567437898813e-01	4.391115997015363064e+02
6.314027450383210560e-01	4.355798396495754901e+02
6.377003562732055375e-01	4.291541402508904071e+02
6.439857783314556494e-01	4.259478158375569024e+02
6.502685417166111925e-01	4.214841309060367394e+02
6.565586117699038216e-01	4.179170932415281072e+02
6.628369282359254377e-01	4.167331224842276356e+02
6.691185444962194362e-01	4.123808618621106348e+02
6.754070198575605755e-01	4.076185162301654259e+02
6.816835514593204692e-01	4.012730925946005982e+02
6.879592533861698112e-01	3.978970654368437181e+02
6.942344317039531587e-01	3.957970276740497866e+02
7.005175402434737908e-01	3.891438168221620231e+02
7.068124956608716758e-01	3.882613428920341789e+02
7.131019009674921527e-01	3.867811370986083830e+02
7.193918251171427247e-01	3.787699565224385765e+02
7.256833807598113140e-01	3.782747968091229041e+02
7.319652682709349989e-01	3.741525850062736254e+02
7.382507990484923344e-01	3.707485193247324560e+02
7.445265842115937893e-01	3.662932587928030443e+02
7.507871101942712455e-01	3.645606273843455369e+02
7.570758465316046459e-01	3.632702947597541083e+02
7.633641233600957365e-01	3.585680549315944745e+02
7.696462959862266917e-01	3.601323560748057275e+02
7.759394865175414102e-01	3.528946341626200365e+02
7.822329141989586843e-01	3.512077922846521005e+02
7.885314936520240181e-01	3.473687725300628699e+02
7.947896566979522071e-01	3.425795651453397568e+02
8.010491096592354809e-01	3.427525216273054411e+02
8.073364061727361651e-01	3.404510912029471683e+02
8.136229488373866170e-01	3.359015422486182274e+02
8.199152998961036776e-01	3.338054583917969467e+02
8.261952636392789762e-01	3.301756354111079759e+02
8.324897070080405914e-01	3.308347149560773914e+02
8.387959309210778480e-01	3.272223970663451951e+02
8.450634639703045181e-01	3.247140923810877098e+02
8.513282867562648182e-01	3.223681162293673879e+02
8.576198263902009566e-01	3.210077260981975087e+02
8.639058477062415697e-01	3.178548237313165146e+02
8.701838745487597837e-01	3.138949842749536856e+02
8.764641096075268534e-01	3.131158371713442534e+02
8.827503873399735745e-01	3.084313750935424423e+02
8.890332768393869323e-01	3.088199417602796188e+02
8.953084247113127780e-01	3.063790252040747646e+02
9.015956521667095602e-01	3.042545329407847134e+02
9.078833328094829680e-01	3.024462817308314015e+02
9.141744106319863450e-01	2.987210297321944381e+02
9.204630817717615043e-01	2.977104950335421449e+02
9.267434415264711456e-01	2.969532342730323080e+02
9.330324197354928906e-01	2.940075971515046263e+02
9.393265785573878812e-01	2.908298157307451675e+02
9.455974810398196650e-01	2.899691300225730970e+02
9.518660018545171964e-01	2.885482186932661648e+02
9.581413255531838757e-01	2.869219787102746864e+02
9.644350945109106954e-01	2.839364287219374887e+02
9.707355633568249820e-01	2.830740177062245948e+02
9.770080768450029041e-01	2.821782049142525466e+02
9.832823325363413414e-01	2.814735870944697353e+02
9.895569691966674686e-01	2.757967217086903133e+02
9.958456301921106979e-01	2.760765550482655044e+02
1.002136210743837408e+00	2.731868271923369207e+02
1.008404825335135424e+00	2.718330516330635191e+02
1.014694149836243398e+00	2.698220688528807614e+02
1.020992555437297167e+00	2.672852595158977920e+02
1.027273980437394485e+00	2.666848128674013196e+02
1.033559181896017254e+00	2.649809285138283599e+02
1.039847557392594934e+00	2.642002997554915282e+02
1.046126974943305088e+00	2.626555654701724620e+02
1.052403436811028659e+00	2.607381858520009246e+02
1.058680704651608684e+00	2.590998603600630190e+02
1.064964333065789193e+00	2.571430736593536608e+02
1.071256777440835473e+00	2.566769622387681693e+02
1.077544048801078125e+00	2.542843749361716448e+02
1.083824820188043603e+00	2.551836379031515207e+02
1.090108023942816695e+00	2.523807675758220626e+02
1.096389665956643222e+00	2.510770923675886195e+02
1.102681132058841440e+00	2.487785414050040629e+02
1.108963047594879958e+00	2.470104631670202480e+02
1.115225428463759272e+00	2.460433978238289967e+02
1.121502127614767863e+00	2.449132624272731391e+02
1.127792573824792033e+00	2.427850401805918352e+02
1.134089552668382961e+00	2.416333686871562350e+02
1.140364049650405942e+00	2.410019003003701243e+02
1.146639180320979445e+00	2.392424347339640178e+02
1.152942412991649901e+00	2.387320697618130794e+02
1.159228906751078814e+00	2.367496057156976974e+02
1.165508721887268173e+00	2.361476087737513012e+02
1.171793076256210320e+00	2.344489963816410238e+02
1.178087436369658958e+00	2.329373560932155556e+02
1.184367654251526902e+00	2.317579185504413033e+02
1.190634642299266632e+00	2.304097236586468398e+02
1.196912208834400859e+00	2.293015108913493805e+02
1.203201577354146234e+00	2.284764351442702264e+02
1.209486844441705733e+00	2.269843434994652682e+02
1.215763902074809888e+00	2.260469649487552317e+02
1.222049755171146668e+00	2.242082974539389966e+02
1.228340616621486969e+00	2.241289681916777567e+02
1.234632986576932767e+00	2.217744276905669949e+02
1.240902247176856488e+00	2.204977389893148541e+02
1.247174839144687519e+00	2.194162947929689835e+02
1.253465459933442272e+00	2.180434777511064794e+02
1.259749951892178421e+00	2.177671699527868157e+02
1.266032143127253873e+00	2.160157908478010995e+02
1.272316288472006507e+00	2.150274807166703397e+02
1.278604155058621350e+00	2.140347909768513546e+02
1.284886588933593865e+00	2.135266281029594211e+02
1.291175420066583257e+00	2.120933903755717438e+02
1.297465726373772332e+00	2.108500170253417991e+02
1.303741827011944299e+00	2.097329678411960856e+02
1.310017322922761851e+00	2.084217235146810765e+02
1.316301447662886703e+00	2.077605843680665600e+02
1.322586760363303249e+00	2.071560229690789470e+02
1.328865492452874664e+00	2.065445143666663910e+02
1.335144804954555564e+00	2.047837359427814476e+02
1.341440516272275119e+00	2.038857569298233443e+02
1.347730868417094552e+00	2.024780294185181333e+02
1.354001589994877630e+00	2.019720165973948269e+02
1.360282609297778444e+00	2.003948606627208164e+02
1.366565686457597906e+00	2.003486993237469278e+02
1.372851498482432708e+00	1.987553592508564009e+02
1.379135372929401804e+00	1.981285483254421536e+02
1.385409567149057164e+00	1.960988510513649317e+02
1.391698641219299315e+00	1.961587231135746947e+02
1.397984451439470810e+00	1.946854789349141583e+02
1.404267883409181961e+00	1.939819518616006064e+02
1.410554779484869181e+00	1.931617215952384754e+02
1.416837833547465397e+00	1.925343485035773483e+02
1.423118177187137068e+00	1.916629345239478823e+02
1.429397801164240089e+00	1.904799238238811654e+02
1.435686921822787232e+00	1.895916431610807820e+02
1.441977121769299597e+00	1.887548778464715440e+02
1.448253667853332427e+00	1.878773581133549442e+02
1.454532348972172651e+00	1.866119923038926913e+02
1.460819319151879903e+00	1.862175592160744770e+02
1.467110364402026468e+00	1.860290595444882058e+02
1.473392908948962132e+00	1.846704975834613833e+02
1.479669965243598950e+00	1.838572557116814039e+02
1.485956144602843532e+00	1.828248979331982014e+02
1.492233610763115115e+00	1.817615332758545890e+02
1.498502470379980078e+00	1.812990853429879792e+02
1.504785752051182701e+00	1.802463151388597566e+02
1.511075991894575976e+00	1.790186450738681287e+02
1.517361634985162189e+00	1.786461288263147367e+02
1.523648570969130533e+00	1.775083622400753427e+02
1.529938035715892264e+00	1.770001644381713959e+02
1.536230176913891965e+00	1.761327191434393455e+02
1.542510718779388279e+00	1.758443284340895616e+02
1.548783963082980275e+00	1.749292535500391068e+02
1.555073069779651318e+00	1.743215593431380626e+02
1.561357324927233892e+00	1.738765466984849297e+02
1.567629121053141006e+00	1.725007156837740752e+02
1.573913697404382583e+00	1.714895916122689812e+02
1.580203545230874029e+00	1.711299537870124823e+02
1.586485393434537983e+00	1.710796035341932395e+02
1.592760014263005841e+00	1.696365991060366127e+02
1.599046436394670812e+00	1.688670044643774304e+02
1.605342136637478934e+00	1.680002168938981697e+02
1.611619860919608627e+00	1.672976289755347921e+02
1.617897597081673799e+00	1.671235534884635285e+02
1.624183235481122756e+00	1.664560318527175298e+02
1.630464598531913722e+00	1.652998992850235140e+02
1.636748985747638274e+00	1.645870438371423745e+02
1.643030923698886259e+00	1.638518060664808900e+02
1.649309176648513064e+00	1.636218825251199576e+02
1.655593633940351861e+00	1.626295628198901113e+02
1.661879571405086464e+00	1.617410254604797899e+02
1.668169361685170271e+00	1.612306209520874916e+02
1.674450151530487485e+00	1.607826574556170272e+02
1.680722718978495900e+00	1.601119421997108248e+02
1.687013891340952476e+00	1.593176544258737124e+02
1.693308984907921033e+00	1.588893335386795798e+02
1.699582147428448486e+00	1.582832620921191165e+02
1.705863747055134105e+00	1.576326472598797466e+02
1.712154434283889470e+00	1.566049487145509431e+02
1.718438381579399321e+00	1.560495358645428041e+02
1.724721264464063930e+00	1.557366477265345281e+02
1.730997441276920679e+00	1.548592667938735019e+02
1.737287073528269499e+00	1.541413177167867161e+02
1.743567991878527401e+00	1.534368061986628220e+02
1.749840680212231048e+00	1.529930022304131114e+02
1.756128549091961144e+00	1.521529987916445918e+02
1.762413535324792502e+00	1.523745396444326730e+02
1.768696187669963837e+00	1.516431991527879575e+02
1.774979359379055266e+00	1.507205282039290353e+02
1.781265555576432957e+00	1.500309177597312100e+02
1.787549427830244619e+00	1.497986936367253747e+02
1.793834120011633004e+00	1.487015765006948698e+02
1.800115051552487300e+00	1.483051329492249124e+02
1.806393904854530330e+00	1.474191343700356640e+02
1.812674089667083432e+00	1.469261417898044328e+02
1.818956920109354058e+00	1.462930701451998345e+02
1.825244164118212220e+00	1.458180401287959569e+02
1.831527256642196955e+00	1.454722677833788964e+02
1.837811294935716599e+00	1.448867753076604288e+02
1.844100717411196744e+00	1.444847010416001183e+02
1.850384816792487230e+00	1.438077761627775146e+02
1.856666059735203822e+00	1.431249308936453986e+02
1.862947728675613979e+00	1.427389073036345621e+02
1.869229324466858078e+00	1.420940303742963238e+02
1.875517616802973686e+00	1.416999686387540862e+02
1.881800769033795229e+00	1.408840293960809333e+02
1.888078863416442710e+00	1.406834713786435600e+02
1.894353975182237582e+00	1.399160940761659617e+02
1.900642716154182565e+00	1.392758527851368626e+02
1.906933494748685121e+00	1.388470247290291013e+02
1.913207568676573933e+00	1.383727585791294530e+02
1.919490884732178992e+00	1.379886539924939086e+02
1.925776855684274480e+00	1.370370965946430601e+02
1.932064452961978152e+00	1.364549966268523633e+02
1.938342610030488800e+00	1.361062655188560484e+02
1.944618341543410178e+00	1.357421720704944050e+02
1.950906260203513876e+00	1.353639187673437618e+02
1.957194556613796488e+00	1.351412157437806059e+02
1.963479614559011432e+00	1.342123196770180868e+02
1.969760361532916226e+00	1.336802439080373119e+02
1.976048367034604736e+00	1.333051646814884634e+02
1.982337990217652335e+00	1.327260154209365908e+02
1.988617489259562721e+00	1.321426624817910351e+02
1.994896320665194178e+00	1.316732775282736441e+02
2.001179596222827151e+00	1.311569981523231547e+02
2.007459756923499761e+00	1.309012133993174700e+02
2.013737397779169935e+00	1.305111927796745022e+02
2.020017234677497164e+00	1.299264977582708411e+02
2.026310251015072783e+00	1.295143375211555394e+02
2.032600542948020284e+00	1.289316794022398938e+02
2.038873863192099289e+00	1.283201328171443834e+02
2.045154087821675404e+00	1.278881527467213601e+02
2.051444704514288730e+00	1.274266263178861323e+02
2.057730430280644729e+00	1.271845373850165259e+02
2.064013940455224461e+00	1.265745259741905500e+02
2.070299891179459895e+00	1.260568155141860558e+02
2.076589719964883951e+00	1.259373103575994861e+02
2.082865483794470673e+00	1.250364652096403120e+02
2.089134494859368640e+00	1.250739580376756095e+02
2.095424211360070288e+00	1.244782324490553691e+02
2.101707116664804254e+00	1.237988564566631169e+02
2.107986473933564309e+00	1.234304664120891601e+02
2.114271806543862375e+00	1.229450346575754622e+02
2.120552717288892275e+00	1.224258762347817679e+02
2.126836933207161717e+00	1.221724653974132906e+02
2.133122044791171845e+00	1.218022646611833011e+02
2.139411711910842673e+00	1.212459612326733520e+02
2.145697076775292089e+00	1.209282871372747792e+02
2.151973548606471276e+00	1.205349366746633990e+02
2.158259913555724108e+00	1.200109712324626940e+02
2.164545396699105506e+00	1.194887870179969269e+02
2.170830700377734068e+00	1.193395121842133477e+02
2.177114138849150393e+00	1.187944957641093708e+02
2.183387647576827018e+00	1.184970114090734228e+02
2.189670273687676971e+00	1.181036880013858195e+02
2.195960147934207463e+00	1.175738363803239537e+02
2.202242556317716371e+00	1.171895055104149463e+02
2.208521655981037668e+00	1.167302117704223150e+02
2.214804637081333016e+00	1.162818830017140641e+02
2.221092583349425276e+00	1.157825925178916009e+02
2.227372893591468728e+00	1.156613120639635639e+02
2.233657161144248171e+00	1.153957400862223892e+02
2.239943485394438660e+00	1.147050769954269498e+02
2.246224175264620815e+00	1.143480503645009208e+02
2.252506378421252009e+00	1.142533100311881213e+02
2.258783417054270437e+00	1.138446635722250306e+02
2.265069077371457684e+00	1.133033222731229870e+02
2.271350377044131452e+00	1.128935647287197099e+02
2.277633995145353918e+00	1.123499808715319830e+02
2.283922419579920149e+00	1.121337963635133264e+02
2.290202874392252674e+00	1.119311038160523424e+02
2.296490779970905560e+00	1.115651845841329646e+02
2.302771769934229162e+00	1.110331018510011489e+02
2.309051364164305564e+00	1.107102377015743571e+02
2.315338502539088239e+00	1.103695576560953668e+02
2.321627336503874428e+00	1.100181194928956074e+02
2.327911878297218795e+00	1.096111796004207122e+02
2.334186238580297168e+00	1.090862911935393811e+02
2.340467971862688401e+00	1.088974869369482121e+02
2.346756940970738725e+00	1.084787036788154069e+02
2.353044444556199988e+00	1.082007711676301369e+02
2.359327653314069906e+00	1.079687440716699030e+02
2.365603048789861607e+00	1.075504452648611675e+02
2.371885911737665165e+00	1.070603744734399783e+02
2.378173303594019572e+00	1.069159948246478393e+02
2.384454016539381271e+00	1.066749613947842761e+02
2.390736447344785187e+00	1.060620137459446966e+02
2.397014133897952259e+00	1.060102395965586197e+02
2.403295490074321972e+00	1.057100283279393409e+02
2.409585049672506862e+00	1.050707504010667463e+02
2.415871703165322071e+00	1.048959285545950735e+02
2.422160652369088840e+00	1.047102762410734300e+02
2.428440167222748691e+00	1.043887083787658412e+02
2.434717472383889803e+00	1.040888361799124198e+02
2.441002456202044257e+00	1.037457546764369738e+02
2.447289980304530488e+00	1.033893278204144650e+02
2.453571844729242279e+00	1.030729043649973136e+02
2.459852705114058846e+00	1.027288862318466443e+02
2.466139233225018934e+00	1.025018145082331955e+02
2.472421963421291391e+00	1.022906583935392035e+02
2.478698519174224568e+00	1.020769076039056387e+02
2.484980841400355800e+00	1.017763076202998320e+02
2.491269319409339822e+00	1.013973813833211324e+02
2.497548505139029373e+00	1.010777334724885748e+02
2.503831667172610853e+00	1.007760724670109198e+02
2.510117938323931153e+00	1.007046486638757301e+02
2.516400733681277480e+00	1.003580420873893786e+02
2.522688226833368130e+00	9.980839318690564710e+01
2.528971695852665569e+00	9.974527474630041013e+01
2.535252039407670299e+00	9.952499748920794786e+01
2.541537514142774512e+00	9.918215835841184003e+01
2.547823008847572179e+00	9.872468583472533510e+01
2.554100666580690238e+00	9.872775517977800064e+01
2.560376788884177301e+00	9.827115014174133023e+01
2.566667521601497359e+00	9.814076746551661756e+01
2.572955062237090473e+00	9.787789959772157999e+01
2.579233771797999175e+00	9.765719696635763114e+01
2.585520164300948220e+00	9.743445106322425886e+01
2.591805130332431872e+00	9.710073805132762459e+01
2.598084074692260881e+00	9.685309117634317033e+01
2.604360404197643586e+00	9.662145016523039942e+01
2.610647185140439142e+00	9.637903043769507860e+01
2.616931864059273138e+00	9.616343822599236546e+01
2.623206107911065565e+00	9.610091603820123396e+01
2.629491626543270844e+00	9.575562701679145050e+01
2.635778507982642349e+00	9.563292691703931325e+01
2.642061039325260818e+00	9.535412829582877237e+01
2.648343840729305843e+00	9.510300788358379975e+01
2.654631838974855551e+00	9.479858164699766121e+01
2.660919001246303761e+00	9.464233559783932037e+01
2.667198525130066056e+00	9.446692632904286313e+01
2.673484307038032526e+00	9.409447521004848625e+01
2.679773388053849459e+00	9.391619310749666738e+01
2.686058217632288692e+00	9.383023508686531500e+01
2.692338738200057868e+00	9.363587402038328378e+01
2.698618022887226964e+00	9.341337886055808326e+01
2.704895450708277860e+00	9.322527836658585443e+01
2.711175674923682166e+00	9.301798293419729191e+01
2.717459832966957922e+00	9.284093882392227215e+01
2.723745731959044569e+00	9.264985674416485040e+01
2.730038414850594730e+00	9.244456563608098065e+01
2.736317989800789441e+00	9.227847450665474582e+01
2.742591858549239703e+00	9.214128682572378182e+01
2.748879749010778362e+00	9.199450856692001821e+01
2.755163403825859447e+00	9.170979613574748157e+01
2.761446955625852073e+00	9.143855608961922599e+01
2.767732088935374701e+00	9.137557797111962543e+01
2.774015452421743966e+00	9.117519828622052103e+01
2.780298635700591436e+00	9.109153485227602687e+01
2.786577474762241380e+00	9.091665650724189618e+01
2.792857983210164541e+00	9.080236897764937964e+01
2.799143790920211483e+00	9.044374792478652125e+01
2.805430058399325244e+00	9.050570606897893811e+01
2.811715058209780072e+00	9.026091231750288557e+01
2.817989272498773623e+00	8.994048004329026469e+01
2.824269171595737760e+00	8.992376817744388973e+01
2.830563016441804081e+00	8.984709844906778642e+01
2.836848750951622034e+00	8.968521850328701817e+01
2.843130027866129783e+00	8.958705787148062427e+01
2.849413896912404986e+00	8.929965482854468917e+01
2.855697464522425566e+00	8.933302024315885603e+01
2.861978799810683594e+00	8.908185385039315918e+01
2.868262469415629567e+00	8.897430261899569359e+01
2.874547359206753860e+00	8.893869168318015284e+01
2.880831111471525041e+00	8.875154909255566338e+01
2.887113216972382546e+00	8.869349270793046003e+01
2.893394504725182781e+00	8.866186081901851423e+01
2.899673662137033592e+00	8.840241854541380917e+01
2.905953958587380814e+00	8.816410333585488956e+01
2.912241118105161064e+00	8.838070285950094274e+01
2.918525996366671205e+00	8.808913083438919500e+01
2.924809035425688819e+00	8.791752875642158926e+01
2.931095916293684933e+00	8.787064309633046832e+01
2.937378182606774413e+00	8.781694369822695023e+01
2.943659980254369923e+00	8.774594508152492267e+01
2.949946454403890250e+00	8.762149083111286529e+01
2.956227653702202307e+00	8.770274771307704498e+01
2.962510478867462993e+00	8.755032453013042471e+01
2.968796535179442309e+00	8.747949737643064338e+01
2.975077657376874907e+00	8.742549840959847529e+01
2.981359866759223376e+00	8.721567597965174912e+01
2.987646761575656562e+00	8.745046054257781520e+01
2.993929038370399365e+00	8.724960287995699559e+01
3.000206214840962726e+00	8.728316259953274425e+01
3.006486172402415669e+00	8.711776123453260823e+01
3.012769812211594456e+00	8.717058922634608109e+01
3.019053144326170113e+00	8.708045585390527776e+01
3.025337405144251424e+00	8.699421458523053730e+01
3.031623734799107961e+00	8.696606683459323506e+01
3.037908962055872575e+00	8.694566198236481114e+01
3.044195067146031608e+00	8.710489418961250863e+01
3.050475543482170426e+00	8.693558389726948121e+01
3.056754954538277502e+00	8.694045019480520864e+01
3.063040539557494668e+00	8.695190221954207743e+01
3.069323699454357346e+00	8.694135621466024588e+01
3.075610692642898769e+00	8.709842317739818895e+01
3.081893798009918584e+00	8.693096259551609251e+01
3.088174549548037717e+00	8.697906744766618203e+01
3.094458635632868493e+00	8.697745982897482975e+01
3.100743982931558840e+00	8.699691317699418391e+01
3.107028111748448396e+00	8.707323426332428085e+01
3.113309299655494300e+00	8.726245597502578732e+01
3.119590662867241626e+00	8.717622570962376471e+01
3.125874006820172912e+00	8.727766247657791610e+01
3.132159251154602586e+00	8.731932859031807936e+01
3.138439172765940643e+00	8.731983937647687810e+01
3.144723867719826593e+00	8.730419321343784134e+01
3.151003951258561031e+00	8.740346380155342842e+01
3.157283664131563139e+00	8.750082739665050724e+01
3.163569317183839935e+00	8.766515530463357209e+01
3.169851661717792091e+00	8.762949360308856228e+01
3.176137704316093657e+00	8.770850953640335490e+01
3.182420924828643916e+00	8.772292028738222314e+01
3.188702811875577581e+00	8.792457137499935982e+01
3.194990520008989865e+00	8.810834484938739308e+01
3.201275324656983834e+00	8.809550426763517805e+01
3.207551352179861759e+00	8.823997144656388514e+01
3.213835216737041645e+00	8.831898140550630671e+01
3.220122579819103770e+00	8.837353579843934881e+01
3.226406606618656525e+00	8.826523299901569430e+01
3.232687390085645429e+00	8.799159441610980537e+01
3.238969121280456331e+00	8.785233467168224308e+01
3.245254751548589667e+00	8.768576012864954805e+01
3.251534499036136783e+00	8.745157648896673663e+01
3.257817780791052442e+00	8.734620833550303587e+01
3.264102164154097263e+00	8.715069479428140653e+01
3.270384152138468892e+00	8.698199700131007717e+01
3.276669427476867735e+00	8.698102863612410829e+01
3.282954688864507808e+00	8.669107917304376087e+01
3.289237200334947264e+00	8.669296931659964400e+01
3.295519587088236779e+00	8.640407589909550268e+01
3.301805977329951958e+00	8.625218017820924388e+01
3.308087486222440088e+00	8.604326919457500367e+01
3.314367630234227313e+00	8.596990735129180905e+01
3.320651909732194262e+00	8.585772134547953272e+01
3.326931260376857047e+00	8.579012190609083177e+01
3.333216512447217728e+00	8.546349701403516974e+01
3.339504489419978128e+00	8.529180514112158562e+01
3.345786804809928405e+00	8.536918312706067979e+01
3.352071130016277767e+00	8.505361058180294265e+01
3.358351496304225581e+00	8.513179489546942591e+01
3.364630591073392019e+00	8.487388467660210267e+01
3.370916305215045483e+00	8.473284312735900414e+01
3.377197952029413752e+00	8.461214258406735667e+01
3.383483063818085501e+00	8.440756333569154890e+01
3.389769992424469969e+00	8.431772012056232768e+01
3.396051330885982100e+00	8.423606394055326518e+01
3.402330879139463971e+00	8.405590296240470138e+01
3.408610488352048495e+00	8.400561781330782196e+01
3.414897837696641236e+00	8.390384044525816876e+01
3.421180484052105619e+00	8.367480045471087635e+01
3.427461639653846870e+00	8.365028660596260579e+01
3.433749159643459059e+00	8.365127329126097777e+01
3.440032646656798310e+00	8.341223816705553418e+01
3.446313366033385339e+00	8.327002382215587772e+01
3.452600135384134905e+00	8.328035639986551075e+01
3.458883152815406703e+00	8.304036377887831577e+01
3.465163834403715448e+00	8.288589909600239025e+01
3.471449329786229221e+00	8.287178423975910846e+01
3.477734476754053894e+00	8.271322499977871701e+01
3.484019652467224226e+00	8.265521434196492123e+01
3.490297019369712928e+00	8.254950410222578228e+01
3.496582486484379970e+00	8.251825291214203162e+01
3.502868048046865024e+00	8.237492127002715847e+01
3.509144649545451244e+00	8.234178781799339220e+01
3.515428082003116295e+00	8.222728865640890206e+01
3.521711031624695565e+00	8.204167519790863139e+01
3.527991850954735664e+00	8.198613976452055851e+01
3.534275545726699885e+00	8.182597937973611124e+01
3.540562632020772149e+00	8.173561742474426239e+01
3.546844410757220789e+00	8.179440390779771519e+01
3.553131386753758836e+00	8.151820574725803681e+01
3.559419203211965144e+00	8.141155178698103612e+01
3.565697971577579839e+00	8.138311490611279453e+01
3.571979559134798254e+00	8.137941876532394758e+01
3.578265774595833726e+00	8.138594087897008933e+01
3.584548309769353125e+00	8.120533476263592831e+01
3.590826843920031486e+00	8.110220442529100637e+01
3.597107306745233934e+00	8.115188808822877320e+01
3.603392831792229245e+00	8.111110463427253592e+01
3.609673209822572559e+00	8.094811898965413377e+01
3.615955412133016189e+00	8.082408590708527640e+01
3.622241607772384686e+00	8.077062975269294043e+01
3.628520252736676444e+00	8.067670243740850822e+01
3.634804827569451113e+00	8.072403581198824440e+01
3.641094981788862928e+00	8.051902766304985448e+01
3.647383514928639325e+00	8.048809375443242686e+01
3.653663283927725658e+00	8.056169418448948250e+01
3.659943504072155296e+00	8.034261666148151448e+01
3.666232000281138603e+00	8.045109795663495333e+01
3.672514211678317597e+00	8.045370528855913506e+01
3.678794154686042539e+00	8.042158768160376781e+01
3.685078621861909820e+00	8.022355788129756604e+01
3.691359210097977961e+00	8.016526935235056328e+01
3.697642368173791105e+00	8.015226256134678806e+01
3.703925796735277665e+00	8.007457564143307138e+01
3.710208240364660348e+00	7.992453130520465265e+01
3.716494593122387169e+00	7.997535418802570462e+01
3.722775386659595398e+00	7.990107993972110023e+01
3.729058392883481510e+00	7.999329830560503751e+01
3.735339748210807720e+00	8.005302594564376761e+01
3.741620776392969638e+00	7.989593543824994981e+01
3.747904795418762980e+00	7.986938257154184839e+01
3.754190633281219380e+00	7.991011212157800969e+01
3.760478208018912749e+00	7.977904886072001034e+01
3.766755538573464346e+00	7.981758684275148141e+01
3.773032090135151506e+00	7.991978821211408501e+01
3.779322553012896879e+00	7.989083894305603906e+01
3.785609109731308930e+00	7.970347530627154242e+01
3.791889825936295200e+00	7.979496270615049980e+01
3.798174822702435893e+00	7.978964123331337532e+01
3.804458658753491651e+00	7.970888357465354090e+01
3.810738438095723435e+00	7.978193854645942906e+01
3.817018850285747167e+00	7.962918441819788029e+01
3.823305314209427763e+00	7.972572800561853512e+01
3.829591295197792178e+00	7.960130904365101401e+01
3.835872296070849341e+00	7.971526675798402550e+01
3.842156279590906109e+00	7.982046086682943553e+01
3.848441511099312429e+00	7.974568133976400475e+01
3.854723334376886079e+00	7.980280688820450052e+01
3.861004740704794713e+00	7.987003942332742668e+01
3.867284336650660848e+00	7.958484586507272240e+01
3.873567367678779849e+00	7.976778344876983340e+01
3.879850662830422792e+00	7.972597291803232622e+01
3.886137063198143338e+00	7.986960947331992600e+01
3.892419463049126005e+00	7.990741972131537807e+01
3.898703740328622658e+00	7.985120005615749506e+01
3.904991458788179326e+00	7.981294440607166507e+01
3.911270842222104083e+00	7.983169692129187922e+01
3.917549806479573071e+00	7.993771279518152539e+01
3.923836006203090587e+00	7.992711680779555650e+01
3.930121452497870926e+00	8.008980824115080566e+01
3.936398172858230460e+00	8.005623529443403186e+01
3.942683040425962293e+00	8.013548887063305415e+01
3.948974759704379611e+00	8.013933762066098154e+01
3.955259227995065352e+00	8.013729233612353653e+01
3.961537174921395454e+00	8.030032187540355437e+01
3.967820217617139544e+00	8.030459617655684212e+01
3.974105559832568968e+00	8.029340480883023190e+01
3.980384727931198352e+00	8.038867144709321622e+01
3.986664590839849698e+00	8.056608547279037680e+01
3.992949619150675034e+00	8.060437361955166580e+01
3.999235075769965952e+00	8.075029110464303983e+01
4.005515715515433506e+00	8.070609667274102605e+01
4.011798434346478537e+00	8.074490398856352158e+01
4.018083716245132386e+00	8.073556583133711229e+01
4.024365700052603856e+00	8.078879046699107391e+01
4.030643960839860540e+00	8.103643745046353786e+01
4.036928708926215137e+00	8.098160503480568195e+01
4.043218157412017177e+00	8.122731767687579918e+01
4.049503019487663558e+00	8.124122147201364896e+01
4.055781898960511000e+00	8.140603183615371563e+01
4.062060795621602161e+00	8.131091326781212558e+01
4.068347865354716042e+00	8.148487287165960424e+01
4.074631027173265529e+00	8.166513166654216604e+01
4.080910837526078971e+00	8.187195381053584242e+01
4.087201203341442657e+00	8.178928354049898530e+01
4.093486818591942189e+00	8.211942701572461090e+01
4.099764387336505500e+00	8.213080941450752448e+01
4.106049166937662420e+00	8.222794544532034422e+01
4.112334559041358695e+00	8.237040219092271798e+01
4.118618926059533614e+00	8.241605326340861382e+01
4.124898942031112625e+00	8.243292713645902836e+01
4.131175432561665417e+00	8.271669893931436945e+01
4.137461563786142271e+00	8.275017285709172654e+01
4.143746006210170307e+00	8.291606821458996990e+01
4.150029800482964326e+00	8.315336878803579168e+01
4.156313390684649001e+00	8.337984473246267214e+01
4.162596105843763716e+00	8.329283857015745696e+01
4.168881843141768684e+00	8.345932760293727881e+01
4.175162111073220217e+00	8.385366846604757995e+01
4.181448573417560155e+00	8.373060291235138664e+01
4.187738782464171194e+00	8.411954851500452435e+01
4.194017437180169061e+00	8.408186038937728313e+01
4.200293572701767175e+00	8.429837156168802892e+01
4.206580195481546269e+00	8.462206437934200665e+01
4.212860644652220543e+00	8.478023607124033845e+01
4.219138153430114002e+00	8.494739470372725521e+01
4.225426162098283811e+00	8.496957804126671476e+01
4.231713506719782636e+00	8.535543201727735152e+01
4.237990056577191744e+00	8.552083565907476270e+01
4.244267783646744618e+00	8.538742670435563298e+01
4.250560660182562955e+00	8.593388119648506063e+01
4.256847734842668096e+00	8.594529548179684753e+01
4.263127100734456221e+00	8.618819425139166412e+01
4.269406860432507500e+00	8.629004859600514976e+01
4.275691671482192646e+00	8.645955563097807328e+01
4.281972414189518794e+00	8.684335094269049193e+01
4.288253516806755705e+00	8.702505794802976880e+01
4.294540520160492925e+00	8.694857067457121502e+01
4.300825742921731809e+00	8.736165102079155531e+01
4.307109835491901961e+00	8.761988613584577479e+01
4.313390926478413157e+00	8.776005046809461874e+01
4.319667979480563247e+00	8.777734621675537596e+01
4.325952598143786076e+00	8.813114735818709278e+01
4.332241647035422361e+00	8.843017311999099661e+01
4.338524445619096781e+00	8.868244686663815912e+01
4.344809348131129845e+00	8.887631138850521495e+01
4.351090699193166600e+00	8.885813077858088604e+01
4.357369710808320029e+00	8.923531982819791608e+01
4.363659348967174445e+00	8.941177298126491735e+01
4.369947418280990981e+00	8.979909723221530271e+01
4.376226569265827315e+00	8.989726534322718976e+01
4.382499356631129217e+00	8.987315411177822000e+01
4.388784975178015024e+00	9.042095138817434474e+01
4.395068696309480494e+00	9.023038538148431087e+01
4.401347962382031298e+00	9.063211038697691890e+01
4.407628405096517099e+00	9.074446112954449006e+01
4.413915862185140426e+00	9.084185371022752520e+01
4.420203163534264235e+00	9.138244210522864819e+01
4.426480311003382795e+00	9.119265194281200593e+01
4.432765973643649104e+00	9.173287649324119286e+01
4.439053392023870614e+00	9.144182160680148286e+01
4.445336141335588742e+00	9.179078570295433792e+01
4.451617241414883352e+00	9.186607483456427303e+01
4.457901500730311106e+00	9.190982148763623627e+01
4.464189501093017043e+00	9.257429483999304409e+01
4.470470197548729985e+00	9.236832736783361497e+01
4.476748044268524573e+00	9.264783548863231033e+01
4.483035990164653484e+00	9.245700407670028653e+01
4.489323331650528104e+00	9.273690439809257668e+01
4.495599111667934800e+00	9.268559959399053128e+01
4.501870922878794090e+00	9.243069595391193616e+01
4.508155162877705457e+00	9.269523935432788164e+01
4.514446451153479423e+00	9.267406491403519908e+01
4.520723894043856994e+00	9.253187697877601181e+01
4.527003782460155890e+00	9.260352227240393574e+01
4.533293086610313161e+00	9.281139812350279783e+01
4.539578989864040182e+00	9.222151918364394874e+01
4.545857164866476730e+00	9.221981761278476597e+01
4.552138955546025656e+00	9.197990338022788137e+01
4.558432046889146605e+00	9.181300950810125983e+01
4.564713463378488711e+00	9.169916525659864703e+01
4.570987274133244682e+00	9.186560690623325343e+01
4.577274818151045643e+00	9.188687672838345577e+01
4.583563263889338657e+00	9.171316638446316460e+01
4.589844917004465508e+00	9.188111596493064326e+01
4.596126259982004747e+00	9.151261324105313122e+01
4.602409075598298926e+00	9.174447749103798344e+01
4.608696634867644804e+00	9.167723596050068124e+01
4.614977646498861219e+00	9.152882474276115943e+01
4.621258953029527383e+00	9.206152479651942144e+01
4.627547993978874175e+00	9.190885547835509328e+01
4.633830152730579854e+00	9.173469774661433007e+01
4.640104005367354567e+00	9.213751863792101915e+01
4.646382060386754276e+00	9.205553070977921948e+01
4.652674213731970987e+00	9.215942183788042996e+01
4.658958291796220230e+00	9.253461407027307928e+01
4.665233615070169648e+00	9.271417467916283783e+01
4.671520675710307380e+00	9.249873251593794521e+01
4.677814351732177300e+00	9.252949398597878883e+01
4.684093699744638073e+00	9.254408744939247811e+01
4.690368661472568590e+00	9.291526797238063295e+01
4.696663270746453733e+00	9.322165450804932618e+01
4.702945459248681459e+00	9.348452906742343771e+01
4.709209170841929470e+00	9.364920141114571095e+01
4.715491634753063543e+00	9.350418031567511434e+01
4.721784316284933780e+00	9.380462754047314888e+01
4.728063062331094635e+00	9.419127659490017379e+01
4.734337423381671073e+00	9.415117391415077464e+01
4.740627024094544062e+00	9.427658710103143846e+01
4.746914995664547554e+00	9.427179795093778125e+01
4.753194740071086777e+00	9.455187319426634929e+01
4.759478891864783456e+00	9.503625130172967772e+01
4.765762396877359031e+00	9.518856683719815237e+01
4.772049481246195768e+00	9.558087055056464010e+01
4.778335091022592351e+00	9.549595658602771664e+01
4.784610831402393849e+00	9.585660431819039218e+01
4.790907306208476157e+00	9.610401262917604015e+01
4.797204047706418173e+00	9.640274582525761105e+01
4.803470827697504220e+00	9.668279690465804777e+01
4.809748850577324042e+00	9.671449947633017530e+01
4.816045316586602176e+00	9.694914253488857980e+01
4.822329240673497885e+00	9.708802981771260932e+01
4.828596758226470165e+00	9.713666446937874355e+01
4.834890332961369275e+00	9.821890245387236007e+01
4.841191655056394261e+00	9.799410142539522894e+01
4.847460407468000554e+00	9.866038880817093570e+01
4.853732128521334843e+00	9.899675894685513811e+01
4.860029138783373170e+00	9.925007547902083616e+01
4.866314601732018019e+00	9.923351000293031632e+01
4.872587026269203925e+00	9.990324967548041002e+01
4.878874221748241702e+00	9.984631873742870312e+01
4.885171078138658807e+00	1.005589295041892797e+02
4.891450629931857641e+00	1.003474874245154211e+02
4.897716482750221978e+00	1.013803585178548161e+02
4.904002834596266069e+00	1.008393005442819259e+02
4.910295858205786068e+00	1.016873474412592486e+02
4.916575188115905881e+00	1.021166967441915574e+02
4.922847946197084212e+00	1.024564482592558221e+02
4.929131667457151700e+00	1.027013810154170557e+02
4.935434460144239033e+00	1.027510772820646423e+02
4.941718513303545279e+00	1.039267503299945190e+02
4.947978624761803168e+00	1.039276545106741310e+02
4.954274999209829389e+00	1.050676548358900106e+02
4.960571094729937514e+00	1.050705006650101723e+02
4.966823207626954506e+00	1.051198053892110096e+02
4.973097418390337587e+00	1.062666859345059720e+02
4.979415129936382023e+00	1.061712557919666580e+02
4.985702082330368157e+00	1.066056261074582210e+02
4.991949985828016523e+00	1.065938717239503433e+02
4.998241586316924057e+00	1.081664899076973256e+02
5.004556635606089543e+00	1.082950243638209855e+02
5.010828655701208945e+00	1.089509388757358863e+02
5.017077229702536556e+00	1.090409425675910029e+02
5.023374414758113637e+00	1.100283316317685660e+02
5.029688873569548413e+00	1.108877208718610632e+02
5.035958413584124216e+00	1.105341886300776224e+02
5.042232667658486989e+00	1.108733835573821693e+02
5.048528755870775875e+00	1.132381984355632625e+02
5.054821121427484520e+00	1.128681285925700735e+02
5.061069509814582368e+00	1.128825041007233239e+02
5.067347812754101177e+00	1.141413256731549382e+02
5.073675050630431116e+00	1.145388657842996878e+02
5.079945928388977627e+00	1.144464992567444739e+02
5.086192992546071601e+00	1.159563377700249021e+02
5.092484128970163226e+00	1.167080435701574004e+02
5.098802924706086870e+00	1.170692679634131821e+02
5.105078217426394005e+00	1.171584515702204214e+02
5.111325076574067872e+00	1.181959016576729340e+02
5.117628358851224135e+00	1.188517398261251685e+02
5.123935939383525984e+00	1.202990588188171728e+02
5.130199176325612065e+00	1.211723960628761319e+02
5.136469985878846956e+00	1.220803727531734069e+02
5.142797788696348071e+00	1.226231649822941989e+02
5.149090378043822192e+00	1.238761350535322237e+02
5.155289879840074363e+00	1.238523726680920447e+02
5.161564521234301317e+00	1.241166069798104985e+02
5.167916673496016244e+00	1.251907818771681065e+02
5.174205974602950064e+00	1.270003986033202352e+02
5.180434820793812456e+00	1.279756763839775573e+02
5.186729096569634656e+00	1.269479600579678618e+02
5.193058481037780894e+00	1.304410966912223273e+02
5.199319511444338460e+00	1.313730690459923380e+02
5.205574295584361799e+00	1.303682235776974778e+02
5.211894977074066126e+00	1.325975964267541656e+02
5.218201708336958511e+00	1.332481957927832070e+02
5.224411911780083351e+00	1.357154669369276974e+02
5.230677632666463239e+00	1.345298503766723570e+02
5.237056729559757429e+00	1.363088374633969124e+02
5.243336785035660697e+00	1.381135942821148035e+02
5.249493476178225038e+00	1.399555443386985303e+02
5.255787017738318134e+00	1.395279208095305989e+02
5.262205327426889845e+00	1.405897711389812912e+02
5.268477758348532269e+00	1.425146238743164986e+02
5.274632213654732560e+00	1.443474827607455211e+02
5.280950543314659740e+00	1.456028828650387936e+02
5.287327645024750389e+00	1.471849634449877726e+02
5.293582359180156516e+00	1.479403434685209220e+02
5.299789992649893478e+00	1.483701682047245640e+02
5.306111460381987222e+00	1.515832149040699051e+02
5.312452717892129250e+00	1.492291994271576527e+02
5.318650122853046724e+00	1.537184422119014755e+02
5.324923043129819789e+00	1.544660573849544676e+02
5.331330237158205421e+00	1.565855507732507306e+02
5.337586726886338617e+00	1.554127353576387520e+02
5.343685192440848830e+00	1.573789602085078343e+02
5.350070659715249199e+00	1.581103774989173303e+02
5.356556762554878226e+00	1.616802633554817419e+02
5.362691868684501095e+00	1.611582322133677962e+02
5.368769208912516966e+00	1.640568224990471720e+02
5.375270137997677722e+00	1.665749961563697354e+02
5.381769983045385786e+00	1.719224246467792625e+02
5.387701030372958222e+00	1.724896230308023348e+02
5.393786668001271600e+00	1.732221015227253531e+02
5.400446161099396569e+00	1.740633026979215003e+02
5.406957063684501463e+00	1.759253969124429773e+02
5.412655672453426270e+00	1.797627223874281981e+02
5.418821279260546575e+00	1.792332757614160812e+02
5.425690594366304076e+00	1.863631614888605270e+02
5.432217487502165376e+00	1.828837930857020524e+02
5.437649811577258241e+00	1.861931323178752109e+02
5.443914404015878006e+00	1.898819160872167231e+02
5.450953501686320202e+00	1.900804352486899802e+02
5.457483690405861232e+00	1.926081880361317076e+02
5.462715250135157241e+00	1.874842436193363255e+02
5.469033575551323523e+00	1.906916124880805512e+02
5.476177730420278778e+00	1.977010880030258591e+02
5.482708935702562236e+00	2.023718708637923669e+02
5.487722405008360838e+00	1.990333021839716423e+02
5.494194284996126498e+00	2.077906918713958930e+02
5.501391471009256406e+00	2.177610657846248046e+02
5.507128202673079009e+00	2.217482156376907199e+02
5.512278020050448646e+00	2.274688941448147830e+02
5.519395563377015534e+00	2.174795747231616190e+02
5.526598678609708770e+00	2.283978889965726182e+02
5.532162682462509196e+00	2.315123273773206449e+02
5.537397124017139127e+00	2.289211936252468433e+02
5.544582756485218589e+00	2.149097198575088044e+02
5.551739327507637434e+00	2.745822715294538625e+02
5.557493306674907707e+00	2.327539028639872924e+02
5.562281709102816940e+00	1.689954790243041884e+02
5.569272720323164449e+00	1.684582026510773858e+02
