8.899641224696953554e-03	1.645246470829174723e+04
1.507912216506557788e-02	1.994707517366028333e+04
2.144790186456836667e-02	1.894157318806796320e+04
2.783660776489276650e-02	1.819610818622623265e+04
3.435099785803411021e-02	1.384130207297675406e+04
4.047886761425745911e-02	1.354332017804359748e+04
4.676716683575679601e-02	1.109148665426829029e+04
5.308225101765951665e-02	9.310094422603549901e+03
5.945362440940590160e-02	1.075672120690907832e+04
6.576224814588792211e-02	8.812395269056107281e+03
7.196632906698736953e-02	8.491616617180596222e+03
7.827860915688347743e-02	7.399512002632970507e+03
8.470398945834539672e-02	6.302630800837063362e+03
9.096854620527369817e-02	5.883631063001055736e+03
9.720789776830213169e-02	5.103881949941434868e+03
1.034763038959366499e-01	4.763571481131240034e+03
1.097576444254559219e-01	4.525471554338595524e+03
1.160543084780093354e-01	4.478093175156660436e+03
1.223669666537485351e-01	4.326549097099485152e+03
1.286817263090294094e-01	4.031522188102957443e+03
1.349500801664080818e-01	3.715298333031734728e+03
1.411949558842147678e-01	3.525411784585250189e+03
1.475133575747468451e-01	3.190595218138799737e+03
1.537865074252268427e-01	2.905407468078763031e+03
1.600657544051110326e-01	2.827473515210863752e+03
1.663991168687080635e-01	2.695780806623355602e+03
1.727195645776442856e-01	2.648802638391597156e+03
1.789765213377084718e-01	2.583322730876762762e+03
1.852353690647852158e-01	2.483941108996604271e+03
1.914806787341157279e-01	2.421495219133101727e+03
1.977889868651535599e-01	2.308640886525619408e+03
2.040937735447724277e-01	2.119324881273785650e+03
2.103939302609846018e-01	2.053924292899270313e+03
2.166909709822301688e-01	2.001057507427975679e+03
2.229700281216152047e-01	1.920250255750476072e+03
2.292620027086341994e-01	1.878062193860307843e+03
2.355141508366812297e-01	1.764952543863372739e+03
2.417910583817859116e-01	1.697444173495682662e+03
2.480856539439619257e-01	1.685317341457837756e+03
2.543492256872954549e-01	1.645801784254690574e+03
2.606334251884805386e-01	1.568910523111631846e+03
2.669257370896960802e-01	1.512636408945604671e+03
2.732423343141155980e-01	1.519541643982503047e+03
2.795529680084415936e-01	1.440706184877565647e+03
2.858366292314493129e-01	1.393186812769156177e+03
2.920876271394311496e-01	1.378079992528812681e+03
2.983449844439822751e-01	1.344369565944226224e+03
3.046382639407197446e-01	1.315958579554231392e+03
3.109279127003197196e-01	1.264632998347220791e+03
3.172168171618398036e-01	1.232633073413549255e+03
3.235187567944423082e-01	1.223185563933485128e+03
3.298168217550395687e-01	1.181822370257663124e+03
3.361176429457156667e-01	1.180762209767880677e+03
3.423700375709273769e-01	1.157991345297899215e+03
3.486478192666269682e-01	1.129778913100911041e+03
3.549411614411318028e-01	1.103556233631896475e+03
3.611916935421040642e-01	1.080668175240244409e+03
3.674767089563572564e-01	1.062853908936427160e+03
3.737647795277591056e-01	1.043571974588544663e+03
3.800654031475132477e-01	1.017581816841997465e+03
3.863539861259823738e-01	1.000777856530348004e+03
3.926140181364449755e-01	9.941653902581273314e+02
3.989264500321934581e-01	9.671830082145384040e+02
4.052073244576828714e-01	9.583026844484899129e+02
4.114916477570477182e-01	9.431679125739177607e+02
4.177814272116491257e-01	9.175667722034581857e+02
4.240400648725131116e-01	9.184826583735729173e+02
4.303425690270192283e-01	8.895421178584788322e+02
4.366358560255625965e-01	8.817562102611874479e+02
4.428996183220763605e-01	8.622173670651361590e+02
4.491634418529859563e-01	8.651838990040121189e+02
4.554414146254732731e-01	8.466396197028961979e+02
4.617634470301058558e-01	8.318822069389500484e+02
4.680644242023710433e-01	8.289528484499375054e+02
4.743485242764365895e-01	8.105225181638526237e+02
4.806356136815400082e-01	8.130620649784730176e+02
4.869019258388697646e-01	7.852375190568318430e+02
4.931697099599955947e-01	7.851000245659322445e+02
4.994506747144535908e-01	7.722165400983965355e+02
5.057159051335421429e-01	7.660459234857079309e+02
5.119923996268095356e-01	7.510138030318736355e+02
5.183126097768406826e-01	7.479313391177871608e+02
5.246089638029100000e-01	7.366454651318355218e+02
5.308757308483337267e-01	7.239268312820556730e+02
5.371573527946726934e-01	7.228617059825285196e+02
5.434579563783791256e-01	7.156156315951531042e+02
5.497430652392217842e-01	7.017791552725302608e+02
5.559937427501778773e-01	6.975194402899430770e+02
5.622854676609657654e-01	6.980238199274940598e+02
5.686011537227265711e-01	6.829315623726581634e+02
5.748804589422079614e-01	6.796384526461453106e+02
5.811550210340560296e-01	6.740359787955933371e+02
5.874394496660968468e-01	6.660117474987650894e+02
5.937176220296899176e-01	6.594555499151254025e+02
5.999971954793682505e-01	6.524104235848710687e+02
6.062679115124277596e-01	6.401118916884557848e+02
6.125469576444534381e-01	6.373593662618280860e+02
6.188477733041515272e-01	6.349229879182402101e+02
6.251310567437898813e-01	6.253878928622287958e+02
6.314027450383210560e-01	6.242946095674849403e+02
6.377003562732055375e-01	6.118966152489067554e+02
6.439857783314556494e-01	6.084921353159733144e+02
6.502685417166111925e-01	6.040163347384599319e+02
6.565586117699038216e-01	5.995558597344333975e+02
6.628369282359254377e-01	5.930894124553769871e+02
6.691185444962194362e-01	5.859792358954972542e+02
6.754070198575605755e-01	5.830342245541090733e+02
6.816835514593204692e-01	5.784823005515810337e+02
6.879592533861698112e-01	5.733488228468914940e+02
6.942344317039531587e-01	5.673235921461764519e+02
7.005175402434737908e-01	5.656351955212226130e+02
7.068124956608716758e-01	5.583994033029018738e+02
7.131019009674921527e-01	5.592870559379265387e+02
7.193918251171427247e-01	5.498649011630466248e+02
7.256833807598113140e-01	5.459920563322590397e+02
7.319652682709349989e-01	5.412051098408106782e+02
7.382507990484923344e-01	5.392687610047747739e+02
7.445265842115937893e-01	5.361563939295620003e+02
7.507871101942712455e-01	5.295858541351392432e+02
7.570758465316046459e-01	5.235877125232565277e+02
7.633641233600957365e-01	5.198953296787080944e+02
7.696462959862266917e-01	5.208566383396214405e+02
7.759394865175414102e-01	5.155892015563483710e+02
7.822329141989586843e-01	5.070129755020992661e+02
7.885314936520240181e-01	5.070481694674531354e+02
7.947896566979522071e-01	5.042867938627537114e+02
8.010491096592354809e-01	4.993537715025628358e+02
8.073364061727361651e-01	4.953724713123759216e+02
8.136229488373866170e-01	4.931156413050193805e+02
8.199152998961036776e-01	4.894403433807290753e+02
8.261952636392789762e-01	4.859989666871054510e+02
8.324897070080405914e-01	4.818502821381831041e+02
8.387959309210778480e-01	4.795822256785264699e+02
8.450634639703045181e-01	4.773595907030674539e+02
8.513282867562648182e-01	4.748031120816665975e+02
8.576198263902009566e-01	4.695786091100177941e+02
8.639058477062415697e-01	4.674566123763875112e+02
8.701838745487597837e-01	4.626091385203613982e+02
8.764641096075268534e-01	4.609225889349568774e+02
8.827503873399735745e-01	4.568912013828291379e+02
8.890332768393869323e-01	4.529045875325521706e+02
8.953084247113127780e-01	4.525251049619387800e+02
9.015956521667095602e-01	4.488116388368545699e+02
9.078833328094829680e-01	4.477788976260999334e+02
9.141744106319863450e-01	4.430099106717652830e+02
9.204630817717615043e-01	4.398117461987637284e+02
9.267434415264711456e-01	4.383693658186878110e+02
9.330324197354928906e-01	4.329242410399509140e+02
9.393265785573878812e-01	4.325478094340379585e+02
9.455974810398196650e-01	4.301290121048367041e+02
9.518660018545171964e-01	4.270637855601713682e+02
9.581413255531838757e-01	4.233410456516339195e+02
9.644350945109106954e-01	4.211194946391333929e+02
9.707355633568249820e-01	4.205364656270493811e+02
9.770080768450029041e-01	4.170339431763198945e+02
9.832823325363413414e-01	4.166686866726760741e+02
9.895569691966674686e-01	4.125284482203113612e+02
9.958456301921106979e-01	4.119712756401085016e+02
1.002136210743837408e+00	4.078987162716192074e+02
1.008404825335135424e+00	4.069911457407484363e+02
1.014694149836243398e+00	4.019966982311212291e+02
1.020992555437297167e+00	4.032087473637040489e+02
1.027273980437394485e+00	3.999460109677415858e+02
1.033559181896017254e+00	3.963429573608319743e+02
1.039847557392594934e+00	3.962599906263076264e+02
1.046126974943305088e+00	3.926232281070221575e+02
1.052403436811028659e+00	3.897851424040471784e+02
1.058680704651608684e+00	3.893288137895521572e+02
1.064964333065789193e+00	3.861515361254349727e+02
1.071256777440835473e+00	3.847464710618048116e+02
1.077544048801078125e+00	3.821263253667517574e+02
1.083824820188043603e+00	3.791864822538115618e+02
1.090108023942816695e+00	3.799080648828465314e+02
1.096389665956643222e+00	3.755805546866752707e+02
1.102681132058841440e+00	3.725973658025137638e+02
1.108963047594879958e+00	3.722494676560523317e+02
1.115225428463759272e+00	3.701971384713951920e+02
1.121502127614767863e+00	3.688976812889404187e+02
1.127792573824792033e+00	3.652260473241075260e+02
1.134089552668382961e+00	3.645988700004051566e+02
1.140364049650405942e+00	3.629631359448781609e+02
1.146639180320979445e+00	3.606907352704716914e+02
1.152942412991649901e+00	3.581076892029284409e+02
1.159228906751078814e+00	3.567282558472961682e+02
1.165508721887268173e+00	3.536486546669326572e+02
1.171793076256210320e+00	3.529113316813284200e+02
1.178087436369658958e+00	3.516487780025468055e+02
1.184367654251526902e+00	3.477062318918534629e+02
1.190634642299266632e+00	3.474039899675440211e+02
1.196912208834400859e+00	3.435065895547389800e+02
1.203201577354146234e+00	3.431992500767203182e+02
1.209486844441705733e+00	3.426456238517936868e+02
1.215763902074809888e+00	3.395796261640620628e+02
1.222049755171146668e+00	3.379029876750236099e+02
1.228340616621486969e+00	3.360186257380906341e+02
1.234632986576932767e+00	3.341210399136283513e+02
1.240902247176856488e+00	3.315423272018728653e+02
1.247174839144687519e+00	3.305291332154680504e+02
1.253465459933442272e+00	3.294809794723549885e+02
1.259749951892178421e+00	3.279160902581306232e+02
1.266032143127253873e+00	3.261001314260907407e+02
1.272316288472006507e+00	3.253534822776912279e+02
1.278604155058621350e+00	3.234235823904818972e+02
1.284886588933593865e+00	3.207309102816909103e+02
1.291175420066583257e+00	3.205049810680815767e+02
1.297465726373772332e+00	3.174289649006108220e+02
1.303741827011944299e+00	3.162212178805092435e+02
1.310017322922761851e+00	3.150583519871948397e+02
1.316301447662886703e+00	3.125508213149070684e+02
1.322586760363303249e+00	3.124433179309924640e+02
1.328865492452874664e+00	3.103978207232205477e+02
1.335144804954555564e+00	3.090747455898281260e+02
1.341440516272275119e+00	3.078854534719449134e+02
1.347730868417094552e+00	3.051450601615742926e+02
1.354001589994877630e+00	3.046419039710897891e+02
1.360282609297778444e+00	3.028675000455798454e+02
1.366565686457597906e+00	3.017331451007858050e+02
1.372851498482432708e+00	2.994257206614598203e+02
1.379135372929401804e+00	2.984269974936581775e+02
1.385409567149057164e+00	2.976428211963602166e+02
1.391698641219299315e+00	2.955028475060533992e+02
1.397984451439470810e+00	2.945654535296015979e+02
1.404267883409181961e+00	2.934326287239411499e+02
1.410554779484869181e+00	2.909806436005833348e+02
1.416837833547465397e+00	2.895344877338842480e+02
1.423118177187137068e+00	2.889418237710172548e+02
1.429397801164240089e+00	2.874112915683508049e+02
1.435686921822787232e+00	2.857180461043345758e+02
1.441977121769299597e+00	2.841663326585617710e+02
1.448253667853332427e+00	2.827084365679702955e+02
1.454532348972172651e+00	2.821379451233425470e+02
1.460819319151879903e+00	2.803705724353234245e+02
1.467110364402026468e+00	2.794713524850641306e+02
1.473392908948962132e+00	2.778665483175875011e+02
1.479669965243598950e+00	2.769004076301881128e+02
1.485956144602843532e+00	2.756523222240928135e+02
1.492233610763115115e+00	2.752977104156360042e+02
1.498502470379980078e+00	2.730002625578974857e+02
1.504785752051182701e+00	2.719270333011584171e+02
1.511075991894575976e+00	2.711201973657516078e+02
1.517361634985162189e+00	2.690836668993554781e+02
1.523648570969130533e+00	2.680860879049943151e+02
1.529938035715892264e+00	2.666385017993214888e+02
1.536230176913891965e+00	2.654750586011450082e+02
1.542510718779388279e+00	2.650857378030961513e+02
1.548783963082980275e+00	2.635202241529433991e+02
1.555073069779651318e+00	2.625524456690413331e+02
1.561357324927233892e+00	2.619518350726719973e+02
1.567629121053141006e+00	2.598713320280021435e+02
1.573913697404382583e+00	2.585765798182135313e+02
1.580203545230874029e+00	2.572321030592783586e+02
1.586485393434537983e+00	2.560586850944424668e+02
1.592760014263005841e+00	2.550258732048642116e+02
1.599046436394670812e+00	2.540129711954458855e+02
1.605342136637478934e+00	2.526008232856480902e+02
1.611619860919608627e+00	2.516176264078738427e+02
1.617897597081673799e+00	2.503008867512917561e+02
1.624183235481122756e+00	2.496309232760612247e+02
1.630464598531913722e+00	2.479248539440945365e+02
1.636748985747638274e+00	2.474953198221325863e+02
1.643030923698886259e+00	2.460663182781870262e+02
1.649309176648513064e+00	2.448071334786211537e+02
1.655593633940351861e+00	2.436367828411628125e+02
1.661879571405086464e+00	2.432580224241679900e+02
1.668169361685170271e+00	2.418943177480855127e+02
1.674450151530487485e+00	2.410323770737009568e+02
1.680722718978495900e+00	2.402068738681949469e+02
1.687013891340952476e+00	2.384851709684903369e+02
1.693308984907921033e+00	2.379874843787003158e+02
1.699582147428448486e+00	2.365889775222924811e+02
1.705863747055134105e+00	2.350202778349456310e+02
1.712154434283889470e+00	2.343964346844881277e+02
1.718438381579399321e+00	2.333600066591842790e+02
1.724721264464063930e+00	2.327467196225233010e+02
1.730997441276920679e+00	2.316417382531465705e+02
1.737287073528269499e+00	2.301209868260061739e+02
1.743567991878527401e+00	2.293467949335647234e+02
1.749840680212231048e+00	2.283069680248986231e+02
1.756128549091961144e+00	2.279848819886783815e+02
1.762413535324792502e+00	2.263300429001491807e+02
1.768696187669963837e+00	2.248437855096921112e+02
1.774979359379055266e+00	2.249629107497827931e+02
1.781265555576432957e+00	2.236338946801800205e+02
1.787549427830244619e+00	2.226561833872198406e+02
1.793834120011633004e+00	2.217096099558802962e+02
1.800115051552487300e+00	2.207888024551610897e+02
1.806393904854530330e+00	2.195940559803166821e+02
1.812674089667083432e+00	2.187647336170686287e+02
1.818956920109354058e+00	2.176427812738357090e+02
1.825244164118212220e+00	2.174451730778606304e+02
1.831527256642196955e+00	2.166439409276863728e+02
1.837811294935716599e+00	2.150923599965741175e+02
1.844100717411196744e+00	2.143911556040392838e+02
1.850384816792487230e+00	2.137783792287687277e+02
1.856666059735203822e+00	2.126697982858874525e+02
1.862947728675613979e+00	2.121501184973432430e+02
1.869229324466858078e+00	2.112738086151373977e+02
1.875517616802973686e+00	2.097758376903793192e+02
1.881800769033795229e+00	2.093021946308288079e+02
1.888078863416442710e+00	2.082089546451588831e+02
1.894353975182237582e+00	2.072714606849080212e+02
1.900642716154182565e+00	2.062701794949127816e+02
1.906933494748685121e+00	2.053470115034083108e+02
1.913207568676573933e+00	2.048891383960209964e+02
1.919490884732178992e+00	2.041306052834048899e+02
1.925776855684274480e+00	2.028654437876964778e+02
1.932064452961978152e+00	2.019687190828727523e+02
1.938342610030488800e+00	2.018071231387766886e+02
1.944618341543410178e+00	2.009797843514329259e+02
1.950906260203513876e+00	2.004316381993079119e+02
1.957194556613796488e+00	1.989427042358095150e+02
1.963479614559011432e+00	1.988072467176981490e+02
1.969760361532916226e+00	1.973321767020973425e+02
1.976048367034604736e+00	1.970251883626904146e+02
1.982337990217652335e+00	1.965054603457310520e+02
1.988617489259562721e+00	1.949085465684179042e+02
1.994896320665194178e+00	1.944818099353964556e+02
2.001179596222827151e+00	1.931141389684795229e+02
2.007459756923499761e+00	1.927523199301300849e+02
2.013737397779169935e+00	1.921175794287339613e+02
2.020017234677497164e+00	1.913279805391492516e+02
2.026310251015072783e+00	1.905781873348359738e+02
2.032600542948020284e+00	1.899888587936904969e+02
2.038873863192099289e+00	1.892351440855196643e+02
2.045154087821675404e+00	1.881497055173246622e+02
2.051444704514288730e+00	1.879610661655989361e+02
2.057730430280644729e+00	1.869395093390064631e+02
2.064013940455224461e+00	1.860192139048018021e+02
2.070299891179459895e+00	1.850472723604824239e+02
2.076589719964883951e+00	1.848610096257098405e+02
2.082865483794470673e+00	1.845041882652253094e+02
2.089134494859368640e+00	1.838968729740338688e+02
2.095424211360070288e+00	1.826752666574012665e+02
2.101707116664804254e+00	1.819027783712123210e+02
2.107986473933564309e+00	1.815162914906307492e+02
2.114271806543862375e+00	1.808302781319601422e+02
2.120552717288892275e+00	1.800493964750984048e+02
2.126836933207161717e+00	1.790289564143797634e+02
2.133122044791171845e+00	1.787609444213868528e+02
2.139411711910842673e+00	1.777399520254032552e+02
2.145697076775292089e+00	1.776032851132054304e+02
2.151973548606471276e+00	1.766552713769597744e+02
2.158259913555724108e+00	1.756256156658615737e+02
2.164545396699105506e+00	1.752603341272153159e+02
2.170830700377734068e+00	1.743451853820061501e+02
2.177114138849150393e+00	1.741657135613860987e+02
2.183387647576827018e+00	1.733622731602746967e+02
2.189670273687676971e+00	1.725879463950164734e+02
2.195960147934207463e+00	1.723704341047712489e+02
2.202242556317716371e+00	1.715827203380040373e+02
2.208521655981037668e+00	1.707387886733914968e+02
2.214804637081333016e+00	1.703872443466987363e+02
2.221092583349425276e+00	1.692878547985228863e+02
2.227372893591468728e+00	1.687027350783221209e+02
2.233657161144248171e+00	1.681085159586120596e+02
2.239943485394438660e+00	1.679351225993899561e+02
2.246224175264620815e+00	1.667885733318046562e+02
2.252506378421252009e+00	1.667785474681602693e+02
2.258783417054270437e+00	1.659085557116938503e+02
2.265069077371457684e+00	1.652610643273181665e+02
2.271350377044131452e+00	1.646524101698562106e+02
2.277633995145353918e+00	1.638976311203261105e+02
2.283922419579920149e+00	1.633197902948663227e+02
2.290202874392252674e+00	1.629880875267606655e+02
2.296490779970905560e+00	1.625093022297362211e+02
2.302771769934229162e+00	1.618354675215211103e+02
2.309051364164305564e+00	1.611402205343835021e+02
2.315338502539088239e+00	1.606379510970195668e+02
2.321627336503874428e+00	1.599012126217326397e+02
2.327911878297218795e+00	1.597487827477390567e+02
2.334186238580297168e+00	1.589921298413557338e+02
2.340467971862688401e+00	1.583580429880709062e+02
2.346756940970738725e+00	1.578413914604539059e+02
2.353044444556199988e+00	1.576084153282084799e+02
2.359327653314069906e+00	1.568767297324972958e+02
2.365603048789861607e+00	1.562640553665742686e+02
2.371885911737665165e+00	1.555664996557218558e+02
2.378173303594019572e+00	1.553552673637860266e+02
2.384454016539381271e+00	1.546083783275400094e+02
2.390736447344785187e+00	1.542941872294636312e+02
2.397014133897952259e+00	1.537728481591511240e+02
2.403295490074321972e+00	1.531495899425888751e+02
2.409585049672506862e+00	1.525073598646369248e+02
2.415871703165322071e+00	1.524156506622709912e+02
2.422160652369088840e+00	1.518070855271433857e+02
2.428440167222748691e+00	1.510546221794646726e+02
2.434717472383889803e+00	1.508927045811366554e+02
2.441002456202044257e+00	1.500086659492739329e+02
2.447289980304530488e+00	1.498141989459645060e+02
2.453571844729242279e+00	1.494241532689352709e+02
2.459852705114058846e+00	1.491242346870732547e+02
2.466139233225018934e+00	1.483841868125425378e+02
2.472421963421291391e+00	1.482275056572902372e+02
2.478698519174224568e+00	1.473229058183880795e+02
2.484980841400355800e+00	1.470721547154064694e+02
2.491269319409339822e+00	1.465519155795402639e+02
2.497548505139029373e+00	1.461187153214077625e+02
2.503831667172610853e+00	1.458358451444782986e+02
2.510117938323931153e+00	1.450877304240724754e+02
2.516400733681277480e+00	1.449274014391077685e+02
2.522688226833368130e+00	1.444747079558245844e+02
2.528971695852665569e+00	1.444422558377254973e+02
2.535252039407670299e+00	1.437987697540649208e+02
2.541537514142774512e+00	1.434018056708455049e+02
2.547823008847572179e+00	1.427677359135128938e+02
2.554100666580690238e+00	1.426769562621511511e+02
2.560376788884177301e+00	1.421134089158873905e+02
2.566667521601497359e+00	1.414652813431485470e+02
2.572955062237090473e+00	1.410612105790025055e+02
2.579233771797999175e+00	1.409500258841212315e+02
2.585520164300948220e+00	1.402678066905421304e+02
2.591805130332431872e+00	1.400317563474231122e+02
2.598084074692260881e+00	1.395285297095879002e+02
2.604360404197643586e+00	1.389146361929969942e+02
2.610647185140439142e+00	1.390318689930796836e+02
2.616931864059273138e+00	1.384912262622939920e+02
2.623206107911065565e+00	1.378059809895209469e+02
2.629491626543270844e+00	1.377521851543649518e+02
2.635778507982642349e+00	1.373429919772599987e+02
2.642061039325260818e+00	1.371236158407909613e+02
2.648343840729305843e+00	1.367032451579879648e+02
2.654631838974855551e+00	1.364055852876660424e+02
2.660919001246303761e+00	1.357689418763852984e+02
2.667198525130066056e+00	1.355855179083084181e+02
2.673484307038032526e+00	1.353510747357646835e+02
2.679773388053849459e+00	1.353051801448547735e+02
2.686058217632288692e+00	1.348557849484403732e+02
2.692338738200057868e+00	1.340784585232367760e+02
2.698618022887226964e+00	1.341045972415057577e+02
2.704895450708277860e+00	1.334397036053384227e+02
2.711175674923682166e+00	1.333377752394673337e+02
2.717459832966957922e+00	1.331337351601387411e+02
2.723745731959044569e+00	1.329073087851852222e+02
2.730038414850594730e+00	1.324512373071696629e+02
2.736317989800789441e+00	1.322181095887875131e+02
2.742591858549239703e+00	1.320084307703084221e+02
2.748879749010778362e+00	1.313818587037195584e+02
2.755163403825859447e+00	1.311769355669634649e+02
2.761446955625852073e+00	1.310673233216828351e+02
2.767732088935374701e+00	1.307413171057788190e+02
2.774015452421743966e+00	1.305156307500108710e+02
2.780298635700591436e+00	1.303642562253559163e+02
2.786577474762241380e+00	1.302235866735372554e+02
2.792857983210164541e+00	1.296495161531147744e+02
2.799143790920211483e+00	1.295179923676637941e+02
2.805430058399325244e+00	1.292813089389591994e+02
2.811715058209780072e+00	1.289591305768549319e+02
2.817989272498773623e+00	1.286621663089212291e+02
2.824269171595737760e+00	1.285191748881920262e+02
2.830563016441804081e+00	1.282827174138558632e+02
2.836848750951622034e+00	1.279073603260584093e+02
2.843130027866129783e+00	1.278563477221549221e+02
2.849413896912404986e+00	1.277182528655770852e+02
2.855697464522425566e+00	1.276364580988852566e+02
2.861978799810683594e+00	1.272785508747133463e+02
2.868262469415629567e+00	1.271530399347521865e+02
2.874547359206753860e+00	1.270554857060724316e+02
2.880831111471525041e+00	1.268024746426129497e+02
2.887113216972382546e+00	1.264720512252192322e+02
2.893394504725182781e+00	1.262269434501714471e+02
2.899673662137033592e+00	1.260390715328252753e+02
2.905953958587380814e+00	1.257899762225140279e+02
2.912241118105161064e+00	1.258567457437437724e+02
2.918525996366671205e+00	1.253691386682279614e+02
2.924809035425688819e+00	1.253891863900552295e+02
2.931095916293684933e+00	1.252454487131397656e+02
2.937378182606774413e+00	1.249433748233804664e+02
2.943659980254369923e+00	1.249265414129292111e+02
2.949946454403890250e+00	1.247963483474391495e+02
2.956227653702202307e+00	1.246628668946689658e+02
2.962510478867462993e+00	1.245869632685103454e+02
2.968796535179442309e+00	1.246307824341664343e+02
2.975077657376874907e+00	1.243994341585132588e+02
2.981359866759223376e+00	1.240753904348744641e+02
2.987646761575656562e+00	1.240687516705806530e+02
2.993929038370399365e+00	1.239504488922466123e+02
3.000206214840962726e+00	1.238260828487388068e+02
3.006486172402415669e+00	1.235825227186041531e+02
3.012769812211594456e+00	1.236825094344360565e+02
3.019053144326170113e+00	1.235869931186836226e+02
3.025337405144251424e+00	1.236462529866657860e+02
3.031623734799107961e+00	1.233950596107114421e+02
3.037908962055872575e+00	1.233845479229818238e+02
3.044195067146031608e+00	1.234832506865605239e+02
3.050475543482170426e+00	1.236602574687732528e+02
3.056754954538277502e+00	1.233751249196178748e+02
3.063040539557494668e+00	1.234386735620158078e+02
3.069323699454357346e+00	1.232604286315469437e+02
3.075610692642898769e+00	1.233201963536898802e+02
3.081893798009918584e+00	1.232410821418159088e+02
3.088174549548037717e+00	1.232644367500594882e+02
3.094458635632868493e+00	1.232243643626684815e+02
3.100743982931558840e+00	1.234499898797055408e+02
3.107028111748448396e+00	1.234077557977258834e+02
3.113309299655494300e+00	1.234088914092434379e+02
3.119590662867241626e+00	1.233807756840089525e+02
3.125874006820172912e+00	1.234469639416993374e+02
3.132159251154602586e+00	1.233979211887525196e+02
3.138439172765940643e+00	1.235541875080943726e+02
3.144723867719826593e+00	1.236771149819140732e+02
3.151003951258561031e+00	1.237280277655624872e+02
3.157283664131563139e+00	1.237357891515538739e+02
3.163569317183839935e+00	1.236570299379514069e+02
3.169851661717792091e+00	1.236371071210861459e+02
3.176137704316093657e+00	1.239297963137896801e+02
3.182420924828643916e+00	1.241898993573122283e+02
3.188702811875577581e+00	1.242495337414567729e+02
3.194990520008989865e+00	1.242570711921311783e+02
3.201275324656983834e+00	1.244678187826115163e+02
3.207551352179861759e+00	1.246135298757967007e+02
3.213835216737041645e+00	1.247532525052647543e+02
3.220122579819103770e+00	1.247104354740429955e+02
3.226406606618656525e+00	1.243247623754362365e+02
3.232687390085645429e+00	1.239826027264577704e+02
3.238969121280456331e+00	1.240355889608120776e+02
3.245254751548589667e+00	1.237186507942876972e+02
3.251534499036136783e+00	1.233362603699089277e+02
3.257817780791052442e+00	1.229692190895325155e+02
3.264102164154097263e+00	1.229444111663133583e+02
3.270384152138468892e+00	1.227679696122130508e+02
3.276669427476867735e+00	1.226929911582019486e+02
3.282954688864507808e+00	1.221553620999399783e+02
3.289237200334947264e+00	1.219663158210604479e+02
3.295519587088236779e+00	1.218457531153852642e+02
3.301805977329951958e+00	1.214585941160683547e+02
3.308087486222440088e+00	1.213352827841528807e+02
3.314367630234227313e+00	1.208755207140080756e+02
3.320651909732194262e+00	1.208562919711951906e+02
3.326931260376857047e+00	1.204959140858411786e+02
3.333216512447217728e+00	1.203584720806363322e+02
3.339504489419978128e+00	1.203041916157628748e+02
3.345786804809928405e+00	1.199709833059654045e+02
3.352071130016277767e+00	1.198448624255801889e+02
3.358351496304225581e+00	1.196576138134848009e+02
3.364630591073392019e+00	1.195359404514264412e+02
3.370916305215045483e+00	1.191969715998386903e+02
3.377197952029413752e+00	1.189123973424563587e+02
3.383483063818085501e+00	1.188624070564562487e+02
3.389769992424469969e+00	1.187646235851466372e+02
3.396051330885982100e+00	1.183267789423429548e+02
3.402330879139463971e+00	1.183422877996961091e+02
3.408610488352048495e+00	1.180607150162865793e+02
3.414897837696641236e+00	1.178006174480600379e+02
3.421180484052105619e+00	1.177032726675422794e+02
3.427461639653846870e+00	1.176974314302145501e+02
3.433749159643459059e+00	1.172258201405682598e+02
3.440032646656798310e+00	1.171115517161514674e+02
3.446313366033385339e+00	1.170685691819679590e+02
3.452600135384134905e+00	1.168236103935351906e+02
3.458883152815406703e+00	1.166228894146398005e+02
3.465163834403715448e+00	1.165261258089863219e+02
3.471449329786229221e+00	1.163557544585186321e+02
3.477734476754053894e+00	1.162286181700394110e+02
3.484019652467224226e+00	1.159386882621306398e+02
3.490297019369712928e+00	1.157306560874747134e+02
3.496582486484379970e+00	1.154522468112129445e+02
3.502868048046865024e+00	1.155910331545258600e+02
3.509144649545451244e+00	1.153165798109175455e+02
3.515428082003116295e+00	1.151308798243839533e+02
3.521711031624695565e+00	1.150039940232152276e+02
3.527991850954735664e+00	1.148564194901321542e+02
3.534275545726699885e+00	1.148319986970406603e+02
3.540562632020772149e+00	1.146186188266909483e+02
3.546844410757220789e+00	1.144973778804104683e+02
3.553131386753758836e+00	1.143176705532236355e+02
3.559419203211965144e+00	1.142074489334224694e+02
3.565697971577579839e+00	1.139008010691086241e+02
3.571979559134798254e+00	1.138713943538919295e+02
3.578265774595833726e+00	1.136626729057325775e+02
3.584548309769353125e+00	1.136800525034770573e+02
3.590826843920031486e+00	1.134740402420781038e+02
3.597107306745233934e+00	1.135049186881700649e+02
3.603392831792229245e+00	1.133224132217575999e+02
3.609673209822572559e+00	1.132366872585627959e+02
3.615955412133016189e+00	1.130611563076410846e+02
3.622241607772384686e+00	1.127214983290574821e+02
3.628520252736676444e+00	1.129075394187406118e+02
3.634804827569451113e+00	1.128838367630255135e+02
3.641094981788862928e+00	1.125977546770260176e+02
3.647383514928639325e+00	1.123726948930897436e+02
3.653663283927725658e+00	1.124294140993771833e+02
3.659943504072155296e+00	1.122378198747042291e+02
3.666232000281138603e+00	1.122961079013283410e+02
3.672514211678317597e+00	1.122886923737174385e+02
3.678794154686042539e+00	1.119739755197700930e+02
3.685078621861909820e+00	1.120247395826830541e+02
3.691359210097977961e+00	1.118404696831281058e+02
3.697642368173791105e+00	1.118322136649597098e+02
3.703925796735277665e+00	1.118310467984222356e+02
3.710208240364660348e+00	1.117513765215039854e+02
3.716494593122387169e+00	1.117346599617437022e+02
3.722775386659595398e+00	1.112554857506982415e+02
3.729058392883481510e+00	1.113085850546489155e+02
3.735339748210807720e+00	1.113126903812056696e+02
3.741620776392969638e+00	1.108928905261513052e+02
3.747904795418762980e+00	1.112046871745630625e+02
3.754190633281219380e+00	1.111394662879809943e+02
3.760478208018912749e+00	1.111466682754415132e+02
3.766755538573464346e+00	1.111573536828609292e+02
3.773032090135151506e+00	1.107709466104218876e+02
3.779322553012896879e+00	1.110035711741675186e+02
3.785609109731308930e+00	1.110788985123240735e+02
3.791889825936295200e+00	1.106795512845942113e+02
3.798174822702435893e+00	1.106760391870152773e+02
3.804458658753491651e+00	1.107253977632930031e+02
3.810738438095723435e+00	1.108967593051553706e+02
3.817018850285747167e+00	1.108632157361019779e+02
3.823305314209427763e+00	1.107812894969331978e+02
3.829591295197792178e+00	1.107870055105140352e+02
3.835872296070849341e+00	1.107218888115001363e+02
3.842156279590906109e+00	1.104287669798670493e+02
3.848441511099312429e+00	1.105299574464773258e+02
3.854723334376886079e+00	1.107816161382485376e+02
3.861004740704794713e+00	1.106985343740971359e+02
3.867284336650660848e+00	1.107446894225533356e+02
3.873567367678779849e+00	1.109035748414752618e+02
3.879850662830422792e+00	1.105597549952835550e+02
3.886137063198143338e+00	1.107050728184452453e+02
3.892419463049126005e+00	1.105414884115777880e+02
3.898703740328622658e+00	1.105841924370062372e+02
3.904991458788179326e+00	1.106438161308127093e+02
3.911270842222104083e+00	1.105437500527309140e+02
3.917549806479573071e+00	1.107470930045932533e+02
3.923836006203090587e+00	1.106465771405856628e+02
3.930121452497870926e+00	1.108136850819678756e+02
3.936398172858230460e+00	1.107900934673404549e+02
3.942683040425962293e+00	1.109073768260297470e+02
3.948974759704379611e+00	1.112796956616697202e+02
3.955259227995065352e+00	1.110806523800506795e+02
3.961537174921395454e+00	1.110223857686012678e+02
3.967820217617139544e+00	1.109656364016365586e+02
3.974105559832568968e+00	1.108661085406214113e+02
3.980384727931198352e+00	1.110941295037694516e+02
3.986664590839849698e+00	1.111093754443043053e+02
3.992949619150675034e+00	1.112666816167557755e+02
3.999235075769965952e+00	1.114019598694522841e+02
4.005515715515433506e+00	1.115441539310171493e+02
4.011798434346478537e+00	1.116098662094108249e+02
4.018083716245132386e+00	1.115978295703635013e+02
4.024365700052603856e+00	1.117806983347226719e+02
4.030643960839860540e+00	1.118215705808380420e+02
4.036928708926215137e+00	1.120032281946727863e+02
4.043218157412017177e+00	1.119846963654961627e+02
4.049503019487663558e+00	1.121147070823046761e+02
4.055781898960511000e+00	1.121890771310948764e+02
4.062060795621602161e+00	1.123960083340080018e+02
4.068347865354716042e+00	1.124951327201182352e+02
4.074631027173265529e+00	1.123349677291739397e+02
4.080910837526078971e+00	1.126081931006917785e+02
4.087201203341442657e+00	1.128173990419760742e+02
4.093486818591942189e+00	1.128289515447380893e+02
4.099764387336505500e+00	1.129018260293685358e+02
4.106049166937662420e+00	1.132563320061802585e+02
4.112334559041358695e+00	1.133311716624292131e+02
4.118618926059533614e+00	1.135891744341234926e+02
4.124898942031112625e+00	1.134418720154072844e+02
4.131175432561665417e+00	1.138288676562293205e+02
4.137461563786142271e+00	1.139806561780465017e+02
4.143746006210170307e+00	1.143953562465384124e+02
4.150029800482964326e+00	1.143822999635718958e+02
4.156313390684649001e+00	1.143211393727558516e+02
4.162596105843763716e+00	1.147926685613562370e+02
4.168881843141768684e+00	1.147655241314449484e+02
4.175162111073220217e+00	1.149651409250911200e+02
4.181448573417560155e+00	1.153683229913850141e+02
4.187738782464171194e+00	1.153873536361106744e+02
4.194017437180169061e+00	1.156837046831200269e+02
4.200293572701767175e+00	1.158573010469362430e+02
4.206580195481546269e+00	1.158500613976624294e+02
4.212860644652220543e+00	1.162033161692873904e+02
4.219138153430114002e+00	1.164023530118745811e+02
4.225426162098283811e+00	1.164719421637554007e+02
4.231713506719782636e+00	1.167379492356028265e+02
4.237990056577191744e+00	1.171625495465276856e+02
4.244267783646744618e+00	1.171315104496893440e+02
4.250560660182562955e+00	1.177973496663669692e+02
4.256847734842668096e+00	1.177746612588256312e+02
4.263127100734456221e+00	1.180558639693404928e+02
4.269406860432507500e+00	1.184677191528348317e+02
4.275691671482192646e+00	1.185831922022106966e+02
4.281972414189518794e+00	1.189435496953136493e+02
4.288253516806755705e+00	1.189212010395964541e+02
4.294540520160492925e+00	1.190167219303883144e+02
4.300825742921731809e+00	1.196248649806489510e+02
4.307109835491901961e+00	1.198691405863176414e+02
4.313390926478413157e+00	1.201760632560992974e+02
4.319667979480563247e+00	1.202421919684136213e+02
4.325952598143786076e+00	1.206138283911876101e+02
4.332241647035422361e+00	1.208247799609392814e+02
4.338524445619096781e+00	1.208982559964821490e+02
4.344809348131129845e+00	1.215508304901021717e+02
4.351090699193166600e+00	1.215752015377052970e+02
4.357369710808320029e+00	1.218102820052804276e+02
4.363659348967174445e+00	1.219560675502216611e+02
4.369947418280990981e+00	1.221151981431577553e+02
4.376226569265827315e+00	1.224364889253659214e+02
4.382499356631129217e+00	1.230309987382251649e+02
4.388784975178015024e+00	1.230881725755814244e+02
4.395068696309480494e+00	1.231239359582749842e+02
4.401347962382031298e+00	1.237868295392212445e+02
4.407628405096517099e+00	1.239230913676337735e+02
4.413915862185140426e+00	1.239859593992587179e+02
4.420203163534264235e+00	1.246147732404665902e+02
4.426480311003382795e+00	1.243630228672807760e+02
4.432765973643649104e+00	1.251559350572222513e+02
4.439053392023870614e+00	1.248451773415311550e+02
4.445336141335588742e+00	1.255162427222107056e+02
4.451617241414883352e+00	1.252091125627039503e+02
4.457901500730311106e+00	1.250455650856047072e+02
4.464189501093017043e+00	1.258557842216743126e+02
4.470470197548729985e+00	1.255299288494194485e+02
4.476748044268524573e+00	1.257212709696495381e+02
4.483035990164653484e+00	1.259904388857912494e+02
4.489323331650528104e+00	1.259833918086089284e+02
4.495599111667934800e+00	1.260648193557828591e+02
4.501870922878794090e+00	1.262409500483265674e+02
4.508155162877705457e+00	1.262789422424883696e+02
4.514446451153479423e+00	1.259802917902836157e+02
4.520723894043856994e+00	1.259762095623789833e+02
4.527003782460155890e+00	1.255039964749693553e+02
4.533293086610313161e+00	1.254477998918364960e+02
4.539578989864040182e+00	1.254321862089292949e+02
4.545857164866476730e+00	1.254071066476510481e+02
4.552138955546025656e+00	1.247171691707496848e+02
4.558432046889146605e+00	1.246686001893525741e+02
4.564713463378488711e+00	1.248903178722883922e+02
4.570987274133244682e+00	1.243036294840828475e+02
4.577274818151045643e+00	1.246474792871308068e+02
4.583563263889338657e+00	1.242101163367978245e+02
4.589844917004465508e+00	1.246360260340051127e+02
4.596126259982004747e+00	1.241087159884896920e+02
4.602409075598298926e+00	1.247571975663051091e+02
4.608696634867644804e+00	1.248448467848410388e+02
4.614977646498861219e+00	1.241423884991521049e+02
4.621258953029527383e+00	1.244391131175884766e+02
4.627547993978874175e+00	1.242143148361195415e+02
4.633830152730579854e+00	1.248840814756229776e+02
4.640104005367354567e+00	1.250340457523010116e+02
4.646382060386754276e+00	1.245885173525099958e+02
4.652674213731970987e+00	1.251363345686981745e+02
4.658958291796220230e+00	1.251444327227853108e+02
4.665233615070169648e+00	1.254192977160073639e+02
4.671520675710307380e+00	1.248221210698467871e+02
4.677814351732177300e+00	1.256649768429836485e+02
4.684093699744638073e+00	1.258564071732337339e+02
4.690368661472568590e+00	1.258453616101846251e+02
4.696663270746453733e+00	1.261633722415203493e+02
4.702945459248681459e+00	1.266281679769390394e+02
4.709209170841929470e+00	1.264893651618569237e+02
4.715491634753063543e+00	1.266265626659889563e+02
4.721784316284933780e+00	1.268013403214428791e+02
4.728063062331094635e+00	1.270977507747508781e+02
4.734337423381671073e+00	1.273624208674822995e+02
4.740627024094544062e+00	1.273595604417397453e+02
4.746914995664547554e+00	1.273323519159637698e+02
4.753194740071086777e+00	1.281628823106961761e+02
4.759478891864783456e+00	1.282222070621159844e+02
4.765762396877359031e+00	1.285752785735950567e+02
4.772049481246195768e+00	1.288062181380031177e+02
4.778335091022592351e+00	1.289137762389830471e+02
4.784610831402393849e+00	1.294760468950672134e+02
4.790907306208476157e+00	1.287203645116172481e+02
4.797204047706418173e+00	1.297058761755718024e+02
4.803470827697504220e+00	1.297894449052467678e+02
4.809748850577324042e+00	1.309334418326735658e+02
4.816045316586602176e+00	1.303772703193462803e+02
4.822329240673497885e+00	1.316062320857093653e+02
4.828596758226470165e+00	1.315031959636464762e+02
4.834890332961369275e+00	1.316681402885794228e+02
4.841191655056394261e+00	1.322974169345505970e+02
4.847460407468000554e+00	1.329592208253789352e+02
4.853732128521334843e+00	1.328606610202329534e+02
4.860029138783373170e+00	1.329108605628470627e+02
4.866314601732018019e+00	1.335466474726667343e+02
4.872587026269203925e+00	1.339720892541615740e+02
4.878874221748241702e+00	1.341710459013154946e+02
4.885171078138658807e+00	1.347237993568905097e+02
4.891450629931857641e+00	1.362839927908123059e+02
4.897716482750221978e+00	1.356926443124412174e+02
4.904002834596266069e+00	1.359034545745518301e+02
4.910295858205786068e+00	1.368647965166084077e+02
4.916575188115905881e+00	1.372144322625512700e+02
4.922847946197084212e+00	1.379668020541587055e+02
4.929131667457151700e+00	1.382148479260328031e+02
4.935434460144239033e+00	1.385004438134863847e+02
4.941718513303545279e+00	1.399043654519549023e+02
4.947978624761803168e+00	1.392516892895724538e+02
4.954274999209829389e+00	1.401840805230500848e+02
4.960571094729937514e+00	1.414989581171531370e+02
4.966823207626954506e+00	1.416524136809178742e+02
4.973097418390337587e+00	1.418882315527148990e+02
4.979415129936382023e+00	1.426955284997105196e+02
4.985702082330368157e+00	1.433787810842806323e+02
4.991949985828016523e+00	1.440333400124150955e+02
4.998241586316924057e+00	1.452657133713596238e+02
5.004556635606089543e+00	1.445630297512787195e+02
5.010828655701208945e+00	1.451986669442713946e+02
5.017077229702536556e+00	1.466404896233872535e+02
5.023374414758113637e+00	1.477102974551227987e+02
5.029688873569548413e+00	1.476468641600510523e+02
5.035958413584124216e+00	1.481891688974758097e+02
5.042232667658486989e+00	1.487790863049542338e+02
5.048528755870775875e+00	1.502978153474243186e+02
5.054821121427484520e+00	1.504183364537634873e+02
5.061069509814582368e+00	1.520237755343469530e+02
5.067347812754101177e+00	1.527437687319414863e+02
5.073675050630431116e+00	1.532735095604712114e+02
5.079945928388977627e+00	1.543890654856654123e+02
5.086192992546071601e+00	1.556264721198930374e+02
5.092484128970163226e+00	1.561036411998261997e+02
5.098802924706086870e+00	1.562910182121723608e+02
5.105078217426394005e+00	1.575557483398962120e+02
5.111325076574067872e+00	1.592589840021055068e+02
5.117628358851224135e+00	1.600840559663258205e+02
5.123935939383525984e+00	1.612730428274356882e+02
5.130199176325612065e+00	1.625567047730293098e+02
5.136469985878846956e+00	1.622235554187259652e+02
5.142797788696348071e+00	1.646810985731897574e+02
5.149090378043822192e+00	1.643493485601762529e+02
5.155289879840074363e+00	1.670308618197427108e+02
5.161564521234301317e+00	1.661101121468745134e+02
5.167916673496016244e+00	1.680946288435710017e+02
5.174205974602950064e+00	1.696824347399911801e+02
5.180434820793812456e+00	1.714879522309055346e+02
5.186729096569634656e+00	1.724919654496743533e+02
5.193058481037780894e+00	1.732710076706793245e+02
5.199319511444338460e+00	1.748885918408039117e+02
5.205574295584361799e+00	1.744470140783714953e+02
5.211894977074066126e+00	1.784519078642086924e+02
5.218201708336958511e+00	1.789463239930269651e+02
5.224411911780083351e+00	1.802649260515760830e+02
5.230677632666463239e+00	1.809779857317038818e+02
5.237056729559757429e+00	1.813924946012661508e+02
5.243336785035660697e+00	1.833491450499365953e+02
5.249493476178225038e+00	1.832864930161837265e+02
5.255787017738318134e+00	1.851440886181344183e+02
5.262205327426889845e+00	1.883759001780181563e+02
5.268477758348532269e+00	1.901487032444077840e+02
5.274632213654732560e+00	1.902647070797518154e+02
5.280950543314659740e+00	1.928371264645207930e+02
5.287327645024750389e+00	1.934608349638007212e+02
5.293582359180156516e+00	1.976914026097449266e+02
5.299789992649893478e+00	1.995342568316282268e+02
5.306111460381987222e+00	1.988935325005010100e+02
5.312452717892129250e+00	2.023214811514145310e+02
5.318650122853046724e+00	2.048922643130338486e+02
5.324923043129819789e+00	2.030507800078735272e+02
5.331330237158205421e+00	2.070777575511994826e+02
5.337586726886338617e+00	2.076163427516239040e+02
5.343685192440848830e+00	2.136783172970615965e+02
5.350070659715249199e+00	2.133568837824209936e+02
5.356556762554878226e+00	2.110271495566445310e+02
5.362691868684501095e+00	2.179631427756128801e+02
5.368769208912516966e+00	2.188780473121202022e+02
5.375270137997677722e+00	2.211834091872605086e+02
5.381769983045385786e+00	2.212857530491671696e+02
5.387701030372958222e+00	2.285334820279672954e+02
5.393786668001271600e+00	2.262691353169406909e+02
5.400446161099396569e+00	2.325636966391131750e+02
5.406957063684501463e+00	2.289089143570671752e+02
5.412655672453426270e+00	2.359549596478069304e+02
5.418821279260546575e+00	2.407147567893320286e+02
5.425690594366304076e+00	2.440647704379804850e+02
5.432217487502165376e+00	2.421742395179379628e+02
5.437649811577258241e+00	2.452218029913852888e+02
5.443914404015878006e+00	2.440186333700767420e+02
5.450953501686320202e+00	2.474347412317379167e+02
5.457483690405861232e+00	2.603590165210572991e+02
5.462715250135157241e+00	2.556765650605857729e+02
5.469033575551323523e+00	2.600076532069266477e+02
5.476177730420278778e+00	2.573712718585530297e+02
5.482708935702562236e+00	2.775290886406039590e+02
5.487722405008360838e+00	2.633726908618926359e+02
5.494194284996126498e+00	2.712743567975038559e+02
5.501391471009256406e+00	2.868560631540326540e+02
5.507128202673079009e+00	2.621130768787541001e+02
5.512278020050448646e+00	2.696515693640676545e+02
5.519395563377015534e+00	2.944125734444681370e+02
5.526598678609708770e+00	2.929140542194867862e+02
5.532162682462509196e+00	3.024963324176526385e+02
5.537397124017139127e+00	2.870059966736221213e+02
5.544582756485218589e+00	2.869605681199058722e+02
5.551739327507637434e+00	2.893432781881413121e+02
5.557493306674907707e+00	3.192329293012485323e+02
5.562281709102816940e+00	2.987549093977335133e+02
5.569272720323164449e+00	3.839681946035190094e+02
