8.899641224696953554e-03	1.258399872606217468e+04
1.507912216506557788e-02	1.612722232182162770e+04
2.144790186456836667e-02	1.428568773040676751e+04
2.783660776489276650e-02	1.508893091887117953e+04
3.435099785803411021e-02	1.555664110682286082e+04
4.047886761425745911e-02	1.251911947573769612e+04
4.676716683575679601e-02	1.130468910502487597e+04
5.308225101765951665e-02	9.206867569759844628e+03
5.945362440940590160e-02	9.036131280545889240e+03
6.576224814588792211e-02	8.646838720596952044e+03
7.196632906698736953e-02	7.875493115386929276e+03
7.827860915688347743e-02	7.240993625005380636e+03
8.470398945834539672e-02	6.623142823018701165e+03
9.096854620527369817e-02	6.010325433459073793e+03
9.720789776830213169e-02	5.507153271208246224e+03
1.034763038959366499e-01	4.931048129467704712e+03
1.097576444254559219e-01	4.573095941794162172e+03
1.160543084780093354e-01	4.367747739433712013e+03
1.223669666537485351e-01	3.991877796646964725e+03
1.286817263090294094e-01	3.655229351275137105e+03
1.349500801664080818e-01	3.535756598346246392e+03
1.411949558842147678e-01	3.432910593545821939e+03
1.475133575747468451e-01	3.163044615741299822e+03
1.537865074252268427e-01	3.019611286703929636e+03
1.600657544051110326e-01	2.885725754434148712e+03
1.663991168687080635e-01	2.698866357974756284e+03
1.727195645776442856e-01	2.595549648767380859e+03
1.789765213377084718e-01	2.484992795434926848e+03
1.852353690647852158e-01	2.349981827140398764e+03
1.914806787341157279e-01	2.203679042624579324e+03
1.977889868651535599e-01	2.104457333380753880e+03
2.040937735447724277e-01	2.025506640908143254e+03
2.103939302609846018e-01	1.959749635712166082e+03
2.166909709822301688e-01	1.912211938820281148e+03
2.229700281216152047e-01	1.806568956114114599e+03
2.292620027086341994e-01	1.735995576263822159e+03
2.355141508366812297e-01	1.700426774203876903e+03
2.417910583817859116e-01	1.629106625434909802e+03
2.480856539439619257e-01	1.577691589978681122e+03
2.543492256872954549e-01	1.550437885401442145e+03
2.606334251884805386e-01	1.485305388586014487e+03
2.669257370896960802e-01	1.432192322924272958e+03
2.732423343141155980e-01	1.389450971514615730e+03
2.795529680084415936e-01	1.350740543411043063e+03
2.858366292314493129e-01	1.316874853566406728e+03
2.920876271394311496e-01	1.279291787471288444e+03
2.983449844439822751e-01	1.259045333437250974e+03
3.046382639407197446e-01	1.239217373297265340e+03
3.109279127003197196e-01	1.194224939513846039e+03
3.172168171618398036e-01	1.176791509932615099e+03
3.235187567944423082e-01	1.149779395830430303e+03
3.298168217550395687e-01	1.116401491576251146e+03
3.361176429457156667e-01	1.099583956286195189e+03
3.423700375709273769e-01	1.058695336193153480e+03
3.486478192666269682e-01	1.038215880297310150e+03
3.549411614411318028e-01	1.033927012878916230e+03
3.611916935421040642e-01	1.000684351290003178e+03
3.674767089563572564e-01	9.959851303335551620e+02
3.737647795277591056e-01	9.571025608479380935e+02
3.800654031475132477e-01	9.576656888896427517e+02
3.863539861259823738e-01	9.242975577816148416e+02
3.926140181364449755e-01	9.125217740854639032e+02
3.989264500321934581e-01	9.164502061625801161e+02
4.052073244576828714e-01	8.841961601093623813e+02
4.114916477570477182e-01	8.672476692415938260e+02
4.177814272116491257e-01	8.595366398123939007e+02
4.240400648725131116e-01	8.404468745784879502e+02
4.303425690270192283e-01	8.273738613784892095e+02
4.366358560255625965e-01	8.128453123767279749e+02
4.428996183220763605e-01	8.081296531294835859e+02
4.491634418529859563e-01	7.954252099550952835e+02
4.554414146254732731e-01	7.786443044775338649e+02
4.617634470301058558e-01	7.667554880221321127e+02
4.680644242023710433e-01	7.612039211464201571e+02
4.743485242764365895e-01	7.428357289745905518e+02
4.806356136815400082e-01	7.390681642126750148e+02
4.869019258388697646e-01	7.197771648739461625e+02
4.931697099599955947e-01	7.140393545597540879e+02
4.994506747144535908e-01	7.071234789197823147e+02
5.057159051335421429e-01	7.043458741220082402e+02
5.119923996268095356e-01	6.884682620092828529e+02
5.183126097768406826e-01	6.870931807670521039e+02
5.246089638029100000e-01	6.789317604963663371e+02
5.308757308483337267e-01	6.658938774449184166e+02
5.371573527946726934e-01	6.599374404555851470e+02
5.434579563783791256e-01	6.520587130823835196e+02
5.497430652392217842e-01	6.378717006422915574e+02
5.559937427501778773e-01	6.369368742006563480e+02
5.622854676609657654e-01	6.204828133910958741e+02
5.686011537227265711e-01	6.205722400458236052e+02
5.748804589422079614e-01	6.135931788829204834e+02
5.811550210340560296e-01	6.091910489498388870e+02
5.874394496660968468e-01	5.991910981098989168e+02
5.937176220296899176e-01	5.957353224599589794e+02
5.999971954793682505e-01	5.878456083003433150e+02
6.062679115124277596e-01	5.844237320303855086e+02
6.125469576444534381e-01	5.788436709462547469e+02
6.188477733041515272e-01	5.718165514899972095e+02
6.251310567437898813e-01	5.662977371722749922e+02
6.314027450383210560e-01	5.617313134569818658e+02
6.377003562732055375e-01	5.565893651652950211e+02
6.439857783314556494e-01	5.528704497770869466e+02
6.502685417166111925e-01	5.464151818155773981e+02
6.565586117699038216e-01	5.399446620338877665e+02
6.628369282359254377e-01	5.350384117256136278e+02
6.691185444962194362e-01	5.305176282861917798e+02
6.754070198575605755e-01	5.254743710612201539e+02
6.816835514593204692e-01	5.226213862889366055e+02
6.879592533861698112e-01	5.189790754432765425e+02
6.942344317039531587e-01	5.121176753797551555e+02
7.005175402434737908e-01	5.053821609884130339e+02
7.068124956608716758e-01	5.042542420487140475e+02
7.131019009674921527e-01	5.009792814355361656e+02
7.193918251171427247e-01	4.942263353563754436e+02
7.256833807598113140e-01	4.917538646654684840e+02
7.319652682709349989e-01	4.923491505176361329e+02
7.382507990484923344e-01	4.850144923820333247e+02
7.445265842115937893e-01	4.805845212145279106e+02
7.507871101942712455e-01	4.770106942747952417e+02
7.570758465316046459e-01	4.725802542065486023e+02
7.633641233600957365e-01	4.662886671748214553e+02
7.696462959862266917e-01	4.634409970785448536e+02
7.759394865175414102e-01	4.581709389358190379e+02
7.822329141989586843e-01	4.588487323786218894e+02
7.885314936520240181e-01	4.516607978238745318e+02
7.947896566979522071e-01	4.501768552188701733e+02
8.010491096592354809e-01	4.478128187380261238e+02
8.073364061727361651e-01	4.438293118389515826e+02
8.136229488373866170e-01	4.373278670450515051e+02
8.199152998961036776e-01	4.379703119339720843e+02
8.261952636392789762e-01	4.344149688967486895e+02
8.324897070080405914e-01	4.304047186060525974e+02
8.387959309210778480e-01	4.283392964676207839e+02
8.450634639703045181e-01	4.250222474640067389e+02
8.513282867562648182e-01	4.215875552208470367e+02
8.576198263902009566e-01	4.169484173811904952e+02
8.639058477062415697e-01	4.156930270797781759e+02
8.701838745487597837e-01	4.133304535472958037e+02
8.764641096075268534e-01	4.102573020724029220e+02
8.827503873399735745e-01	4.067781971412136386e+02
8.890332768393869323e-01	4.041805622282575428e+02
8.953084247113127780e-01	4.006292150068910587e+02
9.015956521667095602e-01	4.001484410524764712e+02
9.078833328094829680e-01	3.937114003171478771e+02
9.141744106319863450e-01	3.935007104075136795e+02
9.204630817717615043e-01	3.915139117216287445e+02
9.267434415264711456e-01	3.895577791765096549e+02
9.330324197354928906e-01	3.873715964791419424e+02
9.393265785573878812e-01	3.823177003220889674e+02
9.455974810398196650e-01	3.797677105918448888e+02
9.518660018545171964e-01	3.789437501923988521e+02
9.581413255531838757e-01	3.759101379351751575e+02
9.644350945109106954e-01	3.717145108545434482e+02
9.707355633568249820e-01	3.698700336290240216e+02
9.770080768450029041e-01	3.681965187412575347e+02
9.832823325363413414e-01	3.661032242306444573e+02
9.895569691966674686e-01	3.658074005882125448e+02
9.958456301921106979e-01	3.612313189135500124e+02
1.002136210743837408e+00	3.588503458163809228e+02
1.008404825335135424e+00	3.561705853601599188e+02
1.014694149836243398e+00	3.558139155198763888e+02
1.020992555437297167e+00	3.522287373050313022e+02
1.027273980437394485e+00	3.497769842076349391e+02
1.033559181896017254e+00	3.505928621590377929e+02
1.039847557392594934e+00	3.473210410075696473e+02
1.046126974943305088e+00	3.451038929317450652e+02
1.052403436811028659e+00	3.414693706222649325e+02
1.058680704651608684e+00	3.406516037417091525e+02
1.064964333065789193e+00	3.398832223688891077e+02
1.071256777440835473e+00	3.351734854573175539e+02
1.077544048801078125e+00	3.341319851562291774e+02
1.083824820188043603e+00	3.312261080396497164e+02
1.090108023942816695e+00	3.297259603695898136e+02
1.096389665956643222e+00	3.292269528502546336e+02
1.102681132058841440e+00	3.260639742356097486e+02
1.108963047594879958e+00	3.258022627355169902e+02
1.115225428463759272e+00	3.239551261137181655e+02
1.121502127614767863e+00	3.207445441634616259e+02
1.127792573824792033e+00	3.189467664722439508e+02
1.134089552668382961e+00	3.167651188054248337e+02
1.140364049650405942e+00	3.149181040131543909e+02
1.146639180320979445e+00	3.127481537811047474e+02
1.152942412991649901e+00	3.101757499981290493e+02
1.159228906751078814e+00	3.099054587607902249e+02
1.165508721887268173e+00	3.075063304887976869e+02
1.171793076256210320e+00	3.074323322400842926e+02
1.178087436369658958e+00	3.050319871868376822e+02
1.184367654251526902e+00	3.034035269508601687e+02
1.190634642299266632e+00	3.011347173169230587e+02
1.196912208834400859e+00	3.005650215921739914e+02
1.203201577354146234e+00	2.987049028719684998e+02
1.209486844441705733e+00	2.957425903720437077e+02
1.215763902074809888e+00	2.945281900013958989e+02
1.222049755171146668e+00	2.932021565351328718e+02
1.228340616621486969e+00	2.922922227209921857e+02
1.234632986576932767e+00	2.890866866916501863e+02
1.240902247176856488e+00	2.880116006789211269e+02
1.247174839144687519e+00	2.868370309537598928e+02
1.253465459933442272e+00	2.851840647829777140e+02
1.259749951892178421e+00	2.834730838392123360e+02
1.266032143127253873e+00	2.822539195283187041e+02
1.272316288472006507e+00	2.801821725286842479e+02
1.278604155058621350e+00	2.789485180604299330e+02
1.284886588933593865e+00	2.785394796145267833e+02
1.291175420066583257e+00	2.774149817834564828e+02
1.297465726373772332e+00	2.745569777717208240e+02
1.303741827011944299e+00	2.739988444754500279e+02
1.310017322922761851e+00	2.713494060829325463e+02
1.316301447662886703e+00	2.707737683189967015e+02
1.322586760363303249e+00	2.689260384903670911e+02
1.328865492452874664e+00	2.672802806840465450e+02
1.335144804954555564e+00	2.670081306373293160e+02
1.341440516272275119e+00	2.641270134199535846e+02
1.347730868417094552e+00	2.629410991956713133e+02
1.354001589994877630e+00	2.626285290643915005e+02
1.360282609297778444e+00	2.605621628343558314e+02
1.366565686457597906e+00	2.597337959138120596e+02
1.372851498482432708e+00	2.570260506528274504e+02
1.379135372929401804e+00	2.563850683854140584e+02
1.385409567149057164e+00	2.554364145748796489e+02
1.391698641219299315e+00	2.539095471494161131e+02
1.397984451439470810e+00	2.526358801894454871e+02
1.404267883409181961e+00	2.521602950577022852e+02
1.410554779484869181e+00	2.494037330923181628e+02
1.416837833547465397e+00	2.495046104645639957e+02
1.423118177187137068e+00	2.478378491496119693e+02
1.429397801164240089e+00	2.465290181588268297e+02
1.435686921822787232e+00	2.455191558533093996e+02
1.441977121769299597e+00	2.436381696236650782e+02
1.448253667853332427e+00	2.431824038949893350e+02
1.454532348972172651e+00	2.416849952243528605e+02
1.460819319151879903e+00	2.402337219141995206e+02
1.467110364402026468e+00	2.395582690635906715e+02
1.473392908948962132e+00	2.378807042179656435e+02
1.479669965243598950e+00	2.365220130225222874e+02
1.485956144602843532e+00	2.354429141272821084e+02
1.492233610763115115e+00	2.342275338754739948e+02
1.498502470379980078e+00	2.331365606736983409e+02
1.504785752051182701e+00	2.324673244866685309e+02
1.511075991894575976e+00	2.306729007815914088e+02
1.517361634985162189e+00	2.299500598628092973e+02
1.523648570969130533e+00	2.281695968819051927e+02
1.529938035715892264e+00	2.276467820358700180e+02
1.536230176913891965e+00	2.263272098754780757e+02
1.542510718779388279e+00	2.252816550473393988e+02
1.548783963082980275e+00	2.240389892274224621e+02
1.555073069779651318e+00	2.238188718258584800e+02
1.561357324927233892e+00	2.217252478397394100e+02
1.567629121053141006e+00	2.202137423391514517e+02
1.573913697404382583e+00	2.202930143823452056e+02
1.580203545230874029e+00	2.187867253337261104e+02
1.586485393434537983e+00	2.181928785528800177e+02
1.592760014263005841e+00	2.165835016829046253e+02
1.599046436394670812e+00	2.158800506101968608e+02
1.605342136637478934e+00	2.149061063662310005e+02
1.611619860919608627e+00	2.135269010473429319e+02
1.617897597081673799e+00	2.130966197862000797e+02
1.624183235481122756e+00	2.119111107650953443e+02
1.630464598531913722e+00	2.103773161961696019e+02
1.636748985747638274e+00	2.098771205105341267e+02
1.643030923698886259e+00	2.087833188935469764e+02
1.649309176648513064e+00	2.075824871046538647e+02
1.655593633940351861e+00	2.070905218096585259e+02
1.661879571405086464e+00	2.056268402209076385e+02
1.668169361685170271e+00	2.044672137114510519e+02
1.674450151530487485e+00	2.036060274898784996e+02
1.680722718978495900e+00	2.025204031291310969e+02
1.687013891340952476e+00	2.014180125181143239e+02
1.693308984907921033e+00	2.012451993131314225e+02
1.699582147428448486e+00	2.001748176673670514e+02
1.705863747055134105e+00	1.989340365267828474e+02
1.712154434283889470e+00	1.983867224838116954e+02
1.718438381579399321e+00	1.974368495063380919e+02
1.724721264464063930e+00	1.964207178562489560e+02
1.730997441276920679e+00	1.952628815664230615e+02
1.737287073528269499e+00	1.940859268971907738e+02
1.743567991878527401e+00	1.939081752817604070e+02
1.749840680212231048e+00	1.926379765870706251e+02
1.756128549091961144e+00	1.915305521846206602e+02
1.762413535324792502e+00	1.909322435817003907e+02
1.768696187669963837e+00	1.903282934380481493e+02
1.774979359379055266e+00	1.889265388733429347e+02
1.781265555576432957e+00	1.886098290198445397e+02
1.787549427830244619e+00	1.875951387727251358e+02
1.793834120011633004e+00	1.866592657975398026e+02
1.800115051552487300e+00	1.859075687204321525e+02
1.806393904854530330e+00	1.848379615168514363e+02
1.812674089667083432e+00	1.845568715797247137e+02
1.818956920109354058e+00	1.828148811131712534e+02
1.825244164118212220e+00	1.822807074883540963e+02
1.831527256642196955e+00	1.815526079986390755e+02
1.837811294935716599e+00	1.809628833125358653e+02
1.844100717411196744e+00	1.799128075077423716e+02
1.850384816792487230e+00	1.790308810207127976e+02
1.856666059735203822e+00	1.785296430450320599e+02
1.862947728675613979e+00	1.775007702323538865e+02
1.869229324466858078e+00	1.770038968095671521e+02
1.875517616802973686e+00	1.762544625249618946e+02
1.881800769033795229e+00	1.753084592356015037e+02
1.888078863416442710e+00	1.743378047735399150e+02
1.894353975182237582e+00	1.738632068478361816e+02
1.900642716154182565e+00	1.731955495286498774e+02
1.906933494748685121e+00	1.725100576744239333e+02
1.913207568676573933e+00	1.714714568365007779e+02
1.919490884732178992e+00	1.709698051271666657e+02
1.925776855684274480e+00	1.704487130053264821e+02
1.932064452961978152e+00	1.691929326472047421e+02
1.938342610030488800e+00	1.682583406716141212e+02
1.944618341543410178e+00	1.675245048495459628e+02
1.950906260203513876e+00	1.671637619020455929e+02
1.957194556613796488e+00	1.664873512279664567e+02
1.963479614559011432e+00	1.654172543621815521e+02
1.969760361532916226e+00	1.649418679247420414e+02
1.976048367034604736e+00	1.642150259649637576e+02
1.982337990217652335e+00	1.634486007510739967e+02
1.988617489259562721e+00	1.627155763015995831e+02
1.994896320665194178e+00	1.620763643226877662e+02
2.001179596222827151e+00	1.614933973667448583e+02
2.007459756923499761e+00	1.607302866022086789e+02
2.013737397779169935e+00	1.600121792948225448e+02
2.020017234677497164e+00	1.590135791011646234e+02
2.026310251015072783e+00	1.584046668228882879e+02
2.032600542948020284e+00	1.582124961320156729e+02
2.038873863192099289e+00	1.575662921097712115e+02
2.045154087821675404e+00	1.566150857335386775e+02
2.051444704514288730e+00	1.562059282212484277e+02
2.057730430280644729e+00	1.552978565455549642e+02
2.064013940455224461e+00	1.546853420016119003e+02
2.070299891179459895e+00	1.541595053939431637e+02
2.076589719964883951e+00	1.531490384381513365e+02
2.082865483794470673e+00	1.530434530042678603e+02
2.089134494859368640e+00	1.523625571080681027e+02
2.095424211360070288e+00	1.514781771546437881e+02
2.101707116664804254e+00	1.512588939932911956e+02
2.107986473933564309e+00	1.505030308174403331e+02
2.114271806543862375e+00	1.497439107582674751e+02
2.120552717288892275e+00	1.491068745966221627e+02
2.126836933207161717e+00	1.488605952926235716e+02
2.133122044791171845e+00	1.482226740445890130e+02
2.139411711910842673e+00	1.472545115920430874e+02
2.145697076775292089e+00	1.464738958266521536e+02
2.151973548606471276e+00	1.462566242842326005e+02
2.158259913555724108e+00	1.456448129279925183e+02
2.164545396699105506e+00	1.450172622134449796e+02
2.170830700377734068e+00	1.443103996404981615e+02
2.177114138849150393e+00	1.439487269571751540e+02
2.183387647576827018e+00	1.431026998087605477e+02
2.189670273687676971e+00	1.426750453294425824e+02
2.195960147934207463e+00	1.418335801949550046e+02
2.202242556317716371e+00	1.414087506092592150e+02
2.208521655981037668e+00	1.408529801061060596e+02
2.214804637081333016e+00	1.404031013913401296e+02
2.221092583349425276e+00	1.399490044304708931e+02
2.227372893591468728e+00	1.389202465853182105e+02
2.233657161144248171e+00	1.389038236038833531e+02
2.239943485394438660e+00	1.382522784868206145e+02
2.246224175264620815e+00	1.380380018258337884e+02
2.252506378421252009e+00	1.371756375864661095e+02
2.258783417054270437e+00	1.365539667855167920e+02
2.265069077371457684e+00	1.362818624202061244e+02
2.271350377044131452e+00	1.356095174408683306e+02
2.277633995145353918e+00	1.353904283657319070e+02
2.283922419579920149e+00	1.344532476413653228e+02
2.290202874392252674e+00	1.337388269915218189e+02
2.296490779970905560e+00	1.335902960695233901e+02
2.302771769934229162e+00	1.329959329758392812e+02
2.309051364164305564e+00	1.325531618175020583e+02
2.315338502539088239e+00	1.319009927490631640e+02
2.321627336503874428e+00	1.314218959423587307e+02
2.327911878297218795e+00	1.311069152705762235e+02
2.334186238580297168e+00	1.307458183643065581e+02
2.340467971862688401e+00	1.299031651529483611e+02
2.346756940970738725e+00	1.297984254383142400e+02
2.353044444556199988e+00	1.292107365611580292e+02
2.359327653314069906e+00	1.287226639568692121e+02
2.365603048789861607e+00	1.284214958122645101e+02
2.371885911737665165e+00	1.279431133053745526e+02
2.378173303594019572e+00	1.273259625365327565e+02
2.384454016539381271e+00	1.269922854114033584e+02
2.390736447344785187e+00	1.267437990205302043e+02
2.397014133897952259e+00	1.261354997824611388e+02
2.403295490074321972e+00	1.254759140465832559e+02
2.409585049672506862e+00	1.251963482419635341e+02
2.415871703165322071e+00	1.246106758833756771e+02
2.422160652369088840e+00	1.242724457872305805e+02
2.428440167222748691e+00	1.237338484688568485e+02
2.434717472383889803e+00	1.235045531858311847e+02
2.441002456202044257e+00	1.229449499274399500e+02
2.447289980304530488e+00	1.225052090582929480e+02
2.453571844729242279e+00	1.222582910897962165e+02
2.459852705114058846e+00	1.214709134299034048e+02
2.466139233225018934e+00	1.210804050962702831e+02
2.472421963421291391e+00	1.207726939679547513e+02
2.478698519174224568e+00	1.206292014230224936e+02
2.484980841400355800e+00	1.200973435525321378e+02
2.491269319409339822e+00	1.195248284491960220e+02
2.497548505139029373e+00	1.193329343731506498e+02
2.503831667172610853e+00	1.188441438261391170e+02
2.510117938323931153e+00	1.185666873234263505e+02
2.516400733681277480e+00	1.180009387302455650e+02
2.522688226833368130e+00	1.177038357811583751e+02
2.528971695852665569e+00	1.173129536957886074e+02
2.535252039407670299e+00	1.171766159587350842e+02
2.541537514142774512e+00	1.166185103543960508e+02
2.547823008847572179e+00	1.162431621151738170e+02
2.554100666580690238e+00	1.160538615756061631e+02
2.560376788884177301e+00	1.156227385749795218e+02
2.566667521601497359e+00	1.151826886435061255e+02
2.572955062237090473e+00	1.147178186736004903e+02
2.579233771797999175e+00	1.143682667672836715e+02
2.585520164300948220e+00	1.141014311442829978e+02
2.591805130332431872e+00	1.138003134138719616e+02
2.598084074692260881e+00	1.135117065075626925e+02
2.604360404197643586e+00	1.129859215975917550e+02
2.610647185140439142e+00	1.125969937416604836e+02
2.616931864059273138e+00	1.125917241534950790e+02
2.623206107911065565e+00	1.120564867535017726e+02
2.629491626543270844e+00	1.116843439889048568e+02
2.635778507982642349e+00	1.113883777361695877e+02
2.642061039325260818e+00	1.112571435631036536e+02
2.648343840729305843e+00	1.106364765025561780e+02
2.654631838974855551e+00	1.104603033641971876e+02
2.660919001246303761e+00	1.102407954506757051e+02
2.667198525130066056e+00	1.100033910940950221e+02
2.673484307038032526e+00	1.095790849946849477e+02
2.679773388053849459e+00	1.091700500337252180e+02
2.686058217632288692e+00	1.091501340391456978e+02
2.692338738200057868e+00	1.087448159462101955e+02
2.698618022887226964e+00	1.083350124813857747e+02
2.704895450708277860e+00	1.081743654148435496e+02
2.711175674923682166e+00	1.077629770541445993e+02
2.717459832966957922e+00	1.076146302840832192e+02
2.723745731959044569e+00	1.074274860315616422e+02
2.730038414850594730e+00	1.070481389154933254e+02
2.736317989800789441e+00	1.067269317778346789e+02
2.742591858549239703e+00	1.064944190044798376e+02
2.748879749010778362e+00	1.062555733843621937e+02
2.755163403825859447e+00	1.061794068098034245e+02
2.761446955625852073e+00	1.058077033493996026e+02
2.767732088935374701e+00	1.054399879422884965e+02
2.774015452421743966e+00	1.052630941079328295e+02
2.780298635700591436e+00	1.050043816891588193e+02
2.786577474762241380e+00	1.049764484508515636e+02
2.792857983210164541e+00	1.042983130581532265e+02
2.799143790920211483e+00	1.044819091751857627e+02
2.805430058399325244e+00	1.042343767186039116e+02
2.811715058209780072e+00	1.038886620243686849e+02
2.817989272498773623e+00	1.038580862844453776e+02
2.824269171595737760e+00	1.034522646283678000e+02
2.830563016441804081e+00	1.033549113260285566e+02
2.836848750951622034e+00	1.032115393394082759e+02
2.843130027866129783e+00	1.028546467176892492e+02
2.849413896912404986e+00	1.029401424075882829e+02
2.855697464522425566e+00	1.023539782633289974e+02
2.861978799810683594e+00	1.024119648094423525e+02
2.868262469415629567e+00	1.020729320975419512e+02
2.874547359206753860e+00	1.018546491760139077e+02
2.880831111471525041e+00	1.017611563992307850e+02
2.887113216972382546e+00	1.015735771334564532e+02
2.893394504725182781e+00	1.015580884876660548e+02
2.899673662137033592e+00	1.012551578299319459e+02
2.905953958587380814e+00	1.012769904450355369e+02
2.912241118105161064e+00	1.008642568439385059e+02
2.918525996366671205e+00	1.007700209374192326e+02
2.924809035425688819e+00	1.007927370378941134e+02
2.931095916293684933e+00	1.004632226867533262e+02
2.937378182606774413e+00	1.005208170326135075e+02
2.943659980254369923e+00	1.003094962170918762e+02
2.949946454403890250e+00	1.001608221992460273e+02
2.956227653702202307e+00	1.000777449785027073e+02
2.962510478867462993e+00	9.992751370369263952e+01
2.968796535179442309e+00	9.969421407808059143e+01
2.975077657376874907e+00	9.974024857124383914e+01
2.981359866759223376e+00	9.964552103483434564e+01
2.987646761575656562e+00	9.954702543287658045e+01
2.993929038370399365e+00	9.935995070828438713e+01
3.000206214840962726e+00	9.918870964502960419e+01
3.006486172402415669e+00	9.908988497311308663e+01
3.012769812211594456e+00	9.902978771556317383e+01
3.019053144326170113e+00	9.904730976663515207e+01
3.025337405144251424e+00	9.906483327945527151e+01
3.031623734799107961e+00	9.894186074581840273e+01
3.037908962055872575e+00	9.893488962472463299e+01
3.044195067146031608e+00	9.875173470022613742e+01
3.050475543482170426e+00	9.863376157672146860e+01
3.056754954538277502e+00	9.854168847726404579e+01
3.063040539557494668e+00	9.860384502221008063e+01
3.069323699454357346e+00	9.854256884044599474e+01
3.075610692642898769e+00	9.852863768374041342e+01
3.081893798009918584e+00	9.849311200991495241e+01
3.088174549548037717e+00	9.850830518810087710e+01
3.094458635632868493e+00	9.845053796334009633e+01
3.100743982931558840e+00	9.848661081467224676e+01
3.107028111748448396e+00	9.843557377970246591e+01
3.113309299655494300e+00	9.835864608336038373e+01
3.119590662867241626e+00	9.858136135056015803e+01
3.125874006820172912e+00	9.867617087904750406e+01
3.132159251154602586e+00	9.865108831154078928e+01
3.138439172765940643e+00	9.874289705843565912e+01
3.144723867719826593e+00	9.869383648540262755e+01
3.151003951258561031e+00	9.865482802498246429e+01
3.157283664131563139e+00	9.861345369634844360e+01
3.163569317183839935e+00	9.863270736977706576e+01
3.169851661717792091e+00	9.886891232808643792e+01
3.176137704316093657e+00	9.892856629108406707e+01
3.182420924828643916e+00	9.906222416163411992e+01
3.188702811875577581e+00	9.911099676582040274e+01
3.194990520008989865e+00	9.922302963945716670e+01
3.201275324656983834e+00	9.919263695607392606e+01
3.207551352179861759e+00	9.927531232616442480e+01
3.213835216737041645e+00	9.935081532445893515e+01
3.220122579819103770e+00	9.940992234231609359e+01
3.226406606618656525e+00	9.916744745843610076e+01
3.232687390085645429e+00	9.897571092610317578e+01
3.238969121280456331e+00	9.860037698688915953e+01
3.245254751548589667e+00	9.854761255888406879e+01
3.251534499036136783e+00	9.832088480523381691e+01
3.257817780791052442e+00	9.804925872584321667e+01
3.264102164154097263e+00	9.793540579527726209e+01
3.270384152138468892e+00	9.766622325943247063e+01
3.276669427476867735e+00	9.750457857577156062e+01
3.282954688864507808e+00	9.744074149898246162e+01
3.289237200334947264e+00	9.711891014817761913e+01
3.295519587088236779e+00	9.691823416736193053e+01
3.301805977329951958e+00	9.671856807028991909e+01
3.308087486222440088e+00	9.666060342158304763e+01
3.314367630234227313e+00	9.635152678562607775e+01
3.320651909732194262e+00	9.619128094437276388e+01
3.326931260376857047e+00	9.594117870911442481e+01
3.333216512447217728e+00	9.591281610398317525e+01
3.339504489419978128e+00	9.554188322614089657e+01
3.345786804809928405e+00	9.542204874411838489e+01
3.352071130016277767e+00	9.523605505945739935e+01
3.358351496304225581e+00	9.502763218976343751e+01
3.364630591073392019e+00	9.478835376945859537e+01
3.370916305215045483e+00	9.465458151941540166e+01
3.377197952029413752e+00	9.450612116332725066e+01
3.383483063818085501e+00	9.427196756783632736e+01
3.389769992424469969e+00	9.406520090975531900e+01
3.396051330885982100e+00	9.400686510773198279e+01
3.402330879139463971e+00	9.384521304129275165e+01
3.408610488352048495e+00	9.356119606292138258e+01
3.414897837696641236e+00	9.348452241628109505e+01
3.421180484052105619e+00	9.330019917304765897e+01
3.427461639653846870e+00	9.312507023589641619e+01
3.433749159643459059e+00	9.297603454079349206e+01
3.440032646656798310e+00	9.294216748039433185e+01
3.446313366033385339e+00	9.267640296631428498e+01
3.452600135384134905e+00	9.248228208024087849e+01
3.458883152815406703e+00	9.237274343870736004e+01
3.465163834403715448e+00	9.227715048146215793e+01
3.471449329786229221e+00	9.202349205039327273e+01
3.477734476754053894e+00	9.180831920747679931e+01
3.484019652467224226e+00	9.172796096291637014e+01
3.490297019369712928e+00	9.167703477459144779e+01
3.496582486484379970e+00	9.162599851815762975e+01
3.502868048046865024e+00	9.157246116244175482e+01
3.509144649545451244e+00	9.125865733130778779e+01
3.515428082003116295e+00	9.109467228483347867e+01
3.521711031624695565e+00	9.089870564811903364e+01
3.527991850954735664e+00	9.087407079700888346e+01
3.534275545726699885e+00	9.064308328944639470e+01
3.540562632020772149e+00	9.068363865227344434e+01
3.546844410757220789e+00	9.050815504219393404e+01
3.553131386753758836e+00	9.036722298948295418e+01
3.559419203211965144e+00	9.017578636008290971e+01
3.565697971577579839e+00	9.017644017995675654e+01
3.571979559134798254e+00	9.008144694996822466e+01
3.578265774595833726e+00	8.996421431740979813e+01
3.584548309769353125e+00	8.966320847188990228e+01
3.590826843920031486e+00	8.974567589558475333e+01
3.597107306745233934e+00	8.948025503101277423e+01
3.603392831792229245e+00	8.953882872283804772e+01
3.609673209822572559e+00	8.940109748409855683e+01
3.615955412133016189e+00	8.920631880976250727e+01
3.622241607772384686e+00	8.913765844157857998e+01
3.628520252736676444e+00	8.908787738616456409e+01
3.634804827569451113e+00	8.888553156678202072e+01
3.641094981788862928e+00	8.892610847302452726e+01
3.647383514928639325e+00	8.867261638757707942e+01
3.653663283927725658e+00	8.881350639062306129e+01
3.659943504072155296e+00	8.855970845168621963e+01
3.666232000281138603e+00	8.866281872546012721e+01
3.672514211678317597e+00	8.842160186637242703e+01
3.678794154686042539e+00	8.833805508343020563e+01
3.685078621861909820e+00	8.811323342052760665e+01
3.691359210097977961e+00	8.817149772729291612e+01
3.697642368173791105e+00	8.801400984800253013e+01
3.703925796735277665e+00	8.798995197194832940e+01
3.710208240364660348e+00	8.797203569607567886e+01
3.716494593122387169e+00	8.789973542657504879e+01
3.722775386659595398e+00	8.782339748486707265e+01
3.729058392883481510e+00	8.776610108783110320e+01
3.735339748210807720e+00	8.763188047943373249e+01
3.741620776392969638e+00	8.759166169077117559e+01
3.747904795418762980e+00	8.738810594034035262e+01
3.754190633281219380e+00	8.752100348223038395e+01
3.760478208018912749e+00	8.740152774662691115e+01
3.766755538573464346e+00	8.745797705855494542e+01
3.773032090135151506e+00	8.729217396943863605e+01
3.779322553012896879e+00	8.743642066750255992e+01
3.785609109731308930e+00	8.717479016595673613e+01
3.791889825936295200e+00	8.717963792697051417e+01
3.798174822702435893e+00	8.724601466126364357e+01
3.804458658753491651e+00	8.725662329350295465e+01
3.810738438095723435e+00	8.721847985485162269e+01
3.817018850285747167e+00	8.703033997710188885e+01
3.823305314209427763e+00	8.716808635245365622e+01
3.829591295197792178e+00	8.712696475876731483e+01
3.835872296070849341e+00	8.693017603488698342e+01
3.842156279590906109e+00	8.699108306474535368e+01
3.848441511099312429e+00	8.691325701065080978e+01
3.854723334376886079e+00	8.707438068102699447e+01
3.861004740704794713e+00	8.684055481645178531e+01
3.867284336650660848e+00	8.686246348688347041e+01
3.873567367678779849e+00	8.695271781408922607e+01
3.879850662830422792e+00	8.695796307894434563e+01
3.886137063198143338e+00	8.697006274398857784e+01
3.892419463049126005e+00	8.702807723652117033e+01
3.898703740328622658e+00	8.695236833526836051e+01
3.904991458788179326e+00	8.681354928418465988e+01
3.911270842222104083e+00	8.712022822418136059e+01
3.917549806479573071e+00	8.693695798679846121e+01
3.923836006203090587e+00	8.693238948041150138e+01
3.930121452497870926e+00	8.679458338501221704e+01
3.936398172858230460e+00	8.693797418941095145e+01
3.942683040425962293e+00	8.703272655558028248e+01
3.948974759704379611e+00	8.708113611193762438e+01
3.955259227995065352e+00	8.704059804480816354e+01
3.961537174921395454e+00	8.720703057756553278e+01
3.967820217617139544e+00	8.720949726312522898e+01
3.974105559832568968e+00	8.718534233969474201e+01
3.980384727931198352e+00	8.725985677560915121e+01
3.986664590839849698e+00	8.733027240833996530e+01
3.992949619150675034e+00	8.731027767989336041e+01
3.999235075769965952e+00	8.749387362663590295e+01
4.005515715515433506e+00	8.730791542129090033e+01
4.011798434346478537e+00	8.757750801151662756e+01
4.018083716245132386e+00	8.747805810869297716e+01
4.024365700052603856e+00	8.769129259524513031e+01
4.030643960839860540e+00	8.752393277595028565e+01
4.036928708926215137e+00	8.774509736989450914e+01
4.043218157412017177e+00	8.769628836656924875e+01
4.049503019487663558e+00	8.774401478842177937e+01
4.055781898960511000e+00	8.788421181770075918e+01
4.062060795621602161e+00	8.797757558720631721e+01
4.068347865354716042e+00	8.812995596288551781e+01
4.074631027173265529e+00	8.824240050027584914e+01
4.080910837526078971e+00	8.835288037987454857e+01
4.087201203341442657e+00	8.819358110975746001e+01
4.093486818591942189e+00	8.852504422101137038e+01
4.099764387336505500e+00	8.854825053335567020e+01
4.106049166937662420e+00	8.878604255229372200e+01
4.112334559041358695e+00	8.881869652802338067e+01
4.118618926059533614e+00	8.881362924400225722e+01
4.124898942031112625e+00	8.899622397466093560e+01
4.131175432561665417e+00	8.931312615789356357e+01
4.137461563786142271e+00	8.926716270904302064e+01
4.143746006210170307e+00	8.952522338202169294e+01
4.150029800482964326e+00	8.944418772157962394e+01
4.156313390684649001e+00	8.965477464205110891e+01
4.162596105843763716e+00	8.967024674545830010e+01
4.168881843141768684e+00	8.999977251657702482e+01
4.175162111073220217e+00	9.001196963401939399e+01
4.181448573417560155e+00	9.025556812824649455e+01
4.187738782464171194e+00	9.043962218243444795e+01
4.194017437180169061e+00	9.053816428000143901e+01
4.200293572701767175e+00	9.084412690092057119e+01
4.206580195481546269e+00	9.081453376135729627e+01
4.212860644652220543e+00	9.091513247678473419e+01
4.219138153430114002e+00	9.122283910935645679e+01
4.225426162098283811e+00	9.125261419957239184e+01
4.231713506719782636e+00	9.141344800841325480e+01
4.237990056577191744e+00	9.157593795417969318e+01
4.244267783646744618e+00	9.190072952212079826e+01
4.250560660182562955e+00	9.198129715127876693e+01
4.256847734842668096e+00	9.195846247882400348e+01
4.263127100734456221e+00	9.237160128591179387e+01
4.269406860432507500e+00	9.233156625937411377e+01
4.275691671482192646e+00	9.273734289247323659e+01
4.281972414189518794e+00	9.302644260812893151e+01
4.288253516806755705e+00	9.300814762203553698e+01
4.294540520160492925e+00	9.320701317235096894e+01
4.300825742921731809e+00	9.346604599020433568e+01
4.307109835491901961e+00	9.359921864180567752e+01
4.313390926478413157e+00	9.384813002776435553e+01
4.319667979480563247e+00	9.394938343886242649e+01
4.325952598143786076e+00	9.436101114589551742e+01
4.332241647035422361e+00	9.451727847472115229e+01
4.338524445619096781e+00	9.468487662818385786e+01
4.344809348131129845e+00	9.477153484386488458e+01
4.351090699193166600e+00	9.506879421105399786e+01
4.357369710808320029e+00	9.529802329630952329e+01
4.363659348967174445e+00	9.507525749710694640e+01
4.369947418280990981e+00	9.588594344560473814e+01
4.376226569265827315e+00	9.582345077609417672e+01
4.382499356631129217e+00	9.614887268906480244e+01
4.388784975178015024e+00	9.625816303839351917e+01
4.395068696309480494e+00	9.638605421954807184e+01
4.401347962382031298e+00	9.677828768550089933e+01
4.407628405096517099e+00	9.679401756336982032e+01
4.413915862185140426e+00	9.720024144931305443e+01
4.420203163534264235e+00	9.718103354863779941e+01
4.426480311003382795e+00	9.722434931825796411e+01
4.432765973643649104e+00	9.775610098357508093e+01
4.439053392023870614e+00	9.761009835867641016e+01
4.445336141335588742e+00	9.795072826517946396e+01
4.451617241414883352e+00	9.796538454793571304e+01
4.457901500730311106e+00	9.796307506105331697e+01
4.464189501093017043e+00	9.834818359598482118e+01
4.470470197548729985e+00	9.793872194249006213e+01
4.476748044268524573e+00	9.873524289101686691e+01
4.483035990164653484e+00	9.811452228738419024e+01
4.489323331650528104e+00	9.836798778640780938e+01
4.495599111667934800e+00	9.865409698280723205e+01
4.501870922878794090e+00	9.849406095867338706e+01
4.508155162877705457e+00	9.844435705228788436e+01
4.514446451153479423e+00	9.826439587407467968e+01
4.520723894043856994e+00	9.850404976067389384e+01
4.527003782460155890e+00	9.839592848820277027e+01
4.533293086610313161e+00	9.807422078797507936e+01
4.539578989864040182e+00	9.823165767965754469e+01
4.545857164866476730e+00	9.780736771002631258e+01
4.552138955546025656e+00	9.762364983441077015e+01
4.558432046889146605e+00	9.729903153657245696e+01
4.564713463378488711e+00	9.733910393885247458e+01
4.570987274133244682e+00	9.724557772418948787e+01
4.577274818151045643e+00	9.729125315331189938e+01
4.583563263889338657e+00	9.685549070995688226e+01
4.589844917004465508e+00	9.744303986576007048e+01
4.596126259982004747e+00	9.698693998818566797e+01
4.602409075598298926e+00	9.710570447362718483e+01
4.608696634867644804e+00	9.744335581929387047e+01
4.614977646498861219e+00	9.723252459680850279e+01
4.621258953029527383e+00	9.712266387543441226e+01
4.627547993978874175e+00	9.721130264553787015e+01
4.633830152730579854e+00	9.725981780298693025e+01
4.640104005367354567e+00	9.736375346980916845e+01
4.646382060386754276e+00	9.732244351008770877e+01
4.652674213731970987e+00	9.754018258501658067e+01
4.658958291796220230e+00	9.751789188252266172e+01
4.665233615070169648e+00	9.762096050426359284e+01
4.671520675710307380e+00	9.782279526193033803e+01
4.677814351732177300e+00	9.793522993792549869e+01
4.684093699744638073e+00	9.834551855864475556e+01
4.690368661472568590e+00	9.844994335774025274e+01
4.696663270746453733e+00	9.833178703203986970e+01
4.702945459248681459e+00	9.840950573636236243e+01
4.709209170841929470e+00	9.855895067565212742e+01
4.715491634753063543e+00	9.862294462364614844e+01
4.721784316284933780e+00	9.935594892913222509e+01
4.728063062331094635e+00	9.882876044487508693e+01
4.734337423381671073e+00	9.947593381987874750e+01
4.740627024094544062e+00	9.904066912505976461e+01
4.746914995664547554e+00	9.964283101151683297e+01
4.753194740071086777e+00	9.987669156836793150e+01
4.759478891864783456e+00	1.001032230331326360e+02
4.765762396877359031e+00	1.003836152378682840e+02
4.772049481246195768e+00	1.006259591996552132e+02
4.778335091022592351e+00	1.012328607713342024e+02
4.784610831402393849e+00	1.004613513891465715e+02
4.790907306208476157e+00	1.010931413784678767e+02
4.797204047706418173e+00	1.013785576811867060e+02
4.803470827697504220e+00	1.018717762142151457e+02
4.809748850577324042e+00	1.014819321553642055e+02
4.816045316586602176e+00	1.020102202475363384e+02
4.822329240673497885e+00	1.023496615127083658e+02
4.828596758226470165e+00	1.024400140926669422e+02
4.834890332961369275e+00	1.027607508176870681e+02
4.841191655056394261e+00	1.030894014697573056e+02
4.847460407468000554e+00	1.035285298527554545e+02
4.853732128521334843e+00	1.034877602741119063e+02
4.860029138783373170e+00	1.039112418209313375e+02
4.866314601732018019e+00	1.042204732983524309e+02
4.872587026269203925e+00	1.047581288767794945e+02
4.878874221748241702e+00	1.050979898229657863e+02
4.885171078138658807e+00	1.052611578616884742e+02
4.891450629931857641e+00	1.056769511721918207e+02
4.897716482750221978e+00	1.063536392905350425e+02
4.904002834596266069e+00	1.062522593123917858e+02
4.910295858205786068e+00	1.062822436083947366e+02
4.916575188115905881e+00	1.073493430052207174e+02
4.922847946197084212e+00	1.073777134055785893e+02
4.929131667457151700e+00	1.073744529974164124e+02
4.935434460144239033e+00	1.082217014387804568e+02
4.941718513303545279e+00	1.083543453665968315e+02
4.947978624761803168e+00	1.091774836627033523e+02
4.954274999209829389e+00	1.093026099853985329e+02
4.960571094729937514e+00	1.096133318882307890e+02
4.966823207626954506e+00	1.098494936123248920e+02
4.973097418390337587e+00	1.111294344548529835e+02
4.979415129936382023e+00	1.110508860194145342e+02
4.985702082330368157e+00	1.119898514279208115e+02
4.991949985828016523e+00	1.126093809606445717e+02
4.998241586316924057e+00	1.131111490980806167e+02
5.004556635606089543e+00	1.132150878265930771e+02
5.010828655701208945e+00	1.136923439111213696e+02
5.017077229702536556e+00	1.143581124728820697e+02
5.023374414758113637e+00	1.153610300809684475e+02
5.029688873569548413e+00	1.152612436353667817e+02
5.035958413584124216e+00	1.166431078344277523e+02
5.042232667658486989e+00	1.166101325194210858e+02
5.048528755870775875e+00	1.182314238559447404e+02
5.054821121427484520e+00	1.173907008753207037e+02
5.061069509814582368e+00	1.182337431897205562e+02
5.067347812754101177e+00	1.193514829441088523e+02
5.073675050630431116e+00	1.188792679077275380e+02
5.079945928388977627e+00	1.203720493945567114e+02
5.086192992546071601e+00	1.210781073370997518e+02
5.092484128970163226e+00	1.226659607670462009e+02
5.098802924706086870e+00	1.230146942236002019e+02
5.105078217426394005e+00	1.237019983407509756e+02
5.111325076574067872e+00	1.251945824936649529e+02
5.117628358851224135e+00	1.253935764891248539e+02
5.123935939383525984e+00	1.262437314648903310e+02
5.130199176325612065e+00	1.275317693813909159e+02
5.136469985878846956e+00	1.269039317415795978e+02
5.142797788696348071e+00	1.280119993599712984e+02
5.149090378043822192e+00	1.293892442430297365e+02
5.155289879840074363e+00	1.296653497266310069e+02
5.161564521234301317e+00	1.306572137006674836e+02
5.167916673496016244e+00	1.309559919417323215e+02
5.174205974602950064e+00	1.327760470068863015e+02
5.180434820793812456e+00	1.335598954303484902e+02
5.186729096569634656e+00	1.342923193332187566e+02
5.193058481037780894e+00	1.377138395472341870e+02
5.199319511444338460e+00	1.369593908030915088e+02
5.205574295584361799e+00	1.375962805160243647e+02
5.211894977074066126e+00	1.391003256094932397e+02
5.218201708336958511e+00	1.397983443587464478e+02
5.224411911780083351e+00	1.402487686863831016e+02
5.230677632666463239e+00	1.411872712698153123e+02
5.237056729559757429e+00	1.439934211693413886e+02
5.243336785035660697e+00	1.425259597077574938e+02
5.249493476178225038e+00	1.449747757383704254e+02
5.255787017738318134e+00	1.468734609846519277e+02
5.262205327426889845e+00	1.476331216259936241e+02
5.268477758348532269e+00	1.481202255854470025e+02
5.274632213654732560e+00	1.488111189096913733e+02
5.280950543314659740e+00	1.503094390570133783e+02
5.287327645024750389e+00	1.517921196429103361e+02
5.293582359180156516e+00	1.540805584911163635e+02
5.299789992649893478e+00	1.542886317334543662e+02
5.306111460381987222e+00	1.570123112371333889e+02
5.312452717892129250e+00	1.587739965699468598e+02
5.318650122853046724e+00	1.568705229551093510e+02
5.324923043129819789e+00	1.603176365638486516e+02
5.331330237158205421e+00	1.613273389519232808e+02
5.337586726886338617e+00	1.607563116048391407e+02
5.343685192440848830e+00	1.654065682963289703e+02
5.350070659715249199e+00	1.649171163897863153e+02
5.356556762554878226e+00	1.692396198839630586e+02
5.362691868684501095e+00	1.691207013243211463e+02
5.368769208912516966e+00	1.704145345127910787e+02
5.375270137997677722e+00	1.703757014764980227e+02
5.381769983045385786e+00	1.740959149739848328e+02
5.387701030372958222e+00	1.770999669344656127e+02
5.393786668001271600e+00	1.779027783129053830e+02
5.400446161099396569e+00	1.846538700213135087e+02
5.406957063684501463e+00	1.817851564785089238e+02
5.412655672453426270e+00	1.878361167097802991e+02
5.418821279260546575e+00	1.877558853859069359e+02
5.425690594366304076e+00	1.890326552134147278e+02
5.432217487502165376e+00	1.911571817019235198e+02
5.437649811577258241e+00	1.984389709301026130e+02
5.443914404015878006e+00	1.958380485998980021e+02
5.450953501686320202e+00	1.992427216373502006e+02
5.457483690405861232e+00	1.994136900559906280e+02
5.462715250135157241e+00	2.084799220002177833e+02
5.469033575551323523e+00	2.041361405557897797e+02
5.476177730420278778e+00	2.139637098990975801e+02
5.482708935702562236e+00	2.104740329982637093e+02
5.487722405008360838e+00	2.062100292057614013e+02
5.494194284996126498e+00	2.132077431216056027e+02
5.501391471009256406e+00	2.132981186314106878e+02
5.507128202673079009e+00	2.383625745436535510e+02
5.512278020050448646e+00	2.331199551170810480e+02
5.519395563377015534e+00	2.267250559840386188e+02
5.526598678609708770e+00	2.255362579570773676e+02
5.532162682462509196e+00	2.531882712295096951e+02
5.537397124017139127e+00	2.547863628887983509e+02
5.544582756485218589e+00	2.565194871221726203e+02
5.551739327507637434e+00	2.091049887996072698e+02
5.557493306674907707e+00	2.088968882173259658e+02
5.562281709102816940e+00	2.926305822196187592e+02
5.569272720323164449e+00	7.137667008873448538e+01
