8.899641224696953554e-03	5.842123659776527347e+03
1.507912216506557788e-02	6.200014821329939878e+03
2.144790186456836667e-02	8.039487294097035374e+03
2.783660776489276650e-02	9.464027752579782828e+03
3.435099785803411021e-02	7.714130512578453818e+03
4.047886761425745911e-02	7.121451536310783922e+03
4.676716683575679601e-02	6.496542836484601139e+03
5.308225101765951665e-02	5.844303036014994177e+03
5.945362440940590160e-02	5.117428821814558432e+03
6.576224814588792211e-02	4.656880644938849400e+03
7.196632906698736953e-02	4.310684809400956510e+03
7.827860915688347743e-02	4.057935512499796459e+03
8.470398945834539672e-02	3.869402854519018547e+03
9.096854620527369817e-02	3.458394928558334414e+03
9.720789776830213169e-02	3.236619462045551245e+03
1.034763038959366499e-01	2.841470529623670700e+03
1.097576444254559219e-01	2.611990348239772629e+03
1.160543084780093354e-01	2.322844820709682608e+03
1.223669666537485351e-01	2.245942318749367132e+03
1.286817263090294094e-01	2.160437355339340229e+03
1.349500801664080818e-01	2.064189648552945073e+03
1.411949558842147678e-01	1.964643310313328584e+03
1.475133575747468451e-01	1.804131501428471211e+03
1.537865074252268427e-01	1.776430420384866693e+03
1.600657544051110326e-01	1.641249971974532627e+03
1.663991168687080635e-01	1.568134692738194417e+03
1.727195645776442856e-01	1.439547921269441758e+03
1.789765213377084718e-01	1.382914995781470225e+03
1.852353690647852158e-01	1.315529288655202208e+03
1.914806787341157279e-01	1.246496535232400220e+03
1.977889868651535599e-01	1.183455859339371500e+03
2.040937735447724277e-01	1.131303237678853748e+03
2.103939302609846018e-01	1.095368121077203568e+03
2.166909709822301688e-01	1.067888652645991442e+03
2.229700281216152047e-01	1.021285079995813021e+03
2.292620027086341994e-01	9.820483743068771219e+02
2.355141508366812297e-01	9.357554731472872618e+02
2.417910583817859116e-01	9.135229505457614323e+02
2.480856539439619257e-01	8.520360808624618585e+02
2.543492256872954549e-01	8.344353329072101815e+02
2.606334251884805386e-01	7.954285568493189658e+02
2.669257370896960802e-01	7.720237050016045259e+02
2.732423343141155980e-01	7.554693709932797674e+02
2.795529680084415936e-01	7.160837066468787953e+02
2.858366292314493129e-01	7.124741326071524554e+02
2.920876271394311496e-01	6.865595923075666178e+02
2.983449844439822751e-01	6.743786188246833717e+02
3.046382639407197446e-01	6.477974115177661361e+02
3.109279127003197196e-01	6.342330522241970812e+02
3.172168171618398036e-01	6.161506937464711200e+02
3.235187567944423082e-01	6.038460674142366997e+02
3.298168217550395687e-01	5.779692797920175735e+02
3.361176429457156667e-01	5.748969937784167996e+02
3.423700375709273769e-01	5.552157090482461399e+02
3.486478192666269682e-01	5.381774178826244679e+02
3.549411614411318028e-01	5.286757293970509863e+02
3.611916935421040642e-01	5.124416056857595549e+02
3.674767089563572564e-01	4.971772484618363706e+02
3.737647795277591056e-01	4.922550521351562338e+02
3.800654031475132477e-01	4.760310287243817129e+02
3.863539861259823738e-01	4.691049456745707857e+02
3.926140181364449755e-01	4.572207280779665552e+02
3.989264500321934581e-01	4.549456462195645940e+02
4.052073244576828714e-01	4.364633003943914105e+02
4.114916477570477182e-01	4.277662633568167507e+02
4.177814272116491257e-01	4.266311423394009807e+02
4.240400648725131116e-01	4.158245771643488524e+02
4.303425690270192283e-01	4.073288969625502318e+02
4.366358560255625965e-01	4.040336800184358026e+02
4.428996183220763605e-01	3.959199548825664579e+02
4.491634418529859563e-01	3.861306051855983696e+02
4.554414146254732731e-01	3.754821871791164654e+02
4.617634470301058558e-01	3.759682034989179442e+02
4.680644242023710433e-01	3.682499662620658114e+02
4.743485242764365895e-01	3.591859669315861083e+02
4.806356136815400082e-01	3.545498157156100092e+02
4.869019258388697646e-01	3.454410364146752954e+02
4.931697099599955947e-01	3.440271463425603429e+02
4.994506747144535908e-01	3.377872364873515494e+02
5.057159051335421429e-01	3.335535117928917543e+02
5.119923996268095356e-01	3.290988727269592573e+02
5.183126097768406826e-01	3.248368268500194063e+02
5.246089638029100000e-01	3.196687629365944758e+02
5.308757308483337267e-01	3.125341084569784016e+02
5.371573527946726934e-01	3.104834149386722970e+02
5.434579563783791256e-01	3.059631243828794140e+02
5.497430652392217842e-01	2.981755791165087999e+02
5.559937427501778773e-01	2.990286177140038149e+02
5.622854676609657654e-01	2.929172523004446020e+02
5.686011537227265711e-01	2.892223323188210884e+02
5.748804589422079614e-01	2.858130804586406839e+02
5.811550210340560296e-01	2.826732444068152859e+02
5.874394496660968468e-01	2.771824403189406780e+02
5.937176220296899176e-01	2.756721175566955822e+02
5.999971954793682505e-01	2.719970279651491865e+02
6.062679115124277596e-01	2.683639665293825374e+02
6.125469576444534381e-01	2.659395957146914498e+02
6.188477733041515272e-01	2.623623056493681247e+02
6.251310567437898813e-01	2.572189735465802869e+02
6.314027450383210560e-01	2.549200918356380328e+02
6.377003562732055375e-01	2.534769367195326026e+02
6.439857783314556494e-01	2.488903499305548337e+02
6.502685417166111925e-01	2.465288048156671437e+02
6.565586117699038216e-01	2.440773800892052066e+02
6.628369282359254377e-01	2.420896767667650522e+02
6.691185444962194362e-01	2.385918738057548580e+02
6.754070198575605755e-01	2.359547431264098520e+02
6.816835514593204692e-01	2.345435957434538068e+02
6.879592533861698112e-01	2.318564512855401176e+02
6.942344317039531587e-01	2.299397782100846825e+02
7.005175402434737908e-01	2.281736201044708992e+02
7.068124956608716758e-01	2.246755703121181966e+02
7.131019009674921527e-01	2.216730920742500928e+02
7.193918251171427247e-01	2.202399328071560092e+02
7.256833807598113140e-01	2.185676991046438218e+02
7.319652682709349989e-01	2.158888883360509681e+02
7.382507990484923344e-01	2.149284115622662910e+02
7.445265842115937893e-01	2.126769984376871889e+02
7.507871101942712455e-01	2.106861817570350865e+02
7.570758465316046459e-01	2.081079230361574446e+02
7.633641233600957365e-01	2.069192171456498102e+02
7.696462959862266917e-01	2.051148149475298510e+02
7.759394865175414102e-01	2.027003654269340984e+02
7.822329141989586843e-01	1.999687849673534004e+02
7.885314936520240181e-01	1.996869092322381789e+02
7.947896566979522071e-01	1.971596935254481195e+02
8.010491096592354809e-01	1.955142894861554907e+02
8.073364061727361651e-01	1.936006878715217852e+02
8.136229488373866170e-01	1.924789962347003609e+02
8.199152998961036776e-01	1.911031809388693716e+02
8.261952636392789762e-01	1.887387132459573422e+02
8.324897070080405914e-01	1.876666219117543619e+02
8.387959309210778480e-01	1.856877368833719402e+02
8.450634639703045181e-01	1.855504887852903551e+02
8.513282867562648182e-01	1.826240354069790328e+02
8.576198263902009566e-01	1.817613181748490661e+02
8.639058477062415697e-01	1.801919508327286508e+02
8.701838745487597837e-01	1.786357701862370391e+02
8.764641096075268534e-01	1.782101537101753195e+02
8.827503873399735745e-01	1.761431810385441281e+02
8.890332768393869323e-01	1.749555615603063643e+02
8.953084247113127780e-01	1.739489629809981466e+02
9.015956521667095602e-01	1.725694226875598645e+02
9.078833328094829680e-01	1.704346271738806990e+02
9.141744106319863450e-01	1.700092167692538112e+02
9.204630817717615043e-01	1.693622112947100504e+02
9.267434415264711456e-01	1.674788607342895546e+02
9.330324197354928906e-01	1.659672819514090065e+02
9.393265785573878812e-01	1.646963339362706051e+02
9.455974810398196650e-01	1.629654214453910583e+02
9.518660018545171964e-01	1.631395629587578924e+02
9.581413255531838757e-01	1.609843659676193681e+02
9.644350945109106954e-01	1.600022033121487652e+02
9.707355633568249820e-01	1.594024660967934039e+02
9.770080768450029041e-01	1.588991714838443556e+02
9.832823325363413414e-01	1.565619964868395755e+02
9.895569691966674686e-01	1.555340266834548402e+02
9.958456301921106979e-01	1.556614253157841006e+02
1.002136210743837408e+00	1.541386761340770875e+02
1.008404825335135424e+00	1.537292761027234178e+02
1.014694149836243398e+00	1.523727781235943723e+02
1.020992555437297167e+00	1.510818513477112504e+02
1.027273980437394485e+00	1.505400533508186243e+02
1.033559181896017254e+00	1.487097304497216044e+02
1.039847557392594934e+00	1.479195370545847084e+02
1.046126974943305088e+00	1.466139769706821880e+02
1.052403436811028659e+00	1.455662566410058503e+02
1.058680704651608684e+00	1.455253862732860739e+02
1.064964333065789193e+00	1.444989868626628891e+02
1.071256777440835473e+00	1.440474532479829861e+02
1.077544048801078125e+00	1.427019242956536402e+02
1.083824820188043603e+00	1.417335179609400200e+02
1.090108023942816695e+00	1.412667798681071929e+02
1.096389665956643222e+00	1.401819901403830784e+02
1.102681132058841440e+00	1.397200975781099999e+02
1.108963047594879958e+00	1.384524604774063619e+02
1.115225428463759272e+00	1.369658615338621246e+02
1.121502127614767863e+00	1.369733552737348532e+02
1.127792573824792033e+00	1.361885777752710851e+02
1.134089552668382961e+00	1.355241483620096403e+02
1.140364049650405942e+00	1.342871747104166786e+02
1.146639180320979445e+00	1.338706592308158747e+02
1.152942412991649901e+00	1.330397132377392495e+02
1.159228906751078814e+00	1.325263616032040090e+02
1.165508721887268173e+00	1.317470476943755102e+02
1.171793076256210320e+00	1.307743072640424202e+02
1.178087436369658958e+00	1.296980144295343678e+02
1.184367654251526902e+00	1.294313642410530747e+02
1.190634642299266632e+00	1.285196892139845772e+02
1.196912208834400859e+00	1.278939162879281781e+02
1.203201577354146234e+00	1.273434145773745030e+02
1.209486844441705733e+00	1.265601721337114896e+02
1.215763902074809888e+00	1.256340664034009222e+02
1.222049755171146668e+00	1.252412391559413294e+02
1.228340616621486969e+00	1.245965480867348987e+02
1.234632986576932767e+00	1.238425638762274872e+02
1.240902247176856488e+00	1.236144561720870740e+02
1.247174839144687519e+00	1.227891315983875415e+02
1.253465459933442272e+00	1.220423448851693422e+02
1.259749951892178421e+00	1.219171718461554832e+02
1.266032143127253873e+00	1.208257671309146843e+02
1.272316288472006507e+00	1.204775933048555032e+02
1.278604155058621350e+00	1.195786697669958301e+02
1.284886588933593865e+00	1.184597640352834702e+02
1.291175420066583257e+00	1.183876573456116432e+02
1.297465726373772332e+00	1.176686947646623906e+02
1.303741827011944299e+00	1.169895317091257283e+02
1.310017322922761851e+00	1.164118036124343973e+02
1.316301447662886703e+00	1.158132485688767588e+02
1.322586760363303249e+00	1.158936457426727316e+02
1.328865492452874664e+00	1.151546731057395334e+02
1.335144804954555564e+00	1.143605998322444890e+02
1.341440516272275119e+00	1.138678696703629498e+02
1.347730868417094552e+00	1.132471692214408279e+02
1.354001589994877630e+00	1.126183228675629238e+02
1.360282609297778444e+00	1.120927012665830347e+02
1.366565686457597906e+00	1.113819193896070061e+02
1.372851498482432708e+00	1.113122923727322302e+02
1.379135372929401804e+00	1.107233745624495356e+02
1.385409567149057164e+00	1.096581460957279432e+02
1.391698641219299315e+00	1.093747184682445379e+02
1.397984451439470810e+00	1.090008935659127758e+02
1.404267883409181961e+00	1.086587345036037817e+02
1.410554779484869181e+00	1.082339609320112004e+02
1.416837833547465397e+00	1.075838525150863916e+02
1.423118177187137068e+00	1.070748631173423036e+02
1.429397801164240089e+00	1.065222839137970539e+02
1.435686921822787232e+00	1.058775895727210354e+02
1.441977121769299597e+00	1.059896399870814605e+02
1.448253667853332427e+00	1.051130450464468140e+02
1.454532348972172651e+00	1.048925589878327571e+02
1.460819319151879903e+00	1.041651464093654482e+02
1.467110364402026468e+00	1.036604821419524285e+02
1.473392908948962132e+00	1.034603352179660902e+02
1.479669965243598950e+00	1.026836579382025576e+02
1.485956144602843532e+00	1.025637120670373008e+02
1.492233610763115115e+00	1.019585613713443593e+02
1.498502470379980078e+00	1.018436954322323231e+02
1.504785752051182701e+00	1.011091528318071227e+02
1.511075991894575976e+00	1.008460632327418125e+02
1.517361634985162189e+00	1.006056255741235788e+02
1.523648570969130533e+00	9.958860229759068261e+01
1.529938035715892264e+00	9.947025731355100220e+01
1.536230176913891965e+00	9.896562286154855315e+01
1.542510718779388279e+00	9.850466376898691578e+01
1.548783963082980275e+00	9.822866512826124108e+01
1.555073069779651318e+00	9.763056130740264393e+01
1.561357324927233892e+00	9.740492432671861422e+01
1.567629121053141006e+00	9.739126527559820090e+01
1.573913697404382583e+00	9.640028615497134012e+01
1.580203545230874029e+00	9.635706466974824025e+01
1.586485393434537983e+00	9.570470118306037932e+01
1.592760014263005841e+00	9.541656909419700128e+01
1.599046436394670812e+00	9.507811136060284696e+01
1.605342136637478934e+00	9.470214130719772072e+01
1.611619860919608627e+00	9.442690466973576235e+01
1.617897597081673799e+00	9.396602084505256869e+01
1.624183235481122756e+00	9.344048009100833951e+01
1.630464598531913722e+00	9.318716614098076434e+01
1.636748985747638274e+00	9.267626562297047599e+01
1.643030923698886259e+00	9.255573880723618174e+01
1.649309176648513064e+00	9.191738696488185667e+01
1.655593633940351861e+00	9.181249419396807809e+01
1.661879571405086464e+00	9.103767642394302584e+01
1.668169361685170271e+00	9.117132349658601242e+01
1.674450151530487485e+00	9.027394563974223729e+01
1.680722718978495900e+00	9.053898582101710701e+01
1.687013891340952476e+00	8.984533356790201708e+01
1.693308984907921033e+00	8.944156499486146572e+01
1.699582147428448486e+00	8.903005876624928305e+01
1.705863747055134105e+00	8.892674722733607950e+01
1.712154434283889470e+00	8.869550437217201022e+01
1.718438381579399321e+00	8.840130587418762786e+01
1.724721264464063930e+00	8.797391105541824174e+01
1.730997441276920679e+00	8.757919989185376153e+01
1.737287073528269499e+00	8.696558392070234333e+01
1.743567991878527401e+00	8.701009340950395199e+01
1.749840680212231048e+00	8.690790656447545359e+01
1.756128549091961144e+00	8.586678932434374190e+01
1.762413535324792502e+00	8.606969741131922547e+01
1.768696187669963837e+00	8.542046215484077720e+01
1.774979359379055266e+00	8.542732596830960290e+01
1.781265555576432957e+00	8.498802740598452488e+01
1.787549427830244619e+00	8.459119749436584357e+01
1.793834120011633004e+00	8.430259511169485620e+01
1.800115051552487300e+00	8.421300631041748375e+01
1.806393904854530330e+00	8.393660242096572688e+01
1.812674089667083432e+00	8.341434479361426213e+01
1.818956920109354058e+00	8.325679971399415535e+01
1.825244164118212220e+00	8.288437285247134412e+01
1.831527256642196955e+00	8.249772252441057674e+01
1.837811294935716599e+00	8.241461612267042369e+01
1.844100717411196744e+00	8.200070451590067933e+01
1.850384816792487230e+00	8.144806803894326208e+01
1.856666059735203822e+00	8.154984447598000941e+01
1.862947728675613979e+00	8.092219711531373605e+01
1.869229324466858078e+00	8.089210175455643537e+01
1.875517616802973686e+00	8.043588099339488906e+01
1.881800769033795229e+00	8.033258995825690363e+01
1.888078863416442710e+00	7.985592932854059711e+01
1.894353975182237582e+00	7.965234429108581082e+01
1.900642716154182565e+00	7.938259181075092386e+01
1.906933494748685121e+00	7.919351840460940650e+01
1.913207568676573933e+00	7.879717588679737617e+01
1.919490884732178992e+00	7.836394009496852675e+01
1.925776855684274480e+00	7.850948097109220214e+01
1.932064452961978152e+00	7.800113200622931231e+01
1.938342610030488800e+00	7.783782446692562473e+01
1.944618341543410178e+00	7.748839875944831590e+01
1.950906260203513876e+00	7.706789390368228965e+01
1.957194556613796488e+00	7.676396446330610956e+01
1.963479614559011432e+00	7.671260492718847956e+01
1.969760361532916226e+00	7.630963489915070852e+01
1.976048367034604736e+00	7.602525111570545846e+01
1.982337990217652335e+00	7.581636904294077794e+01
1.988617489259562721e+00	7.563225517563279254e+01
1.994896320665194178e+00	7.531326597955001034e+01
2.001179596222827151e+00	7.521897706324681110e+01
2.007459756923499761e+00	7.484339256440081556e+01
2.013737397779169935e+00	7.460815999561604883e+01
2.020017234677497164e+00	7.436325861428422002e+01
2.026310251015072783e+00	7.387921695961655644e+01
2.032600542948020284e+00	7.399291184187862314e+01
2.038873863192099289e+00	7.354561397819590240e+01
2.045154087821675404e+00	7.331664692143903039e+01
2.051444704514288730e+00	7.317821599822072187e+01
2.057730430280644729e+00	7.279330743602460529e+01
2.064013940455224461e+00	7.249092864947655812e+01
2.070299891179459895e+00	7.241028639185125826e+01
2.076589719964883951e+00	7.205989026535169728e+01
2.082865483794470673e+00	7.190854968536569913e+01
2.089134494859368640e+00	7.156673893906661021e+01
2.095424211360070288e+00	7.139134835676230750e+01
2.101707116664804254e+00	7.114958171810820886e+01
2.107986473933564309e+00	7.099399562175496214e+01
2.114271806543862375e+00	7.075384601517801286e+01
2.120552717288892275e+00	7.047710330076913010e+01
2.126836933207161717e+00	7.031600815892399226e+01
2.133122044791171845e+00	7.002812026657487365e+01
2.139411711910842673e+00	6.993414433809265063e+01
2.145697076775292089e+00	6.963146702049964176e+01
2.151973548606471276e+00	6.938662374220270124e+01
2.158259913555724108e+00	6.927801420464437854e+01
2.164545396699105506e+00	6.873883493159344482e+01
2.170830700377734068e+00	6.876253699391442353e+01
2.177114138849150393e+00	6.846060311262581877e+01
2.183387647576827018e+00	6.822898345363726946e+01
2.189670273687676971e+00	6.810860145415513500e+01
2.195960147934207463e+00	6.782655289106746466e+01
2.202242556317716371e+00	6.752205843963524501e+01
2.208521655981037668e+00	6.738795826486669682e+01
2.214804637081333016e+00	6.725269260392855131e+01
2.221092583349425276e+00	6.705226824856197254e+01
2.227372893591468728e+00	6.671309582489494971e+01
2.233657161144248171e+00	6.664104633293025870e+01
2.239943485394438660e+00	6.637288621290744572e+01
2.246224175264620815e+00	6.618421519300513012e+01
2.252506378421252009e+00	6.596691104613896073e+01
2.258783417054270437e+00	6.587621369919139624e+01
2.265069077371457684e+00	6.560422820356103557e+01
2.271350377044131452e+00	6.533846013099277172e+01
2.277633995145353918e+00	6.515726717000633528e+01
2.283922419579920149e+00	6.500810711110831619e+01
2.290202874392252674e+00	6.477989731373929772e+01
2.296490779970905560e+00	6.456489374760843702e+01
2.302771769934229162e+00	6.437385454568934051e+01
2.309051364164305564e+00	6.428305953365945413e+01
2.315338502539088239e+00	6.396915151072853689e+01
2.321627336503874428e+00	6.390742367099711174e+01
2.327911878297218795e+00	6.369386309735823914e+01
2.334186238580297168e+00	6.340144698093247655e+01
2.340467971862688401e+00	6.329292604349171825e+01
2.346756940970738725e+00	6.304702230866359258e+01
2.353044444556199988e+00	6.288329346748081861e+01
2.359327653314069906e+00	6.260945676007797545e+01
2.365603048789861607e+00	6.251078237879340094e+01
2.371885911737665165e+00	6.231906978057821078e+01
2.378173303594019572e+00	6.207623231584380363e+01
2.384454016539381271e+00	6.191841403397382493e+01
2.390736447344785187e+00	6.167300035022983451e+01
2.397014133897952259e+00	6.164656527594983970e+01
2.403295490074321972e+00	6.148726348351173954e+01
2.409585049672506862e+00	6.128695097364604294e+01
2.415871703165322071e+00	6.117398496816891651e+01
2.422160652369088840e+00	6.103537164494062495e+01
2.428440167222748691e+00	6.077469547248666970e+01
2.434717472383889803e+00	6.055747405669536221e+01
2.441002456202044257e+00	6.049551408196936109e+01
2.447289980304530488e+00	6.033502632840497881e+01
2.453571844729242279e+00	6.003050187158255113e+01
2.459852705114058846e+00	5.993550430601701606e+01
2.466139233225018934e+00	5.986000818369543452e+01
2.472421963421291391e+00	5.961887453310881568e+01
2.478698519174224568e+00	5.940100326270653852e+01
2.484980841400355800e+00	5.922469260453593876e+01
2.491269319409339822e+00	5.897606290719138400e+01
2.497548505139029373e+00	5.898864053297007359e+01
2.503831667172610853e+00	5.887343742943734526e+01
2.510117938323931153e+00	5.868793118267513620e+01
2.516400733681277480e+00	5.847269726204032736e+01
2.522688226833368130e+00	5.838009593734307145e+01
2.528971695852665569e+00	5.820950292460801734e+01
2.535252039407670299e+00	5.811668775158750577e+01
2.541537514142774512e+00	5.807690175928530607e+01
2.547823008847572179e+00	5.777075821705212633e+01
2.554100666580690238e+00	5.774895529747841039e+01
2.560376788884177301e+00	5.762618309792575388e+01
2.566667521601497359e+00	5.745589255404942719e+01
2.572955062237090473e+00	5.721943460962722838e+01
2.579233771797999175e+00	5.716168979731075694e+01
2.585520164300948220e+00	5.708537686087703378e+01
2.591805130332431872e+00	5.692496903191726432e+01
2.598084074692260881e+00	5.666102052882769868e+01
2.604360404197643586e+00	5.653718984822474170e+01
2.610647185140439142e+00	5.645235456763106185e+01
2.616931864059273138e+00	5.634444413394372475e+01
2.623206107911065565e+00	5.632649453381220184e+01
2.629491626543270844e+00	5.606370687457757640e+01
2.635778507982642349e+00	5.600628420967004928e+01
2.642061039325260818e+00	5.579505414474559899e+01
2.648343840729305843e+00	5.565145827912985510e+01
2.654631838974855551e+00	5.555552921546235723e+01
2.660919001246303761e+00	5.541185330700776746e+01
2.667198525130066056e+00	5.536073173908490475e+01
2.673484307038032526e+00	5.530060310446935290e+01
2.679773388053849459e+00	5.516163118258994302e+01
2.686058217632288692e+00	5.505037299337812584e+01
2.692338738200057868e+00	5.489795038806100536e+01
2.698618022887226964e+00	5.471652201787599523e+01
2.704895450708277860e+00	5.473227563203946744e+01
2.711175674923682166e+00	5.463482579711050846e+01
2.717459832966957922e+00	5.446988654716298583e+01
2.723745731959044569e+00	5.436297564077973021e+01
2.730038414850594730e+00	5.422969530465103816e+01
2.736317989800789441e+00	5.415366668249546223e+01
2.742591858549239703e+00	5.401771675107293191e+01
2.748879749010778362e+00	5.412274089934130217e+01
2.755163403825859447e+00	5.384404427650243719e+01
2.761446955625852073e+00	5.374375664468819735e+01
2.767732088935374701e+00	5.371793129513633147e+01
2.774015452421743966e+00	5.360772341378728356e+01
2.780298635700591436e+00	5.356028191063902000e+01
2.786577474762241380e+00	5.347193836374724896e+01
2.792857983210164541e+00	5.339023395019950868e+01
2.799143790920211483e+00	5.332509971043936048e+01
2.805430058399325244e+00	5.318738696994502391e+01
2.811715058209780072e+00	5.311112676485558382e+01
2.817989272498773623e+00	5.304088737040049750e+01
2.824269171595737760e+00	5.290186775522566620e+01
2.830563016441804081e+00	5.284437461623322463e+01
2.836848750951622034e+00	5.272744309458112610e+01
2.843130027866129783e+00	5.274541580431151999e+01
2.849413896912404986e+00	5.269511510759338080e+01
2.855697464522425566e+00	5.246578397883831002e+01
2.861978799810683594e+00	5.247771296846297417e+01
2.868262469415629567e+00	5.256095298651282377e+01
2.874547359206753860e+00	5.234519194975752754e+01
2.880831111471525041e+00	5.229243430974380402e+01
2.887113216972382546e+00	5.223504488705176385e+01
2.893394504725182781e+00	5.222617352263882395e+01
2.899673662137033592e+00	5.216631517462225531e+01
2.905953958587380814e+00	5.214582272106162009e+01
2.912241118105161064e+00	5.203779322557706166e+01
2.918525996366671205e+00	5.199550152719213258e+01
2.924809035425688819e+00	5.197660645965058279e+01
2.931095916293684933e+00	5.189167494326400742e+01
2.937378182606774413e+00	5.182839784827066865e+01
2.943659980254369923e+00	5.184532787961317979e+01
2.949946454403890250e+00	5.187867521957361561e+01
2.956227653702202307e+00	5.167149102084780310e+01
2.962510478867462993e+00	5.173333061705192648e+01
2.968796535179442309e+00	5.166095321343176039e+01
2.975077657376874907e+00	5.165021049457735103e+01
2.981359866759223376e+00	5.166457707295136004e+01
2.987646761575656562e+00	5.166547862548362247e+01
2.993929038370399365e+00	5.162030260921470415e+01
3.000206214840962726e+00	5.156725290605550782e+01
3.006486172402415669e+00	5.153107513025407371e+01
3.012769812211594456e+00	5.152092025205562464e+01
3.019053144326170113e+00	5.153798558607773117e+01
3.025337405144251424e+00	5.157075565676619533e+01
3.031623734799107961e+00	5.159947762519045966e+01
3.037908962055872575e+00	5.154517746148511748e+01
3.044195067146031608e+00	5.146313452735460459e+01
3.050475543482170426e+00	5.150371196514408467e+01
3.056754954538277502e+00	5.141718319256446534e+01
3.063040539557494668e+00	5.156424567431038497e+01
3.069323699454357346e+00	5.151978427154580231e+01
3.075610692642898769e+00	5.158957121484434794e+01
3.081893798009918584e+00	5.150531750484846327e+01
3.088174549548037717e+00	5.154368401391312915e+01
3.094458635632868493e+00	5.160513218326273233e+01
3.100743982931558840e+00	5.156236667741751489e+01
3.107028111748448396e+00	5.159353385747149190e+01
3.113309299655494300e+00	5.162639673028440512e+01
3.119590662867241626e+00	5.153796797969260979e+01
3.125874006820172912e+00	5.171164038876101898e+01
3.132159251154602586e+00	5.169919283107204677e+01
3.138439172765940643e+00	5.184932482230226469e+01
3.144723867719826593e+00	5.180505522268362029e+01
3.151003951258561031e+00	5.185819403828121210e+01
3.157283664131563139e+00	5.197933846392636781e+01
3.163569317183839935e+00	5.199417023064758325e+01
3.169851661717792091e+00	5.198057668679792442e+01
3.176137704316093657e+00	5.203789698543801734e+01
3.182420924828643916e+00	5.211761251086196012e+01
3.188702811875577581e+00	5.222955591893995120e+01
3.194990520008989865e+00	5.226442347254689480e+01
3.201275324656983834e+00	5.237024131905130986e+01
3.207551352179861759e+00	5.249093853484073691e+01
3.213835216737041645e+00	5.253804518261805612e+01
3.220122579819103770e+00	5.249956253277358087e+01
3.226406606618656525e+00	5.233584186514050884e+01
3.232687390085645429e+00	5.229907775619484056e+01
3.238969121280456331e+00	5.209256403240151911e+01
3.245254751548589667e+00	5.203288843553645648e+01
3.251534499036136783e+00	5.197264673492367137e+01
3.257817780791052442e+00	5.184258254417558476e+01
3.264102164154097263e+00	5.179455748867068365e+01
3.270384152138468892e+00	5.161803608723321446e+01
3.276669427476867735e+00	5.150195268699669526e+01
3.282954688864507808e+00	5.146528559914668222e+01
3.289237200334947264e+00	5.135042662471997232e+01
3.295519587088236779e+00	5.132112537076881154e+01
3.301805977329951958e+00	5.129606639813017210e+01
3.308087486222440088e+00	5.106502693181485597e+01
3.314367630234227313e+00	5.096946656271575193e+01
3.320651909732194262e+00	5.088998044229781925e+01
3.326931260376857047e+00	5.084668200520086856e+01
3.333216512447217728e+00	5.076141203441076044e+01
3.339504489419978128e+00	5.059001438755548463e+01
3.345786804809928405e+00	5.052642087463956955e+01
3.352071130016277767e+00	5.044326254518126973e+01
3.358351496304225581e+00	5.035655006691083457e+01
3.364630591073392019e+00	5.036465491454762855e+01
3.370916305215045483e+00	5.022324829759156017e+01
3.377197952029413752e+00	5.022366257778249121e+01
3.383483063818085501e+00	5.010818319413422728e+01
3.389769992424469969e+00	5.000624644808584662e+01
3.396051330885982100e+00	5.001486675556878936e+01
3.402330879139463971e+00	4.988443305212103951e+01
3.408610488352048495e+00	4.986522810919570503e+01
3.414897837696641236e+00	4.975463903695445111e+01
3.421180484052105619e+00	4.971304577175315131e+01
3.427461639653846870e+00	4.965412971979809242e+01
3.433749159643459059e+00	4.955421765415789537e+01
3.440032646656798310e+00	4.958317848868446021e+01
3.446313366033385339e+00	4.943918643599003815e+01
3.452600135384134905e+00	4.935728928932013559e+01
3.458883152815406703e+00	4.924755473876363254e+01
3.465163834403715448e+00	4.926852413445747914e+01
3.471449329786229221e+00	4.928528499655487849e+01
3.477734476754053894e+00	4.922773809650256283e+01
3.484019652467224226e+00	4.916269172628582851e+01
3.490297019369712928e+00	4.902371189362971649e+01
3.496582486484379970e+00	4.894083661552034670e+01
3.502868048046865024e+00	4.895228598655417329e+01
3.509144649545451244e+00	4.886785142909284474e+01
3.515428082003116295e+00	4.881620749073055521e+01
3.521711031624695565e+00	4.881291340321642025e+01
3.527991850954735664e+00	4.876142527049814390e+01
3.534275545726699885e+00	4.871434834512692191e+01
3.540562632020772149e+00	4.862467384050646757e+01
3.546844410757220789e+00	4.863657226703867309e+01
3.553131386753758836e+00	4.858273161280956032e+01
3.559419203211965144e+00	4.857910047505634310e+01
3.565697971577579839e+00	4.851491592357366756e+01
3.571979559134798254e+00	4.843638610760118723e+01
3.578265774595833726e+00	4.840669797481677961e+01
3.584548309769353125e+00	4.843768164568380286e+01
3.590826843920031486e+00	4.826489182739381789e+01
3.597107306745233934e+00	4.817361579042523090e+01
3.603392831792229245e+00	4.827600012467068780e+01
3.609673209822572559e+00	4.819478234464045130e+01
3.615955412133016189e+00	4.814143696463314370e+01
3.622241607772384686e+00	4.809723370461916403e+01
3.628520252736676444e+00	4.806999686218507861e+01
3.634804827569451113e+00	4.811235164510249263e+01
3.641094981788862928e+00	4.802384028537265692e+01
3.647383514928639325e+00	4.800569161568367349e+01
3.653663283927725658e+00	4.800843783021205979e+01
3.659943504072155296e+00	4.805505511570630972e+01
3.666232000281138603e+00	4.796931882873630570e+01
3.672514211678317597e+00	4.795767914706115675e+01
3.678794154686042539e+00	4.798144127598848030e+01
3.685078621861909820e+00	4.788090730518152327e+01
3.691359210097977961e+00	4.785971801937703418e+01
3.697642368173791105e+00	4.787392007831680019e+01
3.703925796735277665e+00	4.784183003160812575e+01
3.710208240364660348e+00	4.781747551411248054e+01
3.716494593122387169e+00	4.782981022219365741e+01
3.722775386659595398e+00	4.778062803671966918e+01
3.729058392883481510e+00	4.775521958896686670e+01
3.735339748210807720e+00	4.777640957110804010e+01
3.741620776392969638e+00	4.777882210609865865e+01
3.747904795418762980e+00	4.768011448982519340e+01
3.754190633281219380e+00	4.773532746466679555e+01
3.760478208018912749e+00	4.770560177593547735e+01
3.766755538573464346e+00	4.780046012654285192e+01
3.773032090135151506e+00	4.782514966837828041e+01
3.779322553012896879e+00	4.774117929132178517e+01
3.785609109731308930e+00	4.778077107689426839e+01
3.791889825936295200e+00	4.769809791586222047e+01
3.798174822702435893e+00	4.784721178228423355e+01
3.804458658753491651e+00	4.776658786382567001e+01
3.810738438095723435e+00	4.770556245675474827e+01
3.817018850285747167e+00	4.771632874783274758e+01
3.823305314209427763e+00	4.773455014246447092e+01
3.829591295197792178e+00	4.765602594583427276e+01
3.835872296070849341e+00	4.771462179365710199e+01
3.842156279590906109e+00	4.773436915679094739e+01
3.848441511099312429e+00	4.784015613324595506e+01
3.854723334376886079e+00	4.769469125790245556e+01
3.861004740704794713e+00	4.790812028493433417e+01
3.867284336650660848e+00	4.787452345757361627e+01
3.873567367678779849e+00	4.789200537621962894e+01
3.879850662830422792e+00	4.789702852145170198e+01
3.886137063198143338e+00	4.788144037909266615e+01
3.892419463049126005e+00	4.786992322471647299e+01
3.898703740328622658e+00	4.801713817986919253e+01
3.904991458788179326e+00	4.792837872512743047e+01
3.911270842222104083e+00	4.796623087663763130e+01
3.917549806479573071e+00	4.804937090686868828e+01
3.923836006203090587e+00	4.814467468038350262e+01
3.930121452497870926e+00	4.810903245785348048e+01
3.936398172858230460e+00	4.812648424232976652e+01
3.942683040425962293e+00	4.815632092613528670e+01
3.948974759704379611e+00	4.818019430107045054e+01
3.955259227995065352e+00	4.813127487149607475e+01
3.961537174921395454e+00	4.817839635287656819e+01
3.967820217617139544e+00	4.822198063683212865e+01
3.974105559832568968e+00	4.834064193261558273e+01
3.980384727931198352e+00	4.833955891668909288e+01
3.986664590839849698e+00	4.840474314713700466e+01
3.992949619150675034e+00	4.845906099985571558e+01
3.999235075769965952e+00	4.850750138919861598e+01
4.005515715515433506e+00	4.849748476048188905e+01
4.011798434346478537e+00	4.864005369144207691e+01
4.018083716245132386e+00	4.860792691949004762e+01
4.024365700052603856e+00	4.865319581978381080e+01
4.030643960839860540e+00	4.872885922917868839e+01
4.036928708926215137e+00	4.892194086985741563e+01
4.043218157412017177e+00	4.886927776158108117e+01
4.049503019487663558e+00	4.902104626378643815e+01
4.055781898960511000e+00	4.909643575924489056e+01
4.062060795621602161e+00	4.898122583154056287e+01
4.068347865354716042e+00	4.907302438960317659e+01
4.074631027173265529e+00	4.925831126540624183e+01
4.080910837526078971e+00	4.935036041367128234e+01
4.087201203341442657e+00	4.944771844415580375e+01
4.093486818591942189e+00	4.943048539884832593e+01
4.099764387336505500e+00	4.947404769112402789e+01
4.106049166937662420e+00	4.950843417837471350e+01
4.112334559041358695e+00	4.973463084806941481e+01
4.118618926059533614e+00	4.978935691650533357e+01
4.124898942031112625e+00	4.978291717636533775e+01
4.131175432561665417e+00	4.989812457901420828e+01
4.137461563786142271e+00	4.994350377087273785e+01
4.143746006210170307e+00	5.014492977594830592e+01
4.150029800482964326e+00	5.009051230965626189e+01
4.156313390684649001e+00	5.022901154090747866e+01
4.162596105843763716e+00	5.039345313433680928e+01
4.168881843141768684e+00	5.054157203840383517e+01
4.175162111073220217e+00	5.055593121130403489e+01
4.181448573417560155e+00	5.062888785629074562e+01
4.187738782464171194e+00	5.080319836591804972e+01
4.194017437180169061e+00	5.090871775317241088e+01
4.200293572701767175e+00	5.094707878190703809e+01
4.206580195481546269e+00	5.116549869483122848e+01
4.212860644652220543e+00	5.123861374727017903e+01
4.219138153430114002e+00	5.120347238571582693e+01
4.225426162098283811e+00	5.141444959622195654e+01
4.231713506719782636e+00	5.156389045898760770e+01
4.237990056577191744e+00	5.163644293722425971e+01
4.244267783646744618e+00	5.176095579459148155e+01
4.250560660182562955e+00	5.195542069147498410e+01
4.256847734842668096e+00	5.198432838822769497e+01
4.263127100734456221e+00	5.222833069836924835e+01
4.269406860432507500e+00	5.227628639069995842e+01
4.275691671482192646e+00	5.236992697155240961e+01
4.281972414189518794e+00	5.260550541618748355e+01
4.288253516806755705e+00	5.264836054599997794e+01
4.294540520160492925e+00	5.280017174884241626e+01
4.300825742921731809e+00	5.279206856391269298e+01
4.307109835491901961e+00	5.305708257512223724e+01
4.313390926478413157e+00	5.322499488546276325e+01
4.319667979480563247e+00	5.317701192230332907e+01
4.325952598143786076e+00	5.343434852305813365e+01
4.332241647035422361e+00	5.361441001194235412e+01
4.338524445619096781e+00	5.365342967442316535e+01
4.344809348131129845e+00	5.379416973581998462e+01
4.351090699193166600e+00	5.389651669225190744e+01
4.357369710808320029e+00	5.410228408494488406e+01
4.363659348967174445e+00	5.425693256708004242e+01
4.369947418280990981e+00	5.431607764808717320e+01
4.376226569265827315e+00	5.451182956896099085e+01
4.382499356631129217e+00	5.457777871279500204e+01
4.388784975178015024e+00	5.467188564845432808e+01
4.395068696309480494e+00	5.485269003595899306e+01
4.401347962382031298e+00	5.502814117581528564e+01
4.407628405096517099e+00	5.504666097467892882e+01
4.413915862185140426e+00	5.507058275520322610e+01
4.420203163534264235e+00	5.536921075087360578e+01
4.426480311003382795e+00	5.534557024292068661e+01
4.432765973643649104e+00	5.567422370035016854e+01
4.439053392023870614e+00	5.572050577686339778e+01
4.445336141335588742e+00	5.578199625464307587e+01
4.451617241414883352e+00	5.591335367626881236e+01
4.457901500730311106e+00	5.591040092032635300e+01
4.464189501093017043e+00	5.611237184596200223e+01
4.470470197548729985e+00	5.599668571810492068e+01
4.476748044268524573e+00	5.626257834298105820e+01
4.483035990164653484e+00	5.613430677407961156e+01
4.489323331650528104e+00	5.641554423069239022e+01
4.495599111667934800e+00	5.634641897661524013e+01
4.501870922878794090e+00	5.627119970040569541e+01
4.508155162877705457e+00	5.639057720703799248e+01
4.514446451153479423e+00	5.632802082430099944e+01
4.520723894043856994e+00	5.625140727760445003e+01
4.527003782460155890e+00	5.631541957349271854e+01
4.533293086610313161e+00	5.620898538184814441e+01
4.539578989864040182e+00	5.605584633803448469e+01
4.545857164866476730e+00	5.620074388384183806e+01
4.552138955546025656e+00	5.586889835600806009e+01
4.558432046889146605e+00	5.600739896187760536e+01
4.564713463378488711e+00	5.587047227336573485e+01
4.570987274133244682e+00	5.566866782231041100e+01
4.577274818151045643e+00	5.591538249395537719e+01
4.583563263889338657e+00	5.570354507106365816e+01
4.589844917004465508e+00	5.607155528496016927e+01
4.596126259982004747e+00	5.582724345941392130e+01
4.602409075598298926e+00	5.589144231352318570e+01
4.608696634867644804e+00	5.596946257203905617e+01
4.614977646498861219e+00	5.607522040432113641e+01
4.621258953029527383e+00	5.588332136360743618e+01
4.627547993978874175e+00	5.615331624914215780e+01
4.633830152730579854e+00	5.630232123240475772e+01
4.640104005367354567e+00	5.632559738654023818e+01
4.646382060386754276e+00	5.610801742781694657e+01
4.652674213731970987e+00	5.627771297735702660e+01
4.658958291796220230e+00	5.630955865083643630e+01
4.665233615070169648e+00	5.639230379985388453e+01
4.671520675710307380e+00	5.658367785494431246e+01
4.677814351732177300e+00	5.664768963765219922e+01
4.684093699744638073e+00	5.650780960349322868e+01
4.690368661472568590e+00	5.683754957606255687e+01
4.696663270746453733e+00	5.693669895023908367e+01
4.702945459248681459e+00	5.671411307967464666e+01
4.709209170841929470e+00	5.703958898643067243e+01
4.715491634753063543e+00	5.721766835903471815e+01
4.721784316284933780e+00	5.724168084699331160e+01
4.728063062331094635e+00	5.734266331166993780e+01
4.734337423381671073e+00	5.761095959378989306e+01
4.740627024094544062e+00	5.764502080233309300e+01
4.746914995664547554e+00	5.773195691707278598e+01
4.753194740071086777e+00	5.817068714236933857e+01
4.759478891864783456e+00	5.796523869624265757e+01
4.765762396877359031e+00	5.814410129131544380e+01
4.772049481246195768e+00	5.842163552047004060e+01
4.778335091022592351e+00	5.861279934301138894e+01
4.784610831402393849e+00	5.869363657296029402e+01
4.790907306208476157e+00	5.870407042845179291e+01
4.797204047706418173e+00	5.906308314641661639e+01
4.803470827697504220e+00	5.946672004703634684e+01
4.809748850577324042e+00	5.925028508370556324e+01
4.816045316586602176e+00	5.953685047279729048e+01
4.822329240673497885e+00	5.974345680828461269e+01
4.828596758226470165e+00	5.995102566480534279e+01
4.834890332961369275e+00	5.997921776194213805e+01
4.841191655056394261e+00	6.038633015224620948e+01
4.847460407468000554e+00	6.038464912931338802e+01
4.853732128521334843e+00	6.048298581200997148e+01
4.860029138783373170e+00	6.069618545974686441e+01
4.866314601732018019e+00	6.108462792926637519e+01
4.872587026269203925e+00	6.140014026645609135e+01
4.878874221748241702e+00	6.134740124546517137e+01
4.885171078138658807e+00	6.150860116322989768e+01
4.891450629931857641e+00	6.193576251404687838e+01
4.897716482750221978e+00	6.223338987153457680e+01
4.904002834596266069e+00	6.228208554357265569e+01
4.910295858205786068e+00	6.226338018000430452e+01
4.916575188115905881e+00	6.271619153057483942e+01
4.922847946197084212e+00	6.291429263726134735e+01
4.929131667457151700e+00	6.325767724603940678e+01
4.935434460144239033e+00	6.350071237032278759e+01
4.941718513303545279e+00	6.389024210913593294e+01
4.947978624761803168e+00	6.415178593372861826e+01
4.954274999209829389e+00	6.427571803565479058e+01
4.960571094729937514e+00	6.484844507405752267e+01
4.966823207626954506e+00	6.533004933175816120e+01
4.973097418390337587e+00	6.569816178592600409e+01
4.979415129936382023e+00	6.573511810597432259e+01
4.985702082330368157e+00	6.554265756667500398e+01
4.991949985828016523e+00	6.589887026144347715e+01
4.998241586316924057e+00	6.615345888736862889e+01
5.004556635606089543e+00	6.695560267559852718e+01
5.010828655701208945e+00	6.714498188838450687e+01
5.017077229702536556e+00	6.723927449377197263e+01
5.023374414758113637e+00	6.780653153173015824e+01
5.029688873569548413e+00	6.828123102584258675e+01
5.035958413584124216e+00	6.896618914043921222e+01
5.042232667658486989e+00	6.896556038393833887e+01
5.048528755870775875e+00	6.952618716334846738e+01
5.054821121427484520e+00	6.972570076051383126e+01
5.061069509814582368e+00	7.008154796016687271e+01
5.067347812754101177e+00	7.038617733997871539e+01
5.073675050630431116e+00	7.086242025538277289e+01
5.079945928388977627e+00	7.156461158151255120e+01
5.086192992546071601e+00	7.241671255990461020e+01
5.092484128970163226e+00	7.249075924077094157e+01
5.098802924706086870e+00	7.287785456650921390e+01
5.105078217426394005e+00	7.358312894654437741e+01
5.111325076574067872e+00	7.372659341255310039e+01
5.117628358851224135e+00	7.385099109870992606e+01
5.123935939383525984e+00	7.443936068857010468e+01
5.130199176325612065e+00	7.560519393301549940e+01
5.136469985878846956e+00	7.553358505121998689e+01
5.142797788696348071e+00	7.612512084450958127e+01
5.149090378043822192e+00	7.665377493538429121e+01
5.155289879840074363e+00	7.737211682889663678e+01
5.161564521234301317e+00	7.815588346415505328e+01
5.167916673496016244e+00	7.869720608506774795e+01
5.174205974602950064e+00	7.856634035972592756e+01
5.180434820793812456e+00	7.958422238152600414e+01
5.186729096569634656e+00	8.003709723863178738e+01
5.193058481037780894e+00	7.975916967949686409e+01
5.199319511444338460e+00	8.103058340538345306e+01
5.205574295584361799e+00	8.218105956749049312e+01
5.211894977074066126e+00	8.255056965410926750e+01
5.218201708336958511e+00	8.238062516040180583e+01
5.224411911780083351e+00	8.320648358676633904e+01
5.230677632666463239e+00	8.438210200770471658e+01
5.237056729559757429e+00	8.470728792005701280e+01
5.243336785035660697e+00	8.546434830937107563e+01
5.249493476178225038e+00	8.743202153539604637e+01
5.255787017738318134e+00	8.641589520451969975e+01
5.262205327426889845e+00	8.784941028460923462e+01
5.268477758348532269e+00	8.755330590947536962e+01
5.274632213654732560e+00	9.024507969456645640e+01
5.280950543314659740e+00	9.074267066431222872e+01
5.287327645024750389e+00	9.045751379930385383e+01
5.293582359180156516e+00	9.162590093068654085e+01
5.299789992649893478e+00	9.306949999453441080e+01
5.306111460381987222e+00	9.274715562390724699e+01
5.312452717892129250e+00	9.543546446272027595e+01
5.318650122853046724e+00	9.505303725598092512e+01
5.324923043129819789e+00	9.628631880977617641e+01
5.331330237158205421e+00	9.855122506686474537e+01
5.337586726886338617e+00	9.839200521505198083e+01
5.343685192440848830e+00	1.014763275032633629e+02
5.350070659715249199e+00	9.959664643390507877e+01
5.356556762554878226e+00	1.005286082437055200e+02
5.362691868684501095e+00	1.041774654813341527e+02
5.368769208912516966e+00	1.047574291303991174e+02
5.375270137997677722e+00	1.050375052682004196e+02
5.381769983045385786e+00	1.049881059531601153e+02
5.387701030372958222e+00	1.041548282298584098e+02
5.393786668001271600e+00	1.095446717187587211e+02
5.400446161099396569e+00	1.092935051674695046e+02
5.406957063684501463e+00	1.091742362384200788e+02
5.412655672453426270e+00	1.127737458090923610e+02
5.418821279260546575e+00	1.127568555796275405e+02
5.425690594366304076e+00	1.143275270110389812e+02
5.432217487502165376e+00	1.154242751723487714e+02
5.437649811577258241e+00	1.175631348328891903e+02
5.443914404015878006e+00	1.207759439392678757e+02
5.450953501686320202e+00	1.199463993348640400e+02
5.457483690405861232e+00	1.266445906956616767e+02
5.462715250135157241e+00	1.220500516368170310e+02
5.469033575551323523e+00	1.253812890139405454e+02
5.476177730420278778e+00	1.243873021992763768e+02
5.482708935702562236e+00	1.300402368226356487e+02
5.487722405008360838e+00	1.317509039146038958e+02
5.494194284996126498e+00	1.337770967624574041e+02
5.501391471009256406e+00	1.243967197752434259e+02
5.507128202673079009e+00	1.245957210181033759e+02
5.512278020050448646e+00	1.397309392681935094e+02
5.519395563377015534e+00	1.383336401160669027e+02
5.526598678609708770e+00	1.394857462958856615e+02
5.532162682462509196e+00	1.313090548412025100e+02
5.537397124017139127e+00	1.402060862875233056e+02
5.544582756485218589e+00	1.378758575650812759e+02
5.551739327507637434e+00	1.313705391534631417e+02
5.557493306674907707e+00	1.639650541685022915e+02
5.562281709102816940e+00	1.975785810255798935e+02
5.569272720323164449e+00	2.449097995535727250e+02
