8.899641224696953554e-03	3.293697487067543552e+05
1.507912216506557788e-02	2.442368448610872147e+05
2.144790186456836667e-02	1.254584094492936711e+05
2.783660776489276650e-02	6.525642356109127286e+04
3.435099785803411021e-02	3.410097764643889241e+04
4.047886761425745911e-02	2.803807626880950920e+04
4.676716683575679601e-02	2.311512245257753602e+04
5.308225101765951665e-02	2.402615371696676448e+04
5.945362440940590160e-02	2.300515353618932932e+04
6.576224814588792211e-02	1.863639366831180450e+04
7.196632906698736953e-02	1.375649684473463458e+04
7.827860915688347743e-02	1.036990558734187653e+04
8.470398945834539672e-02	8.343987223403975804e+03
9.096854620527369817e-02	7.112161206386666890e+03
9.720789776830213169e-02	7.107162850859504033e+03
1.034763038959366499e-01	7.297480908248783635e+03
1.097576444254559219e-01	6.552106814507822492e+03
1.160543084780093354e-01	5.781934127817815352e+03
1.223669666537485351e-01	5.034602943592435622e+03
1.286817263090294094e-01	4.404684513125825106e+03
1.349500801664080818e-01	4.001191508901637917e+03
1.411949558842147678e-01	3.693134146289907221e+03
1.475133575747468451e-01	3.635614562238406961e+03
1.537865074252268427e-01	3.449087690756344728e+03
1.600657544051110326e-01	3.277712085621104052e+03
1.663991168687080635e-01	3.132839307534221916e+03
1.727195645776442856e-01	2.753009070287475879e+03
1.789765213377084718e-01	2.709723291680194961e+03
1.852353690647852158e-01	2.489639529906703501e+03
1.914806787341157279e-01	2.388039339841206584e+03
1.977889868651535599e-01	2.265146511590824957e+03
2.040937735447724277e-01	2.134665346945519104e+03
2.103939302609846018e-01	2.036309378728336242e+03
2.166909709822301688e-01	1.947867928316716871e+03
2.229700281216152047e-01	1.851249185214577210e+03
2.292620027086341994e-01	1.761276704327857942e+03
2.355141508366812297e-01	1.707561858046862653e+03
2.417910583817859116e-01	1.690470770613948844e+03
2.480856539439619257e-01	1.617340777320946017e+03
2.543492256872954549e-01	1.547745137660804630e+03
2.606334251884805386e-01	1.489350168874187830e+03
2.669257370896960802e-01	1.447139470637230716e+03
2.732423343141155980e-01	1.378017346938543142e+03
2.795529680084415936e-01	1.354881665510428320e+03
2.858366292314493129e-01	1.305873480485228129e+03
2.920876271394311496e-01	1.275100417825744444e+03
2.983449844439822751e-01	1.220552172423455431e+03
3.046382639407197446e-01	1.180248148501536207e+03
3.109279127003197196e-01	1.159340419918075440e+03
3.172168171618398036e-01	1.121155507830570059e+03
3.235187567944423082e-01	1.091022706857149842e+03
3.298168217550395687e-01	1.053788336204487223e+03
3.361176429457156667e-01	1.040362300971765762e+03
3.423700375709273769e-01	1.012026582769028096e+03
3.486478192666269682e-01	9.896170835712242706e+02
3.549411614411318028e-01	9.636286207773421211e+02
3.611916935421040642e-01	9.402648284897345548e+02
3.674767089563572564e-01	9.120257669419943340e+02
3.737647795277591056e-01	8.993944190162131918e+02
3.800654031475132477e-01	8.860832058312357731e+02
3.863539861259823738e-01	8.689252729121712946e+02
3.926140181364449755e-01	8.400042103584067945e+02
3.989264500321934581e-01	8.218600901164058996e+02
4.052073244576828714e-01	8.081641073847727057e+02
4.114916477570477182e-01	7.960932381514221561e+02
4.177814272116491257e-01	7.788781518559623009e+02
4.240400648725131116e-01	7.650757970927853648e+02
4.303425690270192283e-01	7.529408528788203512e+02
4.366358560255625965e-01	7.456912970675585939e+02
4.428996183220763605e-01	7.268328924335258989e+02
4.491634418529859563e-01	7.129701825267645745e+02
4.554414146254732731e-01	6.969758005345648826e+02
4.617634470301058558e-01	6.868248501360498040e+02
4.680644242023710433e-01	6.875595945233629891e+02
4.743485242764365895e-01	6.663094914484034916e+02
4.806356136815400082e-01	6.540701215672826265e+02
4.869019258388697646e-01	6.409556558942183528e+02
4.931697099599955947e-01	6.348367978959495304e+02
4.994506747144535908e-01	6.214029323152639108e+02
5.057159051335421429e-01	6.130790460179478032e+02
5.119923996268095356e-01	6.101098374858393072e+02
5.183126097768406826e-01	5.994714285463759325e+02
5.246089638029100000e-01	5.868706493641886937e+02
5.308757308483337267e-01	5.827579085735673061e+02
5.371573527946726934e-01	5.686412977783405722e+02
5.434579563783791256e-01	5.647758590232065217e+02
5.497430652392217842e-01	5.577631573017033588e+02
5.559937427501778773e-01	5.536189162822010985e+02
5.622854676609657654e-01	5.464169402326787122e+02
5.686011537227265711e-01	5.350801741442957109e+02
5.748804589422079614e-01	5.264973706127275364e+02
5.811550210340560296e-01	5.298913516946015534e+02
5.874394496660968468e-01	5.228823160565974604e+02
5.937176220296899176e-01	5.140707233790112696e+02
5.999971954793682505e-01	5.078537030543793094e+02
6.062679115124277596e-01	5.058346501740104486e+02
6.125469576444534381e-01	4.950811122753642053e+02
6.188477733041515272e-01	4.898121058643372407e+02
6.251310567437898813e-01	4.836281120737028232e+02
6.314027450383210560e-01	4.838996924207425536e+02
6.377003562732055375e-01	4.744237810151328745e+02
6.439857783314556494e-01	4.667495058790198073e+02
6.502685417166111925e-01	4.659438342905868922e+02
6.565586117699038216e-01	4.560381101062046696e+02
6.628369282359254377e-01	4.543094123170031935e+02
6.691185444962194362e-01	4.484471782417577401e+02
6.754070198575605755e-01	4.428770345707602019e+02
6.816835514593204692e-01	4.368846585986661353e+02
6.879592533861698112e-01	4.373109683646442249e+02
6.942344317039531587e-01	4.330705875433251322e+02
7.005175402434737908e-01	4.241613067594801123e+02
7.068124956608716758e-01	4.219515837057664953e+02
7.131019009674921527e-01	4.177347167467735289e+02
7.193918251171427247e-01	4.144177689861493263e+02
7.256833807598113140e-01	4.123248499176612540e+02
7.319652682709349989e-01	4.073803646767146915e+02
7.382507990484923344e-01	4.042835527898444070e+02
7.445265842115937893e-01	3.998457881324519008e+02
7.507871101942712455e-01	3.943629603932755003e+02
7.570758465316046459e-01	3.915034686063483491e+02
7.633641233600957365e-01	3.889646639859933543e+02
7.696462959862266917e-01	3.824325123151196522e+02
7.759394865175414102e-01	3.783479239629024846e+02
7.822329141989586843e-01	3.766301505377094259e+02
7.885314936520240181e-01	3.762598186030285206e+02
7.947896566979522071e-01	3.710058429319169022e+02
8.010491096592354809e-01	3.671462662796657810e+02
8.073364061727361651e-01	3.628964273458436764e+02
8.136229488373866170e-01	3.599652560032737370e+02
8.199152998961036776e-01	3.564913906652527658e+02
8.261952636392789762e-01	3.540165292754641087e+02
8.324897070080405914e-01	3.511675164493029229e+02
8.387959309210778480e-01	3.474827620935240020e+02
8.450634639703045181e-01	3.450014619755296508e+02
8.513282867562648182e-01	3.415828337330415820e+02
8.576198263902009566e-01	3.397272606421844898e+02
8.639058477062415697e-01	3.377309570657578206e+02
8.701838745487597837e-01	3.319251771405712361e+02
8.764641096075268534e-01	3.324483946998192323e+02
8.827503873399735745e-01	3.278522408681902789e+02
8.890332768393869323e-01	3.250870870296889734e+02
8.953084247113127780e-01	3.218788989392647295e+02
9.015956521667095602e-01	3.198796175085104778e+02
9.078833328094829680e-01	3.147083036364486475e+02
9.141744106319863450e-01	3.137520085363074713e+02
9.204630817717615043e-01	3.116852982693109766e+02
9.267434415264711456e-01	3.100749287123761633e+02
9.330324197354928906e-01	3.057534674844480378e+02
9.393265785573878812e-01	3.034622949982594378e+02
9.455974810398196650e-01	3.013339351917732074e+02
9.518660018545171964e-01	2.989106463576496253e+02
9.581413255531838757e-01	2.969466221275632734e+02
9.644350945109106954e-01	2.943037685169370548e+02
9.707355633568249820e-01	2.921671316743550619e+02
9.770080768450029041e-01	2.908562695603641828e+02
9.832823325363413414e-01	2.888486473680094377e+02
9.895569691966674686e-01	2.853342195898717364e+02
9.958456301921106979e-01	2.843689966797243187e+02
1.002136210743837408e+00	2.819433372886944085e+02
1.008404825335135424e+00	2.795269670017264048e+02
1.014694149836243398e+00	2.776874187025526908e+02
1.020992555437297167e+00	2.753703088606401934e+02
1.027273980437394485e+00	2.745235390055771632e+02
1.033559181896017254e+00	2.715381477407859165e+02
1.039847557392594934e+00	2.691819058230396422e+02
1.046126974943305088e+00	2.674874653423570408e+02
1.052403436811028659e+00	2.642553197424034579e+02
1.058680704651608684e+00	2.630886714918750044e+02
1.064964333065789193e+00	2.611180538058869729e+02
1.071256777440835473e+00	2.595905853950579285e+02
1.077544048801078125e+00	2.572583943145798457e+02
1.083824820188043603e+00	2.547752152760300532e+02
1.090108023942816695e+00	2.533566619082153579e+02
1.096389665956643222e+00	2.517242606489327272e+02
1.102681132058841440e+00	2.495479101014049377e+02
1.108963047594879958e+00	2.486136369751671680e+02
1.115225428463759272e+00	2.465597122053590340e+02
1.121502127614767863e+00	2.452878839020432338e+02
1.127792573824792033e+00	2.436756460276355085e+02
1.134089552668382961e+00	2.419997579582432934e+02
1.140364049650405942e+00	2.403733909440248340e+02
1.146639180320979445e+00	2.385973223494906108e+02
1.152942412991649901e+00	2.367949026318068775e+02
1.159228906751078814e+00	2.363016780826058323e+02
1.165508721887268173e+00	2.334734759369915764e+02
1.171793076256210320e+00	2.319966336945525143e+02
1.178087436369658958e+00	2.307615304798457316e+02
1.184367654251526902e+00	2.293995182252148481e+02
1.190634642299266632e+00	2.269611258648298815e+02
1.196912208834400859e+00	2.260821368640347373e+02
1.203201577354146234e+00	2.237873717149761887e+02
1.209486844441705733e+00	2.232865291343844092e+02
1.215763902074809888e+00	2.212819391090665135e+02
1.222049755171146668e+00	2.199204199558882351e+02
1.228340616621486969e+00	2.182392962500848625e+02
1.234632986576932767e+00	2.172292006323909277e+02
1.240902247176856488e+00	2.160810800014964173e+02
1.247174839144687519e+00	2.146890318789986907e+02
1.253465459933442272e+00	2.126509613853012866e+02
1.259749951892178421e+00	2.112629590493725402e+02
1.266032143127253873e+00	2.104020468608372880e+02
1.272316288472006507e+00	2.085911514688985164e+02
1.278604155058621350e+00	2.067472580391569750e+02
1.284886588933593865e+00	2.055163796753085137e+02
1.291175420066583257e+00	2.050218755339150221e+02
1.297465726373772332e+00	2.041919087579064467e+02
1.303741827011944299e+00	2.016088361585772475e+02
1.310017322922761851e+00	2.005598554742258557e+02
1.316301447662886703e+00	1.996975458408019790e+02
1.322586760363303249e+00	1.987716364242196221e+02
1.328865492452874664e+00	1.969953380983012892e+02
1.335144804954555564e+00	1.954497072051430280e+02
1.341440516272275119e+00	1.947468422404835451e+02
1.347730868417094552e+00	1.938066290371180003e+02
1.354001589994877630e+00	1.921245369462626797e+02
1.360282609297778444e+00	1.912940357230804693e+02
1.366565686457597906e+00	1.899190542719502446e+02
1.372851498482432708e+00	1.890815732652611132e+02
1.379135372929401804e+00	1.874773047475153760e+02
1.385409567149057164e+00	1.867542287112279382e+02
1.391698641219299315e+00	1.855979017096401265e+02
1.397984451439470810e+00	1.842050882817687807e+02
1.404267883409181961e+00	1.835803832909892890e+02
1.410554779484869181e+00	1.821995983111315809e+02
1.416837833547465397e+00	1.813057409501589632e+02
1.423118177187137068e+00	1.799224063164117240e+02
1.429397801164240089e+00	1.792890348086151846e+02
1.435686921822787232e+00	1.775482803723226368e+02
1.441977121769299597e+00	1.764666700237924886e+02
1.448253667853332427e+00	1.765334591206553512e+02
1.454532348972172651e+00	1.750241311545196652e+02
1.460819319151879903e+00	1.736432761473096207e+02
1.467110364402026468e+00	1.727353084867392283e+02
1.473392908948962132e+00	1.720202617735545800e+02
1.479669965243598950e+00	1.704755715938374863e+02
1.485956144602843532e+00	1.694881296222569347e+02
1.492233610763115115e+00	1.686840172558702022e+02
1.498502470379980078e+00	1.680676233564822439e+02
1.504785752051182701e+00	1.676007308065270252e+02
1.511075991894575976e+00	1.657279580500164684e+02
1.517361634985162189e+00	1.646846294214006434e+02
1.523648570969130533e+00	1.639875611809764280e+02
1.529938035715892264e+00	1.636733418789872303e+02
1.536230176913891965e+00	1.620364287173775892e+02
1.542510718779388279e+00	1.614962877831601418e+02
1.548783963082980275e+00	1.601251578994005342e+02
1.555073069779651318e+00	1.595389797215422902e+02
1.561357324927233892e+00	1.584901492853983314e+02
1.567629121053141006e+00	1.573891925039200430e+02
1.573913697404382583e+00	1.569791064000717142e+02
1.580203545230874029e+00	1.561094084124792971e+02
1.586485393434537983e+00	1.553466302891185364e+02
1.592760014263005841e+00	1.543998949705838584e+02
1.599046436394670812e+00	1.533090531637376728e+02
1.605342136637478934e+00	1.529916936757491044e+02
1.611619860919608627e+00	1.512173110693096874e+02
1.617897597081673799e+00	1.508923814665438101e+02
1.624183235481122756e+00	1.499547851416243986e+02
1.630464598531913722e+00	1.492523399059340079e+02
1.636748985747638274e+00	1.487521451525010718e+02
1.643030923698886259e+00	1.474914047200182949e+02
1.649309176648513064e+00	1.467654603376181797e+02
1.655593633940351861e+00	1.459756154950785287e+02
1.661879571405086464e+00	1.452656417027410214e+02
1.668169361685170271e+00	1.449211423007907626e+02
1.674450151530487485e+00	1.437548428650402172e+02
1.680722718978495900e+00	1.431267412301842228e+02
1.687013891340952476e+00	1.426295775338785461e+02
1.693308984907921033e+00	1.416548360013237584e+02
1.699582147428448486e+00	1.410516776038888906e+02
1.705863747055134105e+00	1.403014659733606493e+02
1.712154434283889470e+00	1.397576110201498807e+02
1.718438381579399321e+00	1.389141339507303314e+02
1.724721264464063930e+00	1.382232285922865458e+02
1.730997441276920679e+00	1.373694830904049411e+02
1.737287073528269499e+00	1.362678855085757164e+02
1.743567991878527401e+00	1.359764484720432165e+02
1.749840680212231048e+00	1.356129697048111780e+02
1.756128549091961144e+00	1.344832975676686715e+02
1.762413535324792502e+00	1.341784684647504946e+02
1.768696187669963837e+00	1.332510004589822756e+02
1.774979359379055266e+00	1.327231401558969708e+02
1.781265555576432957e+00	1.322368414399427081e+02
1.787549427830244619e+00	1.313646220346567759e+02
1.793834120011633004e+00	1.309211625097180445e+02
1.800115051552487300e+00	1.301178757100956602e+02
1.806393904854530330e+00	1.297673385461781095e+02
1.812674089667083432e+00	1.287949866729902624e+02
1.818956920109354058e+00	1.274251753454225167e+02
1.825244164118212220e+00	1.275007027665043040e+02
1.831527256642196955e+00	1.268306661009571741e+02
1.837811294935716599e+00	1.261271339487077228e+02
1.844100717411196744e+00	1.254436794174097827e+02
1.850384816792487230e+00	1.249555775993692208e+02
1.856666059735203822e+00	1.243168233931773017e+02
1.862947728675613979e+00	1.237228551174331841e+02
1.869229324466858078e+00	1.234127459715476363e+02
1.875517616802973686e+00	1.226747800584130346e+02
1.881800769033795229e+00	1.222409751023832030e+02
1.888078863416442710e+00	1.214251410443886812e+02
1.894353975182237582e+00	1.209227212217733722e+02
1.900642716154182565e+00	1.203010012934273476e+02
1.906933494748685121e+00	1.196565369696899239e+02
1.913207568676573933e+00	1.189359616209216028e+02
1.919490884732178992e+00	1.187752925564788455e+02
1.925776855684274480e+00	1.179113719233818927e+02
1.932064452961978152e+00	1.175661832461498193e+02
1.938342610030488800e+00	1.170781521903352598e+02
1.944618341543410178e+00	1.166711539151080927e+02
1.950906260203513876e+00	1.160173006912238662e+02
1.957194556613796488e+00	1.156619076507116120e+02
1.963479614559011432e+00	1.147483969583406633e+02
1.969760361532916226e+00	1.143966221533413403e+02
1.976048367034604736e+00	1.140005279662148467e+02
1.982337990217652335e+00	1.134456963850335853e+02
1.988617489259562721e+00	1.132164463128946750e+02
1.994896320665194178e+00	1.123662345401392884e+02
2.001179596222827151e+00	1.119104499820518157e+02
2.007459756923499761e+00	1.114835277430729690e+02
2.013737397779169935e+00	1.107672362789213167e+02
2.020017234677497164e+00	1.106282976984897743e+02
2.026310251015072783e+00	1.100185333239370493e+02
2.032600542948020284e+00	1.092773416483737208e+02
2.038873863192099289e+00	1.089335503856815137e+02
2.045154087821675404e+00	1.085229751218941203e+02
2.051444704514288730e+00	1.079108845127566951e+02
2.057730430280644729e+00	1.073627775832513862e+02
2.064013940455224461e+00	1.069740595155206364e+02
2.070299891179459895e+00	1.063436276618330538e+02
2.076589719964883951e+00	1.059938675725382495e+02
2.082865483794470673e+00	1.056060093334694301e+02
2.089134494859368640e+00	1.052028458412253116e+02
2.095424211360070288e+00	1.047344085067610564e+02
2.101707116664804254e+00	1.042403696824703161e+02
2.107986473933564309e+00	1.038341966159701002e+02
2.114271806543862375e+00	1.034594513356099554e+02
2.120552717288892275e+00	1.027202073311309078e+02
2.126836933207161717e+00	1.028354334960504417e+02
2.133122044791171845e+00	1.023041809242196507e+02
2.139411711910842673e+00	1.017675856421303706e+02
2.145697076775292089e+00	1.013011951368736163e+02
2.151973548606471276e+00	1.005998114607381240e+02
2.158259913555724108e+00	1.003946932767213127e+02
2.164545396699105506e+00	9.980639084862460209e+01
2.170830700377734068e+00	9.944702455085152337e+01
2.177114138849150393e+00	9.910925717587754491e+01
2.183387647576827018e+00	9.867993254307512530e+01
2.189670273687676971e+00	9.838599458549079202e+01
2.195960147934207463e+00	9.788396782858237088e+01
2.202242556317716371e+00	9.737867923354178856e+01
2.208521655981037668e+00	9.698768121441457879e+01
2.214804637081333016e+00	9.664943826542709360e+01
2.221092583349425276e+00	9.637475598844642377e+01
2.227372893591468728e+00	9.605594355040099686e+01
2.233657161144248171e+00	9.555019004565326668e+01
2.239943485394438660e+00	9.505796383590507048e+01
2.246224175264620815e+00	9.467108830957118926e+01
2.252506378421252009e+00	9.458012810398098225e+01
2.258783417054270437e+00	9.405678619867975954e+01
2.265069077371457684e+00	9.378028406060940370e+01
2.271350377044131452e+00	9.331386962607906810e+01
2.277633995145353918e+00	9.301714442521759452e+01
2.283922419579920149e+00	9.253345881655955907e+01
2.290202874392252674e+00	9.235575131199179566e+01
2.296490779970905560e+00	9.200900449982151486e+01
2.302771769934229162e+00	9.168385201957345032e+01
2.309051364164305564e+00	9.113742365801546441e+01
2.315338502539088239e+00	9.090023668643172527e+01
2.321627336503874428e+00	9.068316195454394801e+01
2.327911878297218795e+00	9.023935936778590872e+01
2.334186238580297168e+00	8.978625800933089351e+01
2.340467971862688401e+00	8.931301529328523259e+01
2.346756940970738725e+00	8.927609735781707911e+01
2.353044444556199988e+00	8.872983501342076806e+01
2.359327653314069906e+00	8.847086674982305965e+01
2.365603048789861607e+00	8.820092874710965702e+01
2.371885911737665165e+00	8.780056947047670235e+01
2.378173303594019572e+00	8.749971511771273924e+01
2.384454016539381271e+00	8.720412539923435702e+01
2.390736447344785187e+00	8.667162502297891535e+01
2.397014133897952259e+00	8.658470188842967730e+01
2.403295490074321972e+00	8.612227803841884111e+01
2.409585049672506862e+00	8.594999591582391929e+01
2.415871703165322071e+00	8.555000067305952882e+01
2.422160652369088840e+00	8.523121391529792845e+01
2.428440167222748691e+00	8.499255191459469927e+01
2.434717472383889803e+00	8.458086315182714543e+01
2.441002456202044257e+00	8.440458543971614347e+01
2.447289980304530488e+00	8.409195549111746004e+01
2.453571844729242279e+00	8.398558865960757203e+01
2.459852705114058846e+00	8.361590234249615605e+01
2.466139233225018934e+00	8.321541754963840276e+01
2.472421963421291391e+00	8.293058157348673376e+01
2.478698519174224568e+00	8.280496606700179996e+01
2.484980841400355800e+00	8.242847371183232497e+01
2.491269319409339822e+00	8.210219838361551581e+01
2.497548505139029373e+00	8.198097739778836512e+01
2.503831667172610853e+00	8.172719766934554286e+01
2.510117938323931153e+00	8.140304705008900044e+01
2.516400733681277480e+00	8.096041625490919103e+01
2.522688226833368130e+00	8.098317863072374223e+01
2.528971695852665569e+00	8.057933430317910961e+01
2.535252039407670299e+00	8.029169626251153602e+01
2.541537514142774512e+00	8.002494167752600163e+01
2.547823008847572179e+00	7.974494310108495654e+01
2.554100666580690238e+00	7.955446802877210644e+01
2.560376788884177301e+00	7.919303884892964618e+01
2.566667521601497359e+00	7.894086331322685623e+01
2.572955062237090473e+00	7.875460670878869962e+01
2.579233771797999175e+00	7.856032397202575623e+01
2.585520164300948220e+00	7.828197699006429389e+01
2.591805130332431872e+00	7.807397246913723166e+01
2.598084074692260881e+00	7.770722616216046674e+01
2.604360404197643586e+00	7.755960767852134552e+01
2.610647185140439142e+00	7.729328130602233671e+01
2.616931864059273138e+00	7.703312284853916481e+01
2.623206107911065565e+00	7.666202496481176354e+01
2.629491626543270844e+00	7.664876512478173254e+01
2.635778507982642349e+00	7.653380739722513226e+01
2.642061039325260818e+00	7.624137800812410148e+01
2.648343840729305843e+00	7.594688303208801017e+01
2.654631838974855551e+00	7.568641553778101638e+01
2.660919001246303761e+00	7.551379160018774428e+01
2.667198525130066056e+00	7.529631297950271573e+01
2.673484307038032526e+00	7.521415678948693539e+01
2.679773388053849459e+00	7.501492174578142169e+01
2.686058217632288692e+00	7.468265433332332748e+01
2.692338738200057868e+00	7.450962942117723742e+01
2.698618022887226964e+00	7.435096998428655013e+01
2.704895450708277860e+00	7.404141770671446920e+01
2.711175674923682166e+00	7.406124228627412265e+01
2.717459832966957922e+00	7.380345433281065937e+01
2.723745731959044569e+00	7.372789383972686039e+01
2.730038414850594730e+00	7.347652958744306773e+01
2.736317989800789441e+00	7.319379761734286660e+01
2.742591858549239703e+00	7.303777156913778867e+01
2.748879749010778362e+00	7.293076636229218934e+01
2.755163403825859447e+00	7.264365542299293566e+01
2.761446955625852073e+00	7.261361912472189317e+01
2.767732088935374701e+00	7.241266204455365596e+01
2.774015452421743966e+00	7.202193725808390923e+01
2.780298635700591436e+00	7.203472305001987763e+01
2.786577474762241380e+00	7.172169784971723061e+01
2.792857983210164541e+00	7.170016818185924024e+01
2.799143790920211483e+00	7.140594348010785097e+01
2.805430058399325244e+00	7.124045850826196613e+01
2.811715058209780072e+00	7.125241787538789140e+01
2.817989272498773623e+00	7.095480167516168990e+01
2.824269171595737760e+00	7.080484436420636030e+01
2.830563016441804081e+00	7.082437528425184325e+01
2.836848750951622034e+00	7.056572096965190610e+01
2.843130027866129783e+00	7.052772006970948837e+01
2.849413896912404986e+00	7.040788851380176538e+01
2.855697464522425566e+00	7.022285865826987106e+01
2.861978799810683594e+00	7.004853193258763611e+01
2.868262469415629567e+00	6.999595247547539145e+01
2.874547359206753860e+00	6.981950763214204869e+01
2.880831111471525041e+00	6.965463944103389338e+01
2.887113216972382546e+00	6.959457078922264373e+01
2.893394504725182781e+00	6.939651428374898501e+01
2.899673662137033592e+00	6.938047359903193012e+01
2.905953958587380814e+00	6.929658612136884699e+01
2.912241118105161064e+00	6.907919214218063075e+01
2.918525996366671205e+00	6.897957503255963729e+01
2.924809035425688819e+00	6.887633815327396292e+01
2.931095916293684933e+00	6.882588979215570646e+01
2.937378182606774413e+00	6.869412811320064804e+01
2.943659980254369923e+00	6.863709718750381228e+01
2.949946454403890250e+00	6.867190993318077119e+01
2.956227653702202307e+00	6.840367337372340728e+01
2.962510478867462993e+00	6.841062002239091555e+01
2.968796535179442309e+00	6.833319350915067503e+01
2.975077657376874907e+00	6.819900362456081666e+01
2.981359866759223376e+00	6.802916782680878782e+01
2.987646761575656562e+00	6.807377228932497815e+01
2.993929038370399365e+00	6.798930425341990258e+01
3.000206214840962726e+00	6.788144352217571509e+01
3.006486172402415669e+00	6.780998172711126415e+01
3.012769812211594456e+00	6.782890755894717927e+01
3.019053144326170113e+00	6.779349099919315336e+01
3.025337405144251424e+00	6.764388932556452971e+01
3.031623734799107961e+00	6.762313294170658651e+01
3.037908962055872575e+00	6.766189026002355433e+01
3.044195067146031608e+00	6.766552072731556677e+01
3.050475543482170426e+00	6.758096613487926163e+01
3.056754954538277502e+00	6.764052103619972911e+01
3.063040539557494668e+00	6.759136382992394942e+01
3.069323699454357346e+00	6.747791742188985609e+01
3.075610692642898769e+00	6.743131662104903512e+01
3.081893798009918584e+00	6.746247222175078662e+01
3.088174549548037717e+00	6.742571968036963881e+01
3.094458635632868493e+00	6.749083851889420771e+01
3.100743982931558840e+00	6.735543533974120578e+01
3.107028111748448396e+00	6.740304895684019471e+01
3.113309299655494300e+00	6.728236860349521464e+01
3.119590662867241626e+00	6.726089747180799350e+01
3.125874006820172912e+00	6.732810903073308850e+01
3.132159251154602586e+00	6.747555370004549502e+01
3.138439172765940643e+00	6.750737827513071920e+01
3.144723867719826593e+00	6.741461724657764876e+01
3.151003951258561031e+00	6.751095413549236923e+01
3.157283664131563139e+00	6.755454546518861036e+01
3.163569317183839935e+00	6.767523541334861648e+01
3.169851661717792091e+00	6.761659951296165616e+01
3.176137704316093657e+00	6.774870175799618721e+01
3.182420924828643916e+00	6.774748709144996894e+01
3.188702811875577581e+00	6.777243948575333832e+01
3.194990520008989865e+00	6.783075356823603386e+01
3.201275324656983834e+00	6.793505710007688947e+01
3.207551352179861759e+00	6.790872624111383971e+01
3.213835216737041645e+00	6.803818175076376917e+01
3.220122579819103770e+00	6.803934760357959988e+01
3.226406606618656525e+00	6.789555058911179231e+01
3.232687390085645429e+00	6.765414513501934834e+01
3.238969121280456331e+00	6.766269324540793662e+01
3.245254751548589667e+00	6.723725204885309381e+01
3.251534499036136783e+00	6.717239916215315532e+01
3.257817780791052442e+00	6.687120886633985606e+01
3.264102164154097263e+00	6.677396042246128616e+01
3.270384152138468892e+00	6.661138181194390029e+01
3.276669427476867735e+00	6.650380947478578264e+01
3.282954688864507808e+00	6.618950289428120470e+01
3.289237200334947264e+00	6.615965257183205495e+01
3.295519587088236779e+00	6.599392719345529201e+01
3.301805977329951958e+00	6.595571984211814254e+01
3.308087486222440088e+00	6.568349585192459017e+01
3.314367630234227313e+00	6.549583744389173035e+01
3.320651909732194262e+00	6.545601727155035121e+01
3.326931260376857047e+00	6.525187631404176614e+01
3.333216512447217728e+00	6.515748342721137476e+01
3.339504489419978128e+00	6.506253355333251420e+01
3.345786804809928405e+00	6.493522842682115481e+01
3.352071130016277767e+00	6.472144573000089451e+01
3.358351496304225581e+00	6.461520615735096840e+01
3.364630591073392019e+00	6.448134271137405449e+01
3.370916305215045483e+00	6.431881470023093073e+01
3.377197952029413752e+00	6.430323393104667673e+01
3.383483063818085501e+00	6.402273851359076673e+01
3.389769992424469969e+00	6.396279506585420194e+01
3.396051330885982100e+00	6.382841880180025385e+01
3.402330879139463971e+00	6.365427912414536138e+01
3.408610488352048495e+00	6.363748543739843200e+01
3.414897837696641236e+00	6.349445822261886008e+01
3.421180484052105619e+00	6.345920675413363199e+01
3.427461639653846870e+00	6.325478827977607210e+01
3.433749159643459059e+00	6.316525435398244781e+01
3.440032646656798310e+00	6.315068856618565007e+01
3.446313366033385339e+00	6.292993282178139935e+01
3.452600135384134905e+00	6.276521310073601256e+01
3.458883152815406703e+00	6.275820059752641811e+01
3.465163834403715448e+00	6.277156753239249554e+01
3.471449329786229221e+00	6.261066341585738826e+01
3.477734476754053894e+00	6.247624167305716725e+01
3.484019652467224226e+00	6.236305837660803775e+01
3.490297019369712928e+00	6.231701954568217161e+01
3.496582486484379970e+00	6.226527869384694469e+01
3.502868048046865024e+00	6.210465327830850413e+01
3.509144649545451244e+00	6.196787417982797308e+01
3.515428082003116295e+00	6.202237944441720430e+01
3.521711031624695565e+00	6.193654381335873182e+01
3.527991850954735664e+00	6.173776277106136234e+01
3.534275545726699885e+00	6.169808251410833577e+01
3.540562632020772149e+00	6.165806208920402298e+01
3.546844410757220789e+00	6.152006264712766637e+01
3.553131386753758836e+00	6.138898705512679754e+01
3.559419203211965144e+00	6.129907232767413205e+01
3.565697971577579839e+00	6.129916238291144026e+01
3.571979559134798254e+00	6.127548756289097298e+01
3.578265774595833726e+00	6.113589256242506309e+01
3.584548309769353125e+00	6.103535855593018766e+01
3.590826843920031486e+00	6.092860291827027197e+01
3.597107306745233934e+00	6.091504341874622952e+01
3.603392831792229245e+00	6.101723812643797373e+01
3.609673209822572559e+00	6.080754825535466779e+01
3.615955412133016189e+00	6.087889134105362388e+01
3.622241607772384686e+00	6.074972583728145992e+01
3.628520252736676444e+00	6.060300020969248891e+01
3.634804827569451113e+00	6.054548691577417685e+01
3.641094981788862928e+00	6.050280003343213764e+01
3.647383514928639325e+00	6.045547387269668604e+01
3.653663283927725658e+00	6.031962126635111332e+01
3.659943504072155296e+00	6.051872460049551705e+01
3.666232000281138603e+00	6.027570296469109934e+01
3.672514211678317597e+00	6.019009336978418645e+01
3.678794154686042539e+00	6.013053861768383968e+01
3.685078621861909820e+00	6.019564490920352284e+01
3.691359210097977961e+00	6.020655208000182057e+01
3.697642368173791105e+00	6.008966922332164984e+01
3.703925796735277665e+00	6.018850814489087497e+01
3.710208240364660348e+00	5.985704626541046736e+01
3.716494593122387169e+00	5.997742700587935616e+01
3.722775386659595398e+00	5.994430677858319001e+01
3.729058392883481510e+00	5.984702471679353408e+01
3.735339748210807720e+00	5.986084138780977781e+01
3.741620776392969638e+00	5.980476417779814824e+01
3.747904795418762980e+00	5.978825437464126935e+01
3.754190633281219380e+00	5.980109361321839856e+01
3.760478208018912749e+00	5.980355384406817620e+01
3.766755538573464346e+00	5.968627054530367104e+01
3.773032090135151506e+00	5.976655437534673609e+01
3.779322553012896879e+00	5.964330370389514968e+01
3.785609109731308930e+00	5.964273899495812259e+01
3.791889825936295200e+00	5.968278362952663940e+01
3.798174822702435893e+00	5.958825427782433337e+01
3.804458658753491651e+00	5.961599001334214165e+01
3.810738438095723435e+00	5.966697315301889404e+01
3.817018850285747167e+00	5.956735950702137927e+01
3.823305314209427763e+00	5.948093189419691385e+01
3.829591295197792178e+00	5.956475803296790872e+01
3.835872296070849341e+00	5.954311264161474782e+01
3.842156279590906109e+00	5.964798616443093948e+01
3.848441511099312429e+00	5.955926296228971495e+01
3.854723334376886079e+00	5.947620203430820851e+01
3.861004740704794713e+00	5.965067625760939762e+01
3.867284336650660848e+00	5.954414967585632468e+01
3.873567367678779849e+00	5.955245901366929218e+01
3.879850662830422792e+00	5.961481182290054193e+01
3.886137063198143338e+00	5.958101150015037462e+01
3.892419463049126005e+00	5.962855473134613504e+01
3.898703740328622658e+00	5.966743777995289832e+01
3.904991458788179326e+00	5.958771513273983800e+01
3.911270842222104083e+00	5.960488685612505577e+01
3.917549806479573071e+00	5.967012051341318113e+01
3.923836006203090587e+00	5.956620801352510597e+01
3.930121452497870926e+00	5.968058732837305058e+01
3.936398172858230460e+00	5.977521037426976136e+01
3.942683040425962293e+00	5.963587595922474094e+01
3.948974759704379611e+00	5.966482266930526634e+01
3.955259227995065352e+00	5.967072206512820998e+01
3.961537174921395454e+00	5.961197577919659807e+01
3.967820217617139544e+00	5.975375137519728241e+01
3.974105559832568968e+00	5.985050507802525033e+01
3.980384727931198352e+00	5.986028145330211458e+01
3.986664590839849698e+00	5.983447920315216351e+01
3.992949619150675034e+00	5.994759658535956959e+01
3.999235075769965952e+00	5.999701257442113445e+01
4.005515715515433506e+00	6.007505142090426631e+01
4.011798434346478537e+00	6.012062388090490117e+01
4.018083716245132386e+00	6.002366132262560683e+01
4.024365700052603856e+00	6.012520080020546231e+01
4.030643960839860540e+00	6.020974429090019697e+01
4.036928708926215137e+00	6.040372784407021811e+01
4.043218157412017177e+00	6.030787152203479451e+01
4.049503019487663558e+00	6.031621025556786719e+01
4.055781898960511000e+00	6.038285166176947172e+01
4.062060795621602161e+00	6.039313495737268767e+01
4.068347865354716042e+00	6.052826981468799517e+01
4.074631027173265529e+00	6.059037226589895653e+01
4.080910837526078971e+00	6.057903366889735253e+01
4.087201203341442657e+00	6.076745084194834590e+01
4.093486818591942189e+00	6.077764766514922457e+01
4.099764387336505500e+00	6.100081163603008605e+01
4.106049166937662420e+00	6.093602816825972468e+01
4.112334559041358695e+00	6.101271879779184104e+01
4.118618926059533614e+00	6.116494807313989668e+01
4.124898942031112625e+00	6.121150637623984636e+01
4.131175432561665417e+00	6.131158627186147925e+01
4.137461563786142271e+00	6.128338218345647448e+01
4.143746006210170307e+00	6.151968734813463158e+01
4.150029800482964326e+00	6.150684695920101319e+01
4.156313390684649001e+00	6.173248292247559021e+01
4.162596105843763716e+00	6.170334134810596538e+01
4.168881843141768684e+00	6.183546297385980495e+01
4.175162111073220217e+00	6.186440982097899877e+01
4.181448573417560155e+00	6.209539845623498877e+01
4.187738782464171194e+00	6.207266449074971604e+01
4.194017437180169061e+00	6.216766215767383130e+01
4.200293572701767175e+00	6.233737874767349751e+01
4.206580195481546269e+00	6.240637816805371330e+01
4.212860644652220543e+00	6.263479860865564319e+01
4.219138153430114002e+00	6.267994190100205998e+01
4.225426162098283811e+00	6.280127460133855521e+01
4.231713506719782636e+00	6.308616793663156130e+01
4.237990056577191744e+00	6.315916788567423623e+01
4.244267783646744618e+00	6.320488666320210314e+01
4.250560660182562955e+00	6.337825028586460263e+01
4.256847734842668096e+00	6.351308117472388659e+01
4.263127100734456221e+00	6.369251767188283253e+01
4.269406860432507500e+00	6.378071257255675874e+01
4.275691671482192646e+00	6.373116350451161338e+01
4.281972414189518794e+00	6.398437892435715924e+01
4.288253516806755705e+00	6.416205122238950764e+01
4.294540520160492925e+00	6.450291228100880403e+01
4.300825742921731809e+00	6.445893891704588441e+01
4.307109835491901961e+00	6.471475674242265086e+01
4.313390926478413157e+00	6.473812361385238034e+01
4.319667979480563247e+00	6.494070846876265080e+01
4.325952598143786076e+00	6.504809473787302920e+01
4.332241647035422361e+00	6.527195875233771005e+01
4.338524445619096781e+00	6.543707546170227829e+01
4.344809348131129845e+00	6.552955504893724026e+01
4.351090699193166600e+00	6.562630780086203686e+01
4.357369710808320029e+00	6.591435548020503177e+01
4.363659348967174445e+00	6.576563875865930697e+01
4.369947418280990981e+00	6.616945116696908258e+01
4.376226569265827315e+00	6.628321103114015500e+01
4.382499356631129217e+00	6.632863061196908916e+01
4.388784975178015024e+00	6.651738174416377092e+01
4.395068696309480494e+00	6.652715714397515967e+01
4.401347962382031298e+00	6.672285566991791939e+01
4.407628405096517099e+00	6.674472026001967606e+01
4.413915862185140426e+00	6.716039994470216357e+01
4.420203163534264235e+00	6.726972884233006766e+01
4.426480311003382795e+00	6.708291248971765697e+01
4.432765973643649104e+00	6.767389605797905006e+01
4.439053392023870614e+00	6.746388247026141016e+01
4.445336141335588742e+00	6.768419334092789086e+01
4.451617241414883352e+00	6.778907211651147691e+01
4.457901500730311106e+00	6.781771457070679787e+01
4.464189501093017043e+00	6.804270818475549731e+01
4.470470197548729985e+00	6.783168743645906318e+01
4.476748044268524573e+00	6.812034171791968618e+01
4.483035990164653484e+00	6.805151973473776650e+01
4.489323331650528104e+00	6.827248167096138332e+01
4.495599111667934800e+00	6.809637415109413894e+01
4.501870922878794090e+00	6.795645217798987403e+01
4.508155162877705457e+00	6.829844828631520670e+01
4.514446451153479423e+00	6.800525196618391988e+01
4.520723894043856994e+00	6.823196222640915209e+01
4.527003782460155890e+00	6.795601263059951691e+01
4.533293086610313161e+00	6.784864403159625112e+01
4.539578989864040182e+00	6.789007587965720347e+01
4.545857164866476730e+00	6.748969950664154283e+01
4.552138955546025656e+00	6.747235841150998681e+01
4.558432046889146605e+00	6.725960843736943673e+01
4.564713463378488711e+00	6.742564770841175914e+01
4.570987274133244682e+00	6.726453639045116972e+01
4.577274818151045643e+00	6.731940907657016737e+01
4.583563263889338657e+00	6.712283297211754984e+01
4.589844917004465508e+00	6.717144033414335524e+01
4.596126259982004747e+00	6.718211917062096461e+01
4.602409075598298926e+00	6.712225183820764585e+01
4.608696634867644804e+00	6.750667895404777141e+01
4.614977646498861219e+00	6.728182210818987130e+01
4.621258953029527383e+00	6.722032153184038350e+01
4.627547993978874175e+00	6.735516658086109487e+01
4.633830152730579854e+00	6.762750507569673175e+01
4.640104005367354567e+00	6.779862926916142385e+01
4.646382060386754276e+00	6.757763769771862883e+01
4.652674213731970987e+00	6.754128730029664496e+01
4.658958291796220230e+00	6.781525982480103210e+01
4.665233615070169648e+00	6.784556386007223239e+01
4.671520675710307380e+00	6.803559544483907473e+01
4.677814351732177300e+00	6.828015716466616425e+01
4.684093699744638073e+00	6.822744562799394430e+01
4.690368661472568590e+00	6.834341932307451373e+01
4.696663270746453733e+00	6.829798877668871171e+01
4.702945459248681459e+00	6.827714441895993502e+01
4.709209170841929470e+00	6.868658614051689426e+01
4.715491634753063543e+00	6.860385385010050641e+01
4.721784316284933780e+00	6.878275422300237096e+01
4.728063062331094635e+00	6.881851006673197446e+01
4.734337423381671073e+00	6.891758556548786885e+01
4.740627024094544062e+00	6.892106926554799884e+01
4.746914995664547554e+00	6.946634408222222135e+01
4.753194740071086777e+00	6.954443360454034462e+01
4.759478891864783456e+00	6.983897409626011665e+01
4.765762396877359031e+00	6.978345734065567285e+01
4.772049481246195768e+00	6.991522987373312503e+01
4.778335091022592351e+00	6.996130727675088679e+01
4.784610831402393849e+00	7.037274578807999603e+01
4.790907306208476157e+00	7.064841893178004284e+01
4.797204047706418173e+00	7.078891337706581055e+01
4.803470827697504220e+00	7.090129237663259687e+01
4.809748850577324042e+00	7.103281005029336370e+01
4.816045316586602176e+00	7.151682244816491618e+01
4.822329240673497885e+00	7.138464618829605968e+01
4.828596758226470165e+00	7.153294669980557785e+01
4.834890332961369275e+00	7.172882490085703466e+01
4.841191655056394261e+00	7.202787339515457177e+01
4.847460407468000554e+00	7.230534880953473476e+01
4.853732128521334843e+00	7.220792189129025473e+01
4.860029138783373170e+00	7.244744171252209242e+01
4.866314601732018019e+00	7.260900301952872837e+01
4.872587026269203925e+00	7.343504333424273511e+01
4.878874221748241702e+00	7.350901761144730528e+01
4.885171078138658807e+00	7.331701199895381649e+01
4.891450629931857641e+00	7.350778154743545656e+01
4.897716482750221978e+00	7.405775991558857640e+01
4.904002834596266069e+00	7.387180441478321313e+01
4.910295858205786068e+00	7.441613222310020603e+01
4.916575188115905881e+00	7.478068277552655729e+01
4.922847946197084212e+00	7.486074895161505083e+01
4.929131667457151700e+00	7.543513449618178868e+01
4.935434460144239033e+00	7.575779078505748032e+01
4.941718513303545279e+00	7.604911746485558410e+01
4.947978624761803168e+00	7.649902502158502671e+01
4.954274999209829389e+00	7.622818725113997118e+01
4.960571094729937514e+00	7.725320648596979822e+01
4.966823207626954506e+00	7.741631309935952743e+01
4.973097418390337587e+00	7.773663686897749869e+01
4.979415129936382023e+00	7.823294296896287392e+01
4.985702082330368157e+00	7.813173873192555163e+01
4.991949985828016523e+00	7.893501327275029666e+01
4.998241586316924057e+00	7.911603819622067135e+01
5.004556635606089543e+00	7.955710377507611497e+01
5.010828655701208945e+00	8.017018907910835424e+01
5.017077229702536556e+00	8.054628798671697609e+01
5.023374414758113637e+00	8.054542534245597096e+01
5.029688873569548413e+00	8.153810584491272095e+01
5.035958413584124216e+00	8.158459762584088537e+01
5.042232667658486989e+00	8.193753982734405383e+01
5.048528755870775875e+00	8.277219435970293659e+01
5.054821121427484520e+00	8.288548661339353885e+01
5.061069509814582368e+00	8.344210260790559630e+01
5.067347812754101177e+00	8.353940213641710955e+01
5.073675050630431116e+00	8.413872369730097489e+01
5.079945928388977627e+00	8.513355907372908860e+01
5.086192992546071601e+00	8.533322712852027792e+01
5.092484128970163226e+00	8.578015129953061546e+01
5.098802924706086870e+00	8.595716340013825629e+01
5.105078217426394005e+00	8.596648703862737761e+01
5.111325076574067872e+00	8.688741876599537761e+01
5.117628358851224135e+00	8.765759937685642456e+01
5.123935939383525984e+00	8.878878907757064098e+01
5.130199176325612065e+00	8.870965193961663431e+01
5.136469985878846956e+00	8.947731211206595958e+01
5.142797788696348071e+00	9.004925665957038916e+01
5.149090378043822192e+00	9.014670964207165582e+01
5.155289879840074363e+00	9.167143928147253007e+01
5.161564521234301317e+00	9.198813326296270532e+01
5.167916673496016244e+00	9.163157936499737843e+01
5.174205974602950064e+00	9.273497087655486837e+01
5.180434820793812456e+00	9.385411183568248816e+01
5.186729096569634656e+00	9.466583816359406001e+01
5.193058481037780894e+00	9.479580101084589216e+01
5.199319511444338460e+00	9.631457983030797720e+01
5.205574295584361799e+00	9.697723946110558302e+01
5.211894977074066126e+00	9.656427319118358810e+01
5.218201708336958511e+00	9.767235185857251167e+01
5.224411911780083351e+00	9.925564857601867175e+01
5.230677632666463239e+00	9.936133108036183614e+01
5.237056729559757429e+00	1.010452092748822679e+02
5.243336785035660697e+00	1.006929714870960026e+02
5.249493476178225038e+00	1.020566935032538112e+02
5.255787017738318134e+00	1.029770184400188811e+02
5.262205327426889845e+00	1.025883582784711621e+02
5.268477758348532269e+00	1.045114062211236643e+02
5.274632213654732560e+00	1.056250020007751687e+02
5.280950543314659740e+00	1.070196272117119349e+02
5.287327645024750389e+00	1.064049066548038951e+02
5.293582359180156516e+00	1.081324496719177546e+02
5.299789992649893478e+00	1.096856043596583135e+02
5.306111460381987222e+00	1.087196623565634184e+02
5.312452717892129250e+00	1.113678388801841947e+02
5.318650122853046724e+00	1.127172635174313342e+02
5.324923043129819789e+00	1.139887955710960625e+02
5.331330237158205421e+00	1.133904289459143797e+02
5.337586726886338617e+00	1.139126096131904973e+02
5.343685192440848830e+00	1.159657312953164876e+02
5.350070659715249199e+00	1.181906618822897741e+02
5.356556762554878226e+00	1.166185036700019708e+02
5.362691868684501095e+00	1.196588146128186310e+02
5.368769208912516966e+00	1.199122816892134011e+02
5.375270137997677722e+00	1.221092047279915107e+02
5.381769983045385786e+00	1.242495334751533704e+02
5.387701030372958222e+00	1.266663858430786007e+02
5.393786668001271600e+00	1.274042445492613780e+02
5.400446161099396569e+00	1.257296975915966470e+02
5.406957063684501463e+00	1.281073834125505186e+02
5.412655672453426270e+00	1.337852957975639754e+02
5.418821279260546575e+00	1.300014334717587587e+02
5.425690594366304076e+00	1.320683513409796035e+02
5.432217487502165376e+00	1.302120241275363810e+02
5.437649811577258241e+00	1.371284712313042462e+02
5.443914404015878006e+00	1.341547068425625469e+02
5.450953501686320202e+00	1.350202948288745688e+02
5.457483690405861232e+00	1.419339925391778650e+02
5.462715250135157241e+00	1.437354641873497769e+02
5.469033575551323523e+00	1.436744521134192496e+02
5.476177730420278778e+00	1.437030450342284098e+02
5.482708935702562236e+00	1.462208780297951023e+02
5.487722405008360838e+00	1.530467340205372579e+02
5.494194284996126498e+00	1.579422824612302350e+02
5.501391471009256406e+00	1.482160726744478723e+02
5.507128202673079009e+00	1.589721501123289897e+02
5.512278020050448646e+00	1.534828202104140473e+02
5.519395563377015534e+00	1.658481458028220459e+02
5.526598678609708770e+00	1.571900371398562868e+02
5.532162682462509196e+00	1.745049878222647521e+02
5.537397124017139127e+00	1.624781291502952456e+02
5.544582756485218589e+00	1.706418237887808118e+02
5.551739327507637434e+00	1.553783543529798976e+02
5.557493306674907707e+00	1.321712388427984024e+02
5.562281709102816940e+00	2.020844388531046718e+02
5.569272720323164449e+00	1.542683947003460219e+02
