8.899641224696953554e-03	3.115945911462537879e+03
1.507912216506557788e-02	4.078141936417765464e+03
2.144790186456836667e-02	6.816069414725194292e+03
2.783660776489276650e-02	5.604477188786828265e+03
3.435099785803411021e-02	5.251131087145015954e+03
4.047886761425745911e-02	4.924012644785729208e+03
4.676716683575679601e-02	4.532725063718788988e+03
5.308225101765951665e-02	4.281423493030850295e+03
5.945362440940590160e-02	3.969787887069755925e+03
6.576224814588792211e-02	4.233973704206304319e+03
7.196632906698736953e-02	3.659330584142753196e+03
7.827860915688347743e-02	3.488042614991473329e+03
8.470398945834539672e-02	3.236047752656194461e+03
9.096854620527369817e-02	2.992691897386638630e+03
9.720789776830213169e-02	2.680819410112535024e+03
1.034763038959366499e-01	2.597582934288580418e+03
1.097576444254559219e-01	2.444253369432035015e+03
1.160543084780093354e-01	2.265423980263396970e+03
1.223669666537485351e-01	2.185552446954503012e+03
1.286817263090294094e-01	2.099954117860484075e+03
1.349500801664080818e-01	2.017028950607072829e+03
1.411949558842147678e-01	1.839668037039547471e+03
1.475133575747468451e-01	1.793398755349831845e+03
1.537865074252268427e-01	1.629831746612171173e+03
1.600657544051110326e-01	1.590405961646731839e+03
1.663991168687080635e-01	1.507189775444265251e+03
1.727195645776442856e-01	1.448903293586534801e+03
1.789765213377084718e-01	1.394477545161351145e+03
1.852353690647852158e-01	1.328681735526102557e+03
1.914806787341157279e-01	1.272152150986325069e+03
1.977889868651535599e-01	1.200360289329474881e+03
2.040937735447724277e-01	1.164179370424749095e+03
2.103939302609846018e-01	1.108528094218018168e+03
2.166909709822301688e-01	1.094598238708118288e+03
2.229700281216152047e-01	1.043053608812379480e+03
2.292620027086341994e-01	1.002437914022681639e+03
2.355141508366812297e-01	9.405994556388003502e+02
2.417910583817859116e-01	9.339444970687734440e+02
2.480856539439619257e-01	9.214431583718333059e+02
2.543492256872954549e-01	8.840569315972365985e+02
2.606334251884805386e-01	8.425246646516828832e+02
2.669257370896960802e-01	8.290944073698433385e+02
2.732423343141155980e-01	8.005648303482753363e+02
2.795529680084415936e-01	7.584153689753363778e+02
2.858366292314493129e-01	7.589832334951937582e+02
2.920876271394311496e-01	7.313047551354410416e+02
2.983449844439822751e-01	7.233855532427414801e+02
3.046382639407197446e-01	7.076307899894518414e+02
3.109279127003197196e-01	6.835441620301330659e+02
3.172168171618398036e-01	6.671738304928140906e+02
3.235187567944423082e-01	6.412431989138893869e+02
3.298168217550395687e-01	6.242352359067796215e+02
3.361176429457156667e-01	6.082923290753165020e+02
3.423700375709273769e-01	6.006163520952037516e+02
3.486478192666269682e-01	5.860238895609554675e+02
3.549411614411318028e-01	5.705502031056296346e+02
3.611916935421040642e-01	5.536369325149460110e+02
3.674767089563572564e-01	5.498291811928745574e+02
3.737647795277591056e-01	5.375624244308160087e+02
3.800654031475132477e-01	5.271044249289597019e+02
3.863539861259823738e-01	5.228376619322566512e+02
3.926140181364449755e-01	5.125314865006465652e+02
3.989264500321934581e-01	5.042348792867911129e+02
4.052073244576828714e-01	4.872202352136638410e+02
4.114916477570477182e-01	4.834064804997585725e+02
4.177814272116491257e-01	4.726417065615905244e+02
4.240400648725131116e-01	4.620177956629362939e+02
4.303425690270192283e-01	4.562906040298897778e+02
4.366358560255625965e-01	4.520080351930634492e+02
4.428996183220763605e-01	4.405434518975756646e+02
4.491634418529859563e-01	4.356173520929647793e+02
4.554414146254732731e-01	4.269425224090805955e+02
4.617634470301058558e-01	4.222103734970486926e+02
4.680644242023710433e-01	4.121058385235554056e+02
4.743485242764365895e-01	4.082767763075668768e+02
4.806356136815400082e-01	4.059850128215171026e+02
4.869019258388697646e-01	3.954940328660816817e+02
4.931697099599955947e-01	3.916755909877445561e+02
4.994506747144535908e-01	3.829569598931855694e+02
5.057159051335421429e-01	3.765402677005611736e+02
5.119923996268095356e-01	3.756249798075774606e+02
5.183126097768406826e-01	3.688035637429490521e+02
5.246089638029100000e-01	3.647180249496880720e+02
5.308757308483337267e-01	3.603335678525048138e+02
5.371573527946726934e-01	3.570599733803788354e+02
5.434579563783791256e-01	3.493291836172218723e+02
5.497430652392217842e-01	3.460595915711309658e+02
5.559937427501778773e-01	3.395316587869706950e+02
5.622854676609657654e-01	3.356797534228420545e+02
5.686011537227265711e-01	3.350483618976844582e+02
5.748804589422079614e-01	3.316565827800397983e+02
5.811550210340560296e-01	3.256765928053700918e+02
5.874394496660968468e-01	3.243214917635621646e+02
5.937176220296899176e-01	3.187375375891221552e+02
5.999971954793682505e-01	3.166961440218970552e+02
6.062679115124277596e-01	3.123319550925268686e+02
6.125469576444534381e-01	3.077213029829744642e+02
6.188477733041515272e-01	3.053527762815807023e+02
6.251310567437898813e-01	3.012763973751181652e+02
6.314027450383210560e-01	2.996444504542491813e+02
6.377003562732055375e-01	2.966857021445398459e+02
6.439857783314556494e-01	2.946412705198007984e+02
6.502685417166111925e-01	2.896112870786113831e+02
6.565586117699038216e-01	2.865504771945982725e+02
6.628369282359254377e-01	2.857575029373762163e+02
6.691185444962194362e-01	2.825899265968425880e+02
6.754070198575605755e-01	2.802992679296204415e+02
6.816835514593204692e-01	2.762246077569012073e+02
6.879592533861698112e-01	2.735896029725412859e+02
6.942344317039531587e-01	2.715657618481447457e+02
7.005175402434737908e-01	2.670212112440592023e+02
7.068124956608716758e-01	2.675171970022370829e+02
7.131019009674921527e-01	2.653782097853368214e+02
7.193918251171427247e-01	2.621670465134629922e+02
7.256833807598113140e-01	2.583331870289522385e+02
7.319652682709349989e-01	2.581126765480490235e+02
7.382507990484923344e-01	2.565242315565918716e+02
7.445265842115937893e-01	2.531966535398767633e+02
7.507871101942712455e-01	2.499730804545471017e+02
7.570758465316046459e-01	2.488296068590964865e+02
7.633641233600957365e-01	2.481110499564212262e+02
7.696462959862266917e-01	2.446525971591844382e+02
7.759394865175414102e-01	2.433886191435138358e+02
7.822329141989586843e-01	2.422021212947396691e+02
7.885314936520240181e-01	2.383899961710290825e+02
7.947896566979522071e-01	2.389222863856374772e+02
8.010491096592354809e-01	2.358434651433314855e+02
8.073364061727361651e-01	2.337208840131023919e+02
8.136229488373866170e-01	2.316080159055919410e+02
8.199152998961036776e-01	2.310018989774196427e+02
8.261952636392789762e-01	2.285863433681705317e+02
8.324897070080405914e-01	2.268382782715551116e+02
8.387959309210778480e-01	2.245914116372396165e+02
8.450634639703045181e-01	2.236018373993806847e+02
8.513282867562648182e-01	2.212017749056314244e+02
8.576198263902009566e-01	2.199887088151035357e+02
8.639058477062415697e-01	2.195851036791402464e+02
8.701838745487597837e-01	2.169623372540234811e+02
8.764641096075268534e-01	2.163126067100229193e+02
8.827503873399735745e-01	2.146072812387519662e+02
8.890332768393869323e-01	2.139712224860149092e+02
8.953084247113127780e-01	2.121378580907231992e+02
9.015956521667095602e-01	2.106709433646651632e+02
9.078833328094829680e-01	2.085181641587957415e+02
9.141744106319863450e-01	2.078440471123037696e+02
9.204630817717615043e-01	2.061262230822600543e+02
9.267434415264711456e-01	2.045005397224320802e+02
9.330324197354928906e-01	2.034215234239669030e+02
9.393265785573878812e-01	2.025653941012444648e+02
9.455974810398196650e-01	2.008022334476121387e+02
9.518660018545171964e-01	2.010097948127634311e+02
9.581413255531838757e-01	1.989013497053028345e+02
9.644350945109106954e-01	1.971889844811145167e+02
9.707355633568249820e-01	1.962759223629479663e+02
9.770080768450029041e-01	1.947253136176770738e+02
9.832823325363413414e-01	1.937814255137276405e+02
9.895569691966674686e-01	1.924749055585401720e+02
9.958456301921106979e-01	1.914462178731777158e+02
1.002136210743837408e+00	1.906437083982466163e+02
1.008404825335135424e+00	1.887353702620773106e+02
1.014694149836243398e+00	1.878026471340227488e+02
1.020992555437297167e+00	1.875326570434770304e+02
1.027273980437394485e+00	1.863300447813784615e+02
1.033559181896017254e+00	1.857513984652321994e+02
1.039847557392594934e+00	1.839736844363957005e+02
1.046126974943305088e+00	1.829755765965600744e+02
1.052403436811028659e+00	1.817876575483360568e+02
1.058680704651608684e+00	1.813274611032834684e+02
1.064964333065789193e+00	1.803636668298183849e+02
1.071256777440835473e+00	1.790375717758574297e+02
1.077544048801078125e+00	1.780879671827975699e+02
1.083824820188043603e+00	1.775720215526886250e+02
1.090108023942816695e+00	1.759029339654733519e+02
1.096389665956643222e+00	1.750803221996775392e+02
1.102681132058841440e+00	1.737599743940614871e+02
1.108963047594879958e+00	1.739530972571845098e+02
1.115225428463759272e+00	1.726075269765930216e+02
1.121502127614767863e+00	1.716841485524037410e+02
1.127792573824792033e+00	1.710072896280720727e+02
1.134089552668382961e+00	1.691265874420012665e+02
1.140364049650405942e+00	1.695950473203460263e+02
1.146639180320979445e+00	1.684420766394161433e+02
1.152942412991649901e+00	1.670471331876723298e+02
1.159228906751078814e+00	1.665494698712770401e+02
1.165508721887268173e+00	1.660131170360565704e+02
1.171793076256210320e+00	1.648065339996248895e+02
1.178087436369658958e+00	1.644628127620307509e+02
1.184367654251526902e+00	1.639109575509369563e+02
1.190634642299266632e+00	1.630256442813015951e+02
1.196912208834400859e+00	1.620582879579522171e+02
1.203201577354146234e+00	1.614633926954113576e+02
1.209486844441705733e+00	1.608647345609339538e+02
1.215763902074809888e+00	1.594078322711481519e+02
1.222049755171146668e+00	1.594346361042244951e+02
1.228340616621486969e+00	1.575277134942383555e+02
1.234632986576932767e+00	1.577738045192647007e+02
1.240902247176856488e+00	1.569407484982141909e+02
1.247174839144687519e+00	1.558191415295112279e+02
1.253465459933442272e+00	1.555508560131373201e+02
1.259749951892178421e+00	1.542559652222493867e+02
1.266032143127253873e+00	1.539456227580745917e+02
1.272316288472006507e+00	1.530009467606701890e+02
1.278604155058621350e+00	1.526451214570323884e+02
1.284886588933593865e+00	1.517150061051735861e+02
1.291175420066583257e+00	1.507280109288240340e+02
1.297465726373772332e+00	1.502773207305811809e+02
1.303741827011944299e+00	1.497399177669064727e+02
1.310017322922761851e+00	1.493412605365737704e+02
1.316301447662886703e+00	1.487207457041052123e+02
1.322586760363303249e+00	1.476215924641747392e+02
1.328865492452874664e+00	1.474380015802063895e+02
1.335144804954555564e+00	1.460846288975141931e+02
1.341440516272275119e+00	1.460790945711553093e+02
1.347730868417094552e+00	1.450314881200991977e+02
1.354001589994877630e+00	1.447262945091067081e+02
1.360282609297778444e+00	1.438419033709587040e+02
1.366565686457597906e+00	1.439933088239208416e+02
1.372851498482432708e+00	1.435685998092066598e+02
1.379135372929401804e+00	1.426023959175768425e+02
1.385409567149057164e+00	1.417645740765690050e+02
1.391698641219299315e+00	1.406926278967253268e+02
1.397984451439470810e+00	1.408024937323995118e+02
1.404267883409181961e+00	1.402315392928063886e+02
1.410554779484869181e+00	1.396182156490585555e+02
1.416837833547465397e+00	1.388150502783404079e+02
1.423118177187137068e+00	1.387299246566762463e+02
1.429397801164240089e+00	1.379232617920037001e+02
1.435686921822787232e+00	1.370282583957753104e+02
1.441977121769299597e+00	1.369028001719190684e+02
1.448253667853332427e+00	1.358737249818586292e+02
1.454532348972172651e+00	1.356531273009140364e+02
1.460819319151879903e+00	1.349352264846742742e+02
1.467110364402026468e+00	1.347386097571875609e+02
1.473392908948962132e+00	1.341886165641298305e+02
1.479669965243598950e+00	1.335697174038470507e+02
1.485956144602843532e+00	1.331665674395939050e+02
1.492233610763115115e+00	1.324869201108677998e+02
1.498502470379980078e+00	1.323660342734407607e+02
1.504785752051182701e+00	1.314620528262333323e+02
1.511075991894575976e+00	1.310665774434946513e+02
1.517361634985162189e+00	1.306307546579038785e+02
1.523648570969130533e+00	1.299287983385879670e+02
1.529938035715892264e+00	1.291318605740739542e+02
1.536230176913891965e+00	1.288781999987923541e+02
1.542510718779388279e+00	1.287040711436252991e+02
1.548783963082980275e+00	1.278356814957207490e+02
1.555073069779651318e+00	1.276610855934534783e+02
1.561357324927233892e+00	1.271355145104859190e+02
1.567629121053141006e+00	1.272479304761764496e+02
1.573913697404382583e+00	1.262278404063571884e+02
1.580203545230874029e+00	1.258083254838057314e+02
1.586485393434537983e+00	1.253243902241775629e+02
1.592760014263005841e+00	1.249158381539894975e+02
1.599046436394670812e+00	1.242094990813722717e+02
1.605342136637478934e+00	1.238488948275723942e+02
1.611619860919608627e+00	1.234451540734307429e+02
1.617897597081673799e+00	1.228945734322365695e+02
1.624183235481122756e+00	1.225598027105167063e+02
1.630464598531913722e+00	1.222531600820267812e+02
1.636748985747638274e+00	1.215155774437211136e+02
1.643030923698886259e+00	1.209744035089445191e+02
1.649309176648513064e+00	1.207601606874593472e+02
1.655593633940351861e+00	1.202382039046861024e+02
1.661879571405086464e+00	1.198193174330913706e+02
1.668169361685170271e+00	1.194817690560591501e+02
1.674450151530487485e+00	1.189816874900612618e+02
1.680722718978495900e+00	1.187459762969342307e+02
1.687013891340952476e+00	1.179818625054447949e+02
1.693308984907921033e+00	1.172983534284766733e+02
1.699582147428448486e+00	1.175105089502212223e+02
1.705863747055134105e+00	1.168193342637539871e+02
1.712154434283889470e+00	1.165849179823506887e+02
1.718438381579399321e+00	1.159953254803635332e+02
1.724721264464063930e+00	1.155982351770959440e+02
1.730997441276920679e+00	1.153466762624133111e+02
1.737287073528269499e+00	1.149311812652683642e+02
1.743567991878527401e+00	1.145417999405518685e+02
1.749840680212231048e+00	1.139444282747661248e+02
1.756128549091961144e+00	1.138446788123002733e+02
1.762413535324792502e+00	1.136049037708668834e+02
1.768696187669963837e+00	1.127199755494607416e+02
1.774979359379055266e+00	1.126406950149086867e+02
1.781265555576432957e+00	1.120510461647712788e+02
1.787549427830244619e+00	1.117004264139801109e+02
1.793834120011633004e+00	1.113994461234278219e+02
1.800115051552487300e+00	1.110705788348832215e+02
1.806393904854530330e+00	1.106045551061494336e+02
1.812674089667083432e+00	1.104318385781088239e+02
1.818956920109354058e+00	1.098722384336080893e+02
1.825244164118212220e+00	1.096588847012992716e+02
1.831527256642196955e+00	1.091789724833042925e+02
1.837811294935716599e+00	1.090385821570378369e+02
1.844100717411196744e+00	1.083827038110875520e+02
1.850384816792487230e+00	1.080909339005473981e+02
1.856666059735203822e+00	1.077838286696276384e+02
1.862947728675613979e+00	1.072424888111832786e+02
1.869229324466858078e+00	1.070326170891044200e+02
1.875517616802973686e+00	1.066818178495086755e+02
1.881800769033795229e+00	1.061826410968269556e+02
1.888078863416442710e+00	1.059478891982817572e+02
1.894353975182237582e+00	1.054246362765052822e+02
1.900642716154182565e+00	1.053830057781278811e+02
1.906933494748685121e+00	1.048432912451713719e+02
1.913207568676573933e+00	1.047176283786553626e+02
1.919490884732178992e+00	1.040309808442465140e+02
1.925776855684274480e+00	1.035564621471655613e+02
1.932064452961978152e+00	1.033503027316339455e+02
1.938342610030488800e+00	1.029370979259680183e+02
1.944618341543410178e+00	1.027105977118561952e+02
1.950906260203513876e+00	1.023752248593244616e+02
1.957194556613796488e+00	1.022823238037344566e+02
1.963479614559011432e+00	1.019900108969781911e+02
1.969760361532916226e+00	1.016921341709811344e+02
1.976048367034604736e+00	1.009467161941386451e+02
1.982337990217652335e+00	1.008324505215761633e+02
1.988617489259562721e+00	1.004362020575570256e+02
1.994896320665194178e+00	1.002228341935520746e+02
2.001179596222827151e+00	9.995864515965844532e+01
2.007459756923499761e+00	9.980392734595261572e+01
2.013737397779169935e+00	9.930770893039792213e+01
2.020017234677497164e+00	9.891216640497765411e+01
2.026310251015072783e+00	9.873969571893593411e+01
2.032600542948020284e+00	9.833032174177242268e+01
2.038873863192099289e+00	9.820284982252533723e+01
2.045154087821675404e+00	9.783990887067933784e+01
2.051444704514288730e+00	9.715698696457344852e+01
2.057730430280644729e+00	9.707773155878749094e+01
2.064013940455224461e+00	9.669362590065900065e+01
2.070299891179459895e+00	9.647597032274542528e+01
2.076589719964883951e+00	9.622744387131638177e+01
2.082865483794470673e+00	9.561916092648667131e+01
2.089134494859368640e+00	9.545896889555336884e+01
2.095424211360070288e+00	9.529574529782350112e+01
2.101707116664804254e+00	9.508549363223184514e+01
2.107986473933564309e+00	9.452017184199833366e+01
2.114271806543862375e+00	9.436364305601293268e+01
2.120552717288892275e+00	9.424455496546367783e+01
2.126836933207161717e+00	9.405478848505671863e+01
2.133122044791171845e+00	9.334909306352375324e+01
2.139411711910842673e+00	9.328165622156754466e+01
2.145697076775292089e+00	9.322665310145212914e+01
2.151973548606471276e+00	9.265124976496335307e+01
2.158259913555724108e+00	9.247643821440539114e+01
2.164545396699105506e+00	9.194620524138778705e+01
2.170830700377734068e+00	9.197200961475796532e+01
2.177114138849150393e+00	9.155787119903165205e+01
2.183387647576827018e+00	9.138248591178481206e+01
2.189670273687676971e+00	9.083194089622989509e+01
2.195960147934207463e+00	9.065236735179180982e+01
2.202242556317716371e+00	9.042413023822081186e+01
2.208521655981037668e+00	9.043841411619389703e+01
2.214804637081333016e+00	8.993269701527792392e+01
2.221092583349425276e+00	8.959302771959029599e+01
2.227372893591468728e+00	8.943058185398493265e+01
2.233657161144248171e+00	8.923371189103198731e+01
2.239943485394438660e+00	8.886155684166489266e+01
2.246224175264620815e+00	8.866598766881912752e+01
2.252506378421252009e+00	8.842037606064113220e+01
2.258783417054270437e+00	8.800904996542138292e+01
2.265069077371457684e+00	8.777671832311477829e+01
2.271350377044131452e+00	8.754969946224888133e+01
2.277633995145353918e+00	8.738673406780644370e+01
2.283922419579920149e+00	8.720819507877683918e+01
2.290202874392252674e+00	8.673889281531603501e+01
2.296490779970905560e+00	8.652576818019529981e+01
2.302771769934229162e+00	8.614227596676234100e+01
2.309051364164305564e+00	8.616027688424226483e+01
2.315338502539088239e+00	8.588833975709832202e+01
2.321627336503874428e+00	8.574420716831063771e+01
2.327911878297218795e+00	8.545180685296942613e+01
2.334186238580297168e+00	8.521897039203931001e+01
2.340467971862688401e+00	8.489750188914077000e+01
2.346756940970738725e+00	8.478147670036281625e+01
2.353044444556199988e+00	8.447439024085370818e+01
2.359327653314069906e+00	8.424982539130027703e+01
2.365603048789861607e+00	8.402823090738266387e+01
2.371885911737665165e+00	8.387438950374820479e+01
2.378173303594019572e+00	8.371566259857291925e+01
2.384454016539381271e+00	8.341336247533939741e+01
2.390736447344785187e+00	8.306849148320250720e+01
2.397014133897952259e+00	8.306739685400027895e+01
2.403295490074321972e+00	8.275803503230791591e+01
2.409585049672506862e+00	8.252565261300657085e+01
2.415871703165322071e+00	8.218907496133365953e+01
2.422160652369088840e+00	8.195969698395261105e+01
2.428440167222748691e+00	8.198318250340422253e+01
2.434717472383889803e+00	8.156692200275652738e+01
2.441002456202044257e+00	8.133691672747164603e+01
2.447289980304530488e+00	8.115057691620329194e+01
2.453571844729242279e+00	8.100670332075999625e+01
2.459852705114058846e+00	8.070042935320633148e+01
2.466139233225018934e+00	8.042873005806990250e+01
2.472421963421291391e+00	8.037784953228445772e+01
2.478698519174224568e+00	8.017660923973656395e+01
2.484980841400355800e+00	7.994579580215136616e+01
2.491269319409339822e+00	7.978766145856344849e+01
2.497548505139029373e+00	7.958039682082207378e+01
2.503831667172610853e+00	7.946933943326193628e+01
2.510117938323931153e+00	7.922300187867851662e+01
2.516400733681277480e+00	7.909863363189906238e+01
2.522688226833368130e+00	7.879855523064371425e+01
2.528971695852665569e+00	7.854512350575099333e+01
2.535252039407670299e+00	7.842225141622949991e+01
2.541537514142774512e+00	7.825959220979423492e+01
2.547823008847572179e+00	7.803535977194727025e+01
2.554100666580690238e+00	7.787571612655526110e+01
2.560376788884177301e+00	7.776098492470967471e+01
2.566667521601497359e+00	7.747253573738376531e+01
2.572955062237090473e+00	7.735426291868900250e+01
2.579233771797999175e+00	7.722403067174080604e+01
2.585520164300948220e+00	7.697338403236592796e+01
2.591805130332431872e+00	7.688269669483052837e+01
2.598084074692260881e+00	7.672364502942470210e+01
2.604360404197643586e+00	7.648029678425440636e+01
2.610647185140439142e+00	7.637664809749198014e+01
2.616931864059273138e+00	7.614939287461295692e+01
2.623206107911065565e+00	7.598440538540100420e+01
2.629491626543270844e+00	7.589277707765623404e+01
2.635778507982642349e+00	7.582150642845194000e+01
2.642061039325260818e+00	7.548279142143016429e+01
2.648343840729305843e+00	7.544009057207865965e+01
2.654631838974855551e+00	7.530371606114628946e+01
2.660919001246303761e+00	7.511705777586338684e+01
2.667198525130066056e+00	7.487809781763998274e+01
2.673484307038032526e+00	7.501905941094472041e+01
2.679773388053849459e+00	7.467499786828778952e+01
2.686058217632288692e+00	7.470528331810632494e+01
2.692338738200057868e+00	7.434882757445299717e+01
2.698618022887226964e+00	7.421799655973369170e+01
2.704895450708277860e+00	7.417568343730330582e+01
2.711175674923682166e+00	7.390563675911850794e+01
2.717459832966957922e+00	7.392380285462473921e+01
2.723745731959044569e+00	7.379751079990251128e+01
2.730038414850594730e+00	7.360582092379412700e+01
2.736317989800789441e+00	7.343012191881210526e+01
2.742591858549239703e+00	7.330978899178219876e+01
2.748879749010778362e+00	7.330352603949673096e+01
2.755163403825859447e+00	7.316737777536714304e+01
2.761446955625852073e+00	7.311203529263724477e+01
2.767732088935374701e+00	7.282463060643438268e+01
2.774015452421743966e+00	7.277504442287900588e+01
2.780298635700591436e+00	7.266104268099996943e+01
2.786577474762241380e+00	7.258010430681655123e+01
2.792857983210164541e+00	7.266218859133498142e+01
2.799143790920211483e+00	7.238930682560381058e+01
2.805430058399325244e+00	7.225492585941694301e+01
2.811715058209780072e+00	7.227326033937964667e+01
2.817989272498773623e+00	7.209025673578933890e+01
2.824269171595737760e+00	7.197342383682655509e+01
2.830563016441804081e+00	7.183122246360981933e+01
2.836848750951622034e+00	7.183455541587542825e+01
2.843130027866129783e+00	7.162092814426519283e+01
2.849413896912404986e+00	7.153685521421706994e+01
2.855697464522425566e+00	7.150553239356679569e+01
2.861978799810683594e+00	7.146696077937187397e+01
2.868262469415629567e+00	7.148816765807397644e+01
2.874547359206753860e+00	7.126147614290078991e+01
2.880831111471525041e+00	7.123513174753030341e+01
2.887113216972382546e+00	7.126028650899299066e+01
2.893394504725182781e+00	7.111688196884561819e+01
2.899673662137033592e+00	7.099484599207247015e+01
2.905953958587380814e+00	7.085884352426214150e+01
2.912241118105161064e+00	7.101487487355561257e+01
2.918525996366671205e+00	7.083736011384975484e+01
2.924809035425688819e+00	7.065885395319401141e+01
2.931095916293684933e+00	7.073011857448098283e+01
2.937378182606774413e+00	7.082408431984875108e+01
2.943659980254369923e+00	7.063627470140524167e+01
2.949946454403890250e+00	7.064817936939348897e+01
2.956227653702202307e+00	7.060115198204816522e+01
2.962510478867462993e+00	7.060317707449894442e+01
2.968796535179442309e+00	7.043377440345661000e+01
2.975077657376874907e+00	7.054212458568628108e+01
2.981359866759223376e+00	7.050111010282273583e+01
2.987646761575656562e+00	7.039041280856565663e+01
2.993929038370399365e+00	7.028959474099872295e+01
3.000206214840962726e+00	7.041433034799628388e+01
3.006486172402415669e+00	7.043076931815522812e+01
3.012769812211594456e+00	7.035792405035201114e+01
3.019053144326170113e+00	7.032628748164106014e+01
3.025337405144251424e+00	7.037876567861033550e+01
3.031623734799107961e+00	7.035827148869798009e+01
3.037908962055872575e+00	7.028449892476061223e+01
3.044195067146031608e+00	7.032776011244648373e+01
3.050475543482170426e+00	7.032904984153191208e+01
3.056754954538277502e+00	7.043653066018140407e+01
3.063040539557494668e+00	7.031247634395366219e+01
3.069323699454357346e+00	7.042564795044226855e+01
3.075610692642898769e+00	7.040618309148700860e+01
3.081893798009918584e+00	7.050021478313686885e+01
3.088174549548037717e+00	7.057217058624625849e+01
3.094458635632868493e+00	7.042181046540787293e+01
3.100743982931558840e+00	7.058026271001074292e+01
3.107028111748448396e+00	7.049050212733401111e+01
3.113309299655494300e+00	7.063818509775747145e+01
3.119590662867241626e+00	7.057834258993239018e+01
3.125874006820172912e+00	7.070776114342704943e+01
3.132159251154602586e+00	7.078031914657350399e+01
3.138439172765940643e+00	7.079332201968210825e+01
3.144723867719826593e+00	7.090446958320794124e+01
3.151003951258561031e+00	7.085142331126594684e+01
3.157283664131563139e+00	7.097649923041181808e+01
3.163569317183839935e+00	7.111623860825331178e+01
3.169851661717792091e+00	7.115068373716681549e+01
3.176137704316093657e+00	7.121694691942521160e+01
3.182420924828643916e+00	7.135390425763698374e+01
3.188702811875577581e+00	7.144203976927873612e+01
3.194990520008989865e+00	7.158373136595638186e+01
3.201275324656983834e+00	7.154745035662556063e+01
3.207551352179861759e+00	7.169355065517258652e+01
3.213835216737041645e+00	7.194938455353202755e+01
3.220122579819103770e+00	7.186566974380332340e+01
3.226406606618656525e+00	7.180165306347697651e+01
3.232687390085645429e+00	7.163391434637301813e+01
3.238969121280456331e+00	7.146696920506303741e+01
3.245254751548589667e+00	7.130444849308946687e+01
3.251534499036136783e+00	7.126264390355196099e+01
3.257817780791052442e+00	7.110949310201723961e+01
3.264102164154097263e+00	7.092959410809361032e+01
3.270384152138468892e+00	7.092514818788814068e+01
3.276669427476867735e+00	7.060954956848289044e+01
3.282954688864507808e+00	7.054033751352447723e+01
3.289237200334947264e+00	7.055674243242772548e+01
3.295519587088236779e+00	7.039840323090527363e+01
3.301805977329951958e+00	7.029430473088706322e+01
3.308087486222440088e+00	7.010927444545572484e+01
3.314367630234227313e+00	6.995915346191848982e+01
3.320651909732194262e+00	6.994374207755009820e+01
3.326931260376857047e+00	6.983393630038929700e+01
3.333216512447217728e+00	6.967407694831663889e+01
3.339504489419978128e+00	6.960222941480715519e+01
3.345786804809928405e+00	6.956882524409969903e+01
3.352071130016277767e+00	6.941104122404995280e+01
3.358351496304225581e+00	6.937523738834946130e+01
3.364630591073392019e+00	6.924415041363950252e+01
3.370916305215045483e+00	6.921596089424004106e+01
3.377197952029413752e+00	6.904394071236484365e+01
3.383483063818085501e+00	6.891805857226236753e+01
3.389769992424469969e+00	6.892673927512382193e+01
3.396051330885982100e+00	6.873878124043801563e+01
3.402330879139463971e+00	6.873821253353054317e+01
3.408610488352048495e+00	6.860011481179491000e+01
3.414897837696641236e+00	6.850679837139880135e+01
3.421180484052105619e+00	6.855681454733337432e+01
3.427461639653846870e+00	6.832873681601002147e+01
3.433749159643459059e+00	6.823345261732907829e+01
3.440032646656798310e+00	6.817158196404773207e+01
3.446313366033385339e+00	6.804181133229349143e+01
3.452600135384134905e+00	6.795586577069626344e+01
3.458883152815406703e+00	6.794125491158062857e+01
3.465163834403715448e+00	6.785216837546383317e+01
3.471449329786229221e+00	6.786402677956452578e+01
3.477734476754053894e+00	6.773700620535996109e+01
3.484019652467224226e+00	6.761581893678349786e+01
3.490297019369712928e+00	6.767048480971425306e+01
3.496582486484379970e+00	6.757649597709682610e+01
3.502868048046865024e+00	6.748003030166465521e+01
3.509144649545451244e+00	6.747516698034777960e+01
3.515428082003116295e+00	6.740109702633269251e+01
3.521711031624695565e+00	6.721147501397811652e+01
3.527991850954735664e+00	6.721380793643383811e+01
3.534275545726699885e+00	6.728362358573527047e+01
3.540562632020772149e+00	6.699674987236016932e+01
3.546844410757220789e+00	6.698988575456041872e+01
3.553131386753758836e+00	6.705104110551113195e+01
3.559419203211965144e+00	6.683453882684382563e+01
3.565697971577579839e+00	6.684658872433561783e+01
3.571979559134798254e+00	6.688763454549368248e+01
3.578265774595833726e+00	6.683980993961705508e+01
3.584548309769353125e+00	6.674208744474398713e+01
3.590826843920031486e+00	6.667558375502868273e+01
3.597107306745233934e+00	6.652190439035541658e+01
3.603392831792229245e+00	6.656665322013869002e+01
3.609673209822572559e+00	6.654595773703097450e+01
3.615955412133016189e+00	6.658119564691105552e+01
3.622241607772384686e+00	6.641620084378791944e+01
3.628520252736676444e+00	6.641326683312688317e+01
3.634804827569451113e+00	6.629427711747577234e+01
3.641094981788862928e+00	6.631035731375546050e+01
3.647383514928639325e+00	6.624091769586688372e+01
3.653663283927725658e+00	6.626554909727015286e+01
3.659943504072155296e+00	6.619695365176461621e+01
3.666232000281138603e+00	6.613611270923074414e+01
3.672514211678317597e+00	6.612627596339363834e+01
3.678794154686042539e+00	6.602133253407518509e+01
3.685078621861909820e+00	6.606893637867062807e+01
3.691359210097977961e+00	6.601334225245155096e+01
3.697642368173791105e+00	6.606789483684609365e+01
3.703925796735277665e+00	6.592496135020918757e+01
3.710208240364660348e+00	6.596878884885445871e+01
3.716494593122387169e+00	6.596532539003835893e+01
3.722775386659595398e+00	6.586977901662822887e+01
3.729058392883481510e+00	6.592614149169807547e+01
3.735339748210807720e+00	6.592897632999677171e+01
3.741620776392969638e+00	6.577238986148410049e+01
3.747904795418762980e+00	6.580085166658636808e+01
3.754190633281219380e+00	6.583227216664465686e+01
3.760478208018912749e+00	6.578872988008484413e+01
3.766755538573464346e+00	6.588880845250648122e+01
3.773032090135151506e+00	6.576955538635741050e+01
3.779322553012896879e+00	6.580445086676695610e+01
3.785609109731308930e+00	6.576389576060068975e+01
3.791889825936295200e+00	6.587528962362920026e+01
3.798174822702435893e+00	6.579323803025491202e+01
3.804458658753491651e+00	6.582988725352491599e+01
3.810738438095723435e+00	6.582077571150145445e+01
3.817018850285747167e+00	6.574053905644957752e+01
3.823305314209427763e+00	6.587503872269780913e+01
3.829591295197792178e+00	6.573967079962497451e+01
3.835872296070849341e+00	6.583408586193841927e+01
3.842156279590906109e+00	6.597212161749764903e+01
3.848441511099312429e+00	6.584808812981954418e+01
3.854723334376886079e+00	6.585917097191685343e+01
3.861004740704794713e+00	6.586530041113570633e+01
3.867284336650660848e+00	6.591254770204828617e+01
3.873567367678779849e+00	6.583946571791501867e+01
3.879850662830422792e+00	6.591109561281196250e+01
3.886137063198143338e+00	6.591271713670991517e+01
3.892419463049126005e+00	6.603802641202645418e+01
3.898703740328622658e+00	6.597106274369410528e+01
3.904991458788179326e+00	6.610155401561421229e+01
3.911270842222104083e+00	6.614096797077031908e+01
3.917549806479573071e+00	6.614797469138110841e+01
3.923836006203090587e+00	6.608021588655041967e+01
3.930121452497870926e+00	6.627198011800746258e+01
3.936398172858230460e+00	6.629733187071202849e+01
3.942683040425962293e+00	6.635868502384225565e+01
3.948974759704379611e+00	6.631483484060461819e+01
3.955259227995065352e+00	6.631282382219042404e+01
3.961537174921395454e+00	6.641020798129611080e+01
3.967820217617139544e+00	6.645901125270796683e+01
3.974105559832568968e+00	6.657595630409797138e+01
3.980384727931198352e+00	6.656206270613338916e+01
3.986664590839849698e+00	6.666684470331414047e+01
3.992949619150675034e+00	6.663928505025521076e+01
3.999235075769965952e+00	6.676438432861671401e+01
4.005515715515433506e+00	6.672485928827030932e+01
4.011798434346478537e+00	6.692148625099598291e+01
4.018083716245132386e+00	6.697834738967340229e+01
4.024365700052603856e+00	6.699111885744670758e+01
4.030643960839860540e+00	6.717853499486675162e+01
4.036928708926215137e+00	6.724860058479073643e+01
4.043218157412017177e+00	6.716478485652892516e+01
4.049503019487663558e+00	6.750524764025189484e+01
4.055781898960511000e+00	6.752682561449204002e+01
4.062060795621602161e+00	6.745329047649428844e+01
4.068347865354716042e+00	6.768762576321994118e+01
4.074631027173265529e+00	6.765228321102219411e+01
4.080910837526078971e+00	6.771500000876167746e+01
4.087201203341442657e+00	6.799448055642288580e+01
4.093486818591942189e+00	6.790009923737969189e+01
4.099764387336505500e+00	6.808180193113494738e+01
4.106049166937662420e+00	6.819229429468977344e+01
4.112334559041358695e+00	6.827243423452969751e+01
4.118618926059533614e+00	6.837128270475481884e+01
4.124898942031112625e+00	6.854196861023143583e+01
4.131175432561665417e+00	6.872002047006959913e+01
4.137461563786142271e+00	6.859351869855389339e+01
4.143746006210170307e+00	6.887016598608340701e+01
4.150029800482964326e+00	6.898564674635598237e+01
4.156313390684649001e+00	6.909843226245098435e+01
4.162596105843763716e+00	6.920112089380317855e+01
4.168881843141768684e+00	6.937849431899257979e+01
4.175162111073220217e+00	6.952793632784637623e+01
4.181448573417560155e+00	6.971523441671209298e+01
4.187738782464171194e+00	6.989773090074957906e+01
4.194017437180169061e+00	6.996675048353232285e+01
4.200293572701767175e+00	7.011439898002504378e+01
4.206580195481546269e+00	7.023298302200166177e+01
4.212860644652220543e+00	7.041417490965611137e+01
4.219138153430114002e+00	7.067136438650315711e+01
4.225426162098283811e+00	7.065660848745868350e+01
4.231713506719782636e+00	7.078162665957741240e+01
4.237990056577191744e+00	7.096828707071009035e+01
4.244267783646744618e+00	7.105631443611191855e+01
4.250560660182562955e+00	7.133315538323157057e+01
4.256847734842668096e+00	7.154241087136273336e+01
4.263127100734456221e+00	7.172417885124501424e+01
4.269406860432507500e+00	7.174823652087718528e+01
4.275691671482192646e+00	7.201830590436870239e+01
4.281972414189518794e+00	7.209487668139449568e+01
4.288253516806755705e+00	7.229963413286816376e+01
4.294540520160492925e+00	7.249863089355271484e+01
4.300825742921731809e+00	7.260264801443625515e+01
4.307109835491901961e+00	7.276061060569051619e+01
4.313390926478413157e+00	7.312975169069248693e+01
4.319667979480563247e+00	7.304954085693594834e+01
4.325952598143786076e+00	7.360350073640006485e+01
4.332241647035422361e+00	7.353498807348046284e+01
4.338524445619096781e+00	7.371471377142586334e+01
4.344809348131129845e+00	7.404197568163027654e+01
4.351090699193166600e+00	7.416962380867251170e+01
4.357369710808320029e+00	7.423335282040631000e+01
4.363659348967174445e+00	7.459141137236520080e+01
4.369947418280990981e+00	7.486683760606194937e+01
4.376226569265827315e+00	7.472598685093515769e+01
4.382499356631129217e+00	7.501225576262557126e+01
4.388784975178015024e+00	7.511456905943019535e+01
4.395068696309480494e+00	7.533929937317996917e+01
4.401347962382031298e+00	7.565557926090802709e+01
4.407628405096517099e+00	7.578767507323097163e+01
4.413915862185140426e+00	7.595738038852309160e+01
4.420203163534264235e+00	7.603005749060098140e+01
4.426480311003382795e+00	7.599262271281200753e+01
4.432765973643649104e+00	7.639989610262631459e+01
4.439053392023870614e+00	7.637006632898638259e+01
4.445336141335588742e+00	7.668542983505579969e+01
4.451617241414883352e+00	7.662367947912524357e+01
4.457901500730311106e+00	7.660153090833279066e+01
4.464189501093017043e+00	7.683616669909217478e+01
4.470470197548729985e+00	7.685231417422525624e+01
4.476748044268524573e+00	7.725620509651946577e+01
4.483035990164653484e+00	7.680534621392570216e+01
4.489323331650528104e+00	7.750813810259231218e+01
4.495599111667934800e+00	7.731450083644891436e+01
4.501870922878794090e+00	7.735963027896367805e+01
4.508155162877705457e+00	7.734850332270575279e+01
4.514446451153479423e+00	7.733795999295249146e+01
4.520723894043856994e+00	7.767911688209150611e+01
4.527003782460155890e+00	7.722015316501568805e+01
4.533293086610313161e+00	7.708199952715784775e+01
4.539578989864040182e+00	7.701022052870514756e+01
4.545857164866476730e+00	7.692489724517027128e+01
4.552138955546025656e+00	7.662289676385940140e+01
4.558432046889146605e+00	7.655722247443469541e+01
4.564713463378488711e+00	7.659971971849236638e+01
4.570987274133244682e+00	7.652345617974891923e+01
4.577274818151045643e+00	7.624662075384568993e+01
4.583563263889338657e+00	7.638459007482745733e+01
4.589844917004465508e+00	7.676600593757299862e+01
4.596126259982004747e+00	7.632634956186385011e+01
4.602409075598298926e+00	7.647654538798605017e+01
4.608696634867644804e+00	7.669846767630669149e+01
4.614977646498861219e+00	7.657114408792925531e+01
4.621258953029527383e+00	7.655779305592051287e+01
4.627547993978874175e+00	7.678441897925067394e+01
4.633830152730579854e+00	7.684302888361358441e+01
4.640104005367354567e+00	7.710912605076866555e+01
4.646382060386754276e+00	7.686159669227848212e+01
4.652674213731970987e+00	7.718689603072382965e+01
4.658958291796220230e+00	7.696575474521365834e+01
4.665233615070169648e+00	7.722637878852496840e+01
4.671520675710307380e+00	7.745724380813823018e+01
4.677814351732177300e+00	7.727154675834607644e+01
4.684093699744638073e+00	7.739338032783821575e+01
4.690368661472568590e+00	7.756062456368968583e+01
4.696663270746453733e+00	7.752692128403383265e+01
4.702945459248681459e+00	7.775619928517483004e+01
4.709209170841929470e+00	7.821991777928099054e+01
4.715491634753063543e+00	7.793666713932881862e+01
4.721784316284933780e+00	7.838899381772650088e+01
4.728063062331094635e+00	7.861841882699847872e+01
4.734337423381671073e+00	7.855084862841061977e+01
4.740627024094544062e+00	7.844879740430857851e+01
4.746914995664547554e+00	7.867572330986577356e+01
4.753194740071086777e+00	7.905573788644524313e+01
4.759478891864783456e+00	7.925672919060843924e+01
4.765762396877359031e+00	7.961216722874448237e+01
4.772049481246195768e+00	7.975534056808443495e+01
4.778335091022592351e+00	7.987987681074226032e+01
4.784610831402393849e+00	8.017169189985976629e+01
4.790907306208476157e+00	8.038345883715926732e+01
4.797204047706418173e+00	8.037877403247679808e+01
4.803470827697504220e+00	8.057577832557272757e+01
4.809748850577324042e+00	8.098422068649388450e+01
4.816045316586602176e+00	8.101823362489385261e+01
4.822329240673497885e+00	8.155163377835660299e+01
4.828596758226470165e+00	8.205608331791546561e+01
4.834890332961369275e+00	8.196160613384080307e+01
4.841191655056394261e+00	8.188907335108761743e+01
4.847460407468000554e+00	8.202811838813668999e+01
4.853732128521334843e+00	8.246307461934283367e+01
4.860029138783373170e+00	8.265768811212458900e+01
4.866314601732018019e+00	8.332224275790473200e+01
4.872587026269203925e+00	8.312972304137861101e+01
4.878874221748241702e+00	8.411676978374072178e+01
4.885171078138658807e+00	8.357460505632005265e+01
4.891450629931857641e+00	8.376075361556577548e+01
4.897716482750221978e+00	8.484857985297229277e+01
4.904002834596266069e+00	8.490084302361748314e+01
4.910295858205786068e+00	8.548910460401160094e+01
4.916575188115905881e+00	8.531687053445797631e+01
4.922847946197084212e+00	8.607360171503866297e+01
4.929131667457151700e+00	8.638373312971751261e+01
4.935434460144239033e+00	8.637748475982665752e+01
4.941718513303545279e+00	8.688888789203953422e+01
4.947978624761803168e+00	8.730385315940105784e+01
4.954274999209829389e+00	8.822122908534817043e+01
4.960571094729937514e+00	8.790545970130116871e+01
4.966823207626954506e+00	8.846258099397374508e+01
4.973097418390337587e+00	8.880191499275660760e+01
4.979415129936382023e+00	8.849152478780838749e+01
4.985702082330368157e+00	8.943402512924414793e+01
4.991949985828016523e+00	8.992756182977981894e+01
4.998241586316924057e+00	9.032663280591785337e+01
5.004556635606089543e+00	9.091262262533139449e+01
5.010828655701208945e+00	9.116722971339133608e+01
5.017077229702536556e+00	9.184301921705669258e+01
5.023374414758113637e+00	9.240167577224612216e+01
5.029688873569548413e+00	9.245459395654999923e+01
5.035958413584124216e+00	9.307812496212967801e+01
5.042232667658486989e+00	9.329180671110185585e+01
5.048528755870775875e+00	9.378029970964162487e+01
5.054821121427484520e+00	9.491248972578929965e+01
5.061069509814582368e+00	9.507667325979062412e+01
5.067347812754101177e+00	9.558589354005943051e+01
5.073675050630431116e+00	9.618924194686894680e+01
5.079945928388977627e+00	9.651378805728377586e+01
5.086192992546071601e+00	9.776831565569122517e+01
5.092484128970163226e+00	9.767738581374010209e+01
5.098802924706086870e+00	9.896776016568490775e+01
5.105078217426394005e+00	9.980552437300330837e+01
5.111325076574067872e+00	1.003216801062922912e+02
5.117628358851224135e+00	9.951231530155557437e+01
5.123935939383525984e+00	1.014431305875273210e+02
5.130199176325612065e+00	1.018549904131941730e+02
5.136469985878846956e+00	1.018116823604313339e+02
5.142797788696348071e+00	1.020362092007782593e+02
5.149090378043822192e+00	1.029595548309557529e+02
5.155289879840074363e+00	1.037383004249462459e+02
5.161564521234301317e+00	1.047974998970171328e+02
5.167916673496016244e+00	1.065327526231159965e+02
5.174205974602950064e+00	1.067990658450412980e+02
5.180434820793812456e+00	1.083480099584786842e+02
5.186729096569634656e+00	1.089162924231042240e+02
5.193058481037780894e+00	1.098380862130555329e+02
5.199319511444338460e+00	1.094440132276796618e+02
5.205574295584361799e+00	1.095684594193745056e+02
5.211894977074066126e+00	1.113812922470879414e+02
5.218201708336958511e+00	1.117926780890454950e+02
5.224411911780083351e+00	1.122295433577929629e+02
5.230677632666463239e+00	1.136514905289848372e+02
5.237056729559757429e+00	1.138969510051375380e+02
5.243336785035660697e+00	1.163858920806677872e+02
5.249493476178225038e+00	1.174421344047384537e+02
5.255787017738318134e+00	1.181231872209639988e+02
5.262205327426889845e+00	1.185499640428587327e+02
5.268477758348532269e+00	1.188891928681385082e+02
5.274632213654732560e+00	1.203939521826879542e+02
5.280950543314659740e+00	1.205489644296056326e+02
5.287327645024750389e+00	1.212738247515044918e+02
5.293582359180156516e+00	1.255013997921994786e+02
5.299789992649893478e+00	1.251690992508018638e+02
5.306111460381987222e+00	1.269498183413336960e+02
5.312452717892129250e+00	1.273312966729295397e+02
5.318650122853046724e+00	1.275833318282943765e+02
5.324923043129819789e+00	1.312515524122283068e+02
5.331330237158205421e+00	1.324215146222114186e+02
5.337586726886338617e+00	1.315965827993341293e+02
5.343685192440848830e+00	1.332633754471941643e+02
5.350070659715249199e+00	1.347258824127260368e+02
5.356556762554878226e+00	1.377798167859427281e+02
5.362691868684501095e+00	1.369174602744377580e+02
5.368769208912516966e+00	1.408854793860241728e+02
5.375270137997677722e+00	1.388595696154900736e+02
5.381769983045385786e+00	1.417300632712316428e+02
5.387701030372958222e+00	1.435677215868931285e+02
5.393786668001271600e+00	1.443439269052714451e+02
5.400446161099396569e+00	1.461693906798891760e+02
5.406957063684501463e+00	1.453770404629824213e+02
5.412655672453426270e+00	1.509486671099950286e+02
5.418821279260546575e+00	1.518635653961905518e+02
5.425690594366304076e+00	1.533621869664226836e+02
5.432217487502165376e+00	1.562794617789516280e+02
5.437649811577258241e+00	1.530527565217434471e+02
5.443914404015878006e+00	1.563718307506309770e+02
5.450953501686320202e+00	1.605519011858399949e+02
5.457483690405861232e+00	1.619237417664736540e+02
5.462715250135157241e+00	1.604585764364530291e+02
5.469033575551323523e+00	1.690547466996147250e+02
5.476177730420278778e+00	1.680640359145444336e+02
5.482708935702562236e+00	1.684037248275130025e+02
5.487722405008360838e+00	1.691550603587673436e+02
5.494194284996126498e+00	1.713143911674921753e+02
5.501391471009256406e+00	1.763115850017663888e+02
5.507128202673079009e+00	1.944457815042723894e+02
5.512278020050448646e+00	1.768800183713395313e+02
5.519395563377015534e+00	1.829911505610929225e+02
5.526598678609708770e+00	1.801483181983853115e+02
5.532162682462509196e+00	1.705473705462927114e+02
5.537397124017139127e+00	1.955389426746765764e+02
5.544582756485218589e+00	1.919793082880422048e+02
5.551739327507637434e+00	1.802774160360415578e+02
5.557493306674907707e+00	1.413975216762060256e+02
5.562281709102816940e+00	2.643527350719400602e+02
5.569272720323164449e+00	1.205521509502835329e+02
