8.899641224696953554e-03	1.705309561362718523e+04
1.507912216506557788e-02	2.045676153494438040e+04
2.144790186456836667e-02	1.955472672516515740e+04
2.783660776489276650e-02	1.424344967437239575e+04
3.435099785803411021e-02	1.375168218385237924e+04
4.047886761425745911e-02	1.101683769871585537e+04
4.676716683575679601e-02	9.891584625009700176e+03
5.308225101765951665e-02	7.912617908598355825e+03
5.945362440940590160e-02	7.612406541963618110e+03
6.576224814588792211e-02	7.525609361318983247e+03
7.196632906698736953e-02	7.008085550602944750e+03
7.827860915688347743e-02	5.572968167258391986e+03
8.470398945834539672e-02	5.107238257262822117e+03
9.096854620527369817e-02	4.538801193006825088e+03
9.720789776830213169e-02	4.230604283804196712e+03
1.034763038959366499e-01	3.789679463321890125e+03
1.097576444254559219e-01	3.444887384468272558e+03
1.160543084780093354e-01	3.101304694538015156e+03
1.223669666537485351e-01	3.051846912891784996e+03
1.286817263090294094e-01	2.896664672714807693e+03
1.349500801664080818e-01	2.662060081559518494e+03
1.411949558842147678e-01	2.459668340552168502e+03
1.475133575747468451e-01	2.292479308905959442e+03
1.537865074252268427e-01	2.071386256670129569e+03
1.600657544051110326e-01	1.941449501637485128e+03
1.663991168687080635e-01	1.859335716027976105e+03
1.727195645776442856e-01	1.784884423414229104e+03
1.789765213377084718e-01	1.706111539950491533e+03
1.852353690647852158e-01	1.678476117152539928e+03
1.914806787341157279e-01	1.561438601734630311e+03
1.977889868651535599e-01	1.465097721185282808e+03
2.040937735447724277e-01	1.423624834229666021e+03
2.103939302609846018e-01	1.344242619862321135e+03
2.166909709822301688e-01	1.277535547799686128e+03
2.229700281216152047e-01	1.218334233197564345e+03
2.292620027086341994e-01	1.184716523028072743e+03
2.355141508366812297e-01	1.145549718036468221e+03
2.417910583817859116e-01	1.108980813001377101e+03
2.480856539439619257e-01	1.066404126472147482e+03
2.543492256872954549e-01	1.033742075301817977e+03
2.606334251884805386e-01	9.877452144274761849e+02
2.669257370896960802e-01	9.387929633131088849e+02
2.732423343141155980e-01	9.196706333956783510e+02
2.795529680084415936e-01	8.840677763018252335e+02
2.858366292314493129e-01	8.579421715349100168e+02
2.920876271394311496e-01	8.445762731753102344e+02
2.983449844439822751e-01	8.030657408630858072e+02
3.046382639407197446e-01	7.867278557055416286e+02
3.109279127003197196e-01	7.636188554021468917e+02
3.172168171618398036e-01	7.526089648420532967e+02
3.235187567944423082e-01	7.366112211970763610e+02
3.298168217550395687e-01	7.026516993081148712e+02
3.361176429457156667e-01	6.979932191304305888e+02
3.423700375709273769e-01	6.754165079206763949e+02
3.486478192666269682e-01	6.529043206602119653e+02
3.549411614411318028e-01	6.467432237068836685e+02
3.611916935421040642e-01	6.326587201615685672e+02
3.674767089563572564e-01	6.132528062955702808e+02
3.737647795277591056e-01	6.022981847888868288e+02
3.800654031475132477e-01	5.847369207215019742e+02
3.863539861259823738e-01	5.782438152674326375e+02
3.926140181364449755e-01	5.646758372593881177e+02
3.989264500321934581e-01	5.472102476239564339e+02
4.052073244576828714e-01	5.431238644260706678e+02
4.114916477570477182e-01	5.275869908888398641e+02
4.177814272116491257e-01	5.200054206839155313e+02
4.240400648725131116e-01	5.102162371332427711e+02
4.303425690270192283e-01	4.997830714545652881e+02
4.366358560255625965e-01	4.882206077498183845e+02
4.428996183220763605e-01	4.805419096938964572e+02
4.491634418529859563e-01	4.731798156521043666e+02
4.554414146254732731e-01	4.665653829399074084e+02
4.617634470301058558e-01	4.553102697839041184e+02
4.680644242023710433e-01	4.501493561249553750e+02
4.743485242764365895e-01	4.389797488144045587e+02
4.806356136815400082e-01	4.336524055852680135e+02
4.869019258388697646e-01	4.293935635363856136e+02
4.931697099599955947e-01	4.265284296708733223e+02
4.994506747144535908e-01	4.160874324809516338e+02
5.057159051335421429e-01	4.090465593224814711e+02
5.119923996268095356e-01	4.012415643176594244e+02
5.183126097768406826e-01	3.973321943754879726e+02
5.246089638029100000e-01	3.896491017606613809e+02
5.308757308483337267e-01	3.853562029221941998e+02
5.371573527946726934e-01	3.828212883723646200e+02
5.434579563783791256e-01	3.774692524584172588e+02
5.497430652392217842e-01	3.712699594167796135e+02
5.559937427501778773e-01	3.645400832043436026e+02
5.622854676609657654e-01	3.611615648627041537e+02
5.686011537227265711e-01	3.540900393089111731e+02
5.748804589422079614e-01	3.529208407497577582e+02
5.811550210340560296e-01	3.477906059656227740e+02
5.874394496660968468e-01	3.460673351317195738e+02
5.937176220296899176e-01	3.394503086501209737e+02
5.999971954793682505e-01	3.330090259144362790e+02
6.062679115124277596e-01	3.303010418877570373e+02
6.125469576444534381e-01	3.248375076649249991e+02
6.188477733041515272e-01	3.247838452969504601e+02
6.251310567437898813e-01	3.217735434046689420e+02
6.314027450383210560e-01	3.137261124114563700e+02
6.377003562732055375e-01	3.131557837665893089e+02
6.439857783314556494e-01	3.116726742562119057e+02
6.502685417166111925e-01	3.085911176845828550e+02
6.565586117699038216e-01	3.024863343044866610e+02
6.628369282359254377e-01	2.985532148191242072e+02
6.691185444962194362e-01	2.967346088883298307e+02
6.754070198575605755e-01	2.928051813966651480e+02
6.816835514593204692e-01	2.898079336568096096e+02
6.879592533861698112e-01	2.850357196635848140e+02
6.942344317039531587e-01	2.840431586482512785e+02
7.005175402434737908e-01	2.809053878866131413e+02
7.068124956608716758e-01	2.785520878631540995e+02
7.131019009674921527e-01	2.764851846446819081e+02
7.193918251171427247e-01	2.728470778969008279e+02
7.256833807598113140e-01	2.699384419662972618e+02
7.319652682709349989e-01	2.682993231954782800e+02
7.382507990484923344e-01	2.664500533571551273e+02
7.445265842115937893e-01	2.640202793421531737e+02
7.507871101942712455e-01	2.610162829200811530e+02
7.570758465316046459e-01	2.599895834503230390e+02
7.633641233600957365e-01	2.577855903454631630e+02
7.696462959862266917e-01	2.546020171980183306e+02
7.759394865175414102e-01	2.521314454624014445e+02
7.822329141989586843e-01	2.504798235423145343e+02
7.885314936520240181e-01	2.475241475125491490e+02
7.947896566979522071e-01	2.467967813284195415e+02
8.010491096592354809e-01	2.439994572727414379e+02
8.073364061727361651e-01	2.411872961970391884e+02
8.136229488373866170e-01	2.396624948067943990e+02
8.199152998961036776e-01	2.380171834338130736e+02
8.261952636392789762e-01	2.371379564753838736e+02
8.324897070080405914e-01	2.358942287933006980e+02
8.387959309210778480e-01	2.317149663018839476e+02
8.450634639703045181e-01	2.295679342794921354e+02
8.513282867562648182e-01	2.283495163543215085e+02
8.576198263902009566e-01	2.281369305302505381e+02
8.639058477062415697e-01	2.243102201997968450e+02
8.701838745487597837e-01	2.243534466637855758e+02
8.764641096075268534e-01	2.212153956320036627e+02
8.827503873399735745e-01	2.203562925514819142e+02
8.890332768393869323e-01	2.180213684594908159e+02
8.953084247113127780e-01	2.158817511113603302e+02
9.015956521667095602e-01	2.154445613566846873e+02
9.078833328094829680e-01	2.142531067003601777e+02
9.141744106319863450e-01	2.108030779395094783e+02
9.204630817717615043e-01	2.111851259858318599e+02
9.267434415264711456e-01	2.096167332306577862e+02
9.330324197354928906e-01	2.065073675176098220e+02
9.393265785573878812e-01	2.073250213403258897e+02
9.455974810398196650e-01	2.051380164575870424e+02
9.518660018545171964e-01	2.034485791455745698e+02
9.581413255531838757e-01	2.012183865661457105e+02
9.644350945109106954e-01	2.010957268224285883e+02
9.707355633568249820e-01	1.999901046537841012e+02
9.770080768450029041e-01	1.974308699977933088e+02
9.832823325363413414e-01	1.964296914968055603e+02
9.895569691966674686e-01	1.950569869217480630e+02
9.958456301921106979e-01	1.945641563351616128e+02
1.002136210743837408e+00	1.928392122401073436e+02
1.008404825335135424e+00	1.910545322522679044e+02
1.014694149836243398e+00	1.894660008891204370e+02
1.020992555437297167e+00	1.883433109503467051e+02
1.027273980437394485e+00	1.878419468651126465e+02
1.033559181896017254e+00	1.860287682810150613e+02
1.039847557392594934e+00	1.852475809429657545e+02
1.046126974943305088e+00	1.839281403753900861e+02
1.052403436811028659e+00	1.827847624914867595e+02
1.058680704651608684e+00	1.814735913326412629e+02
1.064964333065789193e+00	1.805199967690869585e+02
1.071256777440835473e+00	1.800452333926875781e+02
1.077544048801078125e+00	1.781654845880771632e+02
1.083824820188043603e+00	1.773891217186336462e+02
1.090108023942816695e+00	1.763533072827087835e+02
1.096389665956643222e+00	1.750037292916250067e+02
1.102681132058841440e+00	1.740356399883353333e+02
1.108963047594879958e+00	1.732373303774065789e+02
1.115225428463759272e+00	1.716118116496139976e+02
1.121502127614767863e+00	1.714587246883939429e+02
1.127792573824792033e+00	1.700914551565983004e+02
1.134089552668382961e+00	1.697033056271748421e+02
1.140364049650405942e+00	1.681081134143472013e+02
1.146639180320979445e+00	1.678438518399732686e+02
1.152942412991649901e+00	1.659730436938309310e+02
1.159228906751078814e+00	1.655398948730034761e+02
1.165508721887268173e+00	1.637477599962314514e+02
1.171793076256210320e+00	1.633912079655468972e+02
1.178087436369658958e+00	1.621942649308634259e+02
1.184367654251526902e+00	1.615849970593028218e+02
1.190634642299266632e+00	1.596751675465061453e+02
1.196912208834400859e+00	1.603024628309938464e+02
1.203201577354146234e+00	1.594330539634157731e+02
1.209486844441705733e+00	1.583314704221577927e+02
1.215763902074809888e+00	1.571900620586704349e+02
1.222049755171146668e+00	1.566676951797104493e+02
1.228340616621486969e+00	1.560281903569828046e+02
1.234632986576932767e+00	1.548213006542185894e+02
1.240902247176856488e+00	1.539816029066271312e+02
1.247174839144687519e+00	1.532206809143778230e+02
1.253465459933442272e+00	1.526022602849764382e+02
1.259749951892178421e+00	1.522436149934889329e+02
1.266032143127253873e+00	1.508743860675611472e+02
1.272316288472006507e+00	1.499177332629829777e+02
1.278604155058621350e+00	1.492722885431838620e+02
1.284886588933593865e+00	1.484879534780559709e+02
1.291175420066583257e+00	1.479144907211070290e+02
1.297465726373772332e+00	1.465588256622196468e+02
1.303741827011944299e+00	1.458666045019841988e+02
1.310017322922761851e+00	1.455628568372558220e+02
1.316301447662886703e+00	1.444874732526298828e+02
1.322586760363303249e+00	1.440238796655445128e+02
1.328865492452874664e+00	1.430925312224188133e+02
1.335144804954555564e+00	1.424106793771028663e+02
1.341440516272275119e+00	1.422271446961067340e+02
1.347730868417094552e+00	1.410918558302003589e+02
1.354001589994877630e+00	1.402701563848024477e+02
1.360282609297778444e+00	1.391688197156280751e+02
1.366565686457597906e+00	1.385832900736224644e+02
1.372851498482432708e+00	1.385845454475891927e+02
1.379135372929401804e+00	1.376285336892852627e+02
1.385409567149057164e+00	1.368440049497377231e+02
1.391698641219299315e+00	1.366927671742235475e+02
1.397984451439470810e+00	1.359112769858564604e+02
1.404267883409181961e+00	1.356292126408081913e+02
1.410554779484869181e+00	1.341670084127402731e+02
1.416837833547465397e+00	1.336435638833315522e+02
1.423118177187137068e+00	1.330986027209389704e+02
1.429397801164240089e+00	1.324450746348372263e+02
1.435686921822787232e+00	1.317196574657783401e+02
1.441977121769299597e+00	1.309121813769043001e+02
1.448253667853332427e+00	1.305762796962322909e+02
1.454532348972172651e+00	1.300891918964840670e+02
1.460819319151879903e+00	1.290221130788198991e+02
1.467110364402026468e+00	1.290828370287481732e+02
1.473392908948962132e+00	1.281058411218200206e+02
1.479669965243598950e+00	1.272956958923583812e+02
1.485956144602843532e+00	1.271674843194952160e+02
1.492233610763115115e+00	1.265161006686783196e+02
1.498502470379980078e+00	1.259759712209273346e+02
1.504785752051182701e+00	1.251544690239568354e+02
1.511075991894575976e+00	1.246778818240992308e+02
1.517361634985162189e+00	1.242337168933937050e+02
1.523648570969130533e+00	1.236369133656078105e+02
1.529938035715892264e+00	1.228809524383614047e+02
1.536230176913891965e+00	1.223091253333679163e+02
1.542510718779388279e+00	1.219271365095996913e+02
1.548783963082980275e+00	1.214683193424091314e+02
1.555073069779651318e+00	1.210922108766322509e+02
1.561357324927233892e+00	1.202746884250544070e+02
1.567629121053141006e+00	1.194246929455044608e+02
1.573913697404382583e+00	1.189830885155203930e+02
1.580203545230874029e+00	1.186841447294565768e+02
1.586485393434537983e+00	1.183750836840460039e+02
1.592760014263005841e+00	1.178424102601035059e+02
1.599046436394670812e+00	1.169918181332114102e+02
1.605342136637478934e+00	1.169129641875403252e+02
1.611619860919608627e+00	1.162918591645676969e+02
1.617897597081673799e+00	1.158961531446141322e+02
1.624183235481122756e+00	1.154796322726407567e+02
1.630464598531913722e+00	1.148169290040829651e+02
1.636748985747638274e+00	1.142969451405366357e+02
1.643030923698886259e+00	1.138269837673032612e+02
1.649309176648513064e+00	1.137618005181635112e+02
1.655593633940351861e+00	1.126421902701473812e+02
1.661879571405086464e+00	1.125731349264634957e+02
1.668169361685170271e+00	1.120076521716701876e+02
1.674450151530487485e+00	1.116854810347841038e+02
1.680722718978495900e+00	1.109522848312814745e+02
1.687013891340952476e+00	1.103659922105944560e+02
1.693308984907921033e+00	1.098404101585899753e+02
1.699582147428448486e+00	1.094388590606119465e+02
1.705863747055134105e+00	1.091496649567200024e+02
1.712154434283889470e+00	1.087227984371046290e+02
1.718438381579399321e+00	1.083914104645446059e+02
1.724721264464063930e+00	1.080707527594877178e+02
1.730997441276920679e+00	1.075145006387750186e+02
1.737287073528269499e+00	1.071105347138432933e+02
1.743567991878527401e+00	1.065989196054188142e+02
1.749840680212231048e+00	1.059820290608832494e+02
1.756128549091961144e+00	1.055854913653157610e+02
1.762413535324792502e+00	1.055713796282904013e+02
1.768696187669963837e+00	1.047711362411148883e+02
1.774979359379055266e+00	1.044656492080568881e+02
1.781265555576432957e+00	1.041447485876695112e+02
1.787549427830244619e+00	1.036871455543034273e+02
1.793834120011633004e+00	1.032517603524264160e+02
1.800115051552487300e+00	1.030714881874490771e+02
1.806393904854530330e+00	1.024938420477581786e+02
1.812674089667083432e+00	1.020811773677450560e+02
1.818956920109354058e+00	1.017186693578422734e+02
1.825244164118212220e+00	1.010713792388405494e+02
1.831527256642196955e+00	1.007969528149313021e+02
1.837811294935716599e+00	1.004738960603597491e+02
1.844100717411196744e+00	1.000770204068708864e+02
1.850384816792487230e+00	9.989921442248869710e+01
1.856666059735203822e+00	9.924866687194146664e+01
1.862947728675613979e+00	9.893135787916746438e+01
1.869229324466858078e+00	9.848175433667098844e+01
1.875517616802973686e+00	9.797470563540292687e+01
1.881800769033795229e+00	9.786081075594668732e+01
1.888078863416442710e+00	9.745400713339745380e+01
1.894353975182237582e+00	9.725786400575687196e+01
1.900642716154182565e+00	9.668521416180244898e+01
1.906933494748685121e+00	9.612882730433456402e+01
1.913207568676573933e+00	9.606283358416524720e+01
1.919490884732178992e+00	9.565371073286290482e+01
1.925776855684274480e+00	9.531115105895739248e+01
1.932064452961978152e+00	9.497871292252376918e+01
1.938342610030488800e+00	9.449799362723291551e+01
1.944618341543410178e+00	9.428126415144957662e+01
1.950906260203513876e+00	9.373441597525027191e+01
1.957194556613796488e+00	9.340027191165171416e+01
1.963479614559011432e+00	9.309959733837879980e+01
1.969760361532916226e+00	9.290757709626167582e+01
1.976048367034604736e+00	9.265031607341114750e+01
1.982337990217652335e+00	9.200101861524863978e+01
1.988617489259562721e+00	9.173404367928912961e+01
1.994896320665194178e+00	9.153007916405000799e+01
2.001179596222827151e+00	9.111041715139441521e+01
2.007459756923499761e+00	9.066647792593367683e+01
2.013737397779169935e+00	9.063877271673888458e+01
2.020017234677497164e+00	9.029444313477063133e+01
2.026310251015072783e+00	8.973544771282141141e+01
2.032600542948020284e+00	8.952144385947170235e+01
2.038873863192099289e+00	8.916058997326595659e+01
2.045154087821675404e+00	8.896033747721260454e+01
2.051444704514288730e+00	8.840929187444807269e+01
2.057730430280644729e+00	8.839303942510917977e+01
2.064013940455224461e+00	8.794273612221589076e+01
2.070299891179459895e+00	8.785118403981874735e+01
2.076589719964883951e+00	8.730605408193305550e+01
2.082865483794470673e+00	8.691681857723150983e+01
2.089134494859368640e+00	8.672340936753380447e+01
2.095424211360070288e+00	8.643757046757292528e+01
2.101707116664804254e+00	8.592426499246289495e+01
2.107986473933564309e+00	8.600974325604003923e+01
2.114271806543862375e+00	8.544217695778365851e+01
2.120552717288892275e+00	8.525934126569418936e+01
2.126836933207161717e+00	8.486300471318689631e+01
2.133122044791171845e+00	8.459095690420204505e+01
2.139411711910842673e+00	8.420712959785967655e+01
2.145697076775292089e+00	8.384334822260694864e+01
2.151973548606471276e+00	8.356085339063095319e+01
2.158259913555724108e+00	8.345618542027264652e+01
2.164545396699105506e+00	8.318579541740459149e+01
2.170830700377734068e+00	8.280693595807440488e+01
2.177114138849150393e+00	8.254095406262915446e+01
2.183387647576827018e+00	8.215209495697693853e+01
2.189670273687676971e+00	8.197638893202710619e+01
2.195960147934207463e+00	8.164128909277064849e+01
2.202242556317716371e+00	8.129208330901467150e+01
2.208521655981037668e+00	8.123217171487765143e+01
2.214804637081333016e+00	8.080039093710519182e+01
2.221092583349425276e+00	8.060068435325212022e+01
2.227372893591468728e+00	8.035676646776546761e+01
2.233657161144248171e+00	8.000918296905153682e+01
2.239943485394438660e+00	7.972067970238759926e+01
2.246224175264620815e+00	7.958531288940126558e+01
2.252506378421252009e+00	7.917913818144070603e+01
2.258783417054270437e+00	7.886820432663051861e+01
2.265069077371457684e+00	7.867322641094310143e+01
2.271350377044131452e+00	7.857308120014062069e+01
2.277633995145353918e+00	7.810182272530673231e+01
2.283922419579920149e+00	7.787613154863254294e+01
2.290202874392252674e+00	7.770094597592066066e+01
2.296490779970905560e+00	7.743597744218769208e+01
2.302771769934229162e+00	7.727478876860688217e+01
2.309051364164305564e+00	7.702510739207403390e+01
2.315338502539088239e+00	7.668735311517136211e+01
2.321627336503874428e+00	7.653028094159813577e+01
2.327911878297218795e+00	7.613504877787566727e+01
2.334186238580297168e+00	7.598508789208884195e+01
2.340467971862688401e+00	7.580623889715775476e+01
2.346756940970738725e+00	7.554877144714737369e+01
2.353044444556199988e+00	7.527665198058082296e+01
2.359327653314069906e+00	7.504292935478341064e+01
2.365603048789861607e+00	7.474269924471465742e+01
2.371885911737665165e+00	7.441861707497767497e+01
2.378173303594019572e+00	7.433774152489455389e+01
2.384454016539381271e+00	7.413957725478276473e+01
2.390736447344785187e+00	7.400423824611544887e+01
2.397014133897952259e+00	7.361890521359497086e+01
2.403295490074321972e+00	7.343007162133375232e+01
2.409585049672506862e+00	7.322355501011391254e+01
2.415871703165322071e+00	7.286912284785327643e+01
2.422160652369088840e+00	7.261000973668419078e+01
2.428440167222748691e+00	7.255345684384063532e+01
2.434717472383889803e+00	7.232920463995648674e+01
2.441002456202044257e+00	7.192308539429382108e+01
2.447289980304530488e+00	7.177120596880395453e+01
2.453571844729242279e+00	7.170845593670119911e+01
2.459852705114058846e+00	7.152845732704513182e+01
2.466139233225018934e+00	7.131363630612266036e+01
2.472421963421291391e+00	7.104365055008858576e+01
2.478698519174224568e+00	7.075522257298784723e+01
2.484980841400355800e+00	7.073854310185423344e+01
2.491269319409339822e+00	7.042419601841534416e+01
2.497548505139029373e+00	7.021760293098364514e+01
2.503831667172610853e+00	7.006486443306272349e+01
2.510117938323931153e+00	6.998882425519717287e+01
2.516400733681277480e+00	6.963966033396941668e+01
2.522688226833368130e+00	6.932809316027052660e+01
2.528971695852665569e+00	6.933742206893927573e+01
2.535252039407670299e+00	6.905030083054829504e+01
2.541537514142774512e+00	6.900718186023495093e+01
2.547823008847572179e+00	6.859789272136792704e+01
2.554100666580690238e+00	6.844406378110608102e+01
2.560376788884177301e+00	6.830777804576138124e+01
2.566667521601497359e+00	6.814592636647608970e+01
2.572955062237090473e+00	6.794957027951106454e+01
2.579233771797999175e+00	6.786386587964625505e+01
2.585520164300948220e+00	6.767853307595625267e+01
2.591805130332431872e+00	6.746806619781897041e+01
2.598084074692260881e+00	6.742763302915544443e+01
2.604360404197643586e+00	6.710798455002158391e+01
2.610647185140439142e+00	6.703958816944243893e+01
2.616931864059273138e+00	6.680462181701224722e+01
2.623206107911065565e+00	6.662780283797269476e+01
2.629491626543270844e+00	6.655733751963934708e+01
2.635778507982642349e+00	6.624757424938476902e+01
2.642061039325260818e+00	6.620154334798669993e+01
2.648343840729305843e+00	6.610768661825014192e+01
2.654631838974855551e+00	6.598052570560922447e+01
2.660919001246303761e+00	6.575905131250323166e+01
2.667198525130066056e+00	6.563016766492975762e+01
2.673484307038032526e+00	6.551842012390726211e+01
2.679773388053849459e+00	6.531003315514301732e+01
2.686058217632288692e+00	6.510810790944142923e+01
2.692338738200057868e+00	6.502566614392269173e+01
2.698618022887226964e+00	6.483091425499635818e+01
2.704895450708277860e+00	6.465019044268396442e+01
2.711175674923682166e+00	6.460467353587273465e+01
2.717459832966957922e+00	6.447557336597016331e+01
2.723745731959044569e+00	6.431447346583225055e+01
2.730038414850594730e+00	6.420301086964529702e+01
2.736317989800789441e+00	6.410727068030561782e+01
2.742591858549239703e+00	6.385203352886696138e+01
2.748879749010778362e+00	6.375372176587308104e+01
2.755163403825859447e+00	6.371172113346072052e+01
2.761446955625852073e+00	6.345805324956395310e+01
2.767732088935374701e+00	6.334368755598666212e+01
2.774015452421743966e+00	6.319719337482457888e+01
2.780298635700591436e+00	6.321911277847785016e+01
2.786577474762241380e+00	6.302835057099404281e+01
2.792857983210164541e+00	6.298721981791353386e+01
2.799143790920211483e+00	6.284300514682698946e+01
2.805430058399325244e+00	6.272228197364355395e+01
2.811715058209780072e+00	6.260304454108975136e+01
2.817989272498773623e+00	6.242793689795281153e+01
2.824269171595737760e+00	6.251919297182988799e+01
2.830563016441804081e+00	6.242351906654205607e+01
2.836848750951622034e+00	6.225437102927421762e+01
2.843130027866129783e+00	6.206863606875185013e+01
2.849413896912404986e+00	6.205013228780242684e+01
2.855697464522425566e+00	6.193647316688230120e+01
2.861978799810683594e+00	6.180785184559776724e+01
2.868262469415629567e+00	6.181364476843739908e+01
2.874547359206753860e+00	6.163835086783352324e+01
2.880831111471525041e+00	6.161903627911648584e+01
2.887113216972382546e+00	6.156138770089090428e+01
2.893394504725182781e+00	6.149079310600779280e+01
2.899673662137033592e+00	6.132869406566064185e+01
2.905953958587380814e+00	6.134844510815278085e+01
2.912241118105161064e+00	6.128208938842141862e+01
2.918525996366671205e+00	6.113875669542120050e+01
2.924809035425688819e+00	6.106068376647178297e+01
2.931095916293684933e+00	6.101666772419692109e+01
2.937378182606774413e+00	6.099221297380259443e+01
2.943659980254369923e+00	6.096286515358422520e+01
2.949946454403890250e+00	6.089730674079938666e+01
2.956227653702202307e+00	6.075444286400116312e+01
2.962510478867462993e+00	6.071016634281085800e+01
2.968796535179442309e+00	6.075437183888111292e+01
2.975077657376874907e+00	6.067886511542955930e+01
2.981359866759223376e+00	6.072031464016376390e+01
2.987646761575656562e+00	6.064487663720921518e+01
2.993929038370399365e+00	6.056019149691521619e+01
3.000206214840962726e+00	6.060422595046202332e+01
3.006486172402415669e+00	6.045675286381696623e+01
3.012769812211594456e+00	6.046644555124336051e+01
3.019053144326170113e+00	6.046566196241779778e+01
3.025337405144251424e+00	6.038280077422569292e+01
3.031623734799107961e+00	6.042598870548635404e+01
3.037908962055872575e+00	6.041265474175150274e+01
3.044195067146031608e+00	6.039393780541625745e+01
3.050475543482170426e+00	6.035267683168443398e+01
3.056754954538277502e+00	6.038075053092927647e+01
3.063040539557494668e+00	6.030351060460880319e+01
3.069323699454357346e+00	6.028871275929989082e+01
3.075610692642898769e+00	6.036761686509451863e+01
3.081893798009918584e+00	6.034766451430207468e+01
3.088174549548037717e+00	6.032245166619477317e+01
3.094458635632868493e+00	6.038052099205847156e+01
3.100743982931558840e+00	6.041347370488816182e+01
3.107028111748448396e+00	6.049449270058585881e+01
3.113309299655494300e+00	6.047980920876169364e+01
3.119590662867241626e+00	6.048028737042542247e+01
3.125874006820172912e+00	6.046946470306819776e+01
3.132159251154602586e+00	6.044037988775627923e+01
3.138439172765940643e+00	6.060624368005272800e+01
3.144723867719826593e+00	6.058715622163011005e+01
3.151003951258561031e+00	6.077487426014035776e+01
3.157283664131563139e+00	6.076397325453581999e+01
3.163569317183839935e+00	6.082381563982847439e+01
3.169851661717792091e+00	6.088288788728079481e+01
3.176137704316093657e+00	6.099164424724352784e+01
3.182420924828643916e+00	6.094836400727226078e+01
3.188702811875577581e+00	6.099636260165614488e+01
3.194990520008989865e+00	6.102375699705243761e+01
3.201275324656983834e+00	6.127894695364263811e+01
3.207551352179861759e+00	6.125086541861233513e+01
3.213835216737041645e+00	6.134088681025097856e+01
3.220122579819103770e+00	6.138708697432819861e+01
3.226406606618656525e+00	6.130175699402570899e+01
3.232687390085645429e+00	6.106357560220697422e+01
3.238969121280456331e+00	6.079694141759034665e+01
3.245254751548589667e+00	6.083080863427101548e+01
3.251534499036136783e+00	6.063847526116043696e+01
3.257817780791052442e+00	6.054451272487838764e+01
3.264102164154097263e+00	6.046967669065257667e+01
3.270384152138468892e+00	6.023540816558777777e+01
3.276669427476867735e+00	6.025036854709968992e+01
3.282954688864507808e+00	5.994194411120989940e+01
3.289237200334947264e+00	5.992241747296674959e+01
3.295519587088236779e+00	5.988144179445727389e+01
3.301805977329951958e+00	5.967845621084639163e+01
3.308087486222440088e+00	5.967134067539394238e+01
3.314367630234227313e+00	5.950998707234524687e+01
3.320651909732194262e+00	5.934157797185189764e+01
3.326931260376857047e+00	5.930121748126725834e+01
3.333216512447217728e+00	5.918316229876110413e+01
3.339504489419978128e+00	5.904935155596145790e+01
3.345786804809928405e+00	5.901233604812700406e+01
3.352071130016277767e+00	5.887843338136701021e+01
3.358351496304225581e+00	5.874586872285357941e+01
3.364630591073392019e+00	5.870915561613338696e+01
3.370916305215045483e+00	5.853467999412875855e+01
3.377197952029413752e+00	5.845797015925104745e+01
3.383483063818085501e+00	5.844492723901687015e+01
3.389769992424469969e+00	5.833333310527029880e+01
3.396051330885982100e+00	5.836362544260967411e+01
3.402330879139463971e+00	5.807026754596946461e+01
3.408610488352048495e+00	5.809856364914494264e+01
3.414897837696641236e+00	5.790908145074713786e+01
3.421180484052105619e+00	5.793792159357314375e+01
3.427461639653846870e+00	5.780687447194916473e+01
3.433749159643459059e+00	5.768214819106898261e+01
3.440032646656798310e+00	5.762037519585339851e+01
3.446313366033385339e+00	5.764621451208572012e+01
3.452600135384134905e+00	5.755228313417372021e+01
3.458883152815406703e+00	5.751159753963093380e+01
3.465163834403715448e+00	5.735284678766828392e+01
3.471449329786229221e+00	5.730390035354566436e+01
3.477734476754053894e+00	5.720712014529317457e+01
3.484019652467224226e+00	5.717214932118778137e+01
3.490297019369712928e+00	5.716981900124047655e+01
3.496582486484379970e+00	5.705165581784590501e+01
3.502868048046865024e+00	5.689367634154566389e+01
3.509144649545451244e+00	5.684339521095763814e+01
3.515428082003116295e+00	5.682261341901568130e+01
3.521711031624695565e+00	5.675367596234507062e+01
3.527991850954735664e+00	5.671858632245801601e+01
3.534275545726699885e+00	5.659562658266499113e+01
3.540562632020772149e+00	5.661536339627509307e+01
3.546844410757220789e+00	5.651161237681618132e+01
3.553131386753758836e+00	5.644922152561241546e+01
3.559419203211965144e+00	5.635169751433076613e+01
3.565697971577579839e+00	5.634427835378171778e+01
3.571979559134798254e+00	5.624428536595445394e+01
3.578265774595833726e+00	5.621371358722459632e+01
3.584548309769353125e+00	5.622469219462787038e+01
3.590826843920031486e+00	5.620877625242430753e+01
3.597107306745233934e+00	5.603127009123011248e+01
3.603392831792229245e+00	5.610160073906263989e+01
3.609673209822572559e+00	5.594587726004098727e+01
3.615955412133016189e+00	5.593982117563398759e+01
3.622241607772384686e+00	5.593509283390447706e+01
3.628520252736676444e+00	5.586369853735691748e+01
3.634804827569451113e+00	5.582603417226937381e+01
3.641094981788862928e+00	5.574359021256296387e+01
3.647383514928639325e+00	5.570876436214756211e+01
3.653663283927725658e+00	5.572478312442027004e+01
3.659943504072155296e+00	5.561229724975971322e+01
3.666232000281138603e+00	5.564100987155775613e+01
3.672514211678317597e+00	5.558799949462243717e+01
3.678794154686042539e+00	5.555145907433308849e+01
3.685078621861909820e+00	5.552761354068938005e+01
3.691359210097977961e+00	5.542669084228602117e+01
3.697642368173791105e+00	5.539566071947229631e+01
3.703925796735277665e+00	5.543819798542475041e+01
3.710208240364660348e+00	5.530104034846176120e+01
3.716494593122387169e+00	5.536360643367645196e+01
3.722775386659595398e+00	5.548222657605357711e+01
3.729058392883481510e+00	5.528373367928075766e+01
3.735339748210807720e+00	5.533329494587923847e+01
3.741620776392969638e+00	5.524412872899371507e+01
3.747904795418762980e+00	5.525614894603093319e+01
3.754190633281219380e+00	5.530619218424234163e+01
3.760478208018912749e+00	5.527293930487310547e+01
3.766755538573464346e+00	5.529435908615103301e+01
3.773032090135151506e+00	5.523090000600640792e+01
3.779322553012896879e+00	5.517608289235088392e+01
3.785609109731308930e+00	5.515745441921355763e+01
3.791889825936295200e+00	5.525109237989231303e+01
3.798174822702435893e+00	5.512940789730580349e+01
3.804458658753491651e+00	5.510641799940564312e+01
3.810738438095723435e+00	5.506589956922787366e+01
3.817018850285747167e+00	5.522743769534520197e+01
3.823305314209427763e+00	5.507026584751171328e+01
3.829591295197792178e+00	5.518809695049682063e+01
3.835872296070849341e+00	5.512120936938629967e+01
3.842156279590906109e+00	5.521199583627814889e+01
3.848441511099312429e+00	5.522357849977204580e+01
3.854723334376886079e+00	5.515749740937838652e+01
3.861004740704794713e+00	5.528509285801797546e+01
3.867284336650660848e+00	5.520305216320226549e+01
3.873567367678779849e+00	5.519422717588410165e+01
3.879850662830422792e+00	5.522527359732570318e+01
3.886137063198143338e+00	5.527875938481665941e+01
3.892419463049126005e+00	5.530259422633255184e+01
3.898703740328622658e+00	5.527850917411036846e+01
3.904991458788179326e+00	5.529810392283384601e+01
3.911270842222104083e+00	5.529569212449095517e+01
3.917549806479573071e+00	5.533308060852213117e+01
3.923836006203090587e+00	5.536413979335137725e+01
3.930121452497870926e+00	5.540487206546152521e+01
3.936398172858230460e+00	5.537625063057074470e+01
3.942683040425962293e+00	5.542299244444787831e+01
3.948974759704379611e+00	5.541804942198323403e+01
3.955259227995065352e+00	5.548701135112171556e+01
3.961537174921395454e+00	5.565557821420804885e+01
3.967820217617139544e+00	5.567792405822611812e+01
3.974105559832568968e+00	5.573403302182881447e+01
3.980384727931198352e+00	5.574811286440868230e+01
3.986664590839849698e+00	5.578261729847631045e+01
3.992949619150675034e+00	5.571292341702935857e+01
3.999235075769965952e+00	5.583399406514257635e+01
4.005515715515433506e+00	5.592925081921198682e+01
4.011798434346478537e+00	5.609406139133576374e+01
4.018083716245132386e+00	5.596640840195877331e+01
4.024365700052603856e+00	5.602618485153048766e+01
4.030643960839860540e+00	5.611513526273237318e+01
4.036928708926215137e+00	5.619081933882497992e+01
4.043218157412017177e+00	5.617573716961202024e+01
4.049503019487663558e+00	5.637090586382882407e+01
4.055781898960511000e+00	5.648509998574845525e+01
4.062060795621602161e+00	5.650896022435309618e+01
4.068347865354716042e+00	5.652453182938481291e+01
4.074631027173265529e+00	5.654964725969487205e+01
4.080910837526078971e+00	5.670896900182270173e+01
4.087201203341442657e+00	5.665012821603419013e+01
4.093486818591942189e+00	5.684388140861402405e+01
4.099764387336505500e+00	5.693694487835455931e+01
4.106049166937662420e+00	5.696442428988264339e+01
4.112334559041358695e+00	5.706574523685144840e+01
4.118618926059533614e+00	5.705918766875756631e+01
4.124898942031112625e+00	5.716900475702708206e+01
4.131175432561665417e+00	5.726478180162346376e+01
4.137461563786142271e+00	5.737743019141613843e+01
4.143746006210170307e+00	5.749444892809678009e+01
4.150029800482964326e+00	5.760452625278613681e+01
4.156313390684649001e+00	5.778005290935712424e+01
4.162596105843763716e+00	5.778417633926779473e+01
4.168881843141768684e+00	5.796756551259129253e+01
4.175162111073220217e+00	5.799708904750293215e+01
4.181448573417560155e+00	5.820307021935321501e+01
4.187738782464171194e+00	5.829448602799252654e+01
4.194017437180169061e+00	5.831750151463641174e+01
4.200293572701767175e+00	5.853692505527173040e+01
4.206580195481546269e+00	5.855773588442231414e+01
4.212860644652220543e+00	5.872038914238436291e+01
4.219138153430114002e+00	5.881951603717812560e+01
4.225426162098283811e+00	5.891980823517990729e+01
4.231713506719782636e+00	5.916308715152969455e+01
4.237990056577191744e+00	5.927687423244772447e+01
4.244267783646744618e+00	5.923357736871827228e+01
4.250560660182562955e+00	5.950314349710830442e+01
4.256847734842668096e+00	5.949329700857586545e+01
4.263127100734456221e+00	5.960498817058960697e+01
4.269406860432507500e+00	5.985658129283676487e+01
4.275691671482192646e+00	5.994910050204357077e+01
4.281972414189518794e+00	6.000807856946683927e+01
4.288253516806755705e+00	6.019882247118194130e+01
4.294540520160492925e+00	6.031471670115185901e+01
4.300825742921731809e+00	6.053688167298178513e+01
4.307109835491901961e+00	6.064398920616528699e+01
4.313390926478413157e+00	6.097039998121321247e+01
4.319667979480563247e+00	6.086262890711076778e+01
4.325952598143786076e+00	6.108565469258657288e+01
4.332241647035422361e+00	6.129356858341255077e+01
4.338524445619096781e+00	6.129050810355830237e+01
4.344809348131129845e+00	6.137442524182110049e+01
4.351090699193166600e+00	6.166496760156057633e+01
4.357369710808320029e+00	6.181215482157611518e+01
4.363659348967174445e+00	6.191499144298877155e+01
4.369947418280990981e+00	6.213844875251516697e+01
4.376226569265827315e+00	6.223659158152175053e+01
4.382499356631129217e+00	6.235649470908622050e+01
4.388784975178015024e+00	6.266382956916182678e+01
4.395068696309480494e+00	6.261819640258509168e+01
4.401347962382031298e+00	6.278313137330683702e+01
4.407628405096517099e+00	6.281160222636495405e+01
4.413915862185140426e+00	6.285814805355268930e+01
4.420203163534264235e+00	6.328211712943614486e+01
4.426480311003382795e+00	6.329000232655409519e+01
4.432765973643649104e+00	6.354788566936885985e+01
4.439053392023870614e+00	6.351386291307912302e+01
4.445336141335588742e+00	6.374284988615151093e+01
4.451617241414883352e+00	6.378299776626599993e+01
4.457901500730311106e+00	6.387480920514279603e+01
4.464189501093017043e+00	6.406049680291297932e+01
4.470470197548729985e+00	6.411515803896338639e+01
4.476748044268524573e+00	6.411467121986493112e+01
4.483035990164653484e+00	6.410879817509783152e+01
4.489323331650528104e+00	6.415197102049840794e+01
4.495599111667934800e+00	6.421118805531084206e+01
4.501870922878794090e+00	6.426805443791795369e+01
4.508155162877705457e+00	6.434101662774574493e+01
4.514446451153479423e+00	6.429512130833012407e+01
4.520723894043856994e+00	6.438266841270602470e+01
4.527003782460155890e+00	6.413229577944409243e+01
4.533293086610313161e+00	6.416184845158420558e+01
4.539578989864040182e+00	6.403914983394537330e+01
4.545857164866476730e+00	6.399993657249790857e+01
4.552138955546025656e+00	6.402032235939003613e+01
4.558432046889146605e+00	6.382688760024565511e+01
4.564713463378488711e+00	6.363658118866010227e+01
4.570987274133244682e+00	6.361095036078958742e+01
4.577274818151045643e+00	6.375287261043418852e+01
4.583563263889338657e+00	6.351892640941592560e+01
4.589844917004465508e+00	6.393638425928033087e+01
4.596126259982004747e+00	6.355986412117034234e+01
4.602409075598298926e+00	6.368834560165842618e+01
4.608696634867644804e+00	6.393637761533608455e+01
4.614977646498861219e+00	6.380083914723063288e+01
4.621258953029527383e+00	6.396947021541667056e+01
4.627547993978874175e+00	6.395447352167635557e+01
4.633830152730579854e+00	6.417652618996619651e+01
4.640104005367354567e+00	6.413415947581501086e+01
4.646382060386754276e+00	6.391643653338496733e+01
4.652674213731970987e+00	6.418835835712506821e+01
4.658958291796220230e+00	6.410602728191258848e+01
4.665233615070169648e+00	6.416225835432857139e+01
4.671520675710307380e+00	6.427752640441768506e+01
4.677814351732177300e+00	6.455845826572505075e+01
4.684093699744638073e+00	6.448619497453026383e+01
4.690368661472568590e+00	6.474774298543904649e+01
4.696663270746453733e+00	6.469148696536473153e+01
4.702945459248681459e+00	6.510278759200237175e+01
4.709209170841929470e+00	6.526134840319409136e+01
4.715491634753063543e+00	6.512720256603407165e+01
4.721784316284933780e+00	6.527041365470117285e+01
4.728063062331094635e+00	6.526310000849268533e+01
4.734337423381671073e+00	6.541428832334295862e+01
4.740627024094544062e+00	6.574876212606102399e+01
4.746914995664547554e+00	6.571432237954348921e+01
4.753194740071086777e+00	6.607231117058518066e+01
4.759478891864783456e+00	6.620092154086971448e+01
4.765762396877359031e+00	6.637638917370846059e+01
4.772049481246195768e+00	6.654066699500395998e+01
4.778335091022592351e+00	6.661979775133934822e+01
4.784610831402393849e+00	6.675062264927328215e+01
4.790907306208476157e+00	6.674036869097702152e+01
4.797204047706418173e+00	6.702197927091017959e+01
4.803470827697504220e+00	6.725292434419716869e+01
4.809748850577324042e+00	6.711171353581863741e+01
4.816045316586602176e+00	6.765221619564017885e+01
4.822329240673497885e+00	6.815702632435662167e+01
4.828596758226470165e+00	6.803431894171302474e+01
4.834890332961369275e+00	6.802542373982981871e+01
4.841191655056394261e+00	6.866877537942750109e+01
4.847460407468000554e+00	6.870734227889452939e+01
4.853732128521334843e+00	6.905992865526684454e+01
4.860029138783373170e+00	6.909980483316053324e+01
4.866314601732018019e+00	6.918929923012721872e+01
4.872587026269203925e+00	6.986320553027314872e+01
4.878874221748241702e+00	6.956969786506624587e+01
4.885171078138658807e+00	7.020481367256498118e+01
4.891450629931857641e+00	7.025343233183014036e+01
4.897716482750221978e+00	7.052076159292829516e+01
4.904002834596266069e+00	7.066092547667653889e+01
4.910295858205786068e+00	7.127594600841177908e+01
4.916575188115905881e+00	7.173169613082583851e+01
4.922847946197084212e+00	7.171900222680667980e+01
4.929131667457151700e+00	7.197651115299744617e+01
4.935434460144239033e+00	7.209512231933625515e+01
4.941718513303545279e+00	7.226102724495461871e+01
4.947978624761803168e+00	7.262126656325166607e+01
4.954274999209829389e+00	7.290873288486420734e+01
4.960571094729937514e+00	7.356259945776103848e+01
4.966823207626954506e+00	7.350381525681720518e+01
4.973097418390337587e+00	7.415244691367855978e+01
4.979415129936382023e+00	7.419232453483655831e+01
4.985702082330368157e+00	7.474493591011882643e+01
4.991949985828016523e+00	7.490509179110954108e+01
4.998241586316924057e+00	7.538270211898448281e+01
5.004556635606089543e+00	7.538117796381929736e+01
5.010828655701208945e+00	7.609356116153530536e+01
5.017077229702536556e+00	7.610222878886823139e+01
5.023374414758113637e+00	7.679647832619285452e+01
5.029688873569548413e+00	7.721238286573201037e+01
5.035958413584124216e+00	7.737209746325937942e+01
5.042232667658486989e+00	7.747193140021475699e+01
5.048528755870775875e+00	7.857718372945322471e+01
5.054821121427484520e+00	7.853852130270720977e+01
5.061069509814582368e+00	7.939194491749582028e+01
5.067347812754101177e+00	8.016742649695417811e+01
5.073675050630431116e+00	8.007124560367640242e+01
5.079945928388977627e+00	8.109502637052122509e+01
5.086192992546071601e+00	8.058369561103818057e+01
5.092484128970163226e+00	8.183912524236262698e+01
5.098802924706086870e+00	8.253639732659974015e+01
5.105078217426394005e+00	8.225194051222963765e+01
5.111325076574067872e+00	8.310042568313392053e+01
5.117628358851224135e+00	8.360857293440125204e+01
5.123935939383525984e+00	8.475261597518996837e+01
5.130199176325612065e+00	8.516038143462779431e+01
5.136469985878846956e+00	8.548564561939396356e+01
5.142797788696348071e+00	8.526229038537513816e+01
5.149090378043822192e+00	8.632856622690677284e+01
5.155289879840074363e+00	8.685879909368557605e+01
5.161564521234301317e+00	8.783470700490285310e+01
5.167916673496016244e+00	8.789998446756315786e+01
5.174205974602950064e+00	8.956076822390578229e+01
5.180434820793812456e+00	8.917291284837918397e+01
5.186729096569634656e+00	8.965025954902957039e+01
5.193058481037780894e+00	9.098981347200941627e+01
5.199319511444338460e+00	9.200192978994101622e+01
5.205574295584361799e+00	9.113926531542213638e+01
5.211894977074066126e+00	9.229498270126219950e+01
5.218201708336958511e+00	9.419079870981198610e+01
5.224411911780083351e+00	9.441173329542340298e+01
5.230677632666463239e+00	9.412903151928841794e+01
5.237056729559757429e+00	9.616269506501852504e+01
5.243336785035660697e+00	9.625241975990388710e+01
5.249493476178225038e+00	9.830513585204073479e+01
5.255787017738318134e+00	9.861924439943663856e+01
5.262205327426889845e+00	9.885663622969818221e+01
5.268477758348532269e+00	1.001906533069473113e+02
5.274632213654732560e+00	1.002008474930689488e+02
5.280950543314659740e+00	1.023497332370907458e+02
5.287327645024750389e+00	1.023110365505138333e+02
5.293582359180156516e+00	1.033358779909025174e+02
5.299789992649893478e+00	1.049564747578781834e+02
5.306111460381987222e+00	1.049264329323448237e+02
5.312452717892129250e+00	1.059215418969088347e+02
5.318650122853046724e+00	1.075315572574437937e+02
5.324923043129819789e+00	1.087608459274225794e+02
5.331330237158205421e+00	1.093425715758104104e+02
5.337586726886338617e+00	1.098027202194171110e+02
5.343685192440848830e+00	1.110085073243098890e+02
5.350070659715249199e+00	1.106656389046607813e+02
5.356556762554878226e+00	1.143041732746594477e+02
5.362691868684501095e+00	1.146190715105281299e+02
5.368769208912516966e+00	1.162118825559657580e+02
5.375270137997677722e+00	1.174416011907218689e+02
5.381769983045385786e+00	1.172086896323597074e+02
5.387701030372958222e+00	1.181390406445036376e+02
5.393786668001271600e+00	1.224294843417136320e+02
5.400446161099396569e+00	1.221647368414092369e+02
5.406957063684501463e+00	1.266957336426339964e+02
5.412655672453426270e+00	1.251786275098680790e+02
5.418821279260546575e+00	1.254253192916530963e+02
5.425690594366304076e+00	1.300496117380826320e+02
5.432217487502165376e+00	1.296308578328578847e+02
5.437649811577258241e+00	1.342215218637379905e+02
5.443914404015878006e+00	1.309839372954193664e+02
5.450953501686320202e+00	1.316895995865390887e+02
5.457483690405861232e+00	1.351066926175737706e+02
5.462715250135157241e+00	1.377046205884694814e+02
5.469033575551323523e+00	1.385159419925950601e+02
5.476177730420278778e+00	1.410062841086850938e+02
5.482708935702562236e+00	1.439524677230123189e+02
5.487722405008360838e+00	1.404323795706553994e+02
5.494194284996126498e+00	1.428468558621146656e+02
5.501391471009256406e+00	1.512761936041941624e+02
5.507128202673079009e+00	1.439935318232106738e+02
5.512278020050448646e+00	1.476162493949859424e+02
5.519395563377015534e+00	1.572426562609105645e+02
5.526598678609708770e+00	1.476555899150637856e+02
5.532162682462509196e+00	1.496624857698745359e+02
5.537397124017139127e+00	1.567399447387360567e+02
5.544582756485218589e+00	1.630124081200149249e+02
5.551739327507637434e+00	1.692822748388946650e+02
5.557493306674907707e+00	1.546829172423457806e+02
5.562281709102816940e+00	9.116458322297691552e+01
5.569272720323164449e+00	6.978558227321038032e+01
