8.899641224696953554e-03	5.235407776863486506e+05
1.507912216506557788e-02	2.550575109395896725e+05
2.144790186456836667e-02	1.741510666040732758e+05
2.783660776489276650e-02	7.854488040872852434e+04
3.435099785803411021e-02	4.214747644857082196e+04
4.047886761425745911e-02	2.756084267137744246e+04
4.676716683575679601e-02	2.781414742549094080e+04
5.308225101765951665e-02	3.252424841650529197e+04
5.945362440940590160e-02	2.861859035404319366e+04
6.576224814588792211e-02	2.303964931356539455e+04
7.196632906698736953e-02	1.680818261835934027e+04
7.827860915688347743e-02	1.266952295761810637e+04
8.470398945834539672e-02	1.028601457412517993e+04
9.096854620527369817e-02	9.725933639584056436e+03
9.720789776830213169e-02	8.859804390139284806e+03
1.034763038959366499e-01	8.792455314216367697e+03
1.097576444254559219e-01	7.892274615632845780e+03
1.160543084780093354e-01	7.460834212317426136e+03
1.223669666537485351e-01	6.469342768668436293e+03
1.286817263090294094e-01	5.819810862832759085e+03
1.349500801664080818e-01	5.424043881957735721e+03
1.411949558842147678e-01	4.990526469464588445e+03
1.475133575747468451e-01	4.852097620165348417e+03
1.537865074252268427e-01	4.663994553316441852e+03
1.600657544051110326e-01	4.322956475206578034e+03
1.663991168687080635e-01	3.993006731681111432e+03
1.727195645776442856e-01	3.851729292331273427e+03
1.789765213377084718e-01	3.646963291199428113e+03
1.852353690647852158e-01	3.530268355551032528e+03
1.914806787341157279e-01	3.298528427453643417e+03
1.977889868651535599e-01	3.202091576121981234e+03
2.040937735447724277e-01	3.038874269919357630e+03
2.103939302609846018e-01	2.864540912715729519e+03
2.166909709822301688e-01	2.710075262769535129e+03
2.229700281216152047e-01	2.614061566461562506e+03
2.292620027086341994e-01	2.518038764234191149e+03
2.355141508366812297e-01	2.470079600398784351e+03
2.417910583817859116e-01	2.374474261816930721e+03
2.480856539439619257e-01	2.311333953755531638e+03
2.543492256872954549e-01	2.243146790765146761e+03
2.606334251884805386e-01	2.141308019769561724e+03
2.669257370896960802e-01	2.070176915705455031e+03
2.732423343141155980e-01	2.006123553946053107e+03
2.795529680084415936e-01	1.951030430888199362e+03
2.858366292314493129e-01	1.894458768764449133e+03
2.920876271394311496e-01	1.886512480438222155e+03
2.983449844439822751e-01	1.786774788677750166e+03
3.046382639407197446e-01	1.756509859501122492e+03
3.109279127003197196e-01	1.709682096640597820e+03
3.172168171618398036e-01	1.660860884063919229e+03
3.235187567944423082e-01	1.631710910082326336e+03
3.298168217550395687e-01	1.594538277075086398e+03
3.361176429457156667e-01	1.558619811602425216e+03
3.423700375709273769e-01	1.539651160201150560e+03
3.486478192666269682e-01	1.493141024822532472e+03
3.549411614411318028e-01	1.449907477989825793e+03
3.611916935421040642e-01	1.401763116205441747e+03
3.674767089563572564e-01	1.410657594772008224e+03
3.737647795277591056e-01	1.378499137257678285e+03
3.800654031475132477e-01	1.361968836575423666e+03
3.863539861259823738e-01	1.315304468519419061e+03
3.926140181364449755e-01	1.284197889551445769e+03
3.989264500321934581e-01	1.281082885790478258e+03
4.052073244576828714e-01	1.246424413220580618e+03
4.114916477570477182e-01	1.214301642695759483e+03
4.177814272116491257e-01	1.203241934157207879e+03
4.240400648725131116e-01	1.173121018041839079e+03
4.303425690270192283e-01	1.160202787880411279e+03
4.366358560255625965e-01	1.158545138573704889e+03
4.428996183220763605e-01	1.125978448073872869e+03
4.491634418529859563e-01	1.114529477766293667e+03
4.554414146254732731e-01	1.109518268318877517e+03
4.617634470301058558e-01	1.087121409289751455e+03
4.680644242023710433e-01	1.070157050042633500e+03
4.743485242764365895e-01	1.048569892705516622e+03
4.806356136815400082e-01	1.032830568455626917e+03
4.869019258388697646e-01	1.020163910662624744e+03
4.931697099599955947e-01	9.973804925354955913e+02
4.994506747144535908e-01	9.856622696872735787e+02
5.057159051335421429e-01	9.712154440603831063e+02
5.119923996268095356e-01	9.575291988072539198e+02
5.183126097768406826e-01	9.465308836389332328e+02
5.246089638029100000e-01	9.355690411610257797e+02
5.308757308483337267e-01	9.312014411399840128e+02
5.371573527946726934e-01	9.139693327196536075e+02
5.434579563783791256e-01	9.063636492453332494e+02
5.497430652392217842e-01	8.940625266264232778e+02
5.559937427501778773e-01	8.762694260574495502e+02
5.622854676609657654e-01	8.588988664369136359e+02
5.686011537227265711e-01	8.521827624602814240e+02
5.748804589422079614e-01	8.437414418482420615e+02
5.811550210340560296e-01	8.316668051183555690e+02
5.874394496660968468e-01	8.280541862529507853e+02
5.937176220296899176e-01	8.165989242091020515e+02
5.999971954793682505e-01	8.106159745297119343e+02
6.062679115124277596e-01	7.947747496798676821e+02
6.125469576444534381e-01	7.854614462471195111e+02
6.188477733041515272e-01	7.776226109286965311e+02
6.251310567437898813e-01	7.652907991230229072e+02
6.314027450383210560e-01	7.602638454245707180e+02
6.377003562732055375e-01	7.487467176599819823e+02
6.439857783314556494e-01	7.458368470045742242e+02
6.502685417166111925e-01	7.392648225847957519e+02
6.565586117699038216e-01	7.330881107254793960e+02
6.628369282359254377e-01	7.214136930227284665e+02
6.691185444962194362e-01	7.122252012913002090e+02
6.754070198575605755e-01	7.049466898954404996e+02
6.816835514593204692e-01	6.970976785243027507e+02
6.879592533861698112e-01	6.909815894517798824e+02
6.942344317039531587e-01	6.858766196160725030e+02
7.005175402434737908e-01	6.770018123794521898e+02
7.068124956608716758e-01	6.716882081231602797e+02
7.131019009674921527e-01	6.686162653334362176e+02
7.193918251171427247e-01	6.582228127241751281e+02
7.256833807598113140e-01	6.486788972585633246e+02
7.319652682709349989e-01	6.466845382119715850e+02
7.382507990484923344e-01	6.351077533240775210e+02
7.445265842115937893e-01	6.314676910444444502e+02
7.507871101942712455e-01	6.263786170273380094e+02
7.570758465316046459e-01	6.198410768323225284e+02
7.633641233600957365e-01	6.156478098879731533e+02
7.696462959862266917e-01	6.078874675626706221e+02
7.759394865175414102e-01	6.005110426067003573e+02
7.822329141989586843e-01	5.935945741389622299e+02
7.885314936520240181e-01	5.856662634465183146e+02
7.947896566979522071e-01	5.858621245208606751e+02
8.010491096592354809e-01	5.814401648681506458e+02
8.073364061727361651e-01	5.712465907551822966e+02
8.136229488373866170e-01	5.697523181357336171e+02
8.199152998961036776e-01	5.613629736580139706e+02
8.261952636392789762e-01	5.566295047097219140e+02
8.324897070080405914e-01	5.508711706507044710e+02
8.387959309210778480e-01	5.481756499605913859e+02
8.450634639703045181e-01	5.449141215585337932e+02
8.513282867562648182e-01	5.387893653044238818e+02
8.576198263902009566e-01	5.342744307876304219e+02
8.639058477062415697e-01	5.253196364896020896e+02
8.701838745487597837e-01	5.214854878804851523e+02
8.764641096075268534e-01	5.206403277089384574e+02
8.827503873399735745e-01	5.155064535734104538e+02
8.890332768393869323e-01	5.097753478484017364e+02
8.953084247113127780e-01	5.056809357538845120e+02
9.015956521667095602e-01	5.033894120925298239e+02
9.078833328094829680e-01	4.964790567849286731e+02
9.141744106319863450e-01	4.957372251172674851e+02
9.204630817717615043e-01	4.885392086478945544e+02
9.267434415264711456e-01	4.832791369255394898e+02
9.330324197354928906e-01	4.799666653295169567e+02
9.393265785573878812e-01	4.777738998301632023e+02
9.455974810398196650e-01	4.744765520537540624e+02
9.518660018545171964e-01	4.711272478031055471e+02
9.581413255531838757e-01	4.665193060993406675e+02
9.644350945109106954e-01	4.631365126645455348e+02
9.707355633568249820e-01	4.598414429909756791e+02
9.770080768450029041e-01	4.567730232919387277e+02
9.832823325363413414e-01	4.509329999099857105e+02
9.895569691966674686e-01	4.473842429835733014e+02
9.958456301921106979e-01	4.443063550262011177e+02
1.002136210743837408e+00	4.418213203170535053e+02
1.008404825335135424e+00	4.379567854720162359e+02
1.014694149836243398e+00	4.342372376753187950e+02
1.020992555437297167e+00	4.323197233846075278e+02
1.027273980437394485e+00	4.271454613475821134e+02
1.033559181896017254e+00	4.274563699541269557e+02
1.039847557392594934e+00	4.209040259685413048e+02
1.046126974943305088e+00	4.190608744887835542e+02
1.052403436811028659e+00	4.158986796106337920e+02
1.058680704651608684e+00	4.152459892699115471e+02
1.064964333065789193e+00	4.097775386288624873e+02
1.071256777440835473e+00	4.068863340911115642e+02
1.077544048801078125e+00	4.028207662693359339e+02
1.083824820188043603e+00	3.998920798681559745e+02
1.090108023942816695e+00	3.971419052516527017e+02
1.096389665956643222e+00	3.954215027281451853e+02
1.102681132058841440e+00	3.913450908974780305e+02
1.108963047594879958e+00	3.893603935627107830e+02
1.115225428463759272e+00	3.855221268768725622e+02
1.121502127614767863e+00	3.821234854425736671e+02
1.127792573824792033e+00	3.806827471801366869e+02
1.134089552668382961e+00	3.781230219746637999e+02
1.140364049650405942e+00	3.756789392346498175e+02
1.146639180320979445e+00	3.733858982761331049e+02
1.152942412991649901e+00	3.704630320603959603e+02
1.159228906751078814e+00	3.674748463432777612e+02
1.165508721887268173e+00	3.648324463377601887e+02
1.171793076256210320e+00	3.627884639907969699e+02
1.178087436369658958e+00	3.605688044778276549e+02
1.184367654251526902e+00	3.574495188281202331e+02
1.190634642299266632e+00	3.556598609934537194e+02
1.196912208834400859e+00	3.522123623358272084e+02
1.203201577354146234e+00	3.496591724158279817e+02
1.209486844441705733e+00	3.473322775509120675e+02
1.215763902074809888e+00	3.450077068825813171e+02
1.222049755171146668e+00	3.419070809169996892e+02
1.228340616621486969e+00	3.386626190447586850e+02
1.234632986576932767e+00	3.385609925721257127e+02
1.240902247176856488e+00	3.347552830168431228e+02
1.247174839144687519e+00	3.327034115548310638e+02
1.253465459933442272e+00	3.300902242171300713e+02
1.259749951892178421e+00	3.290849794320504316e+02
1.266032143127253873e+00	3.250739334126495237e+02
1.272316288472006507e+00	3.232314335417922280e+02
1.278604155058621350e+00	3.215723617459052548e+02
1.284886588933593865e+00	3.195823805004108067e+02
1.291175420066583257e+00	3.185321893809990570e+02
1.297465726373772332e+00	3.156162448134274996e+02
1.303741827011944299e+00	3.126987588723134195e+02
1.310017322922761851e+00	3.122015330917952269e+02
1.316301447662886703e+00	3.097790497976416759e+02
1.322586760363303249e+00	3.075582363768954224e+02
1.328865492452874664e+00	3.068839332746327386e+02
1.335144804954555564e+00	3.042391104497374386e+02
1.341440516272275119e+00	3.011795336070560438e+02
1.347730868417094552e+00	2.994286605229741554e+02
1.354001589994877630e+00	2.973880380682562645e+02
1.360282609297778444e+00	2.961166013801347958e+02
1.366565686457597906e+00	2.939373957007581453e+02
1.372851498482432708e+00	2.920171643490675706e+02
1.379135372929401804e+00	2.899060666974968399e+02
1.385409567149057164e+00	2.881359851567991086e+02
1.391698641219299315e+00	2.861773658946116825e+02
1.397984451439470810e+00	2.845890367678404118e+02
1.404267883409181961e+00	2.829884718340742324e+02
1.410554779484869181e+00	2.804755426846748492e+02
1.416837833547465397e+00	2.791411618724784489e+02
1.423118177187137068e+00	2.773031752464006559e+02
1.429397801164240089e+00	2.750563460406194736e+02
1.435686921822787232e+00	2.742964507596314547e+02
1.441977121769299597e+00	2.720315972159884268e+02
1.448253667853332427e+00	2.709979461689608797e+02
1.454532348972172651e+00	2.689109805591010627e+02
1.460819319151879903e+00	2.679469077463495523e+02
1.467110364402026468e+00	2.657947367273156942e+02
1.473392908948962132e+00	2.644681329090429927e+02
1.479669965243598950e+00	2.633664171348075342e+02
1.485956144602843532e+00	2.615997723292670685e+02
1.492233610763115115e+00	2.599370142072574481e+02
1.498502470379980078e+00	2.573871319955122203e+02
1.504785752051182701e+00	2.560177271298207984e+02
1.511075991894575976e+00	2.546831579613281917e+02
1.517361634985162189e+00	2.528786922099062053e+02
1.523648570969130533e+00	2.516178437675595774e+02
1.529938035715892264e+00	2.512550315550031996e+02
1.536230176913891965e+00	2.488084135229322840e+02
1.542510718779388279e+00	2.471398658511726865e+02
1.548783963082980275e+00	2.453332916113266151e+02
1.555073069779651318e+00	2.452812961486740448e+02
1.561357324927233892e+00	2.429939319994434470e+02
1.567629121053141006e+00	2.413023624557782227e+02
1.573913697404382583e+00	2.399000134624823772e+02
1.580203545230874029e+00	2.382138528611062043e+02
1.586485393434537983e+00	2.367605991354885475e+02
1.592760014263005841e+00	2.355882428385928336e+02
1.599046436394670812e+00	2.347900588014205141e+02
1.605342136637478934e+00	2.332446473012306853e+02
1.611619860919608627e+00	2.317167840634406843e+02
1.617897597081673799e+00	2.309733292283898152e+02
1.624183235481122756e+00	2.293171670164070690e+02
1.630464598531913722e+00	2.279278286178520148e+02
1.636748985747638274e+00	2.262197630338059753e+02
1.643030923698886259e+00	2.245606407844342414e+02
1.649309176648513064e+00	2.241085413354807088e+02
1.655593633940351861e+00	2.226103795004807182e+02
1.661879571405086464e+00	2.212062474749151875e+02
1.668169361685170271e+00	2.203878640900795745e+02
1.674450151530487485e+00	2.182150865927691541e+02
1.680722718978495900e+00	2.175657728229294321e+02
1.687013891340952476e+00	2.164763333128280181e+02
1.693308984907921033e+00	2.151817454774776763e+02
1.699582147428448486e+00	2.141318966726723545e+02
1.705863747055134105e+00	2.129379546129093228e+02
1.712154434283889470e+00	2.118176050827181598e+02
1.718438381579399321e+00	2.111065266135948946e+02
1.724721264464063930e+00	2.092592145787758398e+02
1.730997441276920679e+00	2.089366075417946433e+02
1.737287073528269499e+00	2.076285640532265688e+02
1.743567991878527401e+00	2.066536048256135416e+02
1.749840680212231048e+00	2.052026269241944476e+02
1.756128549091961144e+00	2.044175664392448368e+02
1.762413535324792502e+00	2.033634728965040210e+02
1.768696187669963837e+00	2.018421128150961863e+02
1.774979359379055266e+00	2.008550431425162799e+02
1.781265555576432957e+00	1.996947997063501248e+02
1.787549427830244619e+00	1.984639211761068509e+02
1.793834120011633004e+00	1.975224120783975934e+02
1.800115051552487300e+00	1.966122224628536799e+02
1.806393904854530330e+00	1.953558413949310761e+02
1.812674089667083432e+00	1.946045571303000656e+02
1.818956920109354058e+00	1.932320941741396894e+02
1.825244164118212220e+00	1.925190920489829409e+02
1.831527256642196955e+00	1.914007388921920949e+02
1.837811294935716599e+00	1.903024196061158477e+02
1.844100717411196744e+00	1.892196267194155155e+02
1.850384816792487230e+00	1.881773089372856020e+02
1.856666059735203822e+00	1.876790357448600730e+02
1.862947728675613979e+00	1.859907528597461805e+02
1.869229324466858078e+00	1.853658685342080616e+02
1.875517616802973686e+00	1.841095355885436788e+02
1.881800769033795229e+00	1.838987438352544643e+02
1.888078863416442710e+00	1.820437847104124103e+02
1.894353975182237582e+00	1.814580199529766276e+02
1.900642716154182565e+00	1.803839364865622485e+02
1.906933494748685121e+00	1.795338648958033616e+02
1.913207568676573933e+00	1.786100998029302787e+02
1.919490884732178992e+00	1.782437452909990725e+02
1.925776855684274480e+00	1.765635259286901260e+02
1.932064452961978152e+00	1.761791818431163961e+02
1.938342610030488800e+00	1.753641975437834617e+02
1.944618341543410178e+00	1.743208890410320180e+02
1.950906260203513876e+00	1.731010985477187205e+02
1.957194556613796488e+00	1.723540903571323781e+02
1.963479614559011432e+00	1.717415159820455699e+02
1.969760361532916226e+00	1.708506354624296932e+02
1.976048367034604736e+00	1.698531714782215545e+02
1.982337990217652335e+00	1.688606828408870797e+02
1.988617489259562721e+00	1.684463061888770028e+02
1.994896320665194178e+00	1.676177647670796489e+02
2.001179596222827151e+00	1.668385452827982078e+02
2.007459756923499761e+00	1.659321557006632304e+02
2.013737397779169935e+00	1.649476132483027300e+02
2.020017234677497164e+00	1.641849753515838870e+02
2.026310251015072783e+00	1.634144680835458132e+02
2.032600542948020284e+00	1.624692743720175656e+02
2.038873863192099289e+00	1.617950001955915980e+02
2.045154087821675404e+00	1.607778872000208139e+02
2.051444704514288730e+00	1.603008148715500454e+02
2.057730430280644729e+00	1.594154114196583407e+02
2.064013940455224461e+00	1.593295698123205284e+02
2.070299891179459895e+00	1.580717561661983837e+02
2.076589719964883951e+00	1.572375742798768954e+02
2.082865483794470673e+00	1.562248219175123438e+02
2.089134494859368640e+00	1.558936148202290894e+02
2.095424211360070288e+00	1.549695240723466156e+02
2.101707116664804254e+00	1.541944907963121523e+02
2.107986473933564309e+00	1.537636259272233872e+02
2.114271806543862375e+00	1.526808093899302037e+02
2.120552717288892275e+00	1.520581412287164369e+02
2.126836933207161717e+00	1.514525541614077895e+02
2.133122044791171845e+00	1.511013455598611870e+02
2.139411711910842673e+00	1.502343968209882519e+02
2.145697076775292089e+00	1.492474193233350661e+02
2.151973548606471276e+00	1.486295178265043546e+02
2.158259913555724108e+00	1.481091854555719465e+02
2.164545396699105506e+00	1.470523070593502268e+02
2.170830700377734068e+00	1.467076753459611780e+02
2.177114138849150393e+00	1.456970822470412656e+02
2.183387647576827018e+00	1.457474168770238236e+02
2.189670273687676971e+00	1.445765675180102221e+02
2.195960147934207463e+00	1.438953844033662506e+02
2.202242556317716371e+00	1.434202682784059277e+02
2.208521655981037668e+00	1.430723117612774899e+02
2.214804637081333016e+00	1.424669680605107089e+02
2.221092583349425276e+00	1.416415419412193728e+02
2.227372893591468728e+00	1.410129565728160230e+02
2.233657161144248171e+00	1.400522071954382000e+02
2.239943485394438660e+00	1.399932550196295153e+02
2.246224175264620815e+00	1.394543435127041562e+02
2.252506378421252009e+00	1.387466475599749458e+02
2.258783417054270437e+00	1.379820817156511623e+02
2.265069077371457684e+00	1.370729486866640059e+02
2.271350377044131452e+00	1.367946764058474400e+02
2.277633995145353918e+00	1.362105602698986502e+02
2.283922419579920149e+00	1.357378935906749007e+02
2.290202874392252674e+00	1.350721622477257426e+02
2.296490779970905560e+00	1.345090807354210938e+02
2.302771769934229162e+00	1.339341665771415819e+02
2.309051364164305564e+00	1.335919072132924157e+02
2.315338502539088239e+00	1.326746447950999084e+02
2.321627336503874428e+00	1.320895616201563030e+02
2.327911878297218795e+00	1.317212549141009390e+02
2.334186238580297168e+00	1.309788316386254792e+02
2.340467971862688401e+00	1.303314062502364834e+02
2.346756940970738725e+00	1.301071469760780417e+02
2.353044444556199988e+00	1.296992639101563611e+02
2.359327653314069906e+00	1.286721059444363107e+02
2.365603048789861607e+00	1.284199953821958786e+02
2.371885911737665165e+00	1.277729777738184538e+02
2.378173303594019572e+00	1.273316501089661728e+02
2.384454016539381271e+00	1.268139957761464984e+02
2.390736447344785187e+00	1.260248382930991085e+02
2.397014133897952259e+00	1.257793461265930262e+02
2.403295490074321972e+00	1.253045059236865484e+02
2.409585049672506862e+00	1.246034445450480064e+02
2.415871703165322071e+00	1.241548386345024113e+02
2.422160652369088840e+00	1.236271193755218718e+02
2.428440167222748691e+00	1.232089550298108662e+02
2.434717472383889803e+00	1.226625634966733998e+02
2.441002456202044257e+00	1.222165043379976339e+02
2.447289980304530488e+00	1.218798146940211495e+02
2.453571844729242279e+00	1.212781858755826079e+02
2.459852705114058846e+00	1.205123822171442214e+02
2.466139233225018934e+00	1.204083408769101737e+02
2.472421963421291391e+00	1.199085465767168728e+02
2.478698519174224568e+00	1.194757043844267344e+02
2.484980841400355800e+00	1.188688685502218050e+02
2.491269319409339822e+00	1.186852922802088131e+02
2.497548505139029373e+00	1.180903469402346673e+02
2.503831667172610853e+00	1.175432410096366738e+02
2.510117938323931153e+00	1.173562393381169926e+02
2.516400733681277480e+00	1.169094080010626726e+02
2.522688226833368130e+00	1.164887383157134764e+02
2.528971695852665569e+00	1.160673735155046842e+02
2.535252039407670299e+00	1.157758011209419067e+02
2.541537514142774512e+00	1.153821795504424443e+02
2.547823008847572179e+00	1.149771958414930282e+02
2.554100666580690238e+00	1.144339071886118688e+02
2.560376788884177301e+00	1.138998116424737219e+02
2.566667521601497359e+00	1.136358433676949318e+02
2.572955062237090473e+00	1.132398286664220990e+02
2.579233771797999175e+00	1.129484613663795187e+02
2.585520164300948220e+00	1.125786936476911961e+02
2.591805130332431872e+00	1.120680922225352845e+02
2.598084074692260881e+00	1.116585914861745721e+02
2.604360404197643586e+00	1.115345766693941982e+02
2.610647185140439142e+00	1.108229656865524504e+02
2.616931864059273138e+00	1.107460983323458663e+02
2.623206107911065565e+00	1.100502658420955129e+02
2.629491626543270844e+00	1.096293105825796346e+02
2.635778507982642349e+00	1.094353617062229773e+02
2.642061039325260818e+00	1.091330774900447267e+02
2.648343840729305843e+00	1.087496567183941920e+02
2.654631838974855551e+00	1.082866781495031177e+02
2.660919001246303761e+00	1.079912818060390975e+02
2.667198525130066056e+00	1.076394881548131508e+02
2.673484307038032526e+00	1.073520899002757432e+02
2.679773388053849459e+00	1.070855207037626968e+02
2.686058217632288692e+00	1.067428229620716280e+02
2.692338738200057868e+00	1.064081907168117596e+02
2.698618022887226964e+00	1.059758715649070382e+02
2.704895450708277860e+00	1.058207560679494321e+02
2.711175674923682166e+00	1.055194810796529907e+02
2.717459832966957922e+00	1.050673009534391582e+02
2.723745731959044569e+00	1.048371908526111298e+02
2.730038414850594730e+00	1.046169657211068937e+02
2.736317989800789441e+00	1.043058142444332219e+02
2.742591858549239703e+00	1.040079770030877313e+02
2.748879749010778362e+00	1.036857725222714635e+02
2.755163403825859447e+00	1.033846127259195811e+02
2.761446955625852073e+00	1.031428920434734522e+02
2.767732088935374701e+00	1.027685524822267951e+02
2.774015452421743966e+00	1.027473666385468505e+02
2.780298635700591436e+00	1.022680739869838220e+02
2.786577474762241380e+00	1.022840595724362345e+02
2.792857983210164541e+00	1.018706748022377440e+02
2.799143790920211483e+00	1.015659159496059658e+02
2.805430058399325244e+00	1.011979814292326836e+02
2.811715058209780072e+00	1.011403204131284213e+02
2.817989272498773623e+00	1.008621323212010452e+02
2.824269171595737760e+00	1.006376928955068877e+02
2.830563016441804081e+00	1.002231446489375628e+02
2.836848750951622034e+00	1.002572326186793958e+02
2.843130027866129783e+00	1.000750529961827056e+02
2.849413896912404986e+00	9.950687606704057941e+01
2.855697464522425566e+00	9.941812749468655852e+01
2.861978799810683594e+00	9.924296617849422830e+01
2.868262469415629567e+00	9.896813543302943117e+01
2.874547359206753860e+00	9.882501071667668668e+01
2.880831111471525041e+00	9.870660092538062713e+01
2.887113216972382546e+00	9.843815940738974746e+01
2.893394504725182781e+00	9.823802285007749902e+01
2.899673662137033592e+00	9.820696654241511681e+01
2.905953958587380814e+00	9.807319298778438110e+01
2.912241118105161064e+00	9.751663831749176836e+01
2.918525996366671205e+00	9.754112096695644141e+01
2.924809035425688819e+00	9.739143236297687167e+01
2.931095916293684933e+00	9.713317796155928363e+01
2.937378182606774413e+00	9.699159473733166692e+01
2.943659980254369923e+00	9.682290375576678798e+01
2.949946454403890250e+00	9.666427930070402397e+01
2.956227653702202307e+00	9.638759445658203617e+01
2.962510478867462993e+00	9.635773795465767932e+01
2.968796535179442309e+00	9.620832031428611231e+01
2.975077657376874907e+00	9.620661785060529780e+01
2.981359866759223376e+00	9.593470984413437463e+01
2.987646761575656562e+00	9.593028169824432894e+01
2.993929038370399365e+00	9.570311702501804518e+01
3.000206214840962726e+00	9.566019321051527413e+01
3.006486172402415669e+00	9.553919983244662717e+01
3.012769812211594456e+00	9.524741436527398264e+01
3.019053144326170113e+00	9.513974299845762062e+01
3.025337405144251424e+00	9.512494527001285860e+01
3.031623734799107961e+00	9.514038664223673436e+01
3.037908962055872575e+00	9.490694691994607979e+01
3.044195067146031608e+00	9.488142919258640973e+01
3.050475543482170426e+00	9.483402229161355024e+01
3.056754954538277502e+00	9.476765811940359185e+01
3.063040539557494668e+00	9.460370564616222566e+01
3.069323699454357346e+00	9.471453289111322249e+01
3.075610692642898769e+00	9.450757783046984173e+01
3.081893798009918584e+00	9.435344498850321315e+01
3.088174549548037717e+00	9.444036838458355021e+01
3.094458635632868493e+00	9.435684067138613784e+01
3.100743982931558840e+00	9.446155717248434769e+01
3.107028111748448396e+00	9.446715057651042002e+01
3.113309299655494300e+00	9.441415106646748256e+01
3.119590662867241626e+00	9.433702185057350675e+01
3.125874006820172912e+00	9.418242310122815297e+01
3.132159251154602586e+00	9.417384766245575634e+01
3.138439172765940643e+00	9.422935564237350548e+01
3.144723867719826593e+00	9.434909456834145658e+01
3.151003951258561031e+00	9.417555401057661868e+01
3.157283664131563139e+00	9.433351646419171743e+01
3.163569317183839935e+00	9.439796945781371562e+01
3.169851661717792091e+00	9.425706371868240296e+01
3.176137704316093657e+00	9.452114832197409555e+01
3.182420924828643916e+00	9.454951010150800528e+01
3.188702811875577581e+00	9.462758152051404181e+01
3.194990520008989865e+00	9.480958847105193854e+01
3.201275324656983834e+00	9.465240791113988905e+01
3.207551352179861759e+00	9.484522030960322070e+01
3.213835216737041645e+00	9.479394239970012848e+01
3.220122579819103770e+00	9.479363366993526085e+01
3.226406606618656525e+00	9.438671508318776660e+01
3.232687390085645429e+00	9.442812486735149946e+01
3.238969121280456331e+00	9.406544298767073542e+01
3.245254751548589667e+00	9.395238840217062659e+01
3.251534499036136783e+00	9.373872054955560884e+01
3.257817780791052442e+00	9.344841486960402221e+01
3.264102164154097263e+00	9.327650246509016085e+01
3.270384152138468892e+00	9.300730149234608746e+01
3.276669427476867735e+00	9.268138834035482887e+01
3.282954688864507808e+00	9.237088102370518072e+01
3.289237200334947264e+00	9.232968924991435244e+01
3.295519587088236779e+00	9.202371352973436558e+01
3.301805977329951958e+00	9.186445838703291145e+01
3.308087486222440088e+00	9.165197166562597886e+01
3.314367630234227313e+00	9.142322822207128752e+01
3.320651909732194262e+00	9.127638754247540476e+01
3.326931260376857047e+00	9.094596634226148524e+01
3.333216512447217728e+00	9.080137762101004739e+01
3.339504489419978128e+00	9.064482643382341109e+01
3.345786804809928405e+00	9.036851537257024347e+01
3.352071130016277767e+00	9.020763687453374757e+01
3.358351496304225581e+00	9.004865885277558846e+01
3.364630591073392019e+00	8.982460098650986424e+01
3.370916305215045483e+00	8.967210920805449348e+01
3.377197952029413752e+00	8.952357198092873602e+01
3.383483063818085501e+00	8.912617936326820711e+01
3.389769992424469969e+00	8.922525824876788647e+01
3.396051330885982100e+00	8.894683356657877482e+01
3.402330879139463971e+00	8.867507998013788040e+01
3.408610488352048495e+00	8.863307240080702343e+01
3.414897837696641236e+00	8.839226214280385818e+01
3.421180484052105619e+00	8.826487161436885742e+01
3.427461639653846870e+00	8.798883302256439265e+01
3.433749159643459059e+00	8.789911092156481232e+01
3.440032646656798310e+00	8.768862545954065979e+01
3.446313366033385339e+00	8.751856585961751023e+01
3.452600135384134905e+00	8.744678639830596012e+01
3.458883152815406703e+00	8.741913757731542489e+01
3.465163834403715448e+00	8.711779617239689344e+01
3.471449329786229221e+00	8.700696624011798974e+01
3.477734476754053894e+00	8.693170829850964765e+01
3.484019652467224226e+00	8.662113639472936200e+01
3.490297019369712928e+00	8.666389172105100158e+01
3.496582486484379970e+00	8.642780186131079745e+01
3.502868048046865024e+00	8.625032775164196153e+01
3.509144649545451244e+00	8.614012553525336102e+01
3.515428082003116295e+00	8.608027993890677010e+01
3.521711031624695565e+00	8.588866043816321394e+01
3.527991850954735664e+00	8.579984214904119710e+01
3.534275545726699885e+00	8.555226990232560524e+01
3.540562632020772149e+00	8.558566731320441079e+01
3.546844410757220789e+00	8.537271335590395438e+01
3.553131386753758836e+00	8.527972362012809526e+01
3.559419203211965144e+00	8.496135824863793573e+01
3.565697971577579839e+00	8.491615361838960041e+01
3.571979559134798254e+00	8.476838403896501006e+01
3.578265774595833726e+00	8.473308551121078835e+01
3.584548309769353125e+00	8.459908301334492364e+01
3.590826843920031486e+00	8.444917623497029524e+01
3.597107306745233934e+00	8.436596481184014351e+01
3.603392831792229245e+00	8.415007213672556929e+01
3.609673209822572559e+00	8.405613686470461232e+01
3.615955412133016189e+00	8.401400600172932798e+01
3.622241607772384686e+00	8.394439739876152373e+01
3.628520252736676444e+00	8.381191398070288301e+01
3.634804827569451113e+00	8.374483200943609518e+01
3.641094981788862928e+00	8.372894786303804437e+01
3.647383514928639325e+00	8.359549213044823546e+01
3.653663283927725658e+00	8.341812441415751778e+01
3.659943504072155296e+00	8.338003793560827148e+01
3.666232000281138603e+00	8.340941825536309295e+01
3.672514211678317597e+00	8.310684662432061032e+01
3.678794154686042539e+00	8.312420818567670722e+01
3.685078621861909820e+00	8.299889669600555919e+01
3.691359210097977961e+00	8.293792885716806040e+01
3.697642368173791105e+00	8.302110106426481195e+01
3.703925796735277665e+00	8.279950526044621029e+01
3.710208240364660348e+00	8.257208604993751067e+01
3.716494593122387169e+00	8.261597508766615761e+01
3.722775386659595398e+00	8.265123326560369321e+01
3.729058392883481510e+00	8.250637831862428584e+01
3.735339748210807720e+00	8.251284058564624502e+01
3.741620776392969638e+00	8.232892514818679786e+01
3.747904795418762980e+00	8.231343944668553547e+01
3.754190633281219380e+00	8.231994565532323804e+01
3.760478208018912749e+00	8.221623144179750398e+01
3.766755538573464346e+00	8.217854421462817527e+01
3.773032090135151506e+00	8.209327077499627023e+01
3.779322553012896879e+00	8.209133169195770563e+01
3.785609109731308930e+00	8.209535565644615929e+01
3.791889825936295200e+00	8.195959045876961113e+01
3.798174822702435893e+00	8.181922794949343825e+01
3.804458658753491651e+00	8.187905997616805109e+01
3.810738438095723435e+00	8.173555011324228303e+01
3.817018850285747167e+00	8.175894118034672431e+01
3.823305314209427763e+00	8.180263846977125297e+01
3.829591295197792178e+00	8.170032405309628132e+01
3.835872296070849341e+00	8.159070039257422025e+01
3.842156279590906109e+00	8.161693911941307533e+01
3.848441511099312429e+00	8.157969332198726420e+01
3.854723334376886079e+00	8.163913011601938763e+01
3.861004740704794713e+00	8.156363255339267937e+01
3.867284336650660848e+00	8.152931017108234357e+01
3.873567367678779849e+00	8.139034311797639987e+01
3.879850662830422792e+00	8.143468559151291686e+01
3.886137063198143338e+00	8.154459281495903156e+01
3.892419463049126005e+00	8.151479886796019514e+01
3.898703740328622658e+00	8.139097697516672270e+01
3.904991458788179326e+00	8.153035526148238432e+01
3.911270842222104083e+00	8.143060792927988700e+01
3.917549806479573071e+00	8.151611742415977346e+01
3.923836006203090587e+00	8.151376334412682922e+01
3.930121452497870926e+00	8.153422148403974745e+01
3.936398172858230460e+00	8.136998868609268243e+01
3.942683040425962293e+00	8.148054885613873921e+01
3.948974759704379611e+00	8.151945934603132571e+01
3.955259227995065352e+00	8.138883896655151773e+01
3.961537174921395454e+00	8.159992892755420257e+01
3.967820217617139544e+00	8.149253603735704132e+01
3.974105559832568968e+00	8.161154499188180012e+01
3.980384727931198352e+00	8.154767665729622195e+01
3.986664590839849698e+00	8.157621452036052290e+01
3.992949619150675034e+00	8.168999367341605478e+01
3.999235075769965952e+00	8.177499176994051311e+01
4.005515715515433506e+00	8.169470626394254964e+01
4.011798434346478537e+00	8.172236404306291035e+01
4.018083716245132386e+00	8.186634878353780209e+01
4.024365700052603856e+00	8.187810867475383247e+01
4.030643960839860540e+00	8.180110899110796652e+01
4.036928708926215137e+00	8.212305437000497932e+01
4.043218157412017177e+00	8.197585790473159761e+01
4.049503019487663558e+00	8.215072637219557805e+01
4.055781898960511000e+00	8.209766623480945213e+01
4.062060795621602161e+00	8.204075646778905195e+01
4.068347865354716042e+00	8.243164105967160538e+01
4.074631027173265529e+00	8.234842687396633210e+01
4.080910837526078971e+00	8.237074711142881256e+01
4.087201203341442657e+00	8.254399857967935361e+01
4.093486818591942189e+00	8.246958579896903530e+01
4.099764387336505500e+00	8.270069307252116175e+01
4.106049166937662420e+00	8.270317654395434204e+01
4.112334559041358695e+00	8.275332243380074715e+01
4.118618926059533614e+00	8.291489823999464193e+01
4.124898942031112625e+00	8.296373728028630978e+01
4.131175432561665417e+00	8.315881019512012529e+01
4.137461563786142271e+00	8.309182595389644632e+01
4.143746006210170307e+00	8.338714985538076974e+01
4.150029800482964326e+00	8.349297201281177649e+01
4.156313390684649001e+00	8.368019827219993090e+01
4.162596105843763716e+00	8.371308956535813195e+01
4.168881843141768684e+00	8.389187644936235699e+01
4.175162111073220217e+00	8.394863220164356221e+01
4.181448573417560155e+00	8.380556186360429649e+01
4.187738782464171194e+00	8.416208276200904947e+01
4.194017437180169061e+00	8.445817532997892840e+01
4.200293572701767175e+00	8.434700543676598272e+01
4.206580195481546269e+00	8.455926647178007727e+01
4.212860644652220543e+00	8.450051536260163232e+01
4.219138153430114002e+00	8.486690364789778585e+01
4.225426162098283811e+00	8.487424173447222131e+01
4.231713506719782636e+00	8.514751622386440033e+01
4.237990056577191744e+00	8.524939645795227250e+01
4.244267783646744618e+00	8.522018710022278754e+01
4.250560660182562955e+00	8.548084343377929883e+01
4.256847734842668096e+00	8.558173086696015730e+01
4.263127100734456221e+00	8.590060210356392645e+01
4.269406860432507500e+00	8.604565613907270460e+01
4.275691671482192646e+00	8.619281809390639637e+01
4.281972414189518794e+00	8.662513905756618726e+01
4.288253516806755705e+00	8.657340885047283052e+01
4.294540520160492925e+00	8.682430971047486423e+01
4.300825742921731809e+00	8.689368008381937614e+01
4.307109835491901961e+00	8.691597517281741148e+01
4.313390926478413157e+00	8.709911428698023883e+01
4.319667979480563247e+00	8.734370693379925399e+01
4.325952598143786076e+00	8.745132812457057980e+01
4.332241647035422361e+00	8.768967598070962310e+01
4.338524445619096781e+00	8.789335511536175716e+01
4.344809348131129845e+00	8.812441759526342366e+01
4.351090699193166600e+00	8.807337898579514501e+01
4.357369710808320029e+00	8.828310914256894648e+01
4.363659348967174445e+00	8.847499380014073722e+01
4.369947418280990981e+00	8.870453427608053687e+01
4.376226569265827315e+00	8.918141065198246054e+01
4.382499356631129217e+00	8.909528854226530825e+01
4.388784975178015024e+00	8.933275791086835227e+01
4.395068696309480494e+00	8.937580181797838463e+01
4.401347962382031298e+00	8.965151478264235152e+01
4.407628405096517099e+00	8.977832070593575509e+01
4.413915862185140426e+00	8.971855625556673886e+01
4.420203163534264235e+00	9.032085410194832775e+01
4.426480311003382795e+00	8.993365486552421828e+01
4.432765973643649104e+00	9.050203784729453105e+01
4.439053392023870614e+00	9.028585805761451866e+01
4.445336141335588742e+00	9.078539713222208718e+01
4.451617241414883352e+00	9.061967943022141014e+01
4.457901500730311106e+00	9.082999924299367933e+01
4.464189501093017043e+00	9.100035500080922191e+01
4.470470197548729985e+00	9.083612425222555942e+01
4.476748044268524573e+00	9.128459263137875723e+01
4.483035990164653484e+00	9.092550668065563002e+01
4.489323331650528104e+00	9.112072586695448706e+01
4.495599111667934800e+00	9.112630745501648732e+01
4.501870922878794090e+00	9.085031055412686385e+01
4.508155162877705457e+00	9.093645807180928387e+01
4.514446451153479423e+00	9.087896997678231514e+01
4.520723894043856994e+00	9.064540674047442792e+01
4.527003782460155890e+00	9.054045787272293921e+01
4.533293086610313161e+00	9.056248774290102688e+01
4.539578989864040182e+00	9.026712523508230390e+01
4.545857164866476730e+00	8.993703637698634168e+01
4.552138955546025656e+00	8.990218837603329405e+01
4.558432046889146605e+00	8.954766087056543711e+01
4.564713463378488711e+00	8.964375662181669213e+01
4.570987274133244682e+00	8.916623504570978298e+01
4.577274818151045643e+00	8.969224784083250768e+01
4.583563263889338657e+00	8.962707819057372660e+01
4.589844917004465508e+00	8.943150875520250054e+01
4.596126259982004747e+00	8.930976847226605742e+01
4.602409075598298926e+00	8.929023682033231069e+01
4.608696634867644804e+00	8.929602818280406495e+01
4.614977646498861219e+00	8.939410506807082868e+01
4.621258953029527383e+00	8.959920309045757847e+01
4.627547993978874175e+00	8.948408207473016773e+01
4.633830152730579854e+00	8.951431100964141763e+01
4.640104005367354567e+00	8.928044797684941614e+01
4.646382060386754276e+00	8.938007050141155219e+01
4.652674213731970987e+00	8.930226586179888670e+01
4.658958291796220230e+00	8.979061854759369510e+01
4.665233615070169648e+00	8.954499779851767016e+01
4.671520675710307380e+00	8.962150281342788105e+01
4.677814351732177300e+00	8.984024609963370267e+01
4.684093699744638073e+00	9.002004408824598158e+01
4.690368661472568590e+00	9.013253362516138623e+01
4.696663270746453733e+00	8.984408776133321339e+01
4.702945459248681459e+00	9.059232443088626496e+01
4.709209170841929470e+00	9.086369571118602551e+01
4.715491634753063543e+00	9.046969698976919005e+01
4.721784316284933780e+00	9.036586134967376438e+01
4.728063062331094635e+00	9.122287250670395053e+01
4.734337423381671073e+00	9.118399594999348778e+01
4.740627024094544062e+00	9.111388208670902600e+01
4.746914995664547554e+00	9.158183649525038561e+01
4.753194740071086777e+00	9.149584067886600280e+01
4.759478891864783456e+00	9.149358791138202207e+01
4.765762396877359031e+00	9.201314560288801658e+01
4.772049481246195768e+00	9.204135821776075943e+01
4.778335091022592351e+00	9.225848738952886663e+01
4.784610831402393849e+00	9.218958355338048705e+01
4.790907306208476157e+00	9.250836206686140883e+01
4.797204047706418173e+00	9.288581114575667641e+01
4.803470827697504220e+00	9.302328280605487976e+01
4.809748850577324042e+00	9.303601755152031672e+01
4.816045316586602176e+00	9.350708627530535466e+01
4.822329240673497885e+00	9.395505569901999365e+01
4.828596758226470165e+00	9.417863094328914997e+01
4.834890332961369275e+00	9.459055717948673703e+01
4.841191655056394261e+00	9.427195814126393714e+01
4.847460407468000554e+00	9.460344492716963316e+01
4.853732128521334843e+00	9.538333723388127794e+01
4.860029138783373170e+00	9.491396686009454697e+01
4.866314601732018019e+00	9.563231156862751448e+01
4.872587026269203925e+00	9.571553041665460171e+01
4.878874221748241702e+00	9.647665402178601823e+01
4.885171078138658807e+00	9.606332132600812201e+01
4.891450629931857641e+00	9.689990045783073924e+01
4.897716482750221978e+00	9.665546170464605780e+01
4.904002834596266069e+00	9.733583561183206712e+01
4.910295858205786068e+00	9.774631870136457223e+01
4.916575188115905881e+00	9.793979018966587091e+01
4.922847946197084212e+00	9.813737187229676806e+01
4.929131667457151700e+00	9.814832812462321954e+01
4.935434460144239033e+00	9.943979054378522164e+01
4.941718513303545279e+00	9.893977649007798902e+01
4.947978624761803168e+00	1.001298293391644449e+02
4.954274999209829389e+00	1.001009584172253284e+02
4.960571094729937514e+00	1.006800057006152542e+02
4.966823207626954506e+00	1.008078795018003149e+02
4.973097418390337587e+00	1.013754461653421970e+02
4.979415129936382023e+00	1.017998853608482648e+02
4.985702082330368157e+00	1.025370669944349657e+02
4.991949985828016523e+00	1.025799897080905083e+02
4.998241586316924057e+00	1.029929151006165426e+02
5.004556635606089543e+00	1.031706386578613888e+02
5.010828655701208945e+00	1.043223853836225032e+02
5.017077229702536556e+00	1.042110830714257759e+02
5.023374414758113637e+00	1.043542013597522100e+02
5.029688873569548413e+00	1.061866429938074532e+02
5.035958413584124216e+00	1.060448770854083591e+02
5.042232667658486989e+00	1.063987489198732845e+02
5.048528755870775875e+00	1.069611226500097843e+02
5.054821121427484520e+00	1.080187964692953102e+02
5.061069509814582368e+00	1.070980737004584853e+02
5.067347812754101177e+00	1.091351204130595960e+02
5.073675050630431116e+00	1.093443441089726917e+02
5.079945928388977627e+00	1.097451626302953542e+02
5.086192992546071601e+00	1.103245565640489474e+02
5.092484128970163226e+00	1.111328252588420469e+02
5.098802924706086870e+00	1.113398559423952037e+02
5.105078217426394005e+00	1.121547100979624929e+02
5.111325076574067872e+00	1.130569546547148150e+02
5.117628358851224135e+00	1.133702634541365484e+02
5.123935939383525984e+00	1.140383085158737941e+02
5.130199176325612065e+00	1.155099828427848365e+02
5.136469985878846956e+00	1.160959547642313225e+02
5.142797788696348071e+00	1.170351423702232410e+02
5.149090378043822192e+00	1.177416069021821272e+02
5.155289879840074363e+00	1.185438539343272453e+02
5.161564521234301317e+00	1.195358266828386036e+02
5.167916673496016244e+00	1.202838364173179002e+02
5.174205974602950064e+00	1.214277125392477359e+02
5.180434820793812456e+00	1.228805611887473361e+02
5.186729096569634656e+00	1.232062715746862551e+02
5.193058481037780894e+00	1.226403884384641714e+02
5.199319511444338460e+00	1.244955037104604543e+02
5.205574295584361799e+00	1.242961112658962861e+02
5.211894977074066126e+00	1.263408379108971644e+02
5.218201708336958511e+00	1.266199486919957735e+02
5.224411911780083351e+00	1.277288626689440036e+02
5.230677632666463239e+00	1.283802113075741715e+02
5.237056729559757429e+00	1.287989297601850751e+02
5.243336785035660697e+00	1.313313262579222567e+02
5.249493476178225038e+00	1.317384738853601220e+02
5.255787017738318134e+00	1.334563836906685879e+02
5.262205327426889845e+00	1.324109309315199425e+02
5.268477758348532269e+00	1.337844935427143014e+02
5.274632213654732560e+00	1.366625113287945510e+02
5.280950543314659740e+00	1.376311841497148691e+02
5.287327645024750389e+00	1.375017756557725761e+02
5.293582359180156516e+00	1.406468867489635102e+02
5.299789992649893478e+00	1.422539103642542386e+02
5.306111460381987222e+00	1.419218871951854339e+02
5.312452717892129250e+00	1.419279913519641525e+02
5.318650122853046724e+00	1.432204298546896553e+02
5.324923043129819789e+00	1.446569606067043878e+02
5.331330237158205421e+00	1.455922453420357385e+02
5.337586726886338617e+00	1.477720947145496098e+02
5.343685192440848830e+00	1.499243148967831019e+02
5.350070659715249199e+00	1.511423195667271102e+02
5.356556762554878226e+00	1.521711818870505510e+02
5.362691868684501095e+00	1.542558825949484742e+02
5.368769208912516966e+00	1.550538145219708781e+02
5.375270137997677722e+00	1.568573183550184922e+02
5.381769983045385786e+00	1.575446024519656874e+02
5.387701030372958222e+00	1.603917807041675871e+02
5.393786668001271600e+00	1.626633987422474092e+02
5.400446161099396569e+00	1.629746148551637077e+02
5.406957063684501463e+00	1.645656967889141242e+02
5.412655672453426270e+00	1.688459202366302634e+02
5.418821279260546575e+00	1.684695145974280877e+02
5.425690594366304076e+00	1.735225551892102658e+02
5.432217487502165376e+00	1.743225160612263664e+02
5.437649811577258241e+00	1.735157592433162392e+02
5.443914404015878006e+00	1.763007065633384229e+02
5.450953501686320202e+00	1.792812132388858117e+02
5.457483690405861232e+00	1.821830862233390462e+02
5.462715250135157241e+00	1.839028116974193381e+02
5.469033575551323523e+00	1.845398316711658140e+02
5.476177730420278778e+00	1.889333685487430330e+02
5.482708935702562236e+00	1.870893104348189695e+02
5.487722405008360838e+00	2.013527654820023542e+02
5.494194284996126498e+00	2.011694685395776219e+02
5.501391471009256406e+00	1.977696723051527954e+02
5.507128202673079009e+00	1.933661874698834708e+02
5.512278020050448646e+00	1.922164966435475435e+02
5.519395563377015534e+00	1.968133318262365208e+02
5.526598678609708770e+00	2.057474318647445841e+02
5.532162682462509196e+00	1.980428287768456812e+02
5.537397124017139127e+00	1.994828354203515914e+02
5.544582756485218589e+00	2.148719141720517030e+02
5.551739327507637434e+00	2.627347216796309226e+02
5.557493306674907707e+00	2.349605217164128135e+02
5.562281709102816940e+00	1.571801544851546169e+02
5.569272720323164449e+00	1.866242157220714546e+02
