8.899641224696953554e-03	5.557802056231200550e+04
1.507912216506557788e-02	5.730038906541230972e+04
2.144790186456836667e-02	4.300360996174035972e+04
2.783660776489276650e-02	3.920523068454916211e+04
3.435099785803411021e-02	2.975520180881681154e+04
4.047886761425745911e-02	2.395079702169604207e+04
4.676716683575679601e-02	1.762274283670659133e+04
5.308225101765951665e-02	1.747230446208744615e+04
5.945362440940590160e-02	1.437782349777113632e+04
6.576224814588792211e-02	1.330620275515150934e+04
7.196632906698736953e-02	1.252444073777388621e+04
7.827860915688347743e-02	1.071736995787385422e+04
8.470398945834539672e-02	1.016590314544806461e+04
9.096854620527369817e-02	8.325899943828975665e+03
9.720789776830213169e-02	7.364559087187059959e+03
1.034763038959366499e-01	6.376408307821047856e+03
1.097576444254559219e-01	6.063153273821510993e+03
1.160543084780093354e-01	5.604123043298870471e+03
1.223669666537485351e-01	5.410767503379564005e+03
1.286817263090294094e-01	5.066885167395975259e+03
1.349500801664080818e-01	4.653481637915581814e+03
1.411949558842147678e-01	4.560246197306344584e+03
1.475133575747468451e-01	4.268324690559567898e+03
1.537865074252268427e-01	3.837754806564633327e+03
1.600657544051110326e-01	3.517642147578760159e+03
1.663991168687080635e-01	3.349218271402789014e+03
1.727195645776442856e-01	3.147941618820187614e+03
1.789765213377084718e-01	2.991166434856195792e+03
1.852353690647852158e-01	2.953408851330710604e+03
1.914806787341157279e-01	2.761806735448430572e+03
1.977889868651535599e-01	2.706913439786683739e+03
2.040937735447724277e-01	2.550261380480051230e+03
2.103939302609846018e-01	2.425178225545975693e+03
2.166909709822301688e-01	2.324828504486446946e+03
2.229700281216152047e-01	2.248470167830447735e+03
2.292620027086341994e-01	2.154039287261846766e+03
2.355141508366812297e-01	2.105732743416010180e+03
2.417910583817859116e-01	2.046134812149754907e+03
2.480856539439619257e-01	1.951960338879413030e+03
2.543492256872954549e-01	1.884670622007735801e+03
2.606334251884805386e-01	1.810218001029686320e+03
2.669257370896960802e-01	1.825665934517976666e+03
2.732423343141155980e-01	1.736093720713943185e+03
2.795529680084415936e-01	1.668415925175190750e+03
2.858366292314493129e-01	1.628716092452204748e+03
2.920876271394311496e-01	1.584606755837943410e+03
2.983449844439822751e-01	1.543950026904003153e+03
3.046382639407197446e-01	1.506767088542650754e+03
3.109279127003197196e-01	1.458728639038950178e+03
3.172168171618398036e-01	1.439823936889910556e+03
3.235187567944423082e-01	1.396871341605253519e+03
3.298168217550395687e-01	1.372777574741080798e+03
3.361176429457156667e-01	1.349771356357362038e+03
3.423700375709273769e-01	1.305410624193789317e+03
3.486478192666269682e-01	1.286023799608289437e+03
3.549411614411318028e-01	1.252918673542024635e+03
3.611916935421040642e-01	1.229448396168921818e+03
3.674767089563572564e-01	1.190203787691422349e+03
3.737647795277591056e-01	1.178986637754565663e+03
3.800654031475132477e-01	1.149171721112801151e+03
3.863539861259823738e-01	1.139805335534384994e+03
3.926140181364449755e-01	1.116170700177822710e+03
3.989264500321934581e-01	1.109967674359274497e+03
4.052073244576828714e-01	1.086223463674715504e+03
4.114916477570477182e-01	1.048697555502665409e+03
4.177814272116491257e-01	1.033546962396698973e+03
4.240400648725131116e-01	1.022939129083660532e+03
4.303425690270192283e-01	1.016916563288708176e+03
4.366358560255625965e-01	9.989698940438760246e+02
4.428996183220763605e-01	9.843213224319707706e+02
4.491634418529859563e-01	9.642442413294736525e+02
4.554414146254732731e-01	9.503483821425500082e+02
4.617634470301058558e-01	9.290032292604531676e+02
4.680644242023710433e-01	9.172921731157209706e+02
4.743485242764365895e-01	9.129834913224010506e+02
4.806356136815400082e-01	9.039099775311756275e+02
4.869019258388697646e-01	8.779484765706798726e+02
4.931697099599955947e-01	8.744225455088258059e+02
4.994506747144535908e-01	8.600370320517469054e+02
5.057159051335421429e-01	8.485503513959966995e+02
5.119923996268095356e-01	8.387132055580797214e+02
5.183126097768406826e-01	8.275849609127581061e+02
5.246089638029100000e-01	8.212511494328996378e+02
5.308757308483337267e-01	8.089858554079446549e+02
5.371573527946726934e-01	8.009866132439171906e+02
5.434579563783791256e-01	7.844729315005837407e+02
5.497430652392217842e-01	7.761266398866279133e+02
5.559937427501778773e-01	7.704729206171579108e+02
5.622854676609657654e-01	7.596239642693918768e+02
5.686011537227265711e-01	7.455549996903753254e+02
5.748804589422079614e-01	7.425951911768158880e+02
5.811550210340560296e-01	7.337188155921974158e+02
5.874394496660968468e-01	7.268290072329077702e+02
5.937176220296899176e-01	7.207429177532401354e+02
5.999971954793682505e-01	7.106628653245319356e+02
6.062679115124277596e-01	7.001836567856017837e+02
6.125469576444534381e-01	6.910764657934702200e+02
6.188477733041515272e-01	6.930416043471228704e+02
6.251310567437898813e-01	6.779178697362322055e+02
6.314027450383210560e-01	6.758090342145756040e+02
6.377003562732055375e-01	6.645226316979811827e+02
6.439857783314556494e-01	6.602877397775741883e+02
6.502685417166111925e-01	6.572608833152986563e+02
6.565586117699038216e-01	6.446358123079506868e+02
6.628369282359254377e-01	6.437187133621540625e+02
6.691185444962194362e-01	6.315926120306907023e+02
6.754070198575605755e-01	6.336559074684151938e+02
6.816835514593204692e-01	6.254077257568334289e+02
6.879592533861698112e-01	6.193993969538327065e+02
6.942344317039531587e-01	6.118736338704793525e+02
7.005175402434737908e-01	6.022202735377990166e+02
7.068124956608716758e-01	5.993891644760516328e+02
7.131019009674921527e-01	5.965182646603128660e+02
7.193918251171427247e-01	5.915502547192094198e+02
7.256833807598113140e-01	5.832650111172871448e+02
7.319652682709349989e-01	5.793803047736037115e+02
7.382507990484923344e-01	5.778721236510012886e+02
7.445265842115937893e-01	5.713490260328065915e+02
7.507871101942712455e-01	5.640679243758626171e+02
7.570758465316046459e-01	5.576082592448263995e+02
7.633641233600957365e-01	5.555931127940959868e+02
7.696462959862266917e-01	5.498174265474842741e+02
7.759394865175414102e-01	5.424739631330096472e+02
7.822329141989586843e-01	5.393317214443895864e+02
7.885314936520240181e-01	5.354820315660903134e+02
7.947896566979522071e-01	5.323694388630912044e+02
8.010491096592354809e-01	5.264844927724815307e+02
8.073364061727361651e-01	5.223364570587771141e+02
8.136229488373866170e-01	5.199779208711256615e+02
8.199152998961036776e-01	5.118999455556317457e+02
8.261952636392789762e-01	5.108248995535067820e+02
8.324897070080405914e-01	5.064254282197533144e+02
8.387959309210778480e-01	5.035262510428259475e+02
8.450634639703045181e-01	4.986127226872750953e+02
8.513282867562648182e-01	4.944496343785535828e+02
8.576198263902009566e-01	4.895755590998644493e+02
8.639058477062415697e-01	4.880367464271555491e+02
8.701838745487597837e-01	4.830425723890833183e+02
8.764641096075268534e-01	4.775915896364082300e+02
8.827503873399735745e-01	4.777066799321182202e+02
8.890332768393869323e-01	4.731675554464063680e+02
8.953084247113127780e-01	4.699913689549989044e+02
9.015956521667095602e-01	4.651351906761672126e+02
9.078833328094829680e-01	4.608477495768052563e+02
9.141744106319863450e-01	4.570806435248821344e+02
9.204630817717615043e-01	4.573023191650446506e+02
9.267434415264711456e-01	4.513693046175772565e+02
9.330324197354928906e-01	4.477631348377333325e+02
9.393265785573878812e-01	4.453606769129849567e+02
9.455974810398196650e-01	4.405338639607876985e+02
9.518660018545171964e-01	4.390060604800776787e+02
9.581413255531838757e-01	4.352814756802984562e+02
9.644350945109106954e-01	4.314791635870230948e+02
9.707355633568249820e-01	4.283733903646801764e+02
9.770080768450029041e-01	4.269702206614513784e+02
9.832823325363413414e-01	4.204686405732751950e+02
9.895569691966674686e-01	4.214632254498908992e+02
9.958456301921106979e-01	4.167453448222827888e+02
1.002136210743837408e+00	4.128542986679503883e+02
1.008404825335135424e+00	4.108530149929113122e+02
1.014694149836243398e+00	4.061639651486962634e+02
1.020992555437297167e+00	4.039446785915652072e+02
1.027273980437394485e+00	4.015168646159942227e+02
1.033559181896017254e+00	3.985271420883750579e+02
1.039847557392594934e+00	3.964474813887582059e+02
1.046126974943305088e+00	3.945000484138756178e+02
1.052403436811028659e+00	3.908249444044215011e+02
1.058680704651608684e+00	3.877725221769035784e+02
1.064964333065789193e+00	3.869623126097907857e+02
1.071256777440835473e+00	3.825701724205036953e+02
1.077544048801078125e+00	3.796159154494160362e+02
1.083824820188043603e+00	3.780110345483473679e+02
1.090108023942816695e+00	3.746659522811478382e+02
1.096389665956643222e+00	3.738776191981357897e+02
1.102681132058841440e+00	3.704850898035766136e+02
1.108963047594879958e+00	3.683723056229991357e+02
1.115225428463759272e+00	3.644352925088867323e+02
1.121502127614767863e+00	3.628426941152150107e+02
1.127792573824792033e+00	3.610863883356157658e+02
1.134089552668382961e+00	3.571223038203694387e+02
1.140364049650405942e+00	3.562256737799592088e+02
1.146639180320979445e+00	3.529010670069199591e+02
1.152942412991649901e+00	3.508436097813585093e+02
1.159228906751078814e+00	3.488413389039330923e+02
1.165508721887268173e+00	3.471182294940895190e+02
1.171793076256210320e+00	3.449291690439081890e+02
1.178087436369658958e+00	3.416014498381019848e+02
1.184367654251526902e+00	3.390159904266306512e+02
1.190634642299266632e+00	3.378774753294836728e+02
1.196912208834400859e+00	3.333721949744748940e+02
1.203201577354146234e+00	3.332307131800836828e+02
1.209486844441705733e+00	3.313743279081642754e+02
1.215763902074809888e+00	3.297082465396367752e+02
1.222049755171146668e+00	3.275042437317305257e+02
1.228340616621486969e+00	3.251752364284510577e+02
1.234632986576932767e+00	3.217883047634320519e+02
1.240902247176856488e+00	3.214746829025913826e+02
1.247174839144687519e+00	3.187259359045328893e+02
1.253465459933442272e+00	3.155993101824070663e+02
1.259749951892178421e+00	3.145839405764592698e+02
1.266032143127253873e+00	3.134685085887305718e+02
1.272316288472006507e+00	3.112471975333081673e+02
1.278604155058621350e+00	3.106945148250498505e+02
1.284886588933593865e+00	3.064204842048056889e+02
1.291175420066583257e+00	3.059260122213689215e+02
1.297465726373772332e+00	3.030606857446066442e+02
1.303741827011944299e+00	3.023028761351770868e+02
1.310017322922761851e+00	3.001325777986383514e+02
1.316301447662886703e+00	2.979575207849505887e+02
1.322586760363303249e+00	2.964333653288688311e+02
1.328865492452874664e+00	2.943482712013299647e+02
1.335144804954555564e+00	2.922093471919263266e+02
1.341440516272275119e+00	2.904469982008586157e+02
1.347730868417094552e+00	2.896216494014446994e+02
1.354001589994877630e+00	2.874049242177068209e+02
1.360282609297778444e+00	2.854524231364574121e+02
1.366565686457597906e+00	2.848401506894999784e+02
1.372851498482432708e+00	2.825557219278437060e+02
1.379135372929401804e+00	2.803957308420284562e+02
1.385409567149057164e+00	2.797067117382478045e+02
1.391698641219299315e+00	2.774858352745863499e+02
1.397984451439470810e+00	2.765103346406893365e+02
1.404267883409181961e+00	2.746695391301537370e+02
1.410554779484869181e+00	2.732541773835135359e+02
1.416837833547465397e+00	2.711284224435634087e+02
1.423118177187137068e+00	2.696616962434690095e+02
1.429397801164240089e+00	2.689202063260422619e+02
1.435686921822787232e+00	2.663069058959469544e+02
1.441977121769299597e+00	2.655290594884943403e+02
1.448253667853332427e+00	2.633373094817685001e+02
1.454532348972172651e+00	2.616294892728171249e+02
1.460819319151879903e+00	2.607389869730633336e+02
1.467110364402026468e+00	2.600244354815157521e+02
1.473392908948962132e+00	2.576959421658089013e+02
1.479669965243598950e+00	2.568919295273244643e+02
1.485956144602843532e+00	2.551654610883263388e+02
1.492233610763115115e+00	2.538940456071145206e+02
1.498502470379980078e+00	2.513058161217612678e+02
1.504785752051182701e+00	2.507396547323111236e+02
1.511075991894575976e+00	2.487648377818916003e+02
1.517361634985162189e+00	2.469750160072612744e+02
1.523648570969130533e+00	2.461835727075230693e+02
1.529938035715892264e+00	2.454428093109925157e+02
1.536230176913891965e+00	2.438345645310567988e+02
1.542510718779388279e+00	2.426235639172975027e+02
1.548783963082980275e+00	2.406625917381171860e+02
1.555073069779651318e+00	2.397760604009384338e+02
1.561357324927233892e+00	2.380637984348551868e+02
1.567629121053141006e+00	2.366402605034887472e+02
1.573913697404382583e+00	2.357070152605905946e+02
1.580203545230874029e+00	2.340869382407666990e+02
1.586485393434537983e+00	2.340469115107931941e+02
1.592760014263005841e+00	2.319927908374327217e+02
1.599046436394670812e+00	2.304117761740632773e+02
1.605342136637478934e+00	2.292414491814498376e+02
1.611619860919608627e+00	2.278885241655674747e+02
1.617897597081673799e+00	2.269260858423795923e+02
1.624183235481122756e+00	2.258087300841880278e+02
1.630464598531913722e+00	2.239603777646549077e+02
1.636748985747638274e+00	2.237383173135432344e+02
1.643030923698886259e+00	2.216331053851735362e+02
1.649309176648513064e+00	2.209237575442617185e+02
1.655593633940351861e+00	2.196721042145415481e+02
1.661879571405086464e+00	2.185267625987977738e+02
1.668169361685170271e+00	2.177536777968478532e+02
1.674450151530487485e+00	2.162559212377669837e+02
1.680722718978495900e+00	2.155928913801544695e+02
1.687013891340952476e+00	2.139313421280325258e+02
1.693308984907921033e+00	2.131384984471016537e+02
1.699582147428448486e+00	2.112437874069027828e+02
1.705863747055134105e+00	2.108090576321242224e+02
1.712154434283889470e+00	2.093791193237962602e+02
1.718438381579399321e+00	2.085772426918683777e+02
1.724721264464063930e+00	2.076640358508025486e+02
1.730997441276920679e+00	2.067138286010366812e+02
1.737287073528269499e+00	2.057306590065029184e+02
1.743567991878527401e+00	2.039533953539301478e+02
1.749840680212231048e+00	2.038838584080567671e+02
1.756128549091961144e+00	2.023919245270162435e+02
1.762413535324792502e+00	2.010007644917110952e+02
1.768696187669963837e+00	1.998513925081752802e+02
1.774979359379055266e+00	1.986937089110800798e+02
1.781265555576432957e+00	1.979926511763275983e+02
1.787549427830244619e+00	1.969996443197447320e+02
1.793834120011633004e+00	1.961517211877617797e+02
1.800115051552487300e+00	1.956020288696325053e+02
1.806393904854530330e+00	1.939915076120047672e+02
1.812674089667083432e+00	1.933273992585929761e+02
1.818956920109354058e+00	1.924214314368832959e+02
1.825244164118212220e+00	1.911626795061113739e+02
1.831527256642196955e+00	1.905598296397818956e+02
1.837811294935716599e+00	1.894485871966938646e+02
1.844100717411196744e+00	1.889509768637395553e+02
1.850384816792487230e+00	1.875008199414740488e+02
1.856666059735203822e+00	1.869409384566438348e+02
1.862947728675613979e+00	1.855073109741350379e+02
1.869229324466858078e+00	1.843116749149807276e+02
1.875517616802973686e+00	1.840114144618767682e+02
1.881800769033795229e+00	1.828464451466034291e+02
1.888078863416442710e+00	1.823801971761662628e+02
1.894353975182237582e+00	1.811067231065410681e+02
1.900642716154182565e+00	1.806575251048379300e+02
1.906933494748685121e+00	1.793234246909497074e+02
1.913207568676573933e+00	1.787518067412544838e+02
1.919490884732178992e+00	1.775067418334718070e+02
1.925776855684274480e+00	1.768092585954479148e+02
1.932064452961978152e+00	1.761158573803359957e+02
1.938342610030488800e+00	1.749490990729196369e+02
1.944618341543410178e+00	1.737845888276857806e+02
1.950906260203513876e+00	1.734782147352925108e+02
1.957194556613796488e+00	1.726027642107842439e+02
1.963479614559011432e+00	1.712381064064567227e+02
1.969760361532916226e+00	1.710374184925891825e+02
1.976048367034604736e+00	1.701434724611370939e+02
1.982337990217652335e+00	1.691940253429023358e+02
1.988617489259562721e+00	1.686940379117100122e+02
1.994896320665194178e+00	1.679575995250885683e+02
2.001179596222827151e+00	1.669038291555717421e+02
2.007459756923499761e+00	1.663790577741276877e+02
2.013737397779169935e+00	1.652183864239533193e+02
2.020017234677497164e+00	1.646388909847808293e+02
2.026310251015072783e+00	1.636947743299647584e+02
2.032600542948020284e+00	1.629883393490120227e+02
2.038873863192099289e+00	1.620816936765525611e+02
2.045154087821675404e+00	1.615019707400609832e+02
2.051444704514288730e+00	1.608117203553316870e+02
2.057730430280644729e+00	1.601085022233622794e+02
2.064013940455224461e+00	1.595631988037866904e+02
2.070299891179459895e+00	1.585062591911788275e+02
2.076589719964883951e+00	1.581012728038192279e+02
2.082865483794470673e+00	1.572831336399337374e+02
2.089134494859368640e+00	1.562825599473483749e+02
2.095424211360070288e+00	1.557299915949658953e+02
2.101707116664804254e+00	1.544960662533491984e+02
2.107986473933564309e+00	1.542214024025529682e+02
2.114271806543862375e+00	1.531014847407735715e+02
2.120552717288892275e+00	1.527666686819027007e+02
2.126836933207161717e+00	1.525945263150421738e+02
2.133122044791171845e+00	1.516255301521819945e+02
2.139411711910842673e+00	1.506858647761038981e+02
2.145697076775292089e+00	1.499908987550509778e+02
2.151973548606471276e+00	1.492311832588525249e+02
2.158259913555724108e+00	1.491676100255140796e+02
2.164545396699105506e+00	1.481963502415447920e+02
2.170830700377734068e+00	1.472272270341153160e+02
2.177114138849150393e+00	1.469205142074925448e+02
2.183387647576827018e+00	1.461813276869958145e+02
2.189670273687676971e+00	1.454000439492902785e+02
2.195960147934207463e+00	1.445982980320841591e+02
2.202242556317716371e+00	1.443911412403052736e+02
2.208521655981037668e+00	1.434568451635164195e+02
2.214804637081333016e+00	1.431982867444212673e+02
2.221092583349425276e+00	1.423052217910220634e+02
2.227372893591468728e+00	1.417427964855207563e+02
2.233657161144248171e+00	1.410802728251171061e+02
2.239943485394438660e+00	1.405020949050627621e+02
2.246224175264620815e+00	1.395413223553497346e+02
2.252506378421252009e+00	1.394748759356011760e+02
2.258783417054270437e+00	1.390317216814854362e+02
2.265069077371457684e+00	1.380297954966735574e+02
2.271350377044131452e+00	1.374170076914530796e+02
2.277633995145353918e+00	1.371907111162445290e+02
2.283922419579920149e+00	1.365117506309059934e+02
2.290202874392252674e+00	1.359508119979413436e+02
2.296490779970905560e+00	1.354128936656951225e+02
2.302771769934229162e+00	1.345531644753124567e+02
2.309051364164305564e+00	1.340945971823465754e+02
2.315338502539088239e+00	1.337569825136768031e+02
2.321627336503874428e+00	1.332603731325139904e+02
2.327911878297218795e+00	1.325124522956522242e+02
2.334186238580297168e+00	1.319920461162988659e+02
2.340467971862688401e+00	1.315665323319672950e+02
2.346756940970738725e+00	1.309906957743029636e+02
2.353044444556199988e+00	1.304488998093754901e+02
2.359327653314069906e+00	1.299500115128625453e+02
2.365603048789861607e+00	1.294078684761696536e+02
2.371885911737665165e+00	1.289589309825747989e+02
2.378173303594019572e+00	1.281628018182806557e+02
2.384454016539381271e+00	1.282520285086867489e+02
2.390736447344785187e+00	1.274252870853647437e+02
2.397014133897952259e+00	1.268987494096389668e+02
2.403295490074321972e+00	1.266124575947508646e+02
2.409585049672506862e+00	1.259767221052613309e+02
2.415871703165322071e+00	1.253348332675970909e+02
2.422160652369088840e+00	1.252065622315247708e+02
2.428440167222748691e+00	1.242180917699093214e+02
2.434717472383889803e+00	1.241094490260527010e+02
2.441002456202044257e+00	1.236050742480499451e+02
2.447289980304530488e+00	1.230294352868988170e+02
2.453571844729242279e+00	1.227056194664481836e+02
2.459852705114058846e+00	1.222033313677901845e+02
2.466139233225018934e+00	1.218480115371464052e+02
2.472421963421291391e+00	1.212548944538809366e+02
2.478698519174224568e+00	1.206208595469506974e+02
2.484980841400355800e+00	1.202607959342207664e+02
2.491269319409339822e+00	1.198830504327725919e+02
2.497548505139029373e+00	1.196799685365791390e+02
2.503831667172610853e+00	1.190401952353686426e+02
2.510117938323931153e+00	1.187803012613488534e+02
2.516400733681277480e+00	1.182475005874101726e+02
2.522688226833368130e+00	1.178484664668380049e+02
2.528971695852665569e+00	1.174870955774236450e+02
2.535252039407670299e+00	1.169323627611560994e+02
2.541537514142774512e+00	1.164740510169517762e+02
2.547823008847572179e+00	1.161491217684823312e+02
2.554100666580690238e+00	1.155480183204442710e+02
2.560376788884177301e+00	1.152093540532488163e+02
2.566667521601497359e+00	1.148745523545248375e+02
2.572955062237090473e+00	1.146022346939929548e+02
2.579233771797999175e+00	1.140258133588209120e+02
2.585520164300948220e+00	1.137767508019924350e+02
2.591805130332431872e+00	1.132646552288725559e+02
2.598084074692260881e+00	1.129593643390340958e+02
2.604360404197643586e+00	1.124123777776819537e+02
2.610647185140439142e+00	1.122343440657329268e+02
2.616931864059273138e+00	1.121044337829368089e+02
2.623206107911065565e+00	1.118930970655265895e+02
2.629491626543270844e+00	1.112879856170034429e+02
2.635778507982642349e+00	1.109546584359259498e+02
2.642061039325260818e+00	1.105748053327142486e+02
2.648343840729305843e+00	1.100456472984723035e+02
2.654631838974855551e+00	1.097088231449446454e+02
2.660919001246303761e+00	1.093516255583707846e+02
2.667198525130066056e+00	1.092632030446485061e+02
2.673484307038032526e+00	1.088791389861585657e+02
2.679773388053849459e+00	1.086828571158578143e+02
2.686058217632288692e+00	1.081852558761942618e+02
2.692338738200057868e+00	1.079519101725257855e+02
2.698618022887226964e+00	1.074757146692709568e+02
2.704895450708277860e+00	1.072870507937596898e+02
2.711175674923682166e+00	1.069415660858647357e+02
2.717459832966957922e+00	1.065732982547599477e+02
2.723745731959044569e+00	1.062712609045504166e+02
2.730038414850594730e+00	1.060171502946955400e+02
2.736317989800789441e+00	1.058359158618390126e+02
2.742591858549239703e+00	1.054889713588001428e+02
2.748879749010778362e+00	1.049426463740200717e+02
2.755163403825859447e+00	1.049310708863010717e+02
2.761446955625852073e+00	1.045776090723337859e+02
2.767732088935374701e+00	1.043190165855035048e+02
2.774015452421743966e+00	1.040234676802126330e+02
2.780298635700591436e+00	1.037457487906407891e+02
2.786577474762241380e+00	1.035615619190822514e+02
2.792857983210164541e+00	1.031349489445093894e+02
2.799143790920211483e+00	1.030755326389151065e+02
2.805430058399325244e+00	1.028477435365227279e+02
2.811715058209780072e+00	1.024644920531125649e+02
2.817989272498773623e+00	1.023893428733172044e+02
2.824269171595737760e+00	1.020338275815005176e+02
2.830563016441804081e+00	1.018284160741547169e+02
2.836848750951622034e+00	1.016310564915140446e+02
2.843130027866129783e+00	1.015025624806017248e+02
2.849413896912404986e+00	1.011259776371639560e+02
2.855697464522425566e+00	1.010685287543718545e+02
2.861978799810683594e+00	1.007493250515252186e+02
2.868262469415629567e+00	1.004544409339180788e+02
2.874547359206753860e+00	1.002741139364916592e+02
2.880831111471525041e+00	1.002039063715557887e+02
2.887113216972382546e+00	9.995267987358845119e+01
2.893394504725182781e+00	9.966317130396701884e+01
2.899673662137033592e+00	9.947669849112371310e+01
2.905953958587380814e+00	9.953650818094452291e+01
2.912241118105161064e+00	9.919803486561514205e+01
2.918525996366671205e+00	9.904851676999585663e+01
2.924809035425688819e+00	9.882160419090762105e+01
2.931095916293684933e+00	9.875242365643896392e+01
2.937378182606774413e+00	9.864681532658801189e+01
2.943659980254369923e+00	9.845598674859192556e+01
2.949946454403890250e+00	9.804629558820411717e+01
2.956227653702202307e+00	9.833077261808338676e+01
2.962510478867462993e+00	9.795119943768538917e+01
2.968796535179442309e+00	9.791531159001858953e+01
2.975077657376874907e+00	9.776149531547495997e+01
2.981359866759223376e+00	9.756080116956232473e+01
2.987646761575656562e+00	9.746033564024988038e+01
2.993929038370399365e+00	9.712326110738253249e+01
3.000206214840962726e+00	9.721815036349929073e+01
3.006486172402415669e+00	9.719443245226092642e+01
3.012769812211594456e+00	9.696446634398525077e+01
3.019053144326170113e+00	9.686407806840097123e+01
3.025337405144251424e+00	9.684051273051497333e+01
3.031623734799107961e+00	9.689440477155719122e+01
3.037908962055872575e+00	9.657123292471455045e+01
3.044195067146031608e+00	9.649509158447034451e+01
3.050475543482170426e+00	9.659425561682334660e+01
3.056754954538277502e+00	9.630440930669693955e+01
3.063040539557494668e+00	9.624159522776588460e+01
3.069323699454357346e+00	9.615988496409281083e+01
3.075610692642898769e+00	9.636586831628731886e+01
3.081893798009918584e+00	9.622326237649117786e+01
3.088174549548037717e+00	9.624416209095474528e+01
3.094458635632868493e+00	9.614223647788560356e+01
3.100743982931558840e+00	9.617132911189514743e+01
3.107028111748448396e+00	9.608931376364087384e+01
3.113309299655494300e+00	9.598008014475580296e+01
3.119590662867241626e+00	9.600789140801921917e+01
3.125874006820172912e+00	9.598304184805205352e+01
3.132159251154602586e+00	9.608115903122468637e+01
3.138439172765940643e+00	9.600970842690773566e+01
3.144723867719826593e+00	9.610735334378092887e+01
3.151003951258561031e+00	9.608826521700066792e+01
3.157283664131563139e+00	9.621177221541110214e+01
3.163569317183839935e+00	9.627123626942677959e+01
3.169851661717792091e+00	9.611827391535828724e+01
3.176137704316093657e+00	9.613891884528682397e+01
3.182420924828643916e+00	9.616989559037388346e+01
3.188702811875577581e+00	9.618629175754308847e+01
3.194990520008989865e+00	9.633762699547374098e+01
3.201275324656983834e+00	9.636290798680991543e+01
3.207551352179861759e+00	9.644281361275589859e+01
3.213835216737041645e+00	9.654920813438867810e+01
3.220122579819103770e+00	9.652249704134098351e+01
3.226406606618656525e+00	9.639853290656235174e+01
3.232687390085645429e+00	9.604314883217131182e+01
3.238969121280456331e+00	9.583741173966535598e+01
3.245254751548589667e+00	9.567833449960234304e+01
3.251534499036136783e+00	9.545560397343828640e+01
3.257817780791052442e+00	9.528440271447539089e+01
3.264102164154097263e+00	9.507371634984883713e+01
3.270384152138468892e+00	9.476675904946257845e+01
3.276669427476867735e+00	9.458234151224453967e+01
3.282954688864507808e+00	9.432068785701184765e+01
3.289237200334947264e+00	9.412139451248580713e+01
3.295519587088236779e+00	9.382490509664329181e+01
3.301805977329951958e+00	9.375646396644826552e+01
3.308087486222440088e+00	9.348785547604660451e+01
3.314367630234227313e+00	9.327806812653811619e+01
3.320651909732194262e+00	9.304147517761752795e+01
3.326931260376857047e+00	9.280434523318697870e+01
3.333216512447217728e+00	9.251943834293155078e+01
3.339504489419978128e+00	9.249702361219068791e+01
3.345786804809928405e+00	9.214624210781623503e+01
3.352071130016277767e+00	9.209633227558549606e+01
3.358351496304225581e+00	9.194125088824044667e+01
3.364630591073392019e+00	9.158461213639283471e+01
3.370916305215045483e+00	9.136341993074429979e+01
3.377197952029413752e+00	9.138082676262581572e+01
3.383483063818085501e+00	9.119481383463075019e+01
3.389769992424469969e+00	9.086320103695280181e+01
3.396051330885982100e+00	9.084488742301537911e+01
3.402330879139463971e+00	9.055743185369287573e+01
3.408610488352048495e+00	9.033857963786692835e+01
3.414897837696641236e+00	9.014941285784816216e+01
3.421180484052105619e+00	9.001841226325042555e+01
3.427461639653846870e+00	8.986428406253472190e+01
3.433749159643459059e+00	8.971362783906383243e+01
3.440032646656798310e+00	8.959416054814437302e+01
3.446313366033385339e+00	8.924648631755405859e+01
3.452600135384134905e+00	8.921573135914830743e+01
3.458883152815406703e+00	8.904019175364534533e+01
3.465163834403715448e+00	8.906936695852385810e+01
3.471449329786229221e+00	8.882474582343041902e+01
3.477734476754053894e+00	8.861437871811388334e+01
3.484019652467224226e+00	8.847931597607370691e+01
3.490297019369712928e+00	8.829769467193773380e+01
3.496582486484379970e+00	8.810009865659546335e+01
3.502868048046865024e+00	8.811916168159130791e+01
3.509144649545451244e+00	8.779967066110344831e+01
3.515428082003116295e+00	8.774982878231466543e+01
3.521711031624695565e+00	8.766672474010793792e+01
3.527991850954735664e+00	8.738820207099365689e+01
3.534275545726699885e+00	8.736938577017383523e+01
3.540562632020772149e+00	8.719624980977985729e+01
3.546844410757220789e+00	8.705128026592583979e+01
3.553131386753758836e+00	8.705979524200918718e+01
3.559419203211965144e+00	8.664166786251520591e+01
3.565697971577579839e+00	8.654152426406903942e+01
3.571979559134798254e+00	8.655256673110690713e+01
3.578265774595833726e+00	8.644763895528369346e+01
3.584548309769353125e+00	8.622487846406362166e+01
3.590826843920031486e+00	8.615324381954216904e+01
3.597107306745233934e+00	8.612047304403097314e+01
3.603392831792229245e+00	8.590628449445934223e+01
3.609673209822572559e+00	8.587724779971323130e+01
3.615955412133016189e+00	8.586542075211328040e+01
3.622241607772384686e+00	8.568095870880802067e+01
3.628520252736676444e+00	8.558128106402935487e+01
3.634804827569451113e+00	8.550853689426712378e+01
3.641094981788862928e+00	8.523303447185938353e+01
3.647383514928639325e+00	8.507932265671536243e+01
3.653663283927725658e+00	8.527045540911402099e+01
3.659943504072155296e+00	8.497424320234780737e+01
3.666232000281138603e+00	8.491114145856651874e+01
3.672514211678317597e+00	8.487996101465112986e+01
3.678794154686042539e+00	8.469234908048909460e+01
3.685078621861909820e+00	8.455559584441033394e+01
3.691359210097977961e+00	8.459509460271816295e+01
3.697642368173791105e+00	8.447554115124765417e+01
3.703925796735277665e+00	8.425483645615207706e+01
3.710208240364660348e+00	8.415939369729159125e+01
3.716494593122387169e+00	8.433712497450238743e+01
3.722775386659595398e+00	8.421165663918986866e+01
3.729058392883481510e+00	8.405148569186818008e+01
3.735339748210807720e+00	8.398775409841535122e+01
3.741620776392969638e+00	8.390585703425099950e+01
3.747904795418762980e+00	8.379629898177202563e+01
3.754190633281219380e+00	8.382581801655507547e+01
3.760478208018912749e+00	8.366398600349714343e+01
3.766755538573464346e+00	8.367878360425207518e+01
3.773032090135151506e+00	8.364983191037903509e+01
3.779322553012896879e+00	8.364138172697644791e+01
3.785609109731308930e+00	8.353632321229709135e+01
3.791889825936295200e+00	8.340201227758745972e+01
3.798174822702435893e+00	8.332888150514820325e+01
3.804458658753491651e+00	8.330136766116714853e+01
3.810738438095723435e+00	8.334836333821840526e+01
3.817018850285747167e+00	8.334497765695793703e+01
3.823305314209427763e+00	8.322365503378816243e+01
3.829591295197792178e+00	8.323851548376683240e+01
3.835872296070849341e+00	8.325672523149910376e+01
3.842156279590906109e+00	8.322996228583956224e+01
3.848441511099312429e+00	8.308431294789001242e+01
3.854723334376886079e+00	8.297233006586965587e+01
3.861004740704794713e+00	8.303124178048895487e+01
3.867284336650660848e+00	8.314418491190045302e+01
3.873567367678779849e+00	8.294132753744969477e+01
3.879850662830422792e+00	8.288142859726447398e+01
3.886137063198143338e+00	8.302207199378888447e+01
3.892419463049126005e+00	8.304491500779722912e+01
3.898703740328622658e+00	8.299123988874906388e+01
3.904991458788179326e+00	8.297424207293835252e+01
3.911270842222104083e+00	8.280178188897784253e+01
3.917549806479573071e+00	8.300942068211669778e+01
3.923836006203090587e+00	8.291937607305544589e+01
3.930121452497870926e+00	8.292540902922769419e+01
3.936398172858230460e+00	8.294171583625370658e+01
3.942683040425962293e+00	8.304657379312554610e+01
3.948974759704379611e+00	8.307244150394606663e+01
3.955259227995065352e+00	8.301870101961854687e+01
3.961537174921395454e+00	8.285442855787978544e+01
3.967820217617139544e+00	8.302494211680644298e+01
3.974105559832568968e+00	8.299622943227605276e+01
3.980384727931198352e+00	8.298680730774519532e+01
3.986664590839849698e+00	8.321871040113198603e+01
3.992949619150675034e+00	8.306265261421434332e+01
3.999235075769965952e+00	8.304596042560643809e+01
4.005515715515433506e+00	8.322173764397663831e+01
4.011798434346478537e+00	8.337450693826083636e+01
4.018083716245132386e+00	8.335734190727873738e+01
4.024365700052603856e+00	8.330884011186121541e+01
4.030643960839860540e+00	8.323088762658977657e+01
4.036928708926215137e+00	8.341196352127340674e+01
4.043218157412017177e+00	8.341618882637418153e+01
4.049503019487663558e+00	8.349557579481562186e+01
4.055781898960511000e+00	8.355065920178745387e+01
4.062060795621602161e+00	8.353767428590184352e+01
4.068347865354716042e+00	8.372040318429687034e+01
4.074631027173265529e+00	8.378745326023226880e+01
4.080910837526078971e+00	8.380654827419623132e+01
4.087201203341442657e+00	8.397438128586992434e+01
4.093486818591942189e+00	8.398642694617949189e+01
4.099764387336505500e+00	8.412983396024257843e+01
4.106049166937662420e+00	8.405342703049399233e+01
4.112334559041358695e+00	8.426406405891995632e+01
4.118618926059533614e+00	8.445534839158824525e+01
4.124898942031112625e+00	8.438797847067175439e+01
4.131175432561665417e+00	8.465134339221913251e+01
4.137461563786142271e+00	8.435999688310847944e+01
4.143746006210170307e+00	8.470197848001924967e+01
4.150029800482964326e+00	8.485684736537470485e+01
4.156313390684649001e+00	8.490279959218621286e+01
4.162596105843763716e+00	8.522914046038401636e+01
4.168881843141768684e+00	8.520925904300132459e+01
4.175162111073220217e+00	8.536080507593005962e+01
4.181448573417560155e+00	8.547940149497829054e+01
4.187738782464171194e+00	8.562852314462308811e+01
4.194017437180169061e+00	8.583508808595115624e+01
4.200293572701767175e+00	8.580398624494495152e+01
4.206580195481546269e+00	8.606357856720185850e+01
4.212860644652220543e+00	8.613380358204111076e+01
4.219138153430114002e+00	8.637044509112145363e+01
4.225426162098283811e+00	8.651373351582729754e+01
4.231713506719782636e+00	8.667392268689197010e+01
4.237990056577191744e+00	8.686249341588246864e+01
4.244267783646744618e+00	8.703017101044225967e+01
4.250560660182562955e+00	8.730502384869539867e+01
4.256847734842668096e+00	8.715858784669745773e+01
4.263127100734456221e+00	8.738953774075028491e+01
4.269406860432507500e+00	8.760722577762737728e+01
4.275691671482192646e+00	8.778681627198605497e+01
4.281972414189518794e+00	8.785747708395042821e+01
4.288253516806755705e+00	8.803452434463622467e+01
4.294540520160492925e+00	8.818656065324256588e+01
4.300825742921731809e+00	8.830107843536332268e+01
4.307109835491901961e+00	8.864060803587835835e+01
4.313390926478413157e+00	8.886459563492206826e+01
4.319667979480563247e+00	8.885162338123866732e+01
4.325952598143786076e+00	8.890155505594630370e+01
4.332241647035422361e+00	8.939878226020157115e+01
4.338524445619096781e+00	8.961313485905417053e+01
4.344809348131129845e+00	8.977274455776708351e+01
4.351090699193166600e+00	8.967303833197468066e+01
4.357369710808320029e+00	8.989133442601784907e+01
4.363659348967174445e+00	9.014992025779999096e+01
4.369947418280990981e+00	9.040091291111049543e+01
4.376226569265827315e+00	9.074256556626282588e+01
4.382499356631129217e+00	9.074550205748414555e+01
4.388784975178015024e+00	9.083185006287597218e+01
4.395068696309480494e+00	9.096326353543683751e+01
4.401347962382031298e+00	9.127082418117790041e+01
4.407628405096517099e+00	9.138354842653171772e+01
4.413915862185140426e+00	9.137942594850854050e+01
4.420203163534264235e+00	9.193066906066708555e+01
4.426480311003382795e+00	9.187482526086171220e+01
4.432765973643649104e+00	9.215472131717838522e+01
4.439053392023870614e+00	9.218224911401136978e+01
4.445336141335588742e+00	9.210629788711084132e+01
4.451617241414883352e+00	9.228606890806943852e+01
4.457901500730311106e+00	9.234799727859925156e+01
4.464189501093017043e+00	9.243682963617023063e+01
4.470470197548729985e+00	9.236151044772466889e+01
4.476748044268524573e+00	9.300738961490655754e+01
4.483035990164653484e+00	9.250681300203901003e+01
4.489323331650528104e+00	9.256123788889320281e+01
4.495599111667934800e+00	9.273118371768664758e+01
4.501870922878794090e+00	9.262487521624531439e+01
4.508155162877705457e+00	9.279369298460900950e+01
4.514446451153479423e+00	9.256683013429896789e+01
4.520723894043856994e+00	9.266747156732591861e+01
4.527003782460155890e+00	9.244821990350267527e+01
4.533293086610313161e+00	9.261070601363600474e+01
4.539578989864040182e+00	9.220742330312054946e+01
4.545857164866476730e+00	9.179603925972240575e+01
4.552138955546025656e+00	9.169008036920247662e+01
4.558432046889146605e+00	9.148259701868155958e+01
4.564713463378488711e+00	9.151113466838391730e+01
4.570987274133244682e+00	9.168336273730240293e+01
4.577274818151045643e+00	9.149853449685960527e+01
4.583563263889338657e+00	9.115216272203377912e+01
4.589844917004465508e+00	9.122058283547004010e+01
4.596126259982004747e+00	9.106511074629692359e+01
4.602409075598298926e+00	9.119445932919974496e+01
4.608696634867644804e+00	9.129285606445274937e+01
4.614977646498861219e+00	9.120364872310106819e+01
4.621258953029527383e+00	9.127609367928329220e+01
4.627547993978874175e+00	9.105270029862204240e+01
4.633830152730579854e+00	9.127977207395709058e+01
4.640104005367354567e+00	9.151023561789617133e+01
4.646382060386754276e+00	9.140833236317574517e+01
4.652674213731970987e+00	9.152392702622825027e+01
4.658958291796220230e+00	9.178719128091201185e+01
4.665233615070169648e+00	9.174094012067520509e+01
4.671520675710307380e+00	9.178246839246199329e+01
4.677814351732177300e+00	9.194444857349402866e+01
4.684093699744638073e+00	9.216829066883011023e+01
4.690368661472568590e+00	9.207001107780777716e+01
4.696663270746453733e+00	9.219532151585676161e+01
4.702945459248681459e+00	9.231308113395616033e+01
4.709209170841929470e+00	9.251312041030885780e+01
4.715491634753063543e+00	9.245342149914604590e+01
4.721784316284933780e+00	9.239864474464391719e+01
4.728063062331094635e+00	9.250251584533812377e+01
4.734337423381671073e+00	9.293157893069995623e+01
4.740627024094544062e+00	9.309359466253592075e+01
4.746914995664547554e+00	9.313727959097181497e+01
4.753194740071086777e+00	9.333614856577874264e+01
4.759478891864783456e+00	9.378550110262283113e+01
4.765762396877359031e+00	9.363766990246918454e+01
4.772049481246195768e+00	9.400517693507268291e+01
4.778335091022592351e+00	9.405133594227854132e+01
4.784610831402393849e+00	9.442661507267133914e+01
4.790907306208476157e+00	9.411924536642275996e+01
4.797204047706418173e+00	9.449959945345686663e+01
4.803470827697504220e+00	9.505362299266838022e+01
4.809748850577324042e+00	9.508432271984841577e+01
4.816045316586602176e+00	9.549852535335283221e+01
4.822329240673497885e+00	9.541111831246918484e+01
4.828596758226470165e+00	9.551194681222700922e+01
4.834890332961369275e+00	9.563460093088410474e+01
4.841191655056394261e+00	9.635421739389788343e+01
4.847460407468000554e+00	9.613260638984844775e+01
4.853732128521334843e+00	9.634090985143751595e+01
4.860029138783373170e+00	9.704463755077466658e+01
4.866314601732018019e+00	9.726689030521514212e+01
4.872587026269203925e+00	9.793115712519741578e+01
4.878874221748241702e+00	9.825648613909083906e+01
4.885171078138658807e+00	9.835033412808097353e+01
4.891450629931857641e+00	9.907782395502093209e+01
4.897716482750221978e+00	9.902368159391274105e+01
4.904002834596266069e+00	9.887871807197588225e+01
4.910295858205786068e+00	9.934550687517786116e+01
4.916575188115905881e+00	9.999362170245470338e+01
4.922847946197084212e+00	1.004398101381208619e+02
4.929131667457151700e+00	1.004000262645714230e+02
4.935434460144239033e+00	1.017496999911780193e+02
4.941718513303545279e+00	1.019717183215157519e+02
4.947978624761803168e+00	1.013497499690526382e+02
4.954274999209829389e+00	1.018172746340244572e+02
4.960571094729937514e+00	1.027590305005335836e+02
4.966823207626954506e+00	1.033499200275981877e+02
4.973097418390337587e+00	1.029290095967687790e+02
4.979415129936382023e+00	1.034669352215574065e+02
4.985702082330368157e+00	1.038801676275199526e+02
4.991949985828016523e+00	1.048371805244889146e+02
4.998241586316924057e+00	1.058511448448520156e+02
5.004556635606089543e+00	1.055492795400393362e+02
5.010828655701208945e+00	1.061312200910730184e+02
5.017077229702536556e+00	1.066182458025034521e+02
5.023374414758113637e+00	1.073761724256206378e+02
5.029688873569548413e+00	1.080255999331664327e+02
5.035958413584124216e+00	1.081065557561405939e+02
5.042232667658486989e+00	1.094194161355824093e+02
5.048528755870775875e+00	1.090582219279361595e+02
5.054821121427484520e+00	1.098216744912029270e+02
5.061069509814582368e+00	1.103277818217031268e+02
5.067347812754101177e+00	1.116817531672342199e+02
5.073675050630431116e+00	1.111912009859429418e+02
5.079945928388977627e+00	1.122267564674932174e+02
5.086192992546071601e+00	1.126975691250367362e+02
5.092484128970163226e+00	1.130982909452426100e+02
5.098802924706086870e+00	1.145217739239778325e+02
5.105078217426394005e+00	1.145323983472258931e+02
5.111325076574067872e+00	1.154782817572182410e+02
5.117628358851224135e+00	1.158949467369552337e+02
5.123935939383525984e+00	1.177446652452605491e+02
5.130199176325612065e+00	1.178083437329250387e+02
5.136469985878846956e+00	1.180996487510034996e+02
5.142797788696348071e+00	1.196994695228728602e+02
5.149090378043822192e+00	1.200390427014658314e+02
5.155289879840074363e+00	1.206722827782608931e+02
5.161564521234301317e+00	1.219737374851437295e+02
5.167916673496016244e+00	1.221717953843454012e+02
5.174205974602950064e+00	1.229575308706519223e+02
5.180434820793812456e+00	1.239417708434045409e+02
5.186729096569634656e+00	1.247489798368013965e+02
5.193058481037780894e+00	1.240424591143232931e+02
5.199319511444338460e+00	1.275673876338956347e+02
5.205574295584361799e+00	1.280336912895731132e+02
5.211894977074066126e+00	1.280999253194279959e+02
5.218201708336958511e+00	1.290916637291898610e+02
5.224411911780083351e+00	1.306660118082145061e+02
5.230677632666463239e+00	1.317830120027465171e+02
5.237056729559757429e+00	1.318168199610355202e+02
5.243336785035660697e+00	1.339000536608589016e+02
5.249493476178225038e+00	1.361032887766173758e+02
5.255787017738318134e+00	1.341435239639740189e+02
5.262205327426889845e+00	1.365969272205066432e+02
5.268477758348532269e+00	1.360833421356971655e+02
5.274632213654732560e+00	1.394423832155428613e+02
5.280950543314659740e+00	1.398920007200495093e+02
5.287327645024750389e+00	1.389978095123086064e+02
5.293582359180156516e+00	1.423786648552973020e+02
5.299789992649893478e+00	1.438354189662588283e+02
5.306111460381987222e+00	1.434721622789197681e+02
5.312452717892129250e+00	1.472549864398702368e+02
5.318650122853046724e+00	1.472552704202009011e+02
5.324923043129819789e+00	1.481444286667834547e+02
5.331330237158205421e+00	1.497689843431456040e+02
5.337586726886338617e+00	1.510735786773703353e+02
5.343685192440848830e+00	1.520166585137942263e+02
5.350070659715249199e+00	1.549063623296173375e+02
5.356556762554878226e+00	1.563188493089733129e+02
5.362691868684501095e+00	1.600770136474948515e+02
5.368769208912516966e+00	1.580614116075548736e+02
5.375270137997677722e+00	1.596032870710493796e+02
5.381769983045385786e+00	1.633635752232393656e+02
5.387701030372958222e+00	1.613674746829222784e+02
5.393786668001271600e+00	1.638842147315269244e+02
5.400446161099396569e+00	1.659835495601789432e+02
5.406957063684501463e+00	1.672900972993190294e+02
5.412655672453426270e+00	1.715509526698640173e+02
5.418821279260546575e+00	1.729798255163073293e+02
5.425690594366304076e+00	1.706133183682161700e+02
5.432217487502165376e+00	1.755177978566616162e+02
5.437649811577258241e+00	1.821579140064016258e+02
5.443914404015878006e+00	1.803866847252630521e+02
5.450953501686320202e+00	1.844172227673374493e+02
5.457483690405861232e+00	1.824301860252516292e+02
5.462715250135157241e+00	1.889956193375430757e+02
5.469033575551323523e+00	1.882239291415838522e+02
5.476177730420278778e+00	1.905341519301564404e+02
5.482708935702562236e+00	1.929744966195556515e+02
5.487722405008360838e+00	1.917553212264027991e+02
5.494194284996126498e+00	1.954858394692573711e+02
5.501391471009256406e+00	1.953441031848889793e+02
5.507128202673079009e+00	2.116650430229272217e+02
5.512278020050448646e+00	1.990795034334371678e+02
5.519395563377015534e+00	2.069773390886268203e+02
5.526598678609708770e+00	2.057220814596781508e+02
5.532162682462509196e+00	2.176602154901539166e+02
5.537397124017139127e+00	2.312126774238809332e+02
5.544582756485218589e+00	2.019479373853270374e+02
5.551739327507637434e+00	1.835225637680083537e+02
5.557493306674907707e+00	2.288016480248786024e+02
5.562281709102816940e+00	2.685607375383917201e+02
5.569272720323164449e+00	9.392622731347486820e+01
