8.899641224696953554e-03	4.835318719119813613e+04
1.507912216506557788e-02	2.880533919621595123e+04
2.144790186456836667e-02	2.365538926491091843e+04
2.783660776489276650e-02	2.619451886371556247e+04
3.435099785803411021e-02	2.100610274351025510e+04
4.047886761425745911e-02	1.787244596079202893e+04
4.676716683575679601e-02	1.380305353523321537e+04
5.308225101765951665e-02	1.394508595143289494e+04
5.945362440940590160e-02	1.184275913372954710e+04
6.576224814588792211e-02	1.102936943856214020e+04
7.196632906698736953e-02	9.911172959786115825e+03
7.827860915688347743e-02	9.212453978723540786e+03
8.470398945834539672e-02	7.939056105236867552e+03
9.096854620527369817e-02	7.402106825358308015e+03
9.720789776830213169e-02	6.306244353736219637e+03
1.034763038959366499e-01	5.734415657820060915e+03
1.097576444254559219e-01	5.209368159400584773e+03
1.160543084780093354e-01	4.804978076728372798e+03
1.223669666537485351e-01	4.785958946762033520e+03
1.286817263090294094e-01	4.501391355125513655e+03
1.349500801664080818e-01	4.067279436394016557e+03
1.411949558842147678e-01	3.875188655366840521e+03
1.475133575747468451e-01	3.527532943590440482e+03
1.537865074252268427e-01	3.445478907964462451e+03
1.600657544051110326e-01	3.225285404088048836e+03
1.663991168687080635e-01	2.943712801273588411e+03
1.727195645776442856e-01	2.793015313462525683e+03
1.789765213377084718e-01	2.633901050374985061e+03
1.852353690647852158e-01	2.585132716661184077e+03
1.914806787341157279e-01	2.488293588667898803e+03
1.977889868651535599e-01	2.401025316508174910e+03
2.040937735447724277e-01	2.232615392933896146e+03
2.103939302609846018e-01	2.168048238216456411e+03
2.166909709822301688e-01	2.058343070572702345e+03
2.229700281216152047e-01	2.016783016807007016e+03
2.292620027086341994e-01	1.944287844054143761e+03
2.355141508366812297e-01	1.848187111592488009e+03
2.417910583817859116e-01	1.774593013531160068e+03
2.480856539439619257e-01	1.731735696444621908e+03
2.543492256872954549e-01	1.681838356554638040e+03
2.606334251884805386e-01	1.629837176070691385e+03
2.669257370896960802e-01	1.588801239890522083e+03
2.732423343141155980e-01	1.569661249882647326e+03
2.795529680084415936e-01	1.514311495127667058e+03
2.858366292314493129e-01	1.450024884887729513e+03
2.920876271394311496e-01	1.422702371257304094e+03
2.983449844439822751e-01	1.381914229919944773e+03
3.046382639407197446e-01	1.353591196013839863e+03
3.109279127003197196e-01	1.298527653128330257e+03
3.172168171618398036e-01	1.262184122929882051e+03
3.235187567944423082e-01	1.255147043450317824e+03
3.298168217550395687e-01	1.213212343402998385e+03
3.361176429457156667e-01	1.197214995565273739e+03
3.423700375709273769e-01	1.168541228946459114e+03
3.486478192666269682e-01	1.138005556762431752e+03
3.549411614411318028e-01	1.123058683383135076e+03
3.611916935421040642e-01	1.090390369976324564e+03
3.674767089563572564e-01	1.075689066552547047e+03
3.737647795277591056e-01	1.054486607206927602e+03
3.800654031475132477e-01	1.031350784860808290e+03
3.863539861259823738e-01	1.015582239832688174e+03
3.926140181364449755e-01	9.965575062127538786e+02
3.989264500321934581e-01	9.735969145207775455e+02
4.052073244576828714e-01	9.641292314684643543e+02
4.114916477570477182e-01	9.427760188691789836e+02
4.177814272116491257e-01	9.329904590275181135e+02
4.240400648725131116e-01	9.190521945723066892e+02
4.303425690270192283e-01	9.073966061137615498e+02
4.366358560255625965e-01	8.860923023781641632e+02
4.428996183220763605e-01	8.652754528329523964e+02
4.491634418529859563e-01	8.582430349569189048e+02
4.554414146254732731e-01	8.473831508965795365e+02
4.617634470301058558e-01	8.322905340999885766e+02
4.680644242023710433e-01	8.224815344410563966e+02
4.743485242764365895e-01	8.090991655385755621e+02
4.806356136815400082e-01	7.991775020480528156e+02
4.869019258388697646e-01	7.849978277926381907e+02
4.931697099599955947e-01	7.731717345800701651e+02
4.994506747144535908e-01	7.554175263318661564e+02
5.057159051335421429e-01	7.602345726013479634e+02
5.119923996268095356e-01	7.449622021004342969e+02
5.183126097768406826e-01	7.343899392820014782e+02
5.246089638029100000e-01	7.288023849491589772e+02
5.308757308483337267e-01	7.171670395534265481e+02
5.371573527946726934e-01	7.138968300612598341e+02
5.434579563783791256e-01	7.046834310236268948e+02
5.497430652392217842e-01	6.992360013937121721e+02
5.559937427501778773e-01	6.802462868020545557e+02
5.622854676609657654e-01	6.761415234344958662e+02
5.686011537227265711e-01	6.699563530796607438e+02
5.748804589422079614e-01	6.619655585422841568e+02
5.811550210340560296e-01	6.556032558395476144e+02
5.874394496660968468e-01	6.546127484561575329e+02
5.937176220296899176e-01	6.406771321848393654e+02
5.999971954793682505e-01	6.309757510725593193e+02
6.062679115124277596e-01	6.274406888433165932e+02
6.125469576444534381e-01	6.250922121597158139e+02
6.188477733041515272e-01	6.172083316400287458e+02
6.251310567437898813e-01	6.095473927094274131e+02
6.314027450383210560e-01	6.048426811117728903e+02
6.377003562732055375e-01	5.995287203354101848e+02
6.439857783314556494e-01	5.922778273855461748e+02
6.502685417166111925e-01	5.868619550064522628e+02
6.565586117699038216e-01	5.804550958081157432e+02
6.628369282359254377e-01	5.769536878440017063e+02
6.691185444962194362e-01	5.727519625938564332e+02
6.754070198575605755e-01	5.656286117930168302e+02
6.816835514593204692e-01	5.612471190028888941e+02
6.879592533861698112e-01	5.594239849122774331e+02
6.942344317039531587e-01	5.542894104203551251e+02
7.005175402434737908e-01	5.463943888573813865e+02
7.068124956608716758e-01	5.421772872265281649e+02
7.131019009674921527e-01	5.368307580133866850e+02
7.193918251171427247e-01	5.327738667493143794e+02
7.256833807598113140e-01	5.273296970691784509e+02
7.319652682709349989e-01	5.225323502140404344e+02
7.382507990484923344e-01	5.190133334557501712e+02
7.445265842115937893e-01	5.156240044487494742e+02
7.507871101942712455e-01	5.107597196089047316e+02
7.570758465316046459e-01	5.032777895944403213e+02
7.633641233600957365e-01	5.011293113463689224e+02
7.696462959862266917e-01	4.958949840506907094e+02
7.759394865175414102e-01	4.927756317804905279e+02
7.822329141989586843e-01	4.862081670258585291e+02
7.885314936520240181e-01	4.846730274595390711e+02
7.947896566979522071e-01	4.793603945881949357e+02
8.010491096592354809e-01	4.752310373435252018e+02
8.073364061727361651e-01	4.742994012959043175e+02
8.136229488373866170e-01	4.708370964679287454e+02
8.199152998961036776e-01	4.676116251676837692e+02
8.261952636392789762e-01	4.655077171777099920e+02
8.324897070080405914e-01	4.599571867341023790e+02
8.387959309210778480e-01	4.587550443662374278e+02
8.450634639703045181e-01	4.543055963617530892e+02
8.513282867562648182e-01	4.514531184588296924e+02
8.576198263902009566e-01	4.469307137620478443e+02
8.639058477062415697e-01	4.432983790404308024e+02
8.701838745487597837e-01	4.403461611711149430e+02
8.764641096075268534e-01	4.398386415158418004e+02
8.827503873399735745e-01	4.339000169488149936e+02
8.890332768393869323e-01	4.309303691903826348e+02
8.953084247113127780e-01	4.273093525970774635e+02
9.015956521667095602e-01	4.251938997942880860e+02
9.078833328094829680e-01	4.211568557696054995e+02
9.141744106319863450e-01	4.181146002185559496e+02
9.204630817717615043e-01	4.186708524016659112e+02
9.267434415264711456e-01	4.149863732676230939e+02
9.330324197354928906e-01	4.112926440043198681e+02
9.393265785573878812e-01	4.076820219901856603e+02
9.455974810398196650e-01	4.049327951838736794e+02
9.518660018545171964e-01	3.998349908674987887e+02
9.581413255531838757e-01	4.003074306299078557e+02
9.644350945109106954e-01	3.972384440205119631e+02
9.707355633568249820e-01	3.926177200721493818e+02
9.770080768450029041e-01	3.908672111539941625e+02
9.832823325363413414e-01	3.877342352977909741e+02
9.895569691966674686e-01	3.870837942841856147e+02
9.958456301921106979e-01	3.845891093967499614e+02
1.002136210743837408e+00	3.805401685058307066e+02
1.008404825335135424e+00	3.777889380733009830e+02
1.014694149836243398e+00	3.765059998609386867e+02
1.020992555437297167e+00	3.755450661824748977e+02
1.027273980437394485e+00	3.728978203337546233e+02
1.033559181896017254e+00	3.702155258576671599e+02
1.039847557392594934e+00	3.657456585150157480e+02
1.046126974943305088e+00	3.633437545812093958e+02
1.052403436811028659e+00	3.622094146543220745e+02
1.058680704651608684e+00	3.602444944146081980e+02
1.064964333065789193e+00	3.577286938518593615e+02
1.071256777440835473e+00	3.558308900324375372e+02
1.077544048801078125e+00	3.518606986541348078e+02
1.083824820188043603e+00	3.496747731741154439e+02
1.090108023942816695e+00	3.478034344042851558e+02
1.096389665956643222e+00	3.478715762288441056e+02
1.102681132058841440e+00	3.437605490589116926e+02
1.108963047594879958e+00	3.416025720524436906e+02
1.115225428463759272e+00	3.404271794766729045e+02
1.121502127614767863e+00	3.382415026594869687e+02
1.127792573824792033e+00	3.352728099914199333e+02
1.134089552668382961e+00	3.332287132385750397e+02
1.140364049650405942e+00	3.322569874935451821e+02
1.146639180320979445e+00	3.301568560736092195e+02
1.152942412991649901e+00	3.278756044776190492e+02
1.159228906751078814e+00	3.259623437308816847e+02
1.165508721887268173e+00	3.239350865191526623e+02
1.171793076256210320e+00	3.212743414975722089e+02
1.178087436369658958e+00	3.192646843867540838e+02
1.184367654251526902e+00	3.181297585578328722e+02
1.190634642299266632e+00	3.162638589815610430e+02
1.196912208834400859e+00	3.145317654865248755e+02
1.203201577354146234e+00	3.116196649560516221e+02
1.209486844441705733e+00	3.116094866936558105e+02
1.215763902074809888e+00	3.095118327281336974e+02
1.222049755171146668e+00	3.072805306906838041e+02
1.228340616621486969e+00	3.055962258892132581e+02
1.234632986576932767e+00	3.033464361222170851e+02
1.240902247176856488e+00	3.026151008476059587e+02
1.247174839144687519e+00	2.990884034793243131e+02
1.253465459933442272e+00	2.985479800404650632e+02
1.259749951892178421e+00	2.971030820710706735e+02
1.266032143127253873e+00	2.948403104558033760e+02
1.272316288472006507e+00	2.937137524599039580e+02
1.278604155058621350e+00	2.910467233672977727e+02
1.284886588933593865e+00	2.897199353352015692e+02
1.291175420066583257e+00	2.879206853485603119e+02
1.297465726373772332e+00	2.856039320380733102e+02
1.303741827011944299e+00	2.852485508571898549e+02
1.310017322922761851e+00	2.837571204391086326e+02
1.316301447662886703e+00	2.818572349046291947e+02
1.322586760363303249e+00	2.803795425691277501e+02
1.328865492452874664e+00	2.789352832675612035e+02
1.335144804954555564e+00	2.784113904495916927e+02
1.341440516272275119e+00	2.746078222153674346e+02
1.347730868417094552e+00	2.744695036700603623e+02
1.354001589994877630e+00	2.733798071560566427e+02
1.360282609297778444e+00	2.717723995315718639e+02
1.366565686457597906e+00	2.700341603749131991e+02
1.372851498482432708e+00	2.686383980379901573e+02
1.379135372929401804e+00	2.661943724335899901e+02
1.385409567149057164e+00	2.645432003639671734e+02
1.391698641219299315e+00	2.631665788035616629e+02
1.397984451439470810e+00	2.625528295918535946e+02
1.404267883409181961e+00	2.613555132617727281e+02
1.410554779484869181e+00	2.590834673293720130e+02
1.416837833547465397e+00	2.574017260221494325e+02
1.423118177187137068e+00	2.561127392100506199e+02
1.429397801164240089e+00	2.553686682968746027e+02
1.435686921822787232e+00	2.541237340724888725e+02
1.441977121769299597e+00	2.524044355812367257e+02
1.448253667853332427e+00	2.517741080499731652e+02
1.454532348972172651e+00	2.499346116328633229e+02
1.460819319151879903e+00	2.487581205292858613e+02
1.467110364402026468e+00	2.466552583381921693e+02
1.473392908948962132e+00	2.463878675437242407e+02
1.479669965243598950e+00	2.442075337596731970e+02
1.485956144602843532e+00	2.434926914387467605e+02
1.492233610763115115e+00	2.419797903154687049e+02
1.498502470379980078e+00	2.410195057816519864e+02
1.504785752051182701e+00	2.401592520793747667e+02
1.511075991894575976e+00	2.388804405935601665e+02
1.517361634985162189e+00	2.365218783230291137e+02
1.523648570969130533e+00	2.348460009669134081e+02
1.529938035715892264e+00	2.343233361302329740e+02
1.536230176913891965e+00	2.338224148722070765e+02
1.542510718779388279e+00	2.328844461946354727e+02
1.548783963082980275e+00	2.309001712048491015e+02
1.555073069779651318e+00	2.291590625912747043e+02
1.561357324927233892e+00	2.289963273908354040e+02
1.567629121053141006e+00	2.268285871928276549e+02
1.573913697404382583e+00	2.263430634211588313e+02
1.580203545230874029e+00	2.247332459249924170e+02
1.586485393434537983e+00	2.239853411382049160e+02
1.592760014263005841e+00	2.229667310547763179e+02
1.599046436394670812e+00	2.215567628471617923e+02
1.605342136637478934e+00	2.208460520619767919e+02
1.611619860919608627e+00	2.194580953001974990e+02
1.617897597081673799e+00	2.180447834194409609e+02
1.624183235481122756e+00	2.173859714898329116e+02
1.630464598531913722e+00	2.161142169386881733e+02
1.636748985747638274e+00	2.145719598941080903e+02
1.643030923698886259e+00	2.144395301499987170e+02
1.649309176648513064e+00	2.130739978954059382e+02
1.655593633940351861e+00	2.117395278194061348e+02
1.661879571405086464e+00	2.100800566494186796e+02
1.668169361685170271e+00	2.098752578868553371e+02
1.674450151530487485e+00	2.087654325641256605e+02
1.680722718978495900e+00	2.075681257810608145e+02
1.687013891340952476e+00	2.062339192606453935e+02
1.693308984907921033e+00	2.057253543701525302e+02
1.699582147428448486e+00	2.041671313398734355e+02
1.705863747055134105e+00	2.041822054453772637e+02
1.712154434283889470e+00	2.027270383394417195e+02
1.718438381579399321e+00	2.009378720311122208e+02
1.724721264464063930e+00	2.007261841827422870e+02
1.730997441276920679e+00	1.996375491343251838e+02
1.737287073528269499e+00	1.989772144968143266e+02
1.743567991878527401e+00	1.981507794384081365e+02
1.749840680212231048e+00	1.969541057044195043e+02
1.756128549091961144e+00	1.958437870809716230e+02
1.762413535324792502e+00	1.950553610554399029e+02
1.768696187669963837e+00	1.944416378676249622e+02
1.774979359379055266e+00	1.933211420994176422e+02
1.781265555576432957e+00	1.917449443464486478e+02
1.787549427830244619e+00	1.917189601539185730e+02
1.793834120011633004e+00	1.902580324337750426e+02
1.800115051552487300e+00	1.897877848332282440e+02
1.806393904854530330e+00	1.880683655302688067e+02
1.812674089667083432e+00	1.877486622600823409e+02
1.818956920109354058e+00	1.864539906551315767e+02
1.825244164118212220e+00	1.860925720267948407e+02
1.831527256642196955e+00	1.851462253474761326e+02
1.837811294935716599e+00	1.842834519366671202e+02
1.844100717411196744e+00	1.829142362505131700e+02
1.850384816792487230e+00	1.826297535573715152e+02
1.856666059735203822e+00	1.814741723084955538e+02
1.862947728675613979e+00	1.807729787141999225e+02
1.869229324466858078e+00	1.796621209120420133e+02
1.875517616802973686e+00	1.791115665015702234e+02
1.881800769033795229e+00	1.779164212645839598e+02
1.888078863416442710e+00	1.770667755851380321e+02
1.894353975182237582e+00	1.767974476577257690e+02
1.900642716154182565e+00	1.754155007852896517e+02
1.906933494748685121e+00	1.746846823959324695e+02
1.913207568676573933e+00	1.739648243036778297e+02
1.919490884732178992e+00	1.734303355057428462e+02
1.925776855684274480e+00	1.729024224237110730e+02
1.932064452961978152e+00	1.719530407760906314e+02
1.938342610030488800e+00	1.710072762921362255e+02
1.944618341543410178e+00	1.704854513667226854e+02
1.950906260203513876e+00	1.695319669129551414e+02
1.957194556613796488e+00	1.692867416642284866e+02
1.963479614559011432e+00	1.681638002069034030e+02
1.969760361532916226e+00	1.674960718153530763e+02
1.976048367034604736e+00	1.670017933038406284e+02
1.982337990217652335e+00	1.661854809090218055e+02
1.988617489259562721e+00	1.653378731898356193e+02
1.994896320665194178e+00	1.640952587896065040e+02
2.001179596222827151e+00	1.635706479065192127e+02
2.007459756923499761e+00	1.629980056303716935e+02
2.013737397779169935e+00	1.623119350980946933e+02
2.020017234677497164e+00	1.614225657259344189e+02
2.026310251015072783e+00	1.606365070615822219e+02
2.032600542948020284e+00	1.600849904377073187e+02
2.038873863192099289e+00	1.593642051114805724e+02
2.045154087821675404e+00	1.587979323514983605e+02
2.051444704514288730e+00	1.580240534132523464e+02
2.057730430280644729e+00	1.570976823588590605e+02
2.064013940455224461e+00	1.566226877303826370e+02
2.070299891179459895e+00	1.561529167157268603e+02
2.076589719964883951e+00	1.553465698779725983e+02
2.082865483794470673e+00	1.547831239991978691e+02
2.089134494859368640e+00	1.536425348314305666e+02
2.095424211360070288e+00	1.532236281538573621e+02
2.101707116664804254e+00	1.525542635055824405e+02
2.107986473933564309e+00	1.522697279419128620e+02
2.114271806543862375e+00	1.512174934656794392e+02
2.120552717288892275e+00	1.503454297110640425e+02
2.126836933207161717e+00	1.501383615818030535e+02
2.133122044791171845e+00	1.494995048722378783e+02
2.139411711910842673e+00	1.489346247278568853e+02
2.145697076775292089e+00	1.482296221005430823e+02
2.151973548606471276e+00	1.475883384412327075e+02
2.158259913555724108e+00	1.469302459982553444e+02
2.164545396699105506e+00	1.460425475054221067e+02
2.170830700377734068e+00	1.458843292428952338e+02
2.177114138849150393e+00	1.451957135227635263e+02
2.183387647576827018e+00	1.446375940460156642e+02
2.189670273687676971e+00	1.437560525038350363e+02
2.195960147934207463e+00	1.434133587594193102e+02
2.202242556317716371e+00	1.427513010275926604e+02
2.208521655981037668e+00	1.422758852379194536e+02
2.214804637081333016e+00	1.416085146714085283e+02
2.221092583349425276e+00	1.410235813581912510e+02
2.227372893591468728e+00	1.405882723483629206e+02
2.233657161144248171e+00	1.398829630427757138e+02
2.239943485394438660e+00	1.390410380609608012e+02
2.246224175264620815e+00	1.387397133141794541e+02
2.252506378421252009e+00	1.382594267141474802e+02
2.258783417054270437e+00	1.376236489412030721e+02
2.265069077371457684e+00	1.370907219135612536e+02
2.271350377044131452e+00	1.365439967029736863e+02
2.277633995145353918e+00	1.360181966876905619e+02
2.283922419579920149e+00	1.351964704957726724e+02
2.290202874392252674e+00	1.351552628529944116e+02
2.296490779970905560e+00	1.343808970308557207e+02
2.302771769934229162e+00	1.338479387753926630e+02
2.309051364164305564e+00	1.334418876856322811e+02
2.315338502539088239e+00	1.329535953500262622e+02
2.321627336503874428e+00	1.323367565710615850e+02
2.327911878297218795e+00	1.315677924116878899e+02
2.334186238580297168e+00	1.312223224149524299e+02
2.340467971862688401e+00	1.309436978888486180e+02
2.346756940970738725e+00	1.305573266537597874e+02
2.353044444556199988e+00	1.299586244372713679e+02
2.359327653314069906e+00	1.293239716691172703e+02
2.365603048789861607e+00	1.289592865729407265e+02
2.371885911737665165e+00	1.284448656081532079e+02
2.378173303594019572e+00	1.280823735465444599e+02
2.384454016539381271e+00	1.273873336221885495e+02
2.390736447344785187e+00	1.270064657884846184e+02
2.397014133897952259e+00	1.268236362098146088e+02
2.403295490074321972e+00	1.260955874582519982e+02
2.409585049672506862e+00	1.255543330246278799e+02
2.415871703165322071e+00	1.252933696997635025e+02
2.422160652369088840e+00	1.249171822804335221e+02
2.428440167222748691e+00	1.244823528511479935e+02
2.434717472383889803e+00	1.237956889516819246e+02
2.441002456202044257e+00	1.232647417767160078e+02
2.447289980304530488e+00	1.230007455469011717e+02
2.453571844729242279e+00	1.225023418154900696e+02
2.459852705114058846e+00	1.222150535880555822e+02
2.466139233225018934e+00	1.216902825550321268e+02
2.472421963421291391e+00	1.212525482813266535e+02
2.478698519174224568e+00	1.208794257275736328e+02
2.484980841400355800e+00	1.205077167137246619e+02
2.491269319409339822e+00	1.198986988352127554e+02
2.497548505139029373e+00	1.193492556891685439e+02
2.503831667172610853e+00	1.191565193317737368e+02
2.510117938323931153e+00	1.186996541065826989e+02
2.516400733681277480e+00	1.181761863694836308e+02
2.522688226833368130e+00	1.179692237472087726e+02
2.528971695852665569e+00	1.176680185711772850e+02
2.535252039407670299e+00	1.171396875679971430e+02
2.541537514142774512e+00	1.165761768721739884e+02
2.547823008847572179e+00	1.163553598200194301e+02
2.554100666580690238e+00	1.159174284746377168e+02
2.560376788884177301e+00	1.156715980604621308e+02
2.566667521601497359e+00	1.153266913132073057e+02
2.572955062237090473e+00	1.147971442988752386e+02
2.579233771797999175e+00	1.143987585296132607e+02
2.585520164300948220e+00	1.139838815491194879e+02
2.591805130332431872e+00	1.138191808979789528e+02
2.598084074692260881e+00	1.134046435320296382e+02
2.604360404197643586e+00	1.130279312808867189e+02
2.610647185140439142e+00	1.127967059669893644e+02
2.616931864059273138e+00	1.124691280856587667e+02
2.623206107911065565e+00	1.119762724213547074e+02
2.629491626543270844e+00	1.116207766929446024e+02
2.635778507982642349e+00	1.112043987198491237e+02
2.642061039325260818e+00	1.110426682438109935e+02
2.648343840729305843e+00	1.106630589025934910e+02
2.654631838974855551e+00	1.103139100755205959e+02
2.660919001246303761e+00	1.100025080669095701e+02
2.667198525130066056e+00	1.097355120706135665e+02
2.673484307038032526e+00	1.092964905519976071e+02
2.679773388053849459e+00	1.091487819934088463e+02
2.686058217632288692e+00	1.089186377352396846e+02
2.692338738200057868e+00	1.087363948398476055e+02
2.698618022887226964e+00	1.083257993557929524e+02
2.704895450708277860e+00	1.080774975132760574e+02
2.711175674923682166e+00	1.076324066335067329e+02
2.717459832966957922e+00	1.072836883614036338e+02
2.723745731959044569e+00	1.069851396536809034e+02
2.730038414850594730e+00	1.067068959444928566e+02
2.736317989800789441e+00	1.065553508074894040e+02
2.742591858549239703e+00	1.061811146804368917e+02
2.748879749010778362e+00	1.059678738602043495e+02
2.755163403825859447e+00	1.057177773228923741e+02
2.761446955625852073e+00	1.056577457562171389e+02
2.767732088935374701e+00	1.052283631706214919e+02
2.774015452421743966e+00	1.048948747169431357e+02
2.780298635700591436e+00	1.046455067508913999e+02
2.786577474762241380e+00	1.045287835465909154e+02
2.792857983210164541e+00	1.042907328449436335e+02
2.799143790920211483e+00	1.039896001237667207e+02
2.805430058399325244e+00	1.038026119926873321e+02
2.811715058209780072e+00	1.034584621444516728e+02
2.817989272498773623e+00	1.032918737906464486e+02
2.824269171595737760e+00	1.028920815008399217e+02
2.830563016441804081e+00	1.029062923144741717e+02
2.836848750951622034e+00	1.026047073544541206e+02
2.843130027866129783e+00	1.024687911852506943e+02
2.849413896912404986e+00	1.021468019586666998e+02
2.855697464522425566e+00	1.020645709336752134e+02
2.861978799810683594e+00	1.017475035422640275e+02
2.868262469415629567e+00	1.016198901851272751e+02
2.874547359206753860e+00	1.014653123218823794e+02
2.880831111471525041e+00	1.012146613642863713e+02
2.887113216972382546e+00	1.010216574792278550e+02
2.893394504725182781e+00	1.008897971522644781e+02
2.899673662137033592e+00	1.007736289490724033e+02
2.905953958587380814e+00	1.007889193104868610e+02
2.912241118105161064e+00	1.004868377293535104e+02
2.918525996366671205e+00	1.003098451178761508e+02
2.924809035425688819e+00	1.002554023313539204e+02
2.931095916293684933e+00	1.000748256462102574e+02
2.937378182606774413e+00	9.978043626150946466e+01
2.943659980254369923e+00	9.977700612637119093e+01
2.949946454403890250e+00	9.953029353476037500e+01
2.956227653702202307e+00	9.937872776348341120e+01
2.962510478867462993e+00	9.926224079694252111e+01
2.968796535179442309e+00	9.916517242479697813e+01
2.975077657376874907e+00	9.896641711965271782e+01
2.981359866759223376e+00	9.893418416142625915e+01
2.987646761575656562e+00	9.882887346992296784e+01
2.993929038370399365e+00	9.860497017113078755e+01
3.000206214840962726e+00	9.850625527853426888e+01
3.006486172402415669e+00	9.847137293167746463e+01
3.012769812211594456e+00	9.850403399620300604e+01
3.019053144326170113e+00	9.829895012557508949e+01
3.025337405144251424e+00	9.822418904532685247e+01
3.031623734799107961e+00	9.822918270446596978e+01
3.037908962055872575e+00	9.791796634009926947e+01
3.044195067146031608e+00	9.812756462712890482e+01
3.050475543482170426e+00	9.820930656843061968e+01
3.056754954538277502e+00	9.789482836897560958e+01
3.063040539557494668e+00	9.775464494250682890e+01
3.069323699454357346e+00	9.783178314338510972e+01
3.075610692642898769e+00	9.781608395212158769e+01
3.081893798009918584e+00	9.789851075685112392e+01
3.088174549548037717e+00	9.789075826609413866e+01
3.094458635632868493e+00	9.777221308443122894e+01
3.100743982931558840e+00	9.779986770341514557e+01
3.107028111748448396e+00	9.770570762636286588e+01
3.113309299655494300e+00	9.765699357858389362e+01
3.119590662867241626e+00	9.763909921658580515e+01
3.125874006820172912e+00	9.766565693446013086e+01
3.132159251154602586e+00	9.775767201113932003e+01
3.138439172765940643e+00	9.782994172996269810e+01
3.144723867719826593e+00	9.764013067705353421e+01
3.151003951258561031e+00	9.792272169025702055e+01
3.157283664131563139e+00	9.789557053467898129e+01
3.163569317183839935e+00	9.791258190760456159e+01
3.169851661717792091e+00	9.779221070733782994e+01
3.176137704316093657e+00	9.803503927513486360e+01
3.182420924828643916e+00	9.809693880776076469e+01
3.188702811875577581e+00	9.816110840825002981e+01
3.194990520008989865e+00	9.822837449063666782e+01
3.201275324656983834e+00	9.833328217174808117e+01
3.207551352179861759e+00	9.842680377333392983e+01
3.213835216737041645e+00	9.844183642179864080e+01
3.220122579819103770e+00	9.836906660890726073e+01
3.226406606618656525e+00	9.816840272488792607e+01
3.232687390085645429e+00	9.800008706646433154e+01
3.238969121280456331e+00	9.774924869629502666e+01
3.245254751548589667e+00	9.747737024513945414e+01
3.251534499036136783e+00	9.733267887728395351e+01
3.257817780791052442e+00	9.717426542175560655e+01
3.264102164154097263e+00	9.690778404166114512e+01
3.270384152138468892e+00	9.670839734222968787e+01
3.276669427476867735e+00	9.650061829427521332e+01
3.282954688864507808e+00	9.623118660017485126e+01
3.289237200334947264e+00	9.603108670098075095e+01
3.295519587088236779e+00	9.578815420865224439e+01
3.301805977329951958e+00	9.571624304651957971e+01
3.308087486222440088e+00	9.553170270761994232e+01
3.314367630234227313e+00	9.517522903139251866e+01
3.320651909732194262e+00	9.501522018386431512e+01
3.326931260376857047e+00	9.471629686227335299e+01
3.333216512447217728e+00	9.469412935858744618e+01
3.339504489419978128e+00	9.451991172222108162e+01
3.345786804809928405e+00	9.416907635426989032e+01
3.352071130016277767e+00	9.412633736031186515e+01
3.358351496304225581e+00	9.384008909955855415e+01
3.364630591073392019e+00	9.370421967948446706e+01
3.370916305215045483e+00	9.353900544984395538e+01
3.377197952029413752e+00	9.340325749336469130e+01
3.383483063818085501e+00	9.315469373600036818e+01
3.389769992424469969e+00	9.308870578285157649e+01
3.396051330885982100e+00	9.293544457625992550e+01
3.402330879139463971e+00	9.269226665244342200e+01
3.408610488352048495e+00	9.265607023488988148e+01
3.414897837696641236e+00	9.222250078527210349e+01
3.421180484052105619e+00	9.217225977351064614e+01
3.427461639653846870e+00	9.202751917984203089e+01
3.433749159643459059e+00	9.184419872469231905e+01
3.440032646656798310e+00	9.160511898777544104e+01
3.446313366033385339e+00	9.148954574389648542e+01
3.452600135384134905e+00	9.138170984757724113e+01
3.458883152815406703e+00	9.117637890682949831e+01
3.465163834403715448e+00	9.103809214133951855e+01
3.471449329786229221e+00	9.098201093505194592e+01
3.477734476754053894e+00	9.072470102569401718e+01
3.484019652467224226e+00	9.064615312193713237e+01
3.490297019369712928e+00	9.052948276971534369e+01
3.496582486484379970e+00	9.041057476422541583e+01
3.502868048046865024e+00	9.012297792519439099e+01
3.509144649545451244e+00	9.006287960142132931e+01
3.515428082003116295e+00	9.002966238280384914e+01
3.521711031624695565e+00	8.972050886927502233e+01
3.527991850954735664e+00	8.969525883296026336e+01
3.534275545726699885e+00	8.942326107616148079e+01
3.540562632020772149e+00	8.931997749075551951e+01
3.546844410757220789e+00	8.916558838592793279e+01
3.553131386753758836e+00	8.926006780162933296e+01
3.559419203211965144e+00	8.888226076064303527e+01
3.565697971577579839e+00	8.879815870335144723e+01
3.571979559134798254e+00	8.872758084478422802e+01
3.578265774595833726e+00	8.865674275469369547e+01
3.584548309769353125e+00	8.838457465937524660e+01
3.590826843920031486e+00	8.839279784486947733e+01
3.597107306745233934e+00	8.825876357352815660e+01
3.603392831792229245e+00	8.814564087908058809e+01
3.609673209822572559e+00	8.800924306425889654e+01
3.615955412133016189e+00	8.797265601532424739e+01
3.622241607772384686e+00	8.785431391935853185e+01
3.628520252736676444e+00	8.760988220636332358e+01
3.634804827569451113e+00	8.756206031314860638e+01
3.641094981788862928e+00	8.764073854777200268e+01
3.647383514928639325e+00	8.730440030750314406e+01
3.653663283927725658e+00	8.724933861309256145e+01
3.659943504072155296e+00	8.720740453658179092e+01
3.666232000281138603e+00	8.732583135670518004e+01
3.672514211678317597e+00	8.706804308414116633e+01
3.678794154686042539e+00	8.695050836406144867e+01
3.685078621861909820e+00	8.703313448391787688e+01
3.691359210097977961e+00	8.683951321510919286e+01
3.697642368173791105e+00	8.658021881275449516e+01
3.703925796735277665e+00	8.660820911489771845e+01
3.710208240364660348e+00	8.663980186394898908e+01
3.716494593122387169e+00	8.655137159344214126e+01
3.722775386659595398e+00	8.647451634660689024e+01
3.729058392883481510e+00	8.636325136269721270e+01
3.735339748210807720e+00	8.628032735113731633e+01
3.741620776392969638e+00	8.630188469696571474e+01
3.747904795418762980e+00	8.617626470161359009e+01
3.754190633281219380e+00	8.611907940574755571e+01
3.760478208018912749e+00	8.609972125635613338e+01
3.766755538573464346e+00	8.582053130625808990e+01
3.773032090135151506e+00	8.600852390402197045e+01
3.779322553012896879e+00	8.593903340931575485e+01
3.785609109731308930e+00	8.588039995062106868e+01
3.791889825936295200e+00	8.579743700742005785e+01
3.798174822702435893e+00	8.575521528417851869e+01
3.804458658753491651e+00	8.567000347268933069e+01
3.810738438095723435e+00	8.569637762718642193e+01
3.817018850285747167e+00	8.557368929853365103e+01
3.823305314209427763e+00	8.560398617597741122e+01
3.829591295197792178e+00	8.548619852318624623e+01
3.835872296070849341e+00	8.541237585524091003e+01
3.842156279590906109e+00	8.562764502650779264e+01
3.848441511099312429e+00	8.541295107338771686e+01
3.854723334376886079e+00	8.534177897636132570e+01
3.861004740704794713e+00	8.541495149923802899e+01
3.867284336650660848e+00	8.537702788262960496e+01
3.873567367678779849e+00	8.541391633084880652e+01
3.879850662830422792e+00	8.537292714261408832e+01
3.886137063198143338e+00	8.525947415568968779e+01
3.892419463049126005e+00	8.542097582657791577e+01
3.898703740328622658e+00	8.542607868735963450e+01
3.904991458788179326e+00	8.540388974558737800e+01
3.911270842222104083e+00	8.517214791533233154e+01
3.917549806479573071e+00	8.525495577667720681e+01
3.923836006203090587e+00	8.546995385420504476e+01
3.930121452497870926e+00	8.540913668118966484e+01
3.936398172858230460e+00	8.539173319216243385e+01
3.942683040425962293e+00	8.538254223406153187e+01
3.948974759704379611e+00	8.535256291773559667e+01
3.955259227995065352e+00	8.552440710585888439e+01
3.961537174921395454e+00	8.567800650723027900e+01
3.967820217617139544e+00	8.558796409298793151e+01
3.974105559832568968e+00	8.560098079532991733e+01
3.980384727931198352e+00	8.560758045516033121e+01
3.986664590839849698e+00	8.543367811586124105e+01
3.992949619150675034e+00	8.560018014689765664e+01
3.999235075769965952e+00	8.571141863937540961e+01
4.005515715515433506e+00	8.570659211319819804e+01
4.011798434346478537e+00	8.583362172222989273e+01
4.018083716245132386e+00	8.573257193135466991e+01
4.024365700052603856e+00	8.579838011697840727e+01
4.030643960839860540e+00	8.610590551604752818e+01
4.036928708926215137e+00	8.608266956830347283e+01
4.043218157412017177e+00	8.604576972257017076e+01
4.049503019487663558e+00	8.604453981079069536e+01
4.055781898960511000e+00	8.620639752129942224e+01
4.062060795621602161e+00	8.621064002933623271e+01
4.068347865354716042e+00	8.643585813539915819e+01
4.074631027173265529e+00	8.664704994229752799e+01
4.080910837526078971e+00	8.665349800154096727e+01
4.087201203341442657e+00	8.658256923154208096e+01
4.093486818591942189e+00	8.685824218830705945e+01
4.099764387336505500e+00	8.687788257704026762e+01
4.106049166937662420e+00	8.689764998427413900e+01
4.112334559041358695e+00	8.715348265254273485e+01
4.118618926059533614e+00	8.726462191060659279e+01
4.124898942031112625e+00	8.734691669095596467e+01
4.131175432561665417e+00	8.729727483360045426e+01
4.137461563786142271e+00	8.753893449082181633e+01
4.143746006210170307e+00	8.769006404577328340e+01
4.150029800482964326e+00	8.754995841004134149e+01
4.156313390684649001e+00	8.792626441855635733e+01
4.162596105843763716e+00	8.783613206212888258e+01
4.168881843141768684e+00	8.807681751322876096e+01
4.175162111073220217e+00	8.819565280831828602e+01
4.181448573417560155e+00	8.825178691789430729e+01
4.187738782464171194e+00	8.836018853891300751e+01
4.194017437180169061e+00	8.850900961949483303e+01
4.200293572701767175e+00	8.859254466912183545e+01
4.206580195481546269e+00	8.876885165849421355e+01
4.212860644652220543e+00	8.884786858129888287e+01
4.219138153430114002e+00	8.901253408447786342e+01
4.225426162098283811e+00	8.933023414830405784e+01
4.231713506719782636e+00	8.948358850622123839e+01
4.237990056577191744e+00	8.969555300921012986e+01
4.244267783646744618e+00	8.992151459696451354e+01
4.250560660182562955e+00	8.999703133139679778e+01
4.256847734842668096e+00	8.994856031148729869e+01
4.263127100734456221e+00	9.027053251585836335e+01
4.269406860432507500e+00	9.038811714075626469e+01
4.275691671482192646e+00	9.027951507245869323e+01
4.281972414189518794e+00	9.088183046299042189e+01
4.288253516806755705e+00	9.098954050034588192e+01
4.294540520160492925e+00	9.122491343962251165e+01
4.300825742921731809e+00	9.154226378177656898e+01
4.307109835491901961e+00	9.165408527767047531e+01
4.313390926478413157e+00	9.197602203197260451e+01
4.319667979480563247e+00	9.184179287746134435e+01
4.325952598143786076e+00	9.216266709005223845e+01
4.332241647035422361e+00	9.244384947354535598e+01
4.338524445619096781e+00	9.242237464530677471e+01
4.344809348131129845e+00	9.274671899219922011e+01
4.351090699193166600e+00	9.303540117294049594e+01
4.357369710808320029e+00	9.347373114563733054e+01
4.363659348967174445e+00	9.363982103521753686e+01
4.369947418280990981e+00	9.358872584698467278e+01
4.376226569265827315e+00	9.382680780577253188e+01
4.382499356631129217e+00	9.384228343649249382e+01
4.388784975178015024e+00	9.427847145071858392e+01
4.395068696309480494e+00	9.412192371412007219e+01
4.401347962382031298e+00	9.462552297551809488e+01
4.407628405096517099e+00	9.467551437539023595e+01
4.413915862185140426e+00	9.456267197512197242e+01
4.420203163534264235e+00	9.521359612776548431e+01
4.426480311003382795e+00	9.495852301056356737e+01
4.432765973643649104e+00	9.532018343366928548e+01
4.439053392023870614e+00	9.520414813277858457e+01
4.445336141335588742e+00	9.558033567308410738e+01
4.451617241414883352e+00	9.552788321221269996e+01
4.457901500730311106e+00	9.588796260744464917e+01
4.464189501093017043e+00	9.637648232382615276e+01
4.470470197548729985e+00	9.609389219249295877e+01
4.476748044268524573e+00	9.614567662757205824e+01
4.483035990164653484e+00	9.586010905997947873e+01
4.489323331650528104e+00	9.597857181514571323e+01
4.495599111667934800e+00	9.643633504793758959e+01
4.501870922878794090e+00	9.611359314646270491e+01
4.508155162877705457e+00	9.633324299357092002e+01
4.514446451153479423e+00	9.614027776189988117e+01
4.520723894043856994e+00	9.625179939200424428e+01
4.527003782460155890e+00	9.602146698714994955e+01
4.533293086610313161e+00	9.617628716748072293e+01
4.539578989864040182e+00	9.578262897967644562e+01
4.545857164866476730e+00	9.546665079755410943e+01
4.552138955546025656e+00	9.523631670149079298e+01
4.558432046889146605e+00	9.525163697712477529e+01
4.564713463378488711e+00	9.468613604371381598e+01
4.570987274133244682e+00	9.471625289940115522e+01
4.577274818151045643e+00	9.507657400779859813e+01
4.583563263889338657e+00	9.495851982921195145e+01
4.589844917004465508e+00	9.461927348094144463e+01
4.596126259982004747e+00	9.477279989664889115e+01
4.602409075598298926e+00	9.486902719349571100e+01
4.608696634867644804e+00	9.499877520572242418e+01
4.614977646498861219e+00	9.504926992372315908e+01
4.621258953029527383e+00	9.468300745963341569e+01
4.627547993978874175e+00	9.474366398258182187e+01
4.633830152730579854e+00	9.502104901224623745e+01
4.640104005367354567e+00	9.533072095543300861e+01
4.646382060386754276e+00	9.481745276534476830e+01
4.652674213731970987e+00	9.501190590698723781e+01
4.658958291796220230e+00	9.542073947064918116e+01
4.665233615070169648e+00	9.526537488541853804e+01
4.671520675710307380e+00	9.550751103144182252e+01
4.677814351732177300e+00	9.530724396126090880e+01
4.684093699744638073e+00	9.550991023700038340e+01
4.690368661472568590e+00	9.590616017937190918e+01
4.696663270746453733e+00	9.581542793235405497e+01
4.702945459248681459e+00	9.594160269869395563e+01
4.709209170841929470e+00	9.581106949382692051e+01
4.715491634753063543e+00	9.624784290888038640e+01
4.721784316284933780e+00	9.614587683723196676e+01
4.728063062331094635e+00	9.674356795854929203e+01
4.734337423381671073e+00	9.683723469488535329e+01
4.740627024094544062e+00	9.665706118175752692e+01
4.746914995664547554e+00	9.698609102568123319e+01
4.753194740071086777e+00	9.731650684819184960e+01
4.759478891864783456e+00	9.776858353269145141e+01
4.765762396877359031e+00	9.733505754168069757e+01
4.772049481246195768e+00	9.772926423262929063e+01
4.778335091022592351e+00	9.797137286216330665e+01
4.784610831402393849e+00	9.795099119859037273e+01
4.790907306208476157e+00	9.871964729784889414e+01
4.797204047706418173e+00	9.860262166494129588e+01
4.803470827697504220e+00	9.900822032958576813e+01
4.809748850577324042e+00	9.910604401115156747e+01
4.816045316586602176e+00	9.924789302438801997e+01
4.822329240673497885e+00	9.977619291968950677e+01
4.828596758226470165e+00	9.956734691133233639e+01
4.834890332961369275e+00	9.968858124248126273e+01
4.841191655056394261e+00	1.001105692814645209e+02
4.847460407468000554e+00	1.006424476013277456e+02
4.853732128521334843e+00	1.009881405135792676e+02
4.860029138783373170e+00	1.009475586971982608e+02
4.866314601732018019e+00	1.013139651148323424e+02
4.872587026269203925e+00	1.016082834990569523e+02
4.878874221748241702e+00	1.016621354632853240e+02
4.885171078138658807e+00	1.019582546182481906e+02
4.891450629931857641e+00	1.026034713674802532e+02
4.897716482750221978e+00	1.027516855889066392e+02
4.904002834596266069e+00	1.031717008665159625e+02
4.910295858205786068e+00	1.035797232043435514e+02
4.916575188115905881e+00	1.038891658357520527e+02
4.922847946197084212e+00	1.048081412364208944e+02
4.929131667457151700e+00	1.044492970220914714e+02
4.935434460144239033e+00	1.046111426218191127e+02
4.941718513303545279e+00	1.058054507071766182e+02
4.947978624761803168e+00	1.057678265994463658e+02
4.954274999209829389e+00	1.067056818115290753e+02
4.960571094729937514e+00	1.067226959143522436e+02
4.966823207626954506e+00	1.073805060077375657e+02
4.973097418390337587e+00	1.077765003081449180e+02
4.979415129936382023e+00	1.082734525952193678e+02
4.985702082330368157e+00	1.087499702978695097e+02
4.991949985828016523e+00	1.090988573325095388e+02
4.998241586316924057e+00	1.098405557087276350e+02
5.004556635606089543e+00	1.105171122890646132e+02
5.010828655701208945e+00	1.108649315601409313e+02
5.017077229702536556e+00	1.107165684825101977e+02
5.023374414758113637e+00	1.115309146195097441e+02
5.029688873569548413e+00	1.128132508731929704e+02
5.035958413584124216e+00	1.122932191625657339e+02
5.042232667658486989e+00	1.135742501036783949e+02
5.048528755870775875e+00	1.139824528641654950e+02
5.054821121427484520e+00	1.147455993764805271e+02
5.061069509814582368e+00	1.151425307479246101e+02
5.067347812754101177e+00	1.154084053448756748e+02
5.073675050630431116e+00	1.159167494294452752e+02
5.079945928388977627e+00	1.167648585989343104e+02
5.086192992546071601e+00	1.182780978410155512e+02
5.092484128970163226e+00	1.186811978236669347e+02
5.098802924706086870e+00	1.178036522763281795e+02
5.105078217426394005e+00	1.201574322068985339e+02
5.111325076574067872e+00	1.204167515332632377e+02
5.117628358851224135e+00	1.211233142887483609e+02
5.123935939383525984e+00	1.220061652285748295e+02
5.130199176325612065e+00	1.226750535918473162e+02
5.136469985878846956e+00	1.238039156146779050e+02
5.142797788696348071e+00	1.232580867328616421e+02
5.149090378043822192e+00	1.251955484101917051e+02
5.155289879840074363e+00	1.255677905742346638e+02
5.161564521234301317e+00	1.264760214156713829e+02
5.167916673496016244e+00	1.281036699314780094e+02
5.174205974602950064e+00	1.276262898029366255e+02
5.180434820793812456e+00	1.303010101648719115e+02
5.186729096569634656e+00	1.300346737108795026e+02
5.193058481037780894e+00	1.303182189843650747e+02
5.199319511444338460e+00	1.318659149900605598e+02
5.205574295584361799e+00	1.335570100228738681e+02
5.211894977074066126e+00	1.343134361460730304e+02
5.218201708336958511e+00	1.352283415710863039e+02
5.224411911780083351e+00	1.358880538173659147e+02
5.230677632666463239e+00	1.366535851065823977e+02
5.237056729559757429e+00	1.392349017787652201e+02
5.243336785035660697e+00	1.402286055367250412e+02
5.249493476178225038e+00	1.398004174831744422e+02
5.255787017738318134e+00	1.416757360000136430e+02
5.262205327426889845e+00	1.435220053670141738e+02
5.268477758348532269e+00	1.435552105434996690e+02
5.274632213654732560e+00	1.430818469800733226e+02
5.280950543314659740e+00	1.451413913577778203e+02
5.287327645024750389e+00	1.466748004371313527e+02
5.293582359180156516e+00	1.486179786222699306e+02
5.299789992649893478e+00	1.490567247494099661e+02
5.306111460381987222e+00	1.530708508517574558e+02
5.312452717892129250e+00	1.536144846241921300e+02
5.318650122853046724e+00	1.552811850850536359e+02
5.324923043129819789e+00	1.559771222708428127e+02
5.331330237158205421e+00	1.597892141356300897e+02
5.337586726886338617e+00	1.601010564266556742e+02
5.343685192440848830e+00	1.599400054871121029e+02
5.350070659715249199e+00	1.611179845619549269e+02
5.356556762554878226e+00	1.643058548947997792e+02
5.362691868684501095e+00	1.664599904505254813e+02
5.368769208912516966e+00	1.718116651721996959e+02
5.375270137997677722e+00	1.673361672046107742e+02
5.381769983045385786e+00	1.682265398568220007e+02
5.387701030372958222e+00	1.694781134983861648e+02
5.393786668001271600e+00	1.715892301285105077e+02
5.400446161099396569e+00	1.752990488892374117e+02
5.406957063684501463e+00	1.754051009791262743e+02
5.412655672453426270e+00	1.790774617508764948e+02
5.418821279260546575e+00	1.841056254088724131e+02
5.425690594366304076e+00	1.833984534298854214e+02
5.432217487502165376e+00	1.869433604164988196e+02
5.437649811577258241e+00	1.899321037622051733e+02
5.443914404015878006e+00	1.922085042019309071e+02
5.450953501686320202e+00	1.895869279628386153e+02
5.457483690405861232e+00	1.914131392899014941e+02
5.462715250135157241e+00	2.033470618057903323e+02
5.469033575551323523e+00	1.964165417744459035e+02
5.476177730420278778e+00	2.015154599348020383e+02
5.482708935702562236e+00	1.980448038720903696e+02
5.487722405008360838e+00	2.047663252410740995e+02
5.494194284996126498e+00	2.095260451994473385e+02
5.501391471009256406e+00	2.174827419836930744e+02
5.507128202673079009e+00	2.104739027090412549e+02
5.512278020050448646e+00	2.029804188175278341e+02
5.519395563377015534e+00	2.202393316166840975e+02
5.526598678609708770e+00	2.123268225950370152e+02
5.532162682462509196e+00	2.268051860888419355e+02
5.537397124017139127e+00	2.283460279879795110e+02
5.544582756485218589e+00	2.151922437122681515e+02
5.551739327507637434e+00	2.640580456496884949e+02
5.557493306674907707e+00	2.620547049257356207e+02
5.562281709102816940e+00	2.612424748472687384e+02
5.569272720323164449e+00	4.483115410047576006e+02
