8.899641224696953554e-03	7.579387475755042033e+03
1.507912216506557788e-02	8.718108765858823972e+03
2.144790186456836667e-02	9.089965552782705345e+03
2.783660776489276650e-02	1.015113791681709699e+04
3.435099785803411021e-02	8.232221660765710112e+03
4.047886761425745911e-02	7.371930335038415251e+03
4.676716683575679601e-02	7.172664749578791088e+03
5.308225101765951665e-02	5.703412438833819579e+03
5.945362440940590160e-02	6.103340673236529256e+03
6.576224814588792211e-02	5.798133658655230647e+03
7.196632906698736953e-02	5.038701902338114451e+03
7.827860915688347743e-02	5.160106772033127527e+03
8.470398945834539672e-02	4.663664737000857713e+03
9.096854620527369817e-02	4.265486626720234199e+03
9.720789776830213169e-02	3.774788766520240642e+03
1.034763038959366499e-01	3.601044418420256079e+03
1.097576444254559219e-01	3.289097891325010096e+03
1.160543084780093354e-01	3.111734809543510437e+03
1.223669666537485351e-01	2.785942716630534051e+03
1.286817263090294094e-01	2.715346723620767534e+03
1.349500801664080818e-01	2.612863926383311991e+03
1.411949558842147678e-01	2.508877772486242065e+03
1.475133575747468451e-01	2.354124387560779269e+03
1.537865074252268427e-01	2.247049958123927809e+03
1.600657544051110326e-01	2.134839581431509032e+03
1.663991168687080635e-01	2.069170061174534567e+03
1.727195645776442856e-01	1.883670226552848590e+03
1.789765213377084718e-01	1.838688415578926424e+03
1.852353690647852158e-01	1.723841457007476720e+03
1.914806787341157279e-01	1.658962105259380451e+03
1.977889868651535599e-01	1.557021493637379990e+03
2.040937735447724277e-01	1.502865565608963607e+03
2.103939302609846018e-01	1.501048913167527871e+03
2.166909709822301688e-01	1.415338357129973701e+03
2.229700281216152047e-01	1.369362202134116842e+03
2.292620027086341994e-01	1.329991262629293715e+03
2.355141508366812297e-01	1.287849378787863088e+03
2.417910583817859116e-01	1.224576789371528321e+03
2.480856539439619257e-01	1.202271083196965265e+03
2.543492256872954549e-01	1.169226698485689212e+03
2.606334251884805386e-01	1.105814910684923916e+03
2.669257370896960802e-01	1.082252218426528543e+03
2.732423343141155980e-01	1.029372259599866766e+03
2.795529680084415936e-01	1.014434917160826217e+03
2.858366292314493129e-01	1.001658892296490535e+03
2.920876271394311496e-01	9.733703328954053404e+02
2.983449844439822751e-01	9.423613348862228349e+02
3.046382639407197446e-01	9.120554033276409882e+02
3.109279127003197196e-01	8.994398576688772664e+02
3.172168171618398036e-01	8.722824019772600650e+02
3.235187567944423082e-01	8.451511876399511038e+02
3.298168217550395687e-01	8.323531939021895596e+02
3.361176429457156667e-01	8.248433238574543793e+02
3.423700375709273769e-01	7.867042743379039393e+02
3.486478192666269682e-01	7.762394168467195641e+02
3.549411614411318028e-01	7.691381497894087715e+02
3.611916935421040642e-01	7.406269848358373338e+02
3.674767089563572564e-01	7.364533917424374749e+02
3.737647795277591056e-01	7.180531159811242787e+02
3.800654031475132477e-01	7.005922445557207539e+02
3.863539861259823738e-01	6.931941504443384474e+02
3.926140181364449755e-01	6.898991637455044383e+02
3.989264500321934581e-01	6.682607654283892771e+02
4.052073244576828714e-01	6.540803053518080787e+02
4.114916477570477182e-01	6.419966737527969372e+02
4.177814272116491257e-01	6.339445587294516145e+02
4.240400648725131116e-01	6.178225792358366562e+02
4.303425690270192283e-01	6.053155293497148932e+02
4.366358560255625965e-01	5.976923430902263590e+02
4.428996183220763605e-01	5.999673231978613330e+02
4.491634418529859563e-01	5.824289850606290884e+02
4.554414146254732731e-01	5.717276831164704163e+02
4.617634470301058558e-01	5.652699408479072645e+02
4.680644242023710433e-01	5.614709299822653747e+02
4.743485242764365895e-01	5.438161383658147088e+02
4.806356136815400082e-01	5.388254995976226382e+02
4.869019258388697646e-01	5.343725218026135053e+02
4.931697099599955947e-01	5.287687166107966732e+02
4.994506747144535908e-01	5.222434208645155422e+02
5.057159051335421429e-01	5.114392103173516944e+02
5.119923996268095356e-01	5.125478579302933895e+02
5.183126097768406826e-01	5.031139949847078014e+02
5.246089638029100000e-01	4.932374932181542135e+02
5.308757308483337267e-01	4.868496231017297760e+02
5.371573527946726934e-01	4.824449732653264391e+02
5.434579563783791256e-01	4.762522891287966331e+02
5.497430652392217842e-01	4.699685629515240635e+02
5.559937427501778773e-01	4.664903380484781223e+02
5.622854676609657654e-01	4.610650461615104518e+02
5.686011537227265711e-01	4.545831932335365195e+02
5.748804589422079614e-01	4.477655155270740579e+02
5.811550210340560296e-01	4.469207304714759630e+02
5.874394496660968468e-01	4.370088307434698436e+02
5.937176220296899176e-01	4.346120456311801945e+02
5.999971954793682505e-01	4.299005961362298649e+02
6.062679115124277596e-01	4.268340600380398655e+02
6.125469576444534381e-01	4.222790688721431138e+02
6.188477733041515272e-01	4.177590594875865690e+02
6.251310567437898813e-01	4.129995152662977489e+02
6.314027450383210560e-01	4.078159941434984717e+02
6.377003562732055375e-01	4.051341937287414794e+02
6.439857783314556494e-01	4.017086475024821652e+02
6.502685417166111925e-01	3.976317225727853497e+02
6.565586117699038216e-01	3.964131211523412048e+02
6.628369282359254377e-01	3.877330899106081574e+02
6.691185444962194362e-01	3.859960201419746113e+02
6.754070198575605755e-01	3.839862989909955218e+02
6.816835514593204692e-01	3.779937071104932897e+02
6.879592533861698112e-01	3.759475100131047043e+02
6.942344317039531587e-01	3.736871659293288985e+02
7.005175402434737908e-01	3.706190642415351704e+02
7.068124956608716758e-01	3.660733483936483026e+02
7.131019009674921527e-01	3.623787698353859810e+02
7.193918251171427247e-01	3.597120833313038020e+02
7.256833807598113140e-01	3.573570835621692368e+02
7.319652682709349989e-01	3.554667949783142831e+02
7.382507990484923344e-01	3.522637313424339709e+02
7.445265842115937893e-01	3.497571549333786152e+02
7.507871101942712455e-01	3.470526995239114854e+02
7.570758465316046459e-01	3.421555956428278478e+02
7.633641233600957365e-01	3.372064029000802066e+02
7.696462959862266917e-01	3.387900248844705970e+02
7.759394865175414102e-01	3.359008078537731876e+02
7.822329141989586843e-01	3.333683833138124442e+02
7.885314936520240181e-01	3.307552974258365452e+02
7.947896566979522071e-01	3.279435144163495579e+02
8.010491096592354809e-01	3.273462592033361034e+02
8.073364061727361651e-01	3.221118296369098744e+02
8.136229488373866170e-01	3.210941996732897792e+02
8.199152998961036776e-01	3.176449865607128231e+02
8.261952636392789762e-01	3.144590105746491986e+02
8.324897070080405914e-01	3.141763148001512036e+02
8.387959309210778480e-01	3.126940342949567935e+02
8.450634639703045181e-01	3.089068608395148203e+02
8.513282867562648182e-01	3.083212330200425981e+02
8.576198263902009566e-01	3.065196474877149058e+02
8.639058477062415697e-01	3.034337188226243711e+02
8.701838745487597837e-01	3.023540713826620276e+02
8.764641096075268534e-01	2.987870239816958247e+02
8.827503873399735745e-01	2.967251016865025690e+02
8.890332768393869323e-01	2.951874001587865450e+02
8.953084247113127780e-01	2.920420502761341481e+02
9.015956521667095602e-01	2.921074051560730140e+02
9.078833328094829680e-01	2.901087674651200246e+02
9.141744106319863450e-01	2.869916119730438595e+02
9.204630817717615043e-01	2.861727463387905459e+02
9.267434415264711456e-01	2.850646657826273440e+02
9.330324197354928906e-01	2.813286409704911648e+02
9.393265785573878812e-01	2.807417388200110508e+02
9.455974810398196650e-01	2.797590140455930623e+02
9.518660018545171964e-01	2.778704487218339523e+02
9.581413255531838757e-01	2.759481740792489859e+02
9.644350945109106954e-01	2.729407162943826393e+02
9.707355633568249820e-01	2.716064137537939018e+02
9.770080768450029041e-01	2.708164558703542184e+02
9.832823325363413414e-01	2.691982954002029373e+02
9.895569691966674686e-01	2.668317522309585001e+02
9.958456301921106979e-01	2.660911773013371544e+02
1.002136210743837408e+00	2.647774371359860766e+02
1.008404825335135424e+00	2.633229059174258850e+02
1.014694149836243398e+00	2.613072967114790686e+02
1.020992555437297167e+00	2.595894760466262596e+02
1.027273980437394485e+00	2.568586075751507565e+02
1.033559181896017254e+00	2.566767046525280307e+02
1.039847557392594934e+00	2.554540140572098039e+02
1.046126974943305088e+00	2.535605774261732677e+02
1.052403436811028659e+00	2.530966693773255543e+02
1.058680704651608684e+00	2.504974220872515218e+02
1.064964333065789193e+00	2.493392413215192960e+02
1.071256777440835473e+00	2.477529300866675896e+02
1.077544048801078125e+00	2.483235685890173556e+02
1.083824820188043603e+00	2.450222430488706209e+02
1.090108023942816695e+00	2.443724236135691399e+02
1.096389665956643222e+00	2.440803902888884522e+02
1.102681132058841440e+00	2.413717669912628594e+02
1.108963047594879958e+00	2.399373560630876057e+02
1.115225428463759272e+00	2.390790702298793917e+02
1.121502127614767863e+00	2.379116194836448415e+02
1.127792573824792033e+00	2.360727822088296080e+02
1.134089552668382961e+00	2.351127410528211215e+02
1.140364049650405942e+00	2.336855493847131697e+02
1.146639180320979445e+00	2.321697485569992523e+02
1.152942412991649901e+00	2.323919406751936378e+02
1.159228906751078814e+00	2.300583570666605340e+02
1.165508721887268173e+00	2.296814916715615595e+02
1.171793076256210320e+00	2.278169284636662724e+02
1.178087436369658958e+00	2.267865405083869632e+02
1.184367654251526902e+00	2.260510232574112877e+02
1.190634642299266632e+00	2.241067109022612556e+02
1.196912208834400859e+00	2.235350638532218284e+02
1.203201577354146234e+00	2.226337358079591695e+02
1.209486844441705733e+00	2.216801870755660673e+02
1.215763902074809888e+00	2.204224111384679645e+02
1.222049755171146668e+00	2.188976334835363389e+02
1.228340616621486969e+00	2.176086655344316512e+02
1.234632986576932767e+00	2.166515888179357887e+02
1.240902247176856488e+00	2.162311052376410032e+02
1.247174839144687519e+00	2.144214910666212575e+02
1.253465459933442272e+00	2.138393249411955992e+02
1.259749951892178421e+00	2.130145440126289600e+02
1.266032143127253873e+00	2.122322147369224581e+02
1.272316288472006507e+00	2.114920012477134605e+02
1.278604155058621350e+00	2.096587834160221462e+02
1.284886588933593865e+00	2.094389174552741792e+02
1.291175420066583257e+00	2.074766956978754138e+02
1.297465726373772332e+00	2.061627830477057728e+02
1.303741827011944299e+00	2.060387517360099423e+02
1.310017322922761851e+00	2.052585843474323326e+02
1.316301447662886703e+00	2.034472531602527567e+02
1.322586760363303249e+00	2.032482221287623076e+02
1.328865492452874664e+00	2.021724791625319710e+02
1.335144804954555564e+00	2.012439488327709114e+02
1.341440516272275119e+00	2.002632507542797669e+02
1.347730868417094552e+00	1.998762946317521880e+02
1.354001589994877630e+00	1.981987424544425096e+02
1.360282609297778444e+00	1.975894037483726891e+02
1.366565686457597906e+00	1.966628764278912058e+02
1.372851498482432708e+00	1.954882838994048200e+02
1.379135372929401804e+00	1.942055454110768835e+02
1.385409567149057164e+00	1.941624206862332187e+02
1.391698641219299315e+00	1.926661415239609596e+02
1.397984451439470810e+00	1.914817966446510411e+02
1.404267883409181961e+00	1.906625019690589227e+02
1.410554779484869181e+00	1.907309536271530419e+02
1.416837833547465397e+00	1.898623539800009894e+02
1.423118177187137068e+00	1.890310869423410054e+02
1.429397801164240089e+00	1.879884858800895415e+02
1.435686921822787232e+00	1.869190247986224733e+02
1.441977121769299597e+00	1.865422287158248196e+02
1.448253667853332427e+00	1.846924514791331831e+02
1.454532348972172651e+00	1.845639710986906152e+02
1.460819319151879903e+00	1.836790508388007197e+02
1.467110364402026468e+00	1.828238700396052536e+02
1.473392908948962132e+00	1.818019353458640239e+02
1.479669965243598950e+00	1.818032619577450077e+02
1.485956144602843532e+00	1.806012087736188221e+02
1.492233610763115115e+00	1.800531283217557927e+02
1.498502470379980078e+00	1.790582501450411996e+02
1.504785752051182701e+00	1.781762901169639690e+02
1.511075991894575976e+00	1.773086252276917492e+02
1.517361634985162189e+00	1.767474885762211443e+02
1.523648570969130533e+00	1.754450802449326545e+02
1.529938035715892264e+00	1.754985405669323200e+02
1.536230176913891965e+00	1.741920540281342369e+02
1.542510718779388279e+00	1.730039421197612910e+02
1.548783963082980275e+00	1.728002817362418568e+02
1.555073069779651318e+00	1.721040609291248131e+02
1.561357324927233892e+00	1.712302486858366137e+02
1.567629121053141006e+00	1.706779684887505368e+02
1.573913697404382583e+00	1.700500667406334969e+02
1.580203545230874029e+00	1.692071347432637367e+02
1.586485393434537983e+00	1.689219616076766499e+02
1.592760014263005841e+00	1.683734280866455038e+02
1.599046436394670812e+00	1.668995663990843354e+02
1.605342136637478934e+00	1.663928796102411525e+02
1.611619860919608627e+00	1.657843852176607129e+02
1.617897597081673799e+00	1.648969229445621920e+02
1.624183235481122756e+00	1.644646155771231690e+02
1.630464598531913722e+00	1.640615695595450632e+02
1.636748985747638274e+00	1.626567395190222101e+02
1.643030923698886259e+00	1.622335659301511441e+02
1.649309176648513064e+00	1.623520194995442978e+02
1.655593633940351861e+00	1.607312224801766831e+02
1.661879571405086464e+00	1.604779467346547790e+02
1.668169361685170271e+00	1.600321502977647015e+02
1.674450151530487485e+00	1.587350530296076272e+02
1.680722718978495900e+00	1.589502434660394385e+02
1.687013891340952476e+00	1.576484068480841074e+02
1.693308984907921033e+00	1.574371889571030465e+02
1.699582147428448486e+00	1.559915300786051375e+02
1.705863747055134105e+00	1.560062415408925176e+02
1.712154434283889470e+00	1.551620030395540368e+02
1.718438381579399321e+00	1.545909993211557492e+02
1.724721264464063930e+00	1.538068105373659193e+02
1.730997441276920679e+00	1.532763977983487393e+02
1.737287073528269499e+00	1.531180205570030637e+02
1.743567991878527401e+00	1.526559138085437723e+02
1.749840680212231048e+00	1.515097226853480379e+02
1.756128549091961144e+00	1.507436313823862122e+02
1.762413535324792502e+00	1.500412665525443572e+02
1.768696187669963837e+00	1.496180434101654839e+02
1.774979359379055266e+00	1.489382254730837474e+02
1.781265555576432957e+00	1.483465071207942003e+02
1.787549427830244619e+00	1.481885448678407329e+02
1.793834120011633004e+00	1.472932315300550954e+02
1.800115051552487300e+00	1.467872738055930313e+02
1.806393904854530330e+00	1.461305097116308787e+02
1.812674089667083432e+00	1.451932135434730640e+02
1.818956920109354058e+00	1.447343259810414509e+02
1.825244164118212220e+00	1.442752289012595952e+02
1.831527256642196955e+00	1.437792825961565200e+02
1.837811294935716599e+00	1.434121829524530938e+02
1.844100717411196744e+00	1.426938631937955222e+02
1.850384816792487230e+00	1.420416733722508127e+02
1.856666059735203822e+00	1.418132671084792378e+02
1.862947728675613979e+00	1.413027333234709886e+02
1.869229324466858078e+00	1.405124643466721466e+02
1.875517616802973686e+00	1.400870592878957837e+02
1.881800769033795229e+00	1.395933623279929350e+02
1.888078863416442710e+00	1.387483554749811105e+02
1.894353975182237582e+00	1.383951790989527240e+02
1.900642716154182565e+00	1.379659429422859489e+02
1.906933494748685121e+00	1.374028577764307499e+02
1.913207568676573933e+00	1.367191151613723150e+02
1.919490884732178992e+00	1.364312112616782429e+02
1.925776855684274480e+00	1.358823842507812287e+02
1.932064452961978152e+00	1.350665481125339511e+02
1.938342610030488800e+00	1.348748263667569915e+02
1.944618341543410178e+00	1.342678782549175764e+02
1.950906260203513876e+00	1.334739214149034581e+02
1.957194556613796488e+00	1.330410812725038170e+02
1.963479614559011432e+00	1.329673697683822979e+02
1.969760361532916226e+00	1.324193590202863788e+02
1.976048367034604736e+00	1.318828444378874281e+02
1.982337990217652335e+00	1.314046220438070520e+02
1.988617489259562721e+00	1.308016142987937087e+02
1.994896320665194178e+00	1.301943521436869844e+02
2.001179596222827151e+00	1.298907415877503126e+02
2.007459756923499761e+00	1.291376243891150466e+02
2.013737397779169935e+00	1.290722675587441586e+02
2.020017234677497164e+00	1.282638804491296298e+02
2.026310251015072783e+00	1.278838299648474930e+02
2.032600542948020284e+00	1.272828951086009255e+02
2.038873863192099289e+00	1.269334137669221576e+02
2.045154087821675404e+00	1.264765601364784686e+02
2.051444704514288730e+00	1.260772134338686499e+02
2.057730430280644729e+00	1.253547866674764606e+02
2.064013940455224461e+00	1.253004574769825012e+02
2.070299891179459895e+00	1.245957734686329985e+02
2.076589719964883951e+00	1.239314064469421197e+02
2.082865483794470673e+00	1.238590482493798532e+02
2.089134494859368640e+00	1.228906345960744773e+02
2.095424211360070288e+00	1.227849163526526013e+02
2.101707116664804254e+00	1.224725400194514862e+02
2.107986473933564309e+00	1.218691992273560487e+02
2.114271806543862375e+00	1.214023532919195105e+02
2.120552717288892275e+00	1.211979776724470952e+02
2.126836933207161717e+00	1.208598895332388281e+02
2.133122044791171845e+00	1.202334659961743597e+02
2.139411711910842673e+00	1.198351107501050734e+02
2.145697076775292089e+00	1.192807132206429088e+02
2.151973548606471276e+00	1.189216761481123115e+02
2.158259913555724108e+00	1.184543508469095912e+02
2.164545396699105506e+00	1.181140770579019232e+02
2.170830700377734068e+00	1.174353865381926312e+02
2.177114138849150393e+00	1.172174561371254811e+02
2.183387647576827018e+00	1.168478391424032026e+02
2.189670273687676971e+00	1.166085836721153726e+02
2.195960147934207463e+00	1.159762979703228893e+02
2.202242556317716371e+00	1.153721910305378486e+02
2.208521655981037668e+00	1.154214810725754603e+02
2.214804637081333016e+00	1.148160989581121356e+02
2.221092583349425276e+00	1.145150250210590315e+02
2.227372893591468728e+00	1.137688011146883724e+02
2.233657161144248171e+00	1.137684309035861361e+02
2.239943485394438660e+00	1.132441876372463838e+02
2.246224175264620815e+00	1.127557421043912171e+02
2.252506378421252009e+00	1.125247354491283431e+02
2.258783417054270437e+00	1.123498183627574321e+02
2.265069077371457684e+00	1.117534828472982724e+02
2.271350377044131452e+00	1.113515682994602543e+02
2.277633995145353918e+00	1.107998935304923833e+02
2.283922419579920149e+00	1.106622609624593565e+02
2.290202874392252674e+00	1.102340928755714629e+02
2.296490779970905560e+00	1.099398668554994742e+02
2.302771769934229162e+00	1.092902679000100790e+02
2.309051364164305564e+00	1.090435214986461432e+02
2.315338502539088239e+00	1.088393886881930115e+02
2.321627336503874428e+00	1.086811027883745169e+02
2.327911878297218795e+00	1.080949945037636581e+02
2.334186238580297168e+00	1.075923227589888995e+02
2.340467971862688401e+00	1.073478443813957171e+02
2.346756940970738725e+00	1.068564033497005568e+02
2.353044444556199988e+00	1.069805400201809533e+02
2.359327653314069906e+00	1.064083671685145589e+02
2.365603048789861607e+00	1.062071731414561526e+02
2.371885911737665165e+00	1.058343681770548699e+02
2.378173303594019572e+00	1.053013331457708261e+02
2.384454016539381271e+00	1.052343638234882093e+02
2.390736447344785187e+00	1.049946745179545076e+02
2.397014133897952259e+00	1.043762452772847809e+02
2.403295490074321972e+00	1.039898120061391893e+02
2.409585049672506862e+00	1.036692860108356200e+02
2.415871703165322071e+00	1.034108505688327000e+02
2.422160652369088840e+00	1.030370412050753401e+02
2.428440167222748691e+00	1.028001057592281171e+02
2.434717472383889803e+00	1.022870468618641695e+02
2.441002456202044257e+00	1.022033201852903801e+02
2.447289980304530488e+00	1.018780171165803097e+02
2.453571844729242279e+00	1.015384083967902029e+02
2.459852705114058846e+00	1.013822874426047065e+02
2.466139233225018934e+00	1.009937107886091781e+02
2.472421963421291391e+00	1.007089133893658044e+02
2.478698519174224568e+00	1.006362152976588504e+02
2.484980841400355800e+00	1.001873252040138311e+02
2.491269319409339822e+00	9.975866086711927494e+01
2.497548505139029373e+00	9.959937987714906171e+01
2.503831667172610853e+00	9.926499425819181965e+01
2.510117938323931153e+00	9.891169067107732360e+01
2.516400733681277480e+00	9.869877441950796992e+01
2.522688226833368130e+00	9.846493804442869191e+01
2.528971695852665569e+00	9.794964005595851120e+01
2.535252039407670299e+00	9.764936787702221466e+01
2.541537514142774512e+00	9.748937979277657462e+01
2.547823008847572179e+00	9.741745321650088840e+01
2.554100666580690238e+00	9.707919646687247450e+01
2.560376788884177301e+00	9.684900782715810408e+01
2.566667521601497359e+00	9.661777344229940923e+01
2.572955062237090473e+00	9.624604367750551148e+01
2.579233771797999175e+00	9.590054724302289912e+01
2.585520164300948220e+00	9.572462734359811520e+01
2.591805130332431872e+00	9.561688734383032795e+01
2.598084074692260881e+00	9.520204590338991579e+01
2.604360404197643586e+00	9.504725186725386266e+01
2.610647185140439142e+00	9.479786376955074445e+01
2.616931864059273138e+00	9.456856485094755271e+01
2.623206107911065565e+00	9.429756239200217749e+01
2.629491626543270844e+00	9.404196991551997087e+01
2.635778507982642349e+00	9.390538642724661145e+01
2.642061039325260818e+00	9.363204023365683781e+01
2.648343840729305843e+00	9.338849320669042697e+01
2.654631838974855551e+00	9.308268833183622348e+01
2.660919001246303761e+00	9.296381623692266771e+01
2.667198525130066056e+00	9.272006237037193443e+01
2.673484307038032526e+00	9.250722198829059550e+01
2.679773388053849459e+00	9.231869421497957262e+01
2.686058217632288692e+00	9.209902775265933883e+01
2.692338738200057868e+00	9.192884625902172502e+01
2.698618022887226964e+00	9.162861459503857020e+01
2.704895450708277860e+00	9.146296841088710039e+01
2.711175674923682166e+00	9.129931636210140766e+01
2.717459832966957922e+00	9.116968180982672720e+01
2.723745731959044569e+00	9.079988850201546313e+01
2.730038414850594730e+00	9.066108186726398799e+01
2.736317989800789441e+00	9.040697065680031130e+01
2.742591858549239703e+00	9.035349384421705565e+01
2.748879749010778362e+00	9.005052289156341772e+01
2.755163403825859447e+00	8.991897335643390932e+01
2.761446955625852073e+00	8.976233340754168921e+01
2.767732088935374701e+00	8.945618674074873411e+01
2.774015452421743966e+00	8.938006803915342857e+01
2.780298635700591436e+00	8.928910686445037470e+01
2.786577474762241380e+00	8.902693968179980288e+01
2.792857983210164541e+00	8.890790809929173122e+01
2.799143790920211483e+00	8.865702714468629608e+01
2.805430058399325244e+00	8.852943194037125352e+01
2.811715058209780072e+00	8.828967033130429343e+01
2.817989272498773623e+00	8.840189994069375246e+01
2.824269171595737760e+00	8.810179699918506913e+01
2.830563016441804081e+00	8.790288400075685615e+01
2.836848750951622034e+00	8.786513507050970873e+01
2.843130027866129783e+00	8.775456807935464099e+01
2.849413896912404986e+00	8.759756009075030647e+01
2.855697464522425566e+00	8.749672967025503567e+01
2.861978799810683594e+00	8.745747847826233112e+01
2.868262469415629567e+00	8.721899072696510302e+01
2.874547359206753860e+00	8.697014597770639455e+01
2.880831111471525041e+00	8.708115328381684606e+01
2.887113216972382546e+00	8.668148632429678457e+01
2.893394504725182781e+00	8.685480441328256518e+01
2.899673662137033592e+00	8.663254082714934157e+01
2.905953958587380814e+00	8.644895003212037921e+01
2.912241118105161064e+00	8.644763609747695909e+01
2.918525996366671205e+00	8.619263763906182874e+01
2.924809035425688819e+00	8.620065418770788312e+01
2.931095916293684933e+00	8.606433902446043760e+01
2.937378182606774413e+00	8.606774344320396608e+01
2.943659980254369923e+00	8.594168092065137898e+01
2.949946454403890250e+00	8.570984606528888605e+01
2.956227653702202307e+00	8.591568985261032765e+01
2.962510478867462993e+00	8.573273323615681818e+01
2.968796535179442309e+00	8.541673421334576233e+01
2.975077657376874907e+00	8.557636678586587209e+01
2.981359866759223376e+00	8.556268624906340392e+01
2.987646761575656562e+00	8.556503703016019813e+01
2.993929038370399365e+00	8.531146147023902415e+01
3.000206214840962726e+00	8.532528432248037120e+01
3.006486172402415669e+00	8.532155089588377450e+01
3.012769812211594456e+00	8.524533259087725412e+01
3.019053144326170113e+00	8.531500981863376865e+01
3.025337405144251424e+00	8.507809333485278103e+01
3.031623734799107961e+00	8.511276823966325367e+01
3.037908962055872575e+00	8.520061957208602621e+01
3.044195067146031608e+00	8.509000752585266980e+01
3.050475543482170426e+00	8.510502799762501525e+01
3.056754954538277502e+00	8.503716124680637733e+01
3.063040539557494668e+00	8.499930973062002693e+01
3.069323699454357346e+00	8.501983623872948215e+01
3.075610692642898769e+00	8.499874963674228923e+01
3.081893798009918584e+00	8.512028879752374166e+01
3.088174549548037717e+00	8.506946888444640820e+01
3.094458635632868493e+00	8.504109788075992071e+01
3.100743982931558840e+00	8.500351549384467376e+01
3.107028111748448396e+00	8.503776760840439408e+01
3.113309299655494300e+00	8.505506954527122332e+01
3.119590662867241626e+00	8.515195593025894993e+01
3.125874006820172912e+00	8.516618451634329290e+01
3.132159251154602586e+00	8.507210710284665822e+01
3.138439172765940643e+00	8.514558016378134653e+01
3.144723867719826593e+00	8.537608167178026974e+01
3.151003951258561031e+00	8.545064645505587464e+01
3.157283664131563139e+00	8.543049968529822991e+01
3.163569317183839935e+00	8.547661491085767693e+01
3.169851661717792091e+00	8.550424843245588136e+01
3.176137704316093657e+00	8.560414610643879030e+01
3.182420924828643916e+00	8.568356820813987440e+01
3.188702811875577581e+00	8.580806553611142817e+01
3.194990520008989865e+00	8.580351551199220239e+01
3.201275324656983834e+00	8.588375553155147202e+01
3.207551352179861759e+00	8.618241408515487478e+01
3.213835216737041645e+00	8.626308243059833103e+01
3.220122579819103770e+00	8.626062909482027408e+01
3.226406606618656525e+00	8.613209877451079421e+01
3.232687390085645429e+00	8.587573054613973511e+01
3.238969121280456331e+00	8.569947838873174817e+01
3.245254751548589667e+00	8.552154525230812965e+01
3.251534499036136783e+00	8.518608677075464186e+01
3.257817780791052442e+00	8.519706997356878730e+01
3.264102164154097263e+00	8.500583813207784090e+01
3.270384152138468892e+00	8.485992689443308734e+01
3.276669427476867735e+00	8.473982357675200205e+01
3.282954688864507808e+00	8.457745089416950179e+01
3.289237200334947264e+00	8.437290466402779998e+01
3.295519587088236779e+00	8.419548721481086773e+01
3.301805977329951958e+00	8.408739511115354048e+01
3.308087486222440088e+00	8.397496111580947797e+01
3.314367630234227313e+00	8.374706037017516280e+01
3.320651909732194262e+00	8.369701112986474811e+01
3.326931260376857047e+00	8.336456604122373903e+01
3.333216512447217728e+00	8.324800242200116429e+01
3.339504489419978128e+00	8.315075819028555770e+01
3.345786804809928405e+00	8.310445446582615148e+01
3.352071130016277767e+00	8.293952275440820188e+01
3.358351496304225581e+00	8.290901641453437776e+01
3.364630591073392019e+00	8.270199275068743816e+01
3.370916305215045483e+00	8.243964254921813506e+01
3.377197952029413752e+00	8.233096122786453464e+01
3.383483063818085501e+00	8.224304468244444877e+01
3.389769992424469969e+00	8.221407549161602901e+01
3.396051330885982100e+00	8.213795258161833601e+01
3.402330879139463971e+00	8.179448844409152741e+01
3.408610488352048495e+00	8.184016331518095910e+01
3.414897837696641236e+00	8.160782337411730225e+01
3.421180484052105619e+00	8.154473636612016207e+01
3.427461639653846870e+00	8.145454862668873375e+01
3.433749159643459059e+00	8.130760874416385775e+01
3.440032646656798310e+00	8.122248849689528072e+01
3.446313366033385339e+00	8.088881375297016518e+01
3.452600135384134905e+00	8.087347740662977458e+01
3.458883152815406703e+00	8.065273741180430989e+01
3.465163834403715448e+00	8.079825539978489246e+01
3.471449329786229221e+00	8.071145301103419456e+01
3.477734476754053894e+00	8.057764366974745940e+01
3.484019652467224226e+00	8.036686716479668746e+01
3.490297019369712928e+00	8.024074717038709537e+01
3.496582486484379970e+00	8.029415795294710279e+01
3.502868048046865024e+00	8.001032509376302926e+01
3.509144649545451244e+00	8.002435451937945743e+01
3.515428082003116295e+00	7.974255698532505221e+01
3.521711031624695565e+00	7.976458254441224938e+01
3.527991850954735664e+00	7.965222277744589974e+01
3.534275545726699885e+00	7.960252179195471456e+01
3.540562632020772149e+00	7.956486073597676523e+01
3.546844410757220789e+00	7.941723335589908572e+01
3.553131386753758836e+00	7.934617432641370272e+01
3.559419203211965144e+00	7.915717059983171566e+01
3.565697971577579839e+00	7.911397699316765397e+01
3.571979559134798254e+00	7.906220594483406217e+01
3.578265774595833726e+00	7.899118971415613544e+01
3.584548309769353125e+00	7.895071358238537584e+01
3.590826843920031486e+00	7.883761161987744970e+01
3.597107306745233934e+00	7.874105702887480618e+01
3.603392831792229245e+00	7.858460345209067555e+01
3.609673209822572559e+00	7.857703249497178888e+01
3.615955412133016189e+00	7.859407017867201262e+01
3.622241607772384686e+00	7.846734714256429299e+01
3.628520252736676444e+00	7.835049606066358763e+01
3.634804827569451113e+00	7.824306976951490356e+01
3.641094981788862928e+00	7.824760222672819054e+01
3.647383514928639325e+00	7.822151195725483319e+01
3.653663283927725658e+00	7.811706896727476135e+01
3.659943504072155296e+00	7.813954793807788235e+01
3.666232000281138603e+00	7.811494498270630515e+01
3.672514211678317597e+00	7.803663175986167744e+01
3.678794154686042539e+00	7.783369070664041089e+01
3.685078621861909820e+00	7.794287531065937458e+01
3.691359210097977961e+00	7.776456737988057455e+01
3.697642368173791105e+00	7.780006341804852354e+01
3.703925796735277665e+00	7.778054338165755155e+01
3.710208240364660348e+00	7.760397432554519526e+01
3.716494593122387169e+00	7.750592915041028164e+01
3.722775386659595398e+00	7.752110295020520425e+01
3.729058392883481510e+00	7.755246882818180154e+01
3.735339748210807720e+00	7.745821034043613906e+01
3.741620776392969638e+00	7.746768493660337640e+01
3.747904795418762980e+00	7.738470522185934897e+01
3.754190633281219380e+00	7.730103010873786218e+01
3.760478208018912749e+00	7.742342402859431161e+01
3.766755538573464346e+00	7.729577101926280136e+01
3.773032090135151506e+00	7.747285835729861958e+01
3.779322553012896879e+00	7.728031387142384290e+01
3.785609109731308930e+00	7.717343145438748309e+01
3.791889825936295200e+00	7.728657544962729276e+01
3.798174822702435893e+00	7.719338556437737964e+01
3.804458658753491651e+00	7.719780145964190865e+01
3.810738438095723435e+00	7.717694498986251972e+01
3.817018850285747167e+00	7.720273289755641599e+01
3.823305314209427763e+00	7.717531314696705635e+01
3.829591295197792178e+00	7.710269931381506581e+01
3.835872296070849341e+00	7.714380872780844811e+01
3.842156279590906109e+00	7.713722732584604103e+01
3.848441511099312429e+00	7.716112244672591203e+01
3.854723334376886079e+00	7.715900336088907352e+01
3.861004740704794713e+00	7.703730965928215824e+01
3.867284336650660848e+00	7.719030376020347717e+01
3.873567367678779849e+00	7.716310920002514706e+01
3.879850662830422792e+00	7.722497809223884246e+01
3.886137063198143338e+00	7.711983102028331416e+01
3.892419463049126005e+00	7.724489429317539191e+01
3.898703740328622658e+00	7.714425307472235716e+01
3.904991458788179326e+00	7.707284435649042109e+01
3.911270842222104083e+00	7.724870344265119115e+01
3.917549806479573071e+00	7.722741212548612566e+01
3.923836006203090587e+00	7.722453833125244671e+01
3.930121452497870926e+00	7.732648477752570670e+01
3.936398172858230460e+00	7.718869730562570908e+01
3.942683040425962293e+00	7.730646930650888748e+01
3.948974759704379611e+00	7.748289144339389622e+01
3.955259227995065352e+00	7.740716254319394807e+01
3.961537174921395454e+00	7.743761643923593851e+01
3.967820217617139544e+00	7.753034124177766273e+01
3.974105559832568968e+00	7.761305986048927252e+01
3.980384727931198352e+00	7.761984571918765141e+01
3.986664590839849698e+00	7.768573006040450935e+01
3.992949619150675034e+00	7.785727432310235940e+01
3.999235075769965952e+00	7.784023991929744568e+01
4.005515715515433506e+00	7.776558052575707336e+01
4.011798434346478537e+00	7.791416864326306779e+01
4.018083716245132386e+00	7.802995442499087630e+01
4.024365700052603856e+00	7.821829158328108633e+01
4.030643960839860540e+00	7.799808087383046029e+01
4.036928708926215137e+00	7.825407150723569316e+01
4.043218157412017177e+00	7.816156031581547836e+01
4.049503019487663558e+00	7.833943157965265414e+01
4.055781898960511000e+00	7.836249032042380236e+01
4.062060795621602161e+00	7.851937207753962866e+01
4.068347865354716042e+00	7.862644542744487808e+01
4.074631027173265529e+00	7.879722450769844500e+01
4.080910837526078971e+00	7.855128234773421525e+01
4.087201203341442657e+00	7.881813095077836806e+01
4.093486818591942189e+00	7.903861474513368535e+01
4.099764387336505500e+00	7.910201954606854713e+01
4.106049166937662420e+00	7.923595005860519791e+01
4.112334559041358695e+00	7.921313137890494716e+01
4.118618926059533614e+00	7.945347647893015619e+01
4.124898942031112625e+00	7.957152693230104035e+01
4.131175432561665417e+00	7.963944413952926027e+01
4.137461563786142271e+00	7.974275378062209541e+01
4.143746006210170307e+00	8.001477759251955035e+01
4.150029800482964326e+00	8.004450188344632977e+01
4.156313390684649001e+00	8.020562606716416099e+01
4.162596105843763716e+00	8.027270167434636505e+01
4.168881843141768684e+00	8.039468360752195508e+01
4.175162111073220217e+00	8.056753558766976653e+01
4.181448573417560155e+00	8.056531525155742202e+01
4.187738782464171194e+00	8.086762214399381321e+01
4.194017437180169061e+00	8.097586915314029454e+01
4.200293572701767175e+00	8.101880731725009355e+01
4.206580195481546269e+00	8.141014114200905283e+01
4.212860644652220543e+00	8.134708223921346359e+01
4.219138153430114002e+00	8.170357898351390702e+01
4.225426162098283811e+00	8.175422376612590369e+01
4.231713506719782636e+00	8.200124514183335123e+01
4.237990056577191744e+00	8.207517775321605313e+01
4.244267783646744618e+00	8.217660047008941149e+01
4.250560660182562955e+00	8.264898563861632397e+01
4.256847734842668096e+00	8.247154061662386937e+01
4.263127100734456221e+00	8.285253160861695676e+01
4.269406860432507500e+00	8.298477089116948946e+01
4.275691671482192646e+00	8.308386887279098687e+01
4.281972414189518794e+00	8.341795178983151970e+01
4.288253516806755705e+00	8.357381010484259320e+01
4.294540520160492925e+00	8.381880710841491577e+01
4.300825742921731809e+00	8.387766632245286758e+01
4.307109835491901961e+00	8.392523805916798096e+01
4.313390926478413157e+00	8.421333605763838648e+01
4.319667979480563247e+00	8.430583099780831446e+01
4.325952598143786076e+00	8.470564028028456960e+01
4.332241647035422361e+00	8.489486443785762049e+01
4.338524445619096781e+00	8.494757430297535450e+01
4.344809348131129845e+00	8.538408365712554371e+01
4.351090699193166600e+00	8.539996080512771925e+01
4.357369710808320029e+00	8.582376600342503536e+01
4.363659348967174445e+00	8.566967564594175144e+01
4.369947418280990981e+00	8.577464452106458737e+01
4.376226569265827315e+00	8.629773054964825008e+01
4.382499356631129217e+00	8.637284949544525148e+01
4.388784975178015024e+00	8.652092083616891216e+01
4.395068696309480494e+00	8.630980651079117649e+01
4.401347962382031298e+00	8.702626910610663913e+01
4.407628405096517099e+00	8.699529737669089968e+01
4.413915862185140426e+00	8.716647291550394527e+01
4.420203163534264235e+00	8.757982073047261906e+01
4.426480311003382795e+00	8.744757456123849693e+01
4.432765973643649104e+00	8.804857771967468238e+01
4.439053392023870614e+00	8.763079644832279769e+01
4.445336141335588742e+00	8.806004776907634835e+01
4.451617241414883352e+00	8.798999117919537127e+01
4.457901500730311106e+00	8.823408126541610841e+01
4.464189501093017043e+00	8.852648015979005436e+01
4.470470197548729985e+00	8.818137042752115917e+01
4.476748044268524573e+00	8.857590036337359152e+01
4.483035990164653484e+00	8.842436833490813797e+01
4.489323331650528104e+00	8.884989586739769152e+01
4.495599111667934800e+00	8.847813959708614107e+01
4.501870922878794090e+00	8.861008338108965177e+01
4.508155162877705457e+00	8.896077979197129082e+01
4.514446451153479423e+00	8.842298676686577608e+01
4.520723894043856994e+00	8.873521453122349101e+01
4.527003782460155890e+00	8.834240837021380344e+01
4.533293086610313161e+00	8.849696194283069417e+01
4.539578989864040182e+00	8.832484620957966115e+01
4.545857164866476730e+00	8.825769988949227240e+01
4.552138955546025656e+00	8.761551236225608363e+01
4.558432046889146605e+00	8.762581169276279525e+01
4.564713463378488711e+00	8.758302534754527358e+01
4.570987274133244682e+00	8.741957260699716414e+01
4.577274818151045643e+00	8.743770255867195829e+01
4.583563263889338657e+00	8.766376261957755389e+01
4.589844917004465508e+00	8.732921552957030542e+01
4.596126259982004747e+00	8.747015974703906238e+01
4.602409075598298926e+00	8.743273198747455410e+01
4.608696634867644804e+00	8.744974691701055747e+01
4.614977646498861219e+00	8.743624576948312210e+01
4.621258953029527383e+00	8.754807892240125966e+01
4.627547993978874175e+00	8.771823829301979458e+01
4.633830152730579854e+00	8.769703458078856784e+01
4.640104005367354567e+00	8.810138826050706484e+01
4.646382060386754276e+00	8.785148543109487207e+01
4.652674213731970987e+00	8.830124114984039352e+01
4.658958291796220230e+00	8.800796129798632705e+01
4.665233615070169648e+00	8.846327590465502055e+01
4.671520675710307380e+00	8.835297185521852725e+01
4.677814351732177300e+00	8.850390559763796716e+01
4.684093699744638073e+00	8.846882058041958885e+01
4.690368661472568590e+00	8.848059841978029283e+01
4.696663270746453733e+00	8.876864301838922700e+01
4.702945459248681459e+00	8.869684146217262821e+01
4.709209170841929470e+00	8.917170715220925103e+01
4.715491634753063543e+00	8.908723942936246942e+01
4.721784316284933780e+00	8.930955359535028037e+01
4.728063062331094635e+00	8.959532922806258171e+01
4.734337423381671073e+00	8.976451051580012575e+01
4.740627024094544062e+00	8.980762311549042920e+01
4.746914995664547554e+00	8.974432692831592817e+01
4.753194740071086777e+00	8.988705453228040199e+01
4.759478891864783456e+00	9.027648557140825858e+01
4.765762396877359031e+00	9.055482010218254629e+01
4.772049481246195768e+00	9.074299384043402483e+01
4.778335091022592351e+00	9.122739594372485783e+01
4.784610831402393849e+00	9.107235277523994910e+01
4.790907306208476157e+00	9.126927949969315534e+01
4.797204047706418173e+00	9.161398598164751661e+01
4.803470827697504220e+00	9.188508160963809246e+01
4.809748850577324042e+00	9.195174455348345077e+01
4.816045316586602176e+00	9.251407601386065949e+01
4.822329240673497885e+00	9.283354597171495470e+01
4.828596758226470165e+00	9.246155796498729273e+01
4.834890332961369275e+00	9.290181682645477679e+01
4.841191655056394261e+00	9.320705788904450628e+01
4.847460407468000554e+00	9.362790381210299984e+01
4.853732128521334843e+00	9.380306554575308553e+01
4.860029138783373170e+00	9.397197075485796347e+01
4.866314601732018019e+00	9.383139066948824336e+01
4.872587026269203925e+00	9.499219152335840022e+01
4.878874221748241702e+00	9.503149347815669046e+01
4.885171078138658807e+00	9.525794143764660760e+01
4.891450629931857641e+00	9.571979130460709939e+01
4.897716482750221978e+00	9.604547112232815209e+01
4.904002834596266069e+00	9.601427620609432267e+01
4.910295858205786068e+00	9.594444569792071320e+01
4.916575188115905881e+00	9.678932883231335893e+01
4.922847946197084212e+00	9.712589767815465791e+01
4.929131667457151700e+00	9.834034614183117640e+01
4.935434460144239033e+00	9.816930832969131870e+01
4.941718513303545279e+00	9.864526891570012879e+01
4.947978624761803168e+00	9.937883951165214569e+01
4.954274999209829389e+00	9.966321943473596434e+01
4.960571094729937514e+00	9.956961283469570390e+01
4.966823207626954506e+00	1.000869181993886059e+02
4.973097418390337587e+00	1.004074555463295155e+02
4.979415129936382023e+00	1.006137627322035542e+02
4.985702082330368157e+00	1.012956979713303838e+02
4.991949985828016523e+00	1.020946869757356126e+02
4.998241586316924057e+00	1.024927337575841193e+02
5.004556635606089543e+00	1.026376334471739540e+02
5.010828655701208945e+00	1.032931722368313814e+02
5.017077229702536556e+00	1.039676707755317295e+02
5.023374414758113637e+00	1.040504905548224883e+02
5.029688873569548413e+00	1.048575255534122306e+02
5.035958413584124216e+00	1.061308506508699594e+02
5.042232667658486989e+00	1.054782363919156722e+02
5.048528755870775875e+00	1.066418937706220618e+02
5.054821121427484520e+00	1.072160219671560100e+02
5.061069509814582368e+00	1.075001405017262499e+02
5.067347812754101177e+00	1.081832601702460863e+02
5.073675050630431116e+00	1.084319044856768102e+02
5.079945928388977627e+00	1.095560943101910283e+02
5.086192992546071601e+00	1.109403598326087064e+02
5.092484128970163226e+00	1.103859580130704501e+02
5.098802924706086870e+00	1.113946152862466334e+02
5.105078217426394005e+00	1.123996035689283843e+02
5.111325076574067872e+00	1.124081060200750102e+02
5.117628358851224135e+00	1.132206820148863642e+02
5.123935939383525984e+00	1.140403865019984551e+02
5.130199176325612065e+00	1.145993164471862684e+02
5.136469985878846956e+00	1.156360736636202660e+02
5.142797788696348071e+00	1.164359279816117834e+02
5.149090378043822192e+00	1.173012223404322896e+02
5.155289879840074363e+00	1.172699603085578133e+02
5.161564521234301317e+00	1.179742481050927125e+02
5.167916673496016244e+00	1.178984204792778030e+02
5.174205974602950064e+00	1.203530387007673994e+02
5.180434820793812456e+00	1.204446688297694124e+02
5.186729096569634656e+00	1.230313560432191764e+02
5.193058481037780894e+00	1.242428839104150029e+02
5.199319511444338460e+00	1.234382455816133870e+02
5.205574295584361799e+00	1.250077506009339601e+02
5.211894977074066126e+00	1.254386721880483151e+02
5.218201708336958511e+00	1.255873955367462713e+02
5.224411911780083351e+00	1.287768461440282124e+02
5.230677632666463239e+00	1.288859008331729683e+02
5.237056729559757429e+00	1.290981049229486928e+02
5.243336785035660697e+00	1.303871791479728017e+02
5.249493476178225038e+00	1.309808474403287164e+02
5.255787017738318134e+00	1.340629434817809624e+02
5.262205327426889845e+00	1.330826898425307263e+02
5.268477758348532269e+00	1.341720480225840504e+02
5.274632213654732560e+00	1.363481058032610065e+02
5.280950543314659740e+00	1.378913769862510037e+02
5.287327645024750389e+00	1.362060576086516903e+02
5.293582359180156516e+00	1.387530679909222613e+02
5.299789992649893478e+00	1.414674228881060571e+02
5.306111460381987222e+00	1.408166618395034959e+02
5.312452717892129250e+00	1.444896332055106427e+02
5.318650122853046724e+00	1.463006670391465320e+02
5.324923043129819789e+00	1.458882427427220705e+02
5.331330237158205421e+00	1.487211061619024122e+02
5.337586726886338617e+00	1.484440606735111885e+02
5.343685192440848830e+00	1.497052317059289805e+02
5.350070659715249199e+00	1.523503021618275852e+02
5.356556762554878226e+00	1.510391904605795332e+02
5.362691868684501095e+00	1.534901323949511323e+02
5.368769208912516966e+00	1.555656846263356670e+02
5.375270137997677722e+00	1.573384869343859123e+02
5.381769983045385786e+00	1.609799906130131149e+02
5.387701030372958222e+00	1.640488383581492826e+02
5.393786668001271600e+00	1.640955980195998620e+02
5.400446161099396569e+00	1.645805976069123631e+02
5.406957063684501463e+00	1.683505059398311516e+02
5.412655672453426270e+00	1.666523892541310943e+02
5.418821279260546575e+00	1.692072821010082180e+02
5.425690594366304076e+00	1.639578541723095384e+02
5.432217487502165376e+00	1.739502519071450308e+02
5.437649811577258241e+00	1.783113647360644904e+02
5.443914404015878006e+00	1.843212904011159594e+02
5.450953501686320202e+00	1.830939937617794442e+02
5.457483690405861232e+00	1.855534107149704539e+02
5.462715250135157241e+00	1.879270321621067978e+02
5.469033575551323523e+00	1.871430601952525308e+02
5.476177730420278778e+00	1.895193826339901761e+02
5.482708935702562236e+00	1.868233048602301380e+02
5.487722405008360838e+00	2.011466755296458757e+02
5.494194284996126498e+00	1.983635086899546423e+02
5.501391471009256406e+00	1.955805852205611473e+02
5.507128202673079009e+00	2.115418326925916972e+02
5.512278020050448646e+00	2.046660101433687089e+02
5.519395563377015534e+00	2.136552471063585585e+02
5.526598678609708770e+00	2.006375492756726544e+02
5.532162682462509196e+00	2.136593499483517462e+02
5.537397124017139127e+00	2.013308526325479306e+02
5.544582756485218589e+00	2.030368305355267751e+02
5.551739327507637434e+00	2.130599160388146345e+02
5.557493306674907707e+00	2.938609792552148292e+02
5.562281709102816940e+00	1.841831513474151336e+02
5.569272720323164449e+00	2.384963689171928820e+02
