8.899641224696953554e-03	9.994772966796814580e+04
1.507912216506557788e-02	6.310695508539633738e+04
2.144790186456836667e-02	5.275815350888313696e+04
2.783660776489276650e-02	4.721866162673119106e+04
3.435099785803411021e-02	3.033734230277887764e+04
4.047886761425745911e-02	2.751623644979566598e+04
4.676716683575679601e-02	2.168777298047227305e+04
5.308225101765951665e-02	2.101396452958223381e+04
5.945362440940590160e-02	1.863470941332773873e+04
6.576224814588792211e-02	1.850108173306059689e+04
7.196632906698736953e-02	1.447252331807563132e+04
7.827860915688347743e-02	1.295780958831744829e+04
8.470398945834539672e-02	1.015413752860571913e+04
9.096854620527369817e-02	1.002080833172745952e+04
9.720789776830213169e-02	8.775865938380717125e+03
1.034763038959366499e-01	8.582480355189882175e+03
1.097576444254559219e-01	8.190239022632762499e+03
1.160543084780093354e-01	7.516241462661463629e+03
1.223669666537485351e-01	6.811703425313879052e+03
1.286817263090294094e-01	6.218223180403412698e+03
1.349500801664080818e-01	5.902057624763588137e+03
1.411949558842147678e-01	5.526494551273661273e+03
1.475133575747468451e-01	5.070283299047895525e+03
1.537865074252268427e-01	4.861239518931734892e+03
1.600657544051110326e-01	4.723446448242257247e+03
1.663991168687080635e-01	4.437648743246246340e+03
1.727195645776442856e-01	4.141927045825826099e+03
1.789765213377084718e-01	4.030289930237075168e+03
1.852353690647852158e-01	3.865802117347324383e+03
1.914806787341157279e-01	3.656452696663951883e+03
1.977889868651535599e-01	3.526960972034341012e+03
2.040937735447724277e-01	3.341360786781873230e+03
2.103939302609846018e-01	3.203639069851899421e+03
2.166909709822301688e-01	3.142701778288113928e+03
2.229700281216152047e-01	3.028986106640364142e+03
2.292620027086341994e-01	2.962478352789447854e+03
2.355141508366812297e-01	2.803336209750240414e+03
2.417910583817859116e-01	2.766703516813086480e+03
2.480856539439619257e-01	2.651607191577345475e+03
2.543492256872954549e-01	2.564400613089479521e+03
2.606334251884805386e-01	2.515520032028357491e+03
2.669257370896960802e-01	2.436244359806431476e+03
2.732423343141155980e-01	2.377649600137461675e+03
2.795529680084415936e-01	2.322087286793213025e+03
2.858366292314493129e-01	2.280339305868924839e+03
2.920876271394311496e-01	2.224683147831609858e+03
2.983449844439822751e-01	2.137727944438789109e+03
3.046382639407197446e-01	2.092257592569656936e+03
3.109279127003197196e-01	2.063829312210980333e+03
3.172168171618398036e-01	2.022294553769630284e+03
3.235187567944423082e-01	1.972123013438148973e+03
3.298168217550395687e-01	1.946741735424883927e+03
3.361176429457156667e-01	1.883796398359124851e+03
3.423700375709273769e-01	1.846700626378915331e+03
3.486478192666269682e-01	1.824531724948506053e+03
3.549411614411318028e-01	1.766073969729446844e+03
3.611916935421040642e-01	1.764454777128232763e+03
3.674767089563572564e-01	1.741295559719096673e+03
3.737647795277591056e-01	1.692957832689126690e+03
3.800654031475132477e-01	1.667142060683315322e+03
3.863539861259823738e-01	1.651403267045461689e+03
3.926140181364449755e-01	1.614759431344134782e+03
3.989264500321934581e-01	1.602702283548601599e+03
4.052073244576828714e-01	1.562530566893228979e+03
4.114916477570477182e-01	1.556735374369821557e+03
4.177814272116491257e-01	1.509043311234777775e+03
4.240400648725131116e-01	1.498770533835805509e+03
4.303425690270192283e-01	1.492291128251808232e+03
4.366358560255625965e-01	1.452335029314697522e+03
4.428996183220763605e-01	1.447812402080077618e+03
4.491634418529859563e-01	1.433528764049800429e+03
4.554414146254732731e-01	1.400033331293521087e+03
4.617634470301058558e-01	1.384533356422344241e+03
4.680644242023710433e-01	1.361193502195733799e+03
4.743485242764365895e-01	1.348521342914525803e+03
4.806356136815400082e-01	1.337889215216243429e+03
4.869019258388697646e-01	1.328786006329859902e+03
4.931697099599955947e-01	1.288481927862766725e+03
4.994506747144535908e-01	1.278136121480088377e+03
5.057159051335421429e-01	1.270525099495831910e+03
5.119923996268095356e-01	1.264955316585353103e+03
5.183126097768406826e-01	1.248590830715862921e+03
5.246089638029100000e-01	1.231413071126390832e+03
5.308757308483337267e-01	1.222753944358332546e+03
5.371573527946726934e-01	1.208206729271824315e+03
5.434579563783791256e-01	1.190351215446588867e+03
5.497430652392217842e-01	1.174880272378465406e+03
5.559937427501778773e-01	1.169576566109278474e+03
5.622854676609657654e-01	1.154741077888735163e+03
5.686011537227265711e-01	1.142805269363442676e+03
5.748804589422079614e-01	1.135230922059198519e+03
5.811550210340560296e-01	1.128867421090611060e+03
5.874394496660968468e-01	1.114444011864320146e+03
5.937176220296899176e-01	1.096855922984296285e+03
5.999971954793682505e-01	1.088389963216692422e+03
6.062679115124277596e-01	1.087657629728539632e+03
6.125469576444534381e-01	1.066621815461745200e+03
6.188477733041515272e-01	1.057513587134226782e+03
6.251310567437898813e-01	1.051758785944681904e+03
6.314027450383210560e-01	1.039764990715513022e+03
6.377003562732055375e-01	1.028839456372616269e+03
6.439857783314556494e-01	1.022477509623024730e+03
6.502685417166111925e-01	1.007927889651765327e+03
6.565586117699038216e-01	9.976497048573661459e+02
6.628369282359254377e-01	9.945756444983339861e+02
6.691185444962194362e-01	9.830891293143484972e+02
6.754070198575605755e-01	9.765389085204775483e+02
6.816835514593204692e-01	9.662433762381331235e+02
6.879592533861698112e-01	9.545628796734702064e+02
6.942344317039531587e-01	9.493842576039244250e+02
7.005175402434737908e-01	9.470970790376508148e+02
7.068124956608716758e-01	9.357109855475096083e+02
7.131019009674921527e-01	9.270555268451001893e+02
7.193918251171427247e-01	9.245728951346876556e+02
7.256833807598113140e-01	9.125879414027834855e+02
7.319652682709349989e-01	9.016610469425714882e+02
7.382507990484923344e-01	8.952206075590067940e+02
7.445265842115937893e-01	8.902888379943993868e+02
7.507871101942712455e-01	8.890509517816536800e+02
7.570758465316046459e-01	8.803097255448518581e+02
7.633641233600957365e-01	8.725490661355793236e+02
7.696462959862266917e-01	8.617485386607904729e+02
7.759394865175414102e-01	8.552263815870256849e+02
7.822329141989586843e-01	8.502544820195881812e+02
7.885314936520240181e-01	8.483758840919323347e+02
7.947896566979522071e-01	8.315317038259345281e+02
8.010491096592354809e-01	8.333531089578719957e+02
8.073364061727361651e-01	8.252453899084853219e+02
8.136229488373866170e-01	8.160834710935678231e+02
8.199152998961036776e-01	8.099396265829814183e+02
8.261952636392789762e-01	8.107230217175620055e+02
8.324897070080405914e-01	8.048171842455031992e+02
8.387959309210778480e-01	7.966798990184561262e+02
8.450634639703045181e-01	7.895068722218297808e+02
8.513282867562648182e-01	7.879243035747463182e+02
8.576198263902009566e-01	7.823871588765421166e+02
8.639058477062415697e-01	7.724506982648473468e+02
8.701838745487597837e-01	7.717909738416726668e+02
8.764641096075268534e-01	7.617352054205797458e+02
8.827503873399735745e-01	7.576751890651659096e+02
8.890332768393869323e-01	7.566664242510123586e+02
8.953084247113127780e-01	7.457919569804272442e+02
9.015956521667095602e-01	7.450941966316140679e+02
9.078833328094829680e-01	7.331139919904909448e+02
9.141744106319863450e-01	7.340888615218643736e+02
9.204630817717615043e-01	7.281477556869173213e+02
9.267434415264711456e-01	7.242321459430827417e+02
9.330324197354928906e-01	7.173073318160442113e+02
9.393265785573878812e-01	7.136692050579111992e+02
9.455974810398196650e-01	7.086537842287500553e+02
9.518660018545171964e-01	7.076805835590727156e+02
9.581413255531838757e-01	6.998723963964359882e+02
9.644350945109106954e-01	6.971389719249390282e+02
9.707355633568249820e-01	6.866436694344173475e+02
9.770080768450029041e-01	6.882795940741106051e+02
9.832823325363413414e-01	6.819390291528029593e+02
9.895569691966674686e-01	6.796466038153075715e+02
9.958456301921106979e-01	6.707996658011918498e+02
1.002136210743837408e+00	6.663416917536023902e+02
1.008404825335135424e+00	6.642007719670058350e+02
1.014694149836243398e+00	6.579512229307725875e+02
1.020992555437297167e+00	6.554517779692148451e+02
1.027273980437394485e+00	6.500534559587380272e+02
1.033559181896017254e+00	6.457860634267949536e+02
1.039847557392594934e+00	6.430817419709882188e+02
1.046126974943305088e+00	6.368458262311779663e+02
1.052403436811028659e+00	6.327573306454680733e+02
1.058680704651608684e+00	6.305057321805737729e+02
1.064964333065789193e+00	6.287068793405409224e+02
1.071256777440835473e+00	6.234779488181312672e+02
1.077544048801078125e+00	6.171854512714810426e+02
1.083824820188043603e+00	6.154390438525886111e+02
1.090108023942816695e+00	6.085688235969859079e+02
1.096389665956643222e+00	6.060831394860034607e+02
1.102681132058841440e+00	6.036314518365090862e+02
1.108963047594879958e+00	6.016293008212287532e+02
1.115225428463759272e+00	5.950414749788644713e+02
1.121502127614767863e+00	5.905119550291889254e+02
1.127792573824792033e+00	5.876943544086989277e+02
1.134089552668382961e+00	5.852352699552917557e+02
1.140364049650405942e+00	5.804970230969248632e+02
1.146639180320979445e+00	5.788590446113554435e+02
1.152942412991649901e+00	5.722317254406344773e+02
1.159228906751078814e+00	5.695790037111951278e+02
1.165508721887268173e+00	5.673374671944384318e+02
1.171793076256210320e+00	5.637937805508699967e+02
1.178087436369658958e+00	5.586652485227275520e+02
1.184367654251526902e+00	5.574635514608155518e+02
1.190634642299266632e+00	5.532420335678962147e+02
1.196912208834400859e+00	5.506367351514235224e+02
1.203201577354146234e+00	5.464548522837748123e+02
1.209486844441705733e+00	5.437883131915348258e+02
1.215763902074809888e+00	5.384332731571068962e+02
1.222049755171146668e+00	5.365356126116420228e+02
1.228340616621486969e+00	5.335027019838224760e+02
1.234632986576932767e+00	5.309825255834726931e+02
1.240902247176856488e+00	5.283054320604680925e+02
1.247174839144687519e+00	5.247062609432382487e+02
1.253465459933442272e+00	5.213176229932009846e+02
1.259749951892178421e+00	5.200070033539711858e+02
1.266032143127253873e+00	5.161395698817636912e+02
1.272316288472006507e+00	5.127754261622244485e+02
1.278604155058621350e+00	5.105107040624283172e+02
1.284886588933593865e+00	5.092983325223133875e+02
1.291175420066583257e+00	5.052105511420205062e+02
1.297465726373772332e+00	5.024154374251152717e+02
1.303741827011944299e+00	4.992157008417538009e+02
1.310017322922761851e+00	4.957852301581851862e+02
1.316301447662886703e+00	4.955420938539629105e+02
1.322586760363303249e+00	4.892203758241237779e+02
1.328865492452874664e+00	4.885610454393333271e+02
1.335144804954555564e+00	4.864716003717050512e+02
1.341440516272275119e+00	4.831802119260137829e+02
1.347730868417094552e+00	4.803884872640468870e+02
1.354001589994877630e+00	4.760222286402829468e+02
1.360282609297778444e+00	4.733267961652363738e+02
1.366565686457597906e+00	4.721525385339070908e+02
1.372851498482432708e+00	4.668002818668854275e+02
1.379135372929401804e+00	4.646071809258476151e+02
1.385409567149057164e+00	4.623655652623256174e+02
1.391698641219299315e+00	4.613124886767586190e+02
1.397984451439470810e+00	4.594527374972762459e+02
1.404267883409181961e+00	4.561480757541118578e+02
1.410554779484869181e+00	4.527009226781762550e+02
1.416837833547465397e+00	4.501045671003234929e+02
1.423118177187137068e+00	4.476674954416574224e+02
1.429397801164240089e+00	4.459784018838760176e+02
1.435686921822787232e+00	4.427846547354051836e+02
1.441977121769299597e+00	4.410697764191853025e+02
1.448253667853332427e+00	4.378005800519632658e+02
1.454532348972172651e+00	4.365506234559555310e+02
1.460819319151879903e+00	4.337983461738429583e+02
1.467110364402026468e+00	4.312024836204834060e+02
1.473392908948962132e+00	4.290307378436299359e+02
1.479669965243598950e+00	4.285843101355500266e+02
1.485956144602843532e+00	4.251397139829305729e+02
1.492233610763115115e+00	4.227392105352999465e+02
1.498502470379980078e+00	4.198262007265050215e+02
1.504785752051182701e+00	4.171018525764282572e+02
1.511075991894575976e+00	4.152882280117665346e+02
1.517361634985162189e+00	4.133724643765384030e+02
1.523648570969130533e+00	4.117362158783708992e+02
1.529938035715892264e+00	4.094275419604534250e+02
1.536230176913891965e+00	4.081216116797167501e+02
1.542510718779388279e+00	4.040969113568678495e+02
1.548783963082980275e+00	4.009988916570084712e+02
1.555073069779651318e+00	4.004737628613620473e+02
1.561357324927233892e+00	3.978368122650427949e+02
1.567629121053141006e+00	3.960236419615949899e+02
1.573913697404382583e+00	3.944200051053919083e+02
1.580203545230874029e+00	3.922824461203176156e+02
1.586485393434537983e+00	3.902840618668541879e+02
1.592760014263005841e+00	3.882311384168958739e+02
1.599046436394670812e+00	3.861115817362928624e+02
1.605342136637478934e+00	3.842647408616340954e+02
1.611619860919608627e+00	3.820715346847035789e+02
1.617897597081673799e+00	3.807575928393513891e+02
1.624183235481122756e+00	3.774961125149442864e+02
1.630464598531913722e+00	3.764584161300145411e+02
1.636748985747638274e+00	3.747172824012268961e+02
1.643030923698886259e+00	3.727918061378267112e+02
1.649309176648513064e+00	3.713579471573290789e+02
1.655593633940351861e+00	3.694873557444495304e+02
1.661879571405086464e+00	3.674020360241477192e+02
1.668169361685170271e+00	3.644287009137969449e+02
1.674450151530487485e+00	3.633185455004165760e+02
1.680722718978495900e+00	3.626761903453506761e+02
1.687013891340952476e+00	3.602660198176764652e+02
1.693308984907921033e+00	3.577047769516726703e+02
1.699582147428448486e+00	3.557377684768693484e+02
1.705863747055134105e+00	3.539199487211134851e+02
1.712154434283889470e+00	3.525884629442653022e+02
1.718438381579399321e+00	3.509578792615176326e+02
1.724721264464063930e+00	3.487317401830180756e+02
1.730997441276920679e+00	3.476926544850259688e+02
1.737287073528269499e+00	3.456729485341753048e+02
1.743567991878527401e+00	3.433177945771768691e+02
1.749840680212231048e+00	3.426238862451795626e+02
1.756128549091961144e+00	3.405293306874236805e+02
1.762413535324792502e+00	3.386595175349758051e+02
1.768696187669963837e+00	3.378145647778449074e+02
1.774979359379055266e+00	3.351635421747751025e+02
1.781265555576432957e+00	3.332916105828017521e+02
1.787549427830244619e+00	3.324769610699003692e+02
1.793834120011633004e+00	3.303055602721695436e+02
1.800115051552487300e+00	3.289700365683519863e+02
1.806393904854530330e+00	3.282575483703907935e+02
1.812674089667083432e+00	3.259841778742984957e+02
1.818956920109354058e+00	3.248194334841977025e+02
1.825244164118212220e+00	3.233958974097751025e+02
1.831527256642196955e+00	3.210638485510311853e+02
1.837811294935716599e+00	3.204862677371438053e+02
1.844100717411196744e+00	3.182682140417798564e+02
1.850384816792487230e+00	3.169766958349989636e+02
1.856666059735203822e+00	3.162617314231511614e+02
1.862947728675613979e+00	3.138464365821650404e+02
1.869229324466858078e+00	3.125893209553709653e+02
1.875517616802973686e+00	3.103278087272579455e+02
1.881800769033795229e+00	3.100663950675853471e+02
1.888078863416442710e+00	3.080898604710959603e+02
1.894353975182237582e+00	3.068172602639234015e+02
1.900642716154182565e+00	3.056702640460938483e+02
1.906933494748685121e+00	3.040371346833853750e+02
1.913207568676573933e+00	3.015018881956862629e+02
1.919490884732178992e+00	3.014440817337658132e+02
1.925776855684274480e+00	2.995213229482597512e+02
1.932064452961978152e+00	2.981942667097986259e+02
1.938342610030488800e+00	2.971162323510058059e+02
1.944618341543410178e+00	2.957021997639744768e+02
1.950906260203513876e+00	2.948030564943359764e+02
1.957194556613796488e+00	2.931471532704309197e+02
1.963479614559011432e+00	2.919698840802366817e+02
1.969760361532916226e+00	2.904794207998150455e+02
1.976048367034604736e+00	2.889722843223300401e+02
1.982337990217652335e+00	2.871868608585669449e+02
1.988617489259562721e+00	2.866655988904333867e+02
1.994896320665194178e+00	2.848833703786653473e+02
2.001179596222827151e+00	2.837433917075662180e+02
2.007459756923499761e+00	2.825820777012040139e+02
2.013737397779169935e+00	2.811104054245008683e+02
2.020017234677497164e+00	2.796180732570216492e+02
2.026310251015072783e+00	2.794894045776820803e+02
2.032600542948020284e+00	2.781650503158685410e+02
2.038873863192099289e+00	2.761371489568057314e+02
2.045154087821675404e+00	2.751698147072869460e+02
2.051444704514288730e+00	2.745544675882749175e+02
2.057730430280644729e+00	2.727983748344205992e+02
2.064013940455224461e+00	2.713828259605981543e+02
2.070299891179459895e+00	2.702929868511688483e+02
2.076589719964883951e+00	2.693950692797254760e+02
2.082865483794470673e+00	2.683153794982337104e+02
2.089134494859368640e+00	2.673187967050909606e+02
2.095424211360070288e+00	2.657024401670342399e+02
2.101707116664804254e+00	2.649951215341979491e+02
2.107986473933564309e+00	2.637860412004670820e+02
2.114271806543862375e+00	2.624563191426237267e+02
2.120552717288892275e+00	2.616346348107238668e+02
2.126836933207161717e+00	2.601485000444458251e+02
2.133122044791171845e+00	2.595809581205758150e+02
2.139411711910842673e+00	2.580347172757619774e+02
2.145697076775292089e+00	2.567920843806650169e+02
2.151973548606471276e+00	2.560607102150164565e+02
2.158259913555724108e+00	2.550719975709645837e+02
2.164545396699105506e+00	2.532634303021452524e+02
2.170830700377734068e+00	2.531842367410111763e+02
2.177114138849150393e+00	2.518583767371208069e+02
2.183387647576827018e+00	2.506004270699243648e+02
2.189670273687676971e+00	2.494920948571781025e+02
2.195960147934207463e+00	2.481100222817163115e+02
2.202242556317716371e+00	2.477357993940260030e+02
2.208521655981037668e+00	2.461707566752332639e+02
2.214804637081333016e+00	2.453111006002283432e+02
2.221092583349425276e+00	2.442998241235089836e+02
2.227372893591468728e+00	2.430371575507369926e+02
2.233657161144248171e+00	2.422640478255161156e+02
2.239943485394438660e+00	2.414344425268342604e+02
2.246224175264620815e+00	2.406058921077807611e+02
2.252506378421252009e+00	2.398083318621291085e+02
2.258783417054270437e+00	2.386533324419784492e+02
2.265069077371457684e+00	2.380087058924683276e+02
2.271350377044131452e+00	2.368036199685689667e+02
2.277633995145353918e+00	2.361474770693033918e+02
2.283922419579920149e+00	2.348852919781265314e+02
2.290202874392252674e+00	2.337442588533659489e+02
2.296490779970905560e+00	2.328268645450800136e+02
2.302771769934229162e+00	2.317868700077735582e+02
2.309051364164305564e+00	2.316050188631868139e+02
2.315338502539088239e+00	2.301019728740137964e+02
2.321627336503874428e+00	2.297354769928220719e+02
2.327911878297218795e+00	2.286725849488889821e+02
2.334186238580297168e+00	2.280721791752251875e+02
2.340467971862688401e+00	2.265785292334054475e+02
2.346756940970738725e+00	2.261235643928104651e+02
2.353044444556199988e+00	2.258335709827003654e+02
2.359327653314069906e+00	2.244780640988452376e+02
2.365603048789861607e+00	2.233815347665253341e+02
2.371885911737665165e+00	2.226719813384725626e+02
2.378173303594019572e+00	2.217807041936855228e+02
2.384454016539381271e+00	2.211885183411225455e+02
2.390736447344785187e+00	2.200188382255460056e+02
2.397014133897952259e+00	2.199071239756151499e+02
2.403295490074321972e+00	2.185068419551153056e+02
2.409585049672506862e+00	2.176730866961979132e+02
2.415871703165322071e+00	2.168316991417908923e+02
2.422160652369088840e+00	2.164081062382833807e+02
2.428440167222748691e+00	2.153303168013671325e+02
2.434717472383889803e+00	2.148354795552299379e+02
2.441002456202044257e+00	2.139018513541358288e+02
2.447289980304530488e+00	2.135302603912079178e+02
2.453571844729242279e+00	2.123914194862292391e+02
2.459852705114058846e+00	2.116244879009537669e+02
2.466139233225018934e+00	2.109267585617401721e+02
2.472421963421291391e+00	2.101640983314422613e+02
2.478698519174224568e+00	2.096221851782101453e+02
2.484980841400355800e+00	2.087520706425499668e+02
2.491269319409339822e+00	2.080783547790797741e+02
2.497548505139029373e+00	2.075093078890071183e+02
2.503831667172610853e+00	2.069966577327451489e+02
2.510117938323931153e+00	2.060475055815471137e+02
2.516400733681277480e+00	2.053071040435650900e+02
2.522688226833368130e+00	2.045993603388288591e+02
2.528971695852665569e+00	2.039763713091010686e+02
2.535252039407670299e+00	2.036272784136220935e+02
2.541537514142774512e+00	2.028115986311584038e+02
2.547823008847572179e+00	2.019326424705752174e+02
2.554100666580690238e+00	2.010083370041926685e+02
2.560376788884177301e+00	2.010201477081537291e+02
2.566667521601497359e+00	2.001022368550261774e+02
2.572955062237090473e+00	1.992865989291357209e+02
2.579233771797999175e+00	1.988715993290280721e+02
2.585520164300948220e+00	1.984081985392810168e+02
2.591805130332431872e+00	1.974969764514985968e+02
2.598084074692260881e+00	1.970751597809434372e+02
2.604360404197643586e+00	1.966373156100866311e+02
2.610647185140439142e+00	1.957169673193816664e+02
2.616931864059273138e+00	1.951694677650925200e+02
2.623206107911065565e+00	1.948226970702566518e+02
2.629491626543270844e+00	1.940649856758497265e+02
2.635778507982642349e+00	1.936491259610245947e+02
2.642061039325260818e+00	1.931800025414139554e+02
2.648343840729305843e+00	1.925979913636723211e+02
2.654631838974855551e+00	1.920910973034019094e+02
2.660919001246303761e+00	1.910571320826299200e+02
2.667198525130066056e+00	1.905979291530583168e+02
2.673484307038032526e+00	1.900672622642046861e+02
2.679773388053849459e+00	1.897305729805148360e+02
2.686058217632288692e+00	1.890456818012613667e+02
2.692338738200057868e+00	1.887500042701273060e+02
2.698618022887226964e+00	1.881490549725040466e+02
2.704895450708277860e+00	1.878440979239585715e+02
2.711175674923682166e+00	1.872197060388136265e+02
2.717459832966957922e+00	1.864516005456925996e+02
2.723745731959044569e+00	1.861194862175423737e+02
2.730038414850594730e+00	1.856290952115086270e+02
2.736317989800789441e+00	1.849600069836570242e+02
2.742591858549239703e+00	1.846565315448925162e+02
2.748879749010778362e+00	1.844153784824603406e+02
2.755163403825859447e+00	1.839924956898854020e+02
2.761446955625852073e+00	1.836584462735063141e+02
2.767732088935374701e+00	1.826555189355836148e+02
2.774015452421743966e+00	1.824777840275794176e+02
2.780298635700591436e+00	1.821369997624194070e+02
2.786577474762241380e+00	1.816543268989837259e+02
2.792857983210164541e+00	1.812860142951626869e+02
2.799143790920211483e+00	1.806684384292782397e+02
2.805430058399325244e+00	1.806396854694886827e+02
2.811715058209780072e+00	1.800574826466814784e+02
2.817989272498773623e+00	1.800240032300140740e+02
2.824269171595737760e+00	1.794450226723403716e+02
2.830563016441804081e+00	1.789101306909700497e+02
2.836848750951622034e+00	1.787013698573801150e+02
2.843130027866129783e+00	1.782037278268475404e+02
2.849413896912404986e+00	1.777035194732884236e+02
2.855697464522425566e+00	1.776582025150826496e+02
2.861978799810683594e+00	1.772121661087967084e+02
2.868262469415629567e+00	1.770798623209612970e+02
2.874547359206753860e+00	1.766309341373375048e+02
2.880831111471525041e+00	1.763846580733230098e+02
2.887113216972382546e+00	1.759694165105833008e+02
2.893394504725182781e+00	1.755916976676113279e+02
2.899673662137033592e+00	1.756842988529805041e+02
2.905953958587380814e+00	1.750243889611851671e+02
2.912241118105161064e+00	1.746411352921347202e+02
2.918525996366671205e+00	1.745743412152137068e+02
2.924809035425688819e+00	1.741633108302200128e+02
2.931095916293684933e+00	1.741557876477679088e+02
2.937378182606774413e+00	1.739517794727451019e+02
2.943659980254369923e+00	1.734244954560897440e+02
2.949946454403890250e+00	1.732767723250049130e+02
2.956227653702202307e+00	1.731444678118964191e+02
2.962510478867462993e+00	1.729896883286245668e+02
2.968796535179442309e+00	1.725487495195938266e+02
2.975077657376874907e+00	1.724872789558684190e+02
2.981359866759223376e+00	1.721433276109178507e+02
2.987646761575656562e+00	1.721111849166073569e+02
2.993929038370399365e+00	1.719604139533790033e+02
3.000206214840962726e+00	1.716443085284518020e+02
3.006486172402415669e+00	1.714351796890208846e+02
3.012769812211594456e+00	1.714227966386908122e+02
3.019053144326170113e+00	1.710159616845951405e+02
3.025337405144251424e+00	1.710748279178818905e+02
3.031623734799107961e+00	1.710344065089294929e+02
3.037908962055872575e+00	1.708029148339496999e+02
3.044195067146031608e+00	1.706706519355018372e+02
3.050475543482170426e+00	1.703651762756049379e+02
3.056754954538277502e+00	1.704762218596608534e+02
3.063040539557494668e+00	1.703454674675116678e+02
3.069323699454357346e+00	1.704204580802155249e+02
3.075610692642898769e+00	1.704073562485327216e+02
3.081893798009918584e+00	1.703519170391371915e+02
3.088174549548037717e+00	1.701314694157386782e+02
3.094458635632868493e+00	1.700968411663265556e+02
3.100743982931558840e+00	1.701229849425875784e+02
3.107028111748448396e+00	1.699864061826008879e+02
3.113309299655494300e+00	1.699965902552443140e+02
3.119590662867241626e+00	1.700293568414594176e+02
3.125874006820172912e+00	1.699846234150378166e+02
3.132159251154602586e+00	1.698806418673121641e+02
3.138439172765940643e+00	1.701790042968171406e+02
3.144723867719826593e+00	1.702304925832422384e+02
3.151003951258561031e+00	1.704354239605230532e+02
3.157283664131563139e+00	1.706534235343937382e+02
3.163569317183839935e+00	1.706024999975727496e+02
3.169851661717792091e+00	1.704996763142559075e+02
3.176137704316093657e+00	1.706906837472471068e+02
3.182420924828643916e+00	1.708917058679175796e+02
3.188702811875577581e+00	1.707124799619940916e+02
3.194990520008989865e+00	1.709671414516668619e+02
3.201275324656983834e+00	1.710049032309605366e+02
3.207551352179861759e+00	1.714505084300624844e+02
3.213835216737041645e+00	1.718453199344934603e+02
3.220122579819103770e+00	1.714326411716051553e+02
3.226406606618656525e+00	1.709133189674942344e+02
3.232687390085645429e+00	1.708405212047462953e+02
3.238969121280456331e+00	1.703344552864691650e+02
3.245254751548589667e+00	1.697406985151837091e+02
3.251534499036136783e+00	1.696013345683002740e+02
3.257817780791052442e+00	1.695688561807159545e+02
3.264102164154097263e+00	1.688057465800733326e+02
3.270384152138468892e+00	1.684043929190684423e+02
3.276669427476867735e+00	1.682008876155018982e+02
3.282954688864507808e+00	1.677394412130427099e+02
3.289237200334947264e+00	1.674309986914721833e+02
3.295519587088236779e+00	1.670515093090618564e+02
3.301805977329951958e+00	1.667972512785395622e+02
3.308087486222440088e+00	1.662584265093637725e+02
3.314367630234227313e+00	1.660957902347632285e+02
3.320651909732194262e+00	1.655365414888000828e+02
3.326931260376857047e+00	1.653726611039601551e+02
3.333216512447217728e+00	1.650879197000428462e+02
3.339504489419978128e+00	1.647080825192552993e+02
3.345786804809928405e+00	1.643454408807297398e+02
3.352071130016277767e+00	1.639378334844011533e+02
3.358351496304225581e+00	1.639555567045152884e+02
3.364630591073392019e+00	1.632752786348439429e+02
3.370916305215045483e+00	1.630446760290727468e+02
3.377197952029413752e+00	1.627176456359584620e+02
3.383483063818085501e+00	1.625845651268164715e+02
3.389769992424469969e+00	1.620251961608723832e+02
3.396051330885982100e+00	1.619787523598405414e+02
3.402330879139463971e+00	1.616602966576409131e+02
3.408610488352048495e+00	1.613651195307884336e+02
3.414897837696641236e+00	1.610314294134303452e+02
3.421180484052105619e+00	1.609484229552777776e+02
3.427461639653846870e+00	1.604799060484525342e+02
3.433749159643459059e+00	1.602022531004739392e+02
3.440032646656798310e+00	1.599786897703459942e+02
3.446313366033385339e+00	1.595931604500511583e+02
3.452600135384134905e+00	1.594783798373331649e+02
3.458883152815406703e+00	1.590142777931358467e+02
3.465163834403715448e+00	1.588020206908862235e+02
3.471449329786229221e+00	1.586254668125248202e+02
3.477734476754053894e+00	1.582800005528848146e+02
3.484019652467224226e+00	1.581028302363565672e+02
3.490297019369712928e+00	1.580546117857371371e+02
3.496582486484379970e+00	1.576186119184005463e+02
3.502868048046865024e+00	1.574006061928926101e+02
3.509144649545451244e+00	1.570084545279790404e+02
3.515428082003116295e+00	1.568657065322747997e+02
3.521711031624695565e+00	1.566513786489618383e+02
3.527991850954735664e+00	1.565850420952323532e+02
3.534275545726699885e+00	1.564874572745746946e+02
3.540562632020772149e+00	1.561187055777851640e+02
3.546844410757220789e+00	1.559298180635201447e+02
3.553131386753758836e+00	1.554457697147738884e+02
3.559419203211965144e+00	1.549957885303797696e+02
3.565697971577579839e+00	1.549382255731900955e+02
3.571979559134798254e+00	1.548651597072616255e+02
3.578265774595833726e+00	1.546164457720509517e+02
3.584548309769353125e+00	1.545722906480763470e+02
3.590826843920031486e+00	1.543147486675889866e+02
3.597107306745233934e+00	1.540980256484515110e+02
3.603392831792229245e+00	1.537964238352034272e+02
3.609673209822572559e+00	1.536705158680008196e+02
3.615955412133016189e+00	1.532615699207220814e+02
3.622241607772384686e+00	1.532696362880599565e+02
3.628520252736676444e+00	1.529296046798484383e+02
3.634804827569451113e+00	1.528702780210931280e+02
3.641094981788862928e+00	1.526789846850383299e+02
3.647383514928639325e+00	1.527237350176340840e+02
3.653663283927725658e+00	1.524740783454954567e+02
3.659943504072155296e+00	1.523830073720030498e+02
3.666232000281138603e+00	1.522694646585879923e+02
3.672514211678317597e+00	1.520148533452689321e+02
3.678794154686042539e+00	1.517708406396889131e+02
3.685078621861909820e+00	1.517415521015617514e+02
3.691359210097977961e+00	1.515534174719247460e+02
3.697642368173791105e+00	1.513503442493880016e+02
3.703925796735277665e+00	1.513375760961608023e+02
3.710208240364660348e+00	1.510020735570929560e+02
3.716494593122387169e+00	1.509156646182784414e+02
3.722775386659595398e+00	1.506553979341821332e+02
3.729058392883481510e+00	1.505731471838530524e+02
3.735339748210807720e+00	1.503151432579330731e+02
3.741620776392969638e+00	1.504129703381869945e+02
3.747904795418762980e+00	1.503738551692253793e+02
3.754190633281219380e+00	1.503920001120565644e+02
3.760478208018912749e+00	1.501417338707123577e+02
3.766755538573464346e+00	1.500890837074242370e+02
3.773032090135151506e+00	1.500191375816133359e+02
3.779322553012896879e+00	1.497933257605586732e+02
3.785609109731308930e+00	1.498354833902103564e+02
3.791889825936295200e+00	1.499108643585136633e+02
3.798174822702435893e+00	1.495323855809443216e+02
3.804458658753491651e+00	1.494950413157396554e+02
3.810738438095723435e+00	1.496616457002922402e+02
3.817018850285747167e+00	1.494382413168027313e+02
3.823305314209427763e+00	1.493925547688693314e+02
3.829591295197792178e+00	1.492029699300020980e+02
3.835872296070849341e+00	1.492584040063781003e+02
3.842156279590906109e+00	1.491846954715828701e+02
3.848441511099312429e+00	1.489028304449830671e+02
3.854723334376886079e+00	1.490068353533860659e+02
3.861004740704794713e+00	1.490502149228910014e+02
3.867284336650660848e+00	1.486387899802692800e+02
3.873567367678779849e+00	1.490699404648387656e+02
3.879850662830422792e+00	1.488930344541943782e+02
3.886137063198143338e+00	1.489185877985411253e+02
3.892419463049126005e+00	1.488519713441759791e+02
3.898703740328622658e+00	1.487071214913089534e+02
3.904991458788179326e+00	1.489470380330949411e+02
3.911270842222104083e+00	1.489060433921688968e+02
3.917549806479573071e+00	1.488194958958441987e+02
3.923836006203090587e+00	1.485662645229996315e+02
3.930121452497870926e+00	1.489738889891335418e+02
3.936398172858230460e+00	1.486266647973403394e+02
3.942683040425962293e+00	1.490407466121030780e+02
3.948974759704379611e+00	1.488157039504480394e+02
3.955259227995065352e+00	1.487822407679912260e+02
3.961537174921395454e+00	1.491139095785711959e+02
3.967820217617139544e+00	1.490245099119994734e+02
3.974105559832568968e+00	1.491690275301000952e+02
3.980384727931198352e+00	1.487948360498224076e+02
3.986664590839849698e+00	1.491513953262730467e+02
3.992949619150675034e+00	1.493293715956698975e+02
3.999235075769965952e+00	1.496865392295256356e+02
4.005515715515433506e+00	1.493896911121541677e+02
4.011798434346478537e+00	1.495695733193916794e+02
4.018083716245132386e+00	1.494839967024424823e+02
4.024365700052603856e+00	1.495369331729271778e+02
4.030643960839860540e+00	1.495145282204549630e+02
4.036928708926215137e+00	1.501639430164192106e+02
4.043218157412017177e+00	1.498157441486943640e+02
4.049503019487663558e+00	1.499943441515399059e+02
4.055781898960511000e+00	1.504876824463846674e+02
4.062060795621602161e+00	1.503908979358666329e+02
4.068347865354716042e+00	1.502227220502267357e+02
4.074631027173265529e+00	1.504722142175611452e+02
4.080910837526078971e+00	1.505381722947362277e+02
4.087201203341442657e+00	1.507281649058872404e+02
4.093486818591942189e+00	1.508208101914341057e+02
4.099764387336505500e+00	1.512056258906077915e+02
4.106049166937662420e+00	1.512397409624437330e+02
4.112334559041358695e+00	1.513550854403890469e+02
4.118618926059533614e+00	1.516231757978210624e+02
4.124898942031112625e+00	1.518371048439904030e+02
4.131175432561665417e+00	1.516951443980084377e+02
4.137461563786142271e+00	1.522840512499531087e+02
4.143746006210170307e+00	1.526115978885928257e+02
4.150029800482964326e+00	1.526773116758005244e+02
4.156313390684649001e+00	1.529556480095395159e+02
4.162596105843763716e+00	1.529887144914698922e+02
4.168881843141768684e+00	1.530578529173861568e+02
4.175162111073220217e+00	1.534961430821580848e+02
4.181448573417560155e+00	1.532387341355419323e+02
4.187738782464171194e+00	1.538639860880392121e+02
4.194017437180169061e+00	1.542124229048480402e+02
4.200293572701767175e+00	1.543666459960221573e+02
4.206580195481546269e+00	1.548560645408040273e+02
4.212860644652220543e+00	1.548796944791361625e+02
4.219138153430114002e+00	1.551032986809678107e+02
4.225426162098283811e+00	1.555033553645697566e+02
4.231713506719782636e+00	1.556791382716717749e+02
4.237990056577191744e+00	1.557593207373805342e+02
4.244267783646744618e+00	1.563760976250913473e+02
4.250560660182562955e+00	1.563517489379087522e+02
4.256847734842668096e+00	1.567335536001874914e+02
4.263127100734456221e+00	1.574833665028521636e+02
4.269406860432507500e+00	1.574483531555947025e+02
4.275691671482192646e+00	1.575570966642470125e+02
4.281972414189518794e+00	1.578501880126636365e+02
4.288253516806755705e+00	1.583651719047881272e+02
4.294540520160492925e+00	1.583552920965122439e+02
4.300825742921731809e+00	1.587508541917247555e+02
4.307109835491901961e+00	1.590537046428016765e+02
4.313390926478413157e+00	1.601198128415042561e+02
4.319667979480563247e+00	1.596051426628141314e+02
4.325952598143786076e+00	1.604336023127895885e+02
4.332241647035422361e+00	1.603514155260046437e+02
4.338524445619096781e+00	1.610746187973381893e+02
4.344809348131129845e+00	1.612660610720718068e+02
4.351090699193166600e+00	1.613638446921838181e+02
4.357369710808320029e+00	1.617597588681703655e+02
4.363659348967174445e+00	1.619669427297626783e+02
4.369947418280990981e+00	1.624893040444452197e+02
4.376226569265827315e+00	1.629649734601803743e+02
4.382499356631129217e+00	1.631835851153304304e+02
4.388784975178015024e+00	1.635208141839125062e+02
4.395068696309480494e+00	1.638356782326823122e+02
4.401347962382031298e+00	1.642182288233301222e+02
4.407628405096517099e+00	1.646556959738202295e+02
4.413915862185140426e+00	1.645813241317696622e+02
4.420203163534264235e+00	1.652247701961157418e+02
4.426480311003382795e+00	1.647137621927544160e+02
4.432765973643649104e+00	1.658520946955006821e+02
4.439053392023870614e+00	1.652706597187472255e+02
4.445336141335588742e+00	1.657821231264018706e+02
4.451617241414883352e+00	1.659209251504852034e+02
4.457901500730311106e+00	1.659961562631063714e+02
4.464189501093017043e+00	1.666535970969437130e+02
4.470470197548729985e+00	1.657797730513524925e+02
4.476748044268524573e+00	1.671437562108258419e+02
4.483035990164653484e+00	1.663516467157473642e+02
4.489323331650528104e+00	1.670854628640279884e+02
4.495599111667934800e+00	1.669743299816377373e+02
4.501870922878794090e+00	1.671649018416703711e+02
4.508155162877705457e+00	1.667830703462883548e+02
4.514446451153479423e+00	1.670316833225702737e+02
4.520723894043856994e+00	1.667148346500899265e+02
4.527003782460155890e+00	1.655528007925786085e+02
4.533293086610313161e+00	1.656533885223075799e+02
4.539578989864040182e+00	1.661407142445554257e+02
4.545857164866476730e+00	1.650986205125513209e+02
4.552138955546025656e+00	1.649466769980893162e+02
4.558432046889146605e+00	1.644659626137481325e+02
4.564713463378488711e+00	1.639188017589840172e+02
4.570987274133244682e+00	1.642501124516296329e+02
4.577274818151045643e+00	1.638485404471860249e+02
4.583563263889338657e+00	1.640006587787554793e+02
4.589844917004465508e+00	1.642693481350699756e+02
4.596126259982004747e+00	1.638310415324694134e+02
4.602409075598298926e+00	1.636210948745724068e+02
4.608696634867644804e+00	1.638349911171816871e+02
4.614977646498861219e+00	1.640276828125374209e+02
4.621258953029527383e+00	1.639999671696693611e+02
4.627547993978874175e+00	1.634598722615628219e+02
4.633830152730579854e+00	1.640548852848312436e+02
4.640104005367354567e+00	1.645062818183882882e+02
4.646382060386754276e+00	1.643581955230973790e+02
4.652674213731970987e+00	1.646492061845848696e+02
4.658958291796220230e+00	1.646063241338436285e+02
4.665233615070169648e+00	1.639590806089320552e+02
4.671520675710307380e+00	1.644401610076039901e+02
4.677814351732177300e+00	1.640040268094001306e+02
4.684093699744638073e+00	1.650124738551083965e+02
4.690368661472568590e+00	1.651414217344772624e+02
4.696663270746453733e+00	1.651183674571711606e+02
4.702945459248681459e+00	1.656737288870057796e+02
4.709209170841929470e+00	1.658784387896920975e+02
4.715491634753063543e+00	1.658360667372180899e+02
4.721784316284933780e+00	1.663918393979866721e+02
4.728063062331094635e+00	1.660823726320604692e+02
4.734337423381671073e+00	1.671860259210860704e+02
4.740627024094544062e+00	1.669811599296934617e+02
4.746914995664547554e+00	1.664079454291900220e+02
4.753194740071086777e+00	1.679397111415534027e+02
4.759478891864783456e+00	1.675021633951743070e+02
4.765762396877359031e+00	1.682865722626752927e+02
4.772049481246195768e+00	1.684734733187197833e+02
4.778335091022592351e+00	1.693444815813201103e+02
4.784610831402393849e+00	1.697396760103441125e+02
4.790907306208476157e+00	1.696331794643257922e+02
4.797204047706418173e+00	1.700761947090184378e+02
4.803470827697504220e+00	1.706478734584749475e+02
4.809748850577324042e+00	1.705618681978745030e+02
4.816045316586602176e+00	1.713375546321773299e+02
4.822329240673497885e+00	1.715500577905822013e+02
4.828596758226470165e+00	1.716925777436965177e+02
4.834890332961369275e+00	1.727086559662533318e+02
4.841191655056394261e+00	1.730173108533502386e+02
4.847460407468000554e+00	1.732366946788778534e+02
4.853732128521334843e+00	1.735165991600197799e+02
4.860029138783373170e+00	1.738633932641435820e+02
4.866314601732018019e+00	1.749931303443580077e+02
4.872587026269203925e+00	1.740311793134112293e+02
4.878874221748241702e+00	1.763676241741979993e+02
4.885171078138658807e+00	1.755880298208302577e+02
4.891450629931857641e+00	1.762517624136676204e+02
4.897716482750221978e+00	1.772010107341006346e+02
4.904002834596266069e+00	1.778112340886598872e+02
4.910295858205786068e+00	1.783154701670054862e+02
4.916575188115905881e+00	1.783461174132944222e+02
4.922847946197084212e+00	1.796424609926804976e+02
4.929131667457151700e+00	1.797590132525851061e+02
4.935434460144239033e+00	1.813945846265264947e+02
4.941718513303545279e+00	1.808041914248921955e+02
4.947978624761803168e+00	1.817374842254645841e+02
4.954274999209829389e+00	1.830678019708294073e+02
4.960571094729937514e+00	1.842018030823120682e+02
4.966823207626954506e+00	1.838662717326500911e+02
4.973097418390337587e+00	1.852462153464718426e+02
4.979415129936382023e+00	1.850151871334712439e+02
4.985702082330368157e+00	1.860165065183104218e+02
4.991949985828016523e+00	1.895390045915501673e+02
4.998241586316924057e+00	1.876531962871194708e+02
5.004556635606089543e+00	1.892458036458073707e+02
5.010828655701208945e+00	1.895572330721004164e+02
5.017077229702536556e+00	1.900756552069103122e+02
5.023374414758113637e+00	1.905554942528788445e+02
5.029688873569548413e+00	1.924718664077813628e+02
5.035958413584124216e+00	1.919503586324987339e+02
5.042232667658486989e+00	1.943226285837355078e+02
5.048528755870775875e+00	1.945767386084501993e+02
5.054821121427484520e+00	1.952948010650460446e+02
5.061069509814582368e+00	1.967828679902219449e+02
5.067347812754101177e+00	1.977082850167183494e+02
5.073675050630431116e+00	1.989034570755985385e+02
5.079945928388977627e+00	2.000077100715238601e+02
5.086192992546071601e+00	2.022325529708752754e+02
5.092484128970163226e+00	2.013589485211101078e+02
5.098802924706086870e+00	2.036505570253191308e+02
5.105078217426394005e+00	2.038746497528286170e+02
5.111325076574067872e+00	2.059098318287456664e+02
5.117628358851224135e+00	2.058785485403009545e+02
5.123935939383525984e+00	2.090243467570266773e+02
5.130199176325612065e+00	2.088022568070206262e+02
5.136469985878846956e+00	2.097748513946025639e+02
5.142797788696348071e+00	2.118836942490911497e+02
5.149090378043822192e+00	2.131928150717752146e+02
5.155289879840074363e+00	2.157343480963008631e+02
5.161564521234301317e+00	2.180693619453363397e+02
5.167916673496016244e+00	2.179958731244835803e+02
5.174205974602950064e+00	2.201403980896055828e+02
5.180434820793812456e+00	2.214493324039866877e+02
5.186729096569634656e+00	2.231199529919396412e+02
5.193058481037780894e+00	2.247395096417520222e+02
5.199319511444338460e+00	2.238242550240142918e+02
5.205574295584361799e+00	2.263085760468115950e+02
5.211894977074066126e+00	2.276715068766299055e+02
5.218201708336958511e+00	2.310758474284317288e+02
5.224411911780083351e+00	2.320702994538148403e+02
5.230677632666463239e+00	2.341335189488166577e+02
5.237056729559757429e+00	2.367588113824872948e+02
5.243336785035660697e+00	2.362164479451728596e+02
5.249493476178225038e+00	2.405474173575439636e+02
5.255787017738318134e+00	2.413862679588421827e+02
5.262205327426889845e+00	2.446656216488322002e+02
5.268477758348532269e+00	2.436220310234240856e+02
5.274632213654732560e+00	2.500723429175379522e+02
5.280950543314659740e+00	2.502717758155124841e+02
5.287327645024750389e+00	2.517614232040038189e+02
5.293582359180156516e+00	2.521207182951591221e+02
5.299789992649893478e+00	2.572671662927434681e+02
5.306111460381987222e+00	2.551069963140172092e+02
5.312452717892129250e+00	2.598478493752380700e+02
5.318650122853046724e+00	2.606261759188409997e+02
5.324923043129819789e+00	2.649630175571068662e+02
5.331330237158205421e+00	2.690564278797115776e+02
5.337586726886338617e+00	2.705672022493933468e+02
5.343685192440848830e+00	2.733684813575015937e+02
5.350070659715249199e+00	2.740744515052823544e+02
5.356556762554878226e+00	2.780745719506411433e+02
5.362691868684501095e+00	2.839856889738362042e+02
5.368769208912516966e+00	2.886738656811396595e+02
5.375270137997677722e+00	2.851672347760498951e+02
5.381769983045385786e+00	2.931134076850910333e+02
5.387701030372958222e+00	2.881676199192648937e+02
5.393786668001271600e+00	2.953000405709736356e+02
5.400446161099396569e+00	2.950540072983154118e+02
5.406957063684501463e+00	3.040746629396486469e+02
5.412655672453426270e+00	3.074006004899080722e+02
5.418821279260546575e+00	2.997263605606100896e+02
5.425690594366304076e+00	3.157507636175203629e+02
5.432217487502165376e+00	3.119936909228068771e+02
5.437649811577258241e+00	3.271908829026994567e+02
5.443914404015878006e+00	3.209049507239673744e+02
5.450953501686320202e+00	3.270380636190921564e+02
5.457483690405861232e+00	3.282362124288644623e+02
5.462715250135157241e+00	3.282477829720162958e+02
5.469033575551323523e+00	3.436954053111678036e+02
5.476177730420278778e+00	3.480648122445839476e+02
5.482708935702562236e+00	3.367016320331032944e+02
5.487722405008360838e+00	3.590228668654234525e+02
5.494194284996126498e+00	3.632078646262179973e+02
5.501391471009256406e+00	3.674865437135558750e+02
5.507128202673079009e+00	3.797756483115836090e+02
5.512278020050448646e+00	3.936729080100123497e+02
5.519395563377015534e+00	3.490968537929613262e+02
5.526598678609708770e+00	3.562824799794738624e+02
5.532162682462509196e+00	3.941549414621354117e+02
5.537397124017139127e+00	3.919349634464084602e+02
5.544582756485218589e+00	3.601485405460481388e+02
5.551739327507637434e+00	3.825907270583072659e+02
5.557493306674907707e+00	4.770212217837019466e+02
5.562281709102816940e+00	4.890832349139488429e+02
5.569272720323164449e+00	2.588179990373102441e+02
