8.899641224696953554e-03	2.199551577236811136e+04
1.507912216506557788e-02	2.298372918330788161e+04
2.144790186456836667e-02	2.556957408059756199e+04
2.783660776489276650e-02	2.435503355554015434e+04
3.435099785803411021e-02	1.738587338097537577e+04
4.047886761425745911e-02	1.423043987974734955e+04
4.676716683575679601e-02	1.074622581995597466e+04
5.308225101765951665e-02	1.078179084753063034e+04
5.945362440940590160e-02	1.047227207922019079e+04
6.576224814588792211e-02	8.609625063661236709e+03
7.196632906698736953e-02	8.033866577123270872e+03
7.827860915688347743e-02	7.389957622906634242e+03
8.470398945834539672e-02	7.142870902133978234e+03
9.096854620527369817e-02	5.835765719086301942e+03
9.720789776830213169e-02	5.407337057725942032e+03
1.034763038959366499e-01	4.843254501885143327e+03
1.097576444254559219e-01	4.333747687237936589e+03
1.160543084780093354e-01	4.175496210911491289e+03
1.223669666537485351e-01	3.952668546029378831e+03
1.286817263090294094e-01	3.645930226435312306e+03
1.349500801664080818e-01	3.433855789888780691e+03
1.411949558842147678e-01	3.224734528169110945e+03
1.475133575747468451e-01	3.007077901232745717e+03
1.537865074252268427e-01	2.805649455431107071e+03
1.600657544051110326e-01	2.624261358716724317e+03
1.663991168687080635e-01	2.476510055085092063e+03
1.727195645776442856e-01	2.374218292930717780e+03
1.789765213377084718e-01	2.218930115386326634e+03
1.852353690647852158e-01	2.184401841262330890e+03
1.914806787341157279e-01	2.077092689145078566e+03
1.977889868651535599e-01	2.017682640551357281e+03
2.040937735447724277e-01	1.867174870560289719e+03
2.103939302609846018e-01	1.785816363759536671e+03
2.166909709822301688e-01	1.706949910044387252e+03
2.229700281216152047e-01	1.645976034195932698e+03
2.292620027086341994e-01	1.571045513799464288e+03
2.355141508366812297e-01	1.509434251459960933e+03
2.417910583817859116e-01	1.474476173441348465e+03
2.480856539439619257e-01	1.400226943888173764e+03
2.543492256872954549e-01	1.387140946129154827e+03
2.606334251884805386e-01	1.327739372916054435e+03
2.669257370896960802e-01	1.279715597524303121e+03
2.732423343141155980e-01	1.249426992982144839e+03
2.795529680084415936e-01	1.197819008261250247e+03
2.858366292314493129e-01	1.164465502219657310e+03
2.920876271394311496e-01	1.137884509849546475e+03
2.983449844439822751e-01	1.101259667250827761e+03
3.046382639407197446e-01	1.092258314857792357e+03
3.109279127003197196e-01	1.049696995029122036e+03
3.172168171618398036e-01	1.042411036962148501e+03
3.235187567944423082e-01	9.892258123491822062e+02
3.298168217550395687e-01	9.783044243464612464e+02
3.361176429457156667e-01	9.657628649851703813e+02
3.423700375709273769e-01	9.218519745728359567e+02
3.486478192666269682e-01	9.052259471519233784e+02
3.549411614411318028e-01	8.799131376082588076e+02
3.611916935421040642e-01	8.827266979713342607e+02
3.674767089563572564e-01	8.528005027079950651e+02
3.737647795277591056e-01	8.405464986500953728e+02
3.800654031475132477e-01	8.153050426392735517e+02
3.863539861259823738e-01	8.011659942775880836e+02
3.926140181364449755e-01	7.825118852909981797e+02
3.989264500321934581e-01	7.669583758958488033e+02
4.052073244576828714e-01	7.589229018231554846e+02
4.114916477570477182e-01	7.523131334332521192e+02
4.177814272116491257e-01	7.309309142587296719e+02
4.240400648725131116e-01	7.173285853364711784e+02
4.303425690270192283e-01	7.097412253641629150e+02
4.366358560255625965e-01	6.936567239484697893e+02
4.428996183220763605e-01	6.845158051868114626e+02
4.491634418529859563e-01	6.717001849894031693e+02
4.554414146254732731e-01	6.650583850071351435e+02
4.617634470301058558e-01	6.464480165119623507e+02
4.680644242023710433e-01	6.422594360535166516e+02
4.743485242764365895e-01	6.242960352167760902e+02
4.806356136815400082e-01	6.194990168684209948e+02
4.869019258388697646e-01	6.149087622533551212e+02
4.931697099599955947e-01	6.035266732939967369e+02
4.994506747144535908e-01	6.004656616000485201e+02
5.057159051335421429e-01	5.867453954409392054e+02
5.119923996268095356e-01	5.753965673360042956e+02
5.183126097768406826e-01	5.709224922183162789e+02
5.246089638029100000e-01	5.600292269462324839e+02
5.308757308483337267e-01	5.528921732128044368e+02
5.371573527946726934e-01	5.519553517021734024e+02
5.434579563783791256e-01	5.445024032615086753e+02
5.497430652392217842e-01	5.348816729305741546e+02
5.559937427501778773e-01	5.310581461261610912e+02
5.622854676609657654e-01	5.250908551533989339e+02
5.686011537227265711e-01	5.157527812874631081e+02
5.748804589422079614e-01	5.119875145454217318e+02
5.811550210340560296e-01	5.070828294755723391e+02
5.874394496660968468e-01	5.033758933359213188e+02
5.937176220296899176e-01	4.938928274903757369e+02
5.999971954793682505e-01	4.885024709057354357e+02
6.062679115124277596e-01	4.837064090936714251e+02
6.125469576444534381e-01	4.809225119049733053e+02
6.188477733041515272e-01	4.764516775339059791e+02
6.251310567437898813e-01	4.691858840441614120e+02
6.314027450383210560e-01	4.626551471014763024e+02
6.377003562732055375e-01	4.621848559396251517e+02
6.439857783314556494e-01	4.531889460353843901e+02
6.502685417166111925e-01	4.513374034086926372e+02
6.565586117699038216e-01	4.454168930485243436e+02
6.628369282359254377e-01	4.413113306877900754e+02
6.691185444962194362e-01	4.394414084841073986e+02
6.754070198575605755e-01	4.344467881054270606e+02
6.816835514593204692e-01	4.317600645993197759e+02
6.879592533861698112e-01	4.224954079330636887e+02
6.942344317039531587e-01	4.224203683068067789e+02
7.005175402434737908e-01	4.172168672994056351e+02
7.068124956608716758e-01	4.147797404692898340e+02
7.131019009674921527e-01	4.104610197896935802e+02
7.193918251171427247e-01	4.045583885138975688e+02
7.256833807598113140e-01	4.035890032482977290e+02
7.319652682709349989e-01	3.996106675999660638e+02
7.382507990484923344e-01	3.954665733019471077e+02
7.445265842115937893e-01	3.926949722557217228e+02
7.507871101942712455e-01	3.891550199727966515e+02
7.570758465316046459e-01	3.849441114893922418e+02
7.633641233600957365e-01	3.860336274558891887e+02
7.696462959862266917e-01	3.802716246935244158e+02
7.759394865175414102e-01	3.767011967194037538e+02
7.822329141989586843e-01	3.731376453762416645e+02
7.885314936520240181e-01	3.683865375377190503e+02
7.947896566979522071e-01	3.682334960237810151e+02
8.010491096592354809e-01	3.655773914363619497e+02
8.073364061727361651e-01	3.607507258825543772e+02
8.136229488373866170e-01	3.580444511831486807e+02
8.199152998961036776e-01	3.570404663897192563e+02
8.261952636392789762e-01	3.537430365828919889e+02
8.324897070080405914e-01	3.501029278219720027e+02
8.387959309210778480e-01	3.487088605108884849e+02
8.450634639703045181e-01	3.461608327577979480e+02
8.513282867562648182e-01	3.431730658780972476e+02
8.576198263902009566e-01	3.410993254492812525e+02
8.639058477062415697e-01	3.374797107561517464e+02
8.701838745487597837e-01	3.363276742873903800e+02
8.764641096075268534e-01	3.328314100750159810e+02
8.827503873399735745e-01	3.308215783442209386e+02
8.890332768393869323e-01	3.282663478161288140e+02
8.953084247113127780e-01	3.259634119009493816e+02
9.015956521667095602e-01	3.229274156464872476e+02
9.078833328094829680e-01	3.211277140233510181e+02
9.141744106319863450e-01	3.184625929869561105e+02
9.204630817717615043e-01	3.166233099817774814e+02
9.267434415264711456e-01	3.136381843716794720e+02
9.330324197354928906e-01	3.123962491993730168e+02
9.393265785573878812e-01	3.109047886508671468e+02
9.455974810398196650e-01	3.088989734076362765e+02
9.518660018545171964e-01	3.058579151288744242e+02
9.581413255531838757e-01	3.032443567378488751e+02
9.644350945109106954e-01	3.011874141646331964e+02
9.707355633568249820e-01	3.004846287881828175e+02
9.770080768450029041e-01	2.965419959712612581e+02
9.832823325363413414e-01	2.966003821650448344e+02
9.895569691966674686e-01	2.932982133857993290e+02
9.958456301921106979e-01	2.924110600031681884e+02
1.002136210743837408e+00	2.905580152055238727e+02
1.008404825335135424e+00	2.893428223759411821e+02
1.014694149836243398e+00	2.869679708563031113e+02
1.020992555437297167e+00	2.851353862683228044e+02
1.027273980437394485e+00	2.828966784213783399e+02
1.033559181896017254e+00	2.812015189111819495e+02
1.039847557392594934e+00	2.803663663347515467e+02
1.046126974943305088e+00	2.785648446070140380e+02
1.052403436811028659e+00	2.750516297671196071e+02
1.058680704651608684e+00	2.750737729603513912e+02
1.064964333065789193e+00	2.722698169819494183e+02
1.071256777440835473e+00	2.702876402541034508e+02
1.077544048801078125e+00	2.693505662782458785e+02
1.083824820188043603e+00	2.674619404303992383e+02
1.090108023942816695e+00	2.666814918913757424e+02
1.096389665956643222e+00	2.643584713065187657e+02
1.102681132058841440e+00	2.634228655810979376e+02
1.108963047594879958e+00	2.612983856764148527e+02
1.115225428463759272e+00	2.599048807791897957e+02
1.121502127614767863e+00	2.584075730111107987e+02
1.127792573824792033e+00	2.567865183990074343e+02
1.134089552668382961e+00	2.553981492121307610e+02
1.140364049650405942e+00	2.548552021120065092e+02
1.146639180320979445e+00	2.518002551669691229e+02
1.152942412991649901e+00	2.516070187259035151e+02
1.159228906751078814e+00	2.496492783229840313e+02
1.165508721887268173e+00	2.474124120927300226e+02
1.171793076256210320e+00	2.455004003902518264e+02
1.178087436369658958e+00	2.452940562684335077e+02
1.184367654251526902e+00	2.435137142484250319e+02
1.190634642299266632e+00	2.416882799949904381e+02
1.196912208834400859e+00	2.418719101174124546e+02
1.203201577354146234e+00	2.393135357785662620e+02
1.209486844441705733e+00	2.384674956627567610e+02
1.215763902074809888e+00	2.371139415643253301e+02
1.222049755171146668e+00	2.360184646721785384e+02
1.228340616621486969e+00	2.356342797061069803e+02
1.234632986576932767e+00	2.335545843786115086e+02
1.240902247176856488e+00	2.322845863076301782e+02
1.247174839144687519e+00	2.303087556523323656e+02
1.253465459933442272e+00	2.293276159221562409e+02
1.259749951892178421e+00	2.278688763002928681e+02
1.266032143127253873e+00	2.270500728522141571e+02
1.272316288472006507e+00	2.259205530249126923e+02
1.278604155058621350e+00	2.243400672298112966e+02
1.284886588933593865e+00	2.237356118813600574e+02
1.291175420066583257e+00	2.211557716436427938e+02
1.297465726373772332e+00	2.205149935138482817e+02
1.303741827011944299e+00	2.194924271073236639e+02
1.310017322922761851e+00	2.189945952981015296e+02
1.316301447662886703e+00	2.169838065119749331e+02
1.322586760363303249e+00	2.152007793588346942e+02
1.328865492452874664e+00	2.155392983296816567e+02
1.335144804954555564e+00	2.135607388016055381e+02
1.341440516272275119e+00	2.126803223963522100e+02
1.347730868417094552e+00	2.111345909074798044e+02
1.354001589994877630e+00	2.102999742965296832e+02
1.360282609297778444e+00	2.091606963222475031e+02
1.366565686457597906e+00	2.083880843559234677e+02
1.372851498482432708e+00	2.070335063100540083e+02
1.379135372929401804e+00	2.062987854196653075e+02
1.385409567149057164e+00	2.052803353107606199e+02
1.391698641219299315e+00	2.046636903592238923e+02
1.397984451439470810e+00	2.031027945206485015e+02
1.404267883409181961e+00	2.024021946440755073e+02
1.410554779484869181e+00	2.010185266830952742e+02
1.416837833547465397e+00	2.000952740929698450e+02
1.423118177187137068e+00	1.993381251208902256e+02
1.429397801164240089e+00	1.984417351320132354e+02
1.435686921822787232e+00	1.974580623080045712e+02
1.441977121769299597e+00	1.957927254617459596e+02
1.448253667853332427e+00	1.948991804181839598e+02
1.454532348972172651e+00	1.939439236812380045e+02
1.460819319151879903e+00	1.925848315811216196e+02
1.467110364402026468e+00	1.926107711586350035e+02
1.473392908948962132e+00	1.915934377198303196e+02
1.479669965243598950e+00	1.902414622357382257e+02
1.485956144602843532e+00	1.894264390454905822e+02
1.492233610763115115e+00	1.883868616115240116e+02
1.498502470379980078e+00	1.867913079245842596e+02
1.504785752051182701e+00	1.868139824147541219e+02
1.511075991894575976e+00	1.858917253708663395e+02
1.517361634985162189e+00	1.854839226506018122e+02
1.523648570969130533e+00	1.840573537579938090e+02
1.529938035715892264e+00	1.827564530028045056e+02
1.536230176913891965e+00	1.822302055312418361e+02
1.542510718779388279e+00	1.809601757279050958e+02
1.548783963082980275e+00	1.806780374480410103e+02
1.555073069779651318e+00	1.795264187094073804e+02
1.561357324927233892e+00	1.787627248904218220e+02
1.567629121053141006e+00	1.775256408242216537e+02
1.573913697404382583e+00	1.762946042655659653e+02
1.580203545230874029e+00	1.758584012745823202e+02
1.586485393434537983e+00	1.751991039839093673e+02
1.592760014263005841e+00	1.742524021070079812e+02
1.599046436394670812e+00	1.732490850486187810e+02
1.605342136637478934e+00	1.729031665801094846e+02
1.611619860919608627e+00	1.717407565222713970e+02
1.617897597081673799e+00	1.715602572885380823e+02
1.624183235481122756e+00	1.699859615990823443e+02
1.630464598531913722e+00	1.693692195896153123e+02
1.636748985747638274e+00	1.687323501924910545e+02
1.643030923698886259e+00	1.678660682749375610e+02
1.649309176648513064e+00	1.671390500518037925e+02
1.655593633940351861e+00	1.665274015934466831e+02
1.661879571405086464e+00	1.657264919200816848e+02
1.668169361685170271e+00	1.652530775880544809e+02
1.674450151530487485e+00	1.644394582374558524e+02
1.680722718978495900e+00	1.635881172947343032e+02
1.687013891340952476e+00	1.625887205221005161e+02
1.693308984907921033e+00	1.620384331615405245e+02
1.699582147428448486e+00	1.609871440807715999e+02
1.705863747055134105e+00	1.607089911086506504e+02
1.712154434283889470e+00	1.591860689329369904e+02
1.718438381579399321e+00	1.587796081547668905e+02
1.724721264464063930e+00	1.583026147634318477e+02
1.730997441276920679e+00	1.579129067647431839e+02
1.737287073528269499e+00	1.564932833124220508e+02
1.743567991878527401e+00	1.558647340282643938e+02
1.749840680212231048e+00	1.556249611420175256e+02
1.756128549091961144e+00	1.542454497439026397e+02
1.762413535324792502e+00	1.539045641196915994e+02
1.768696187669963837e+00	1.531405448889789227e+02
1.774979359379055266e+00	1.531900195106967146e+02
1.781265555576432957e+00	1.524074162157782837e+02
1.787549427830244619e+00	1.511499821774386589e+02
1.793834120011633004e+00	1.506605234355359642e+02
1.800115051552487300e+00	1.497435708033657136e+02
1.806393904854530330e+00	1.491816714508967721e+02
1.812674089667083432e+00	1.484482646939353856e+02
1.818956920109354058e+00	1.478364363254756881e+02
1.825244164118212220e+00	1.473606602580989602e+02
1.831527256642196955e+00	1.468073607733609265e+02
1.837811294935716599e+00	1.460211919062477932e+02
1.844100717411196744e+00	1.454889738079507424e+02
1.850384816792487230e+00	1.445082185711254681e+02
1.856666059735203822e+00	1.439159197625880040e+02
1.862947728675613979e+00	1.432940122716052826e+02
1.869229324466858078e+00	1.425580053020113667e+02
1.875517616802973686e+00	1.420349153284907118e+02
1.881800769033795229e+00	1.418536788190021696e+02
1.888078863416442710e+00	1.409694097803432555e+02
1.894353975182237582e+00	1.402972812308595394e+02
1.900642716154182565e+00	1.399453107601274553e+02
1.906933494748685121e+00	1.392926186923936882e+02
1.913207568676573933e+00	1.384690066622014797e+02
1.919490884732178992e+00	1.381162241143622111e+02
1.925776855684274480e+00	1.373390137180458339e+02
1.932064452961978152e+00	1.367724303445767475e+02
1.938342610030488800e+00	1.364996494221741443e+02
1.944618341543410178e+00	1.356329657653072331e+02
1.950906260203513876e+00	1.354657051015550167e+02
1.957194556613796488e+00	1.346132742923676631e+02
1.963479614559011432e+00	1.341117270183800940e+02
1.969760361532916226e+00	1.333093759235659945e+02
1.976048367034604736e+00	1.329140876807946370e+02
1.982337990217652335e+00	1.323332023564176154e+02
1.988617489259562721e+00	1.320299968338863152e+02
1.994896320665194178e+00	1.314051166743196006e+02
2.001179596222827151e+00	1.306444393961573098e+02
2.007459756923499761e+00	1.303753742965674860e+02
2.013737397779169935e+00	1.297399129649261340e+02
2.020017234677497164e+00	1.289191037185678397e+02
2.026310251015072783e+00	1.287208945141441063e+02
2.032600542948020284e+00	1.282547448264051866e+02
2.038873863192099289e+00	1.274313435604267966e+02
2.045154087821675404e+00	1.270252640934395600e+02
2.051444704514288730e+00	1.265210785576927321e+02
2.057730430280644729e+00	1.261004105520119083e+02
2.064013940455224461e+00	1.254485643646371784e+02
2.070299891179459895e+00	1.249614144990763833e+02
2.076589719964883951e+00	1.244414020604759230e+02
2.082865483794470673e+00	1.239097110025628439e+02
2.089134494859368640e+00	1.233529991003091340e+02
2.095424211360070288e+00	1.229747143841056385e+02
2.101707116664804254e+00	1.220798112001717186e+02
2.107986473933564309e+00	1.218610320011731005e+02
2.114271806543862375e+00	1.213998239875551945e+02
2.120552717288892275e+00	1.212154603066685894e+02
2.126836933207161717e+00	1.205976236369966301e+02
2.133122044791171845e+00	1.200375442512059578e+02
2.139411711910842673e+00	1.193665952531538181e+02
2.145697076775292089e+00	1.190814396297482745e+02
2.151973548606471276e+00	1.186629478168695755e+02
2.158259913555724108e+00	1.180181143649481186e+02
2.164545396699105506e+00	1.175006424082522187e+02
2.170830700377734068e+00	1.173631568761987864e+02
2.177114138849150393e+00	1.166317628918753826e+02
2.183387647576827018e+00	1.163040407216526688e+02
2.189670273687676971e+00	1.159515352439244111e+02
2.195960147934207463e+00	1.155794018100190499e+02
2.202242556317716371e+00	1.149853473703295350e+02
2.208521655981037668e+00	1.146049029483271937e+02
2.214804637081333016e+00	1.138701669611466230e+02
2.221092583349425276e+00	1.138667282617587801e+02
2.227372893591468728e+00	1.132543859213957802e+02
2.233657161144248171e+00	1.128185320797458644e+02
2.239943485394438660e+00	1.124381822659430128e+02
2.246224175264620815e+00	1.118754501176712779e+02
2.252506378421252009e+00	1.117730453787221592e+02
2.258783417054270437e+00	1.108915970484921587e+02
2.265069077371457684e+00	1.106681333780492622e+02
2.271350377044131452e+00	1.104597264660269076e+02
2.277633995145353918e+00	1.100827473496750883e+02
2.283922419579920149e+00	1.095307231324635211e+02
2.290202874392252674e+00	1.090914770966717526e+02
2.296490779970905560e+00	1.087885865343200891e+02
2.302771769934229162e+00	1.084551010737750261e+02
2.309051364164305564e+00	1.079475065851952706e+02
2.315338502539088239e+00	1.076119327104881620e+02
2.321627336503874428e+00	1.071786470902232509e+02
2.327911878297218795e+00	1.068231943645595976e+02
2.334186238580297168e+00	1.063783335088629514e+02
2.340467971862688401e+00	1.060335341903578552e+02
2.346756940970738725e+00	1.056866838989922712e+02
2.353044444556199988e+00	1.051972056445087560e+02
2.359327653314069906e+00	1.047512220634582860e+02
2.365603048789861607e+00	1.044265161434709199e+02
2.371885911737665165e+00	1.042874152234916352e+02
2.378173303594019572e+00	1.036492018893748650e+02
2.384454016539381271e+00	1.033628472939200265e+02
2.390736447344785187e+00	1.030160244503466487e+02
2.397014133897952259e+00	1.027411729689292912e+02
2.403295490074321972e+00	1.023031516494130528e+02
2.409585049672506862e+00	1.019284846490770065e+02
2.415871703165322071e+00	1.016039975255283849e+02
2.422160652369088840e+00	1.012511876420207102e+02
2.428440167222748691e+00	1.008564074179938501e+02
2.434717472383889803e+00	1.006575806749585382e+02
2.441002456202044257e+00	1.004625831783536540e+02
2.447289980304530488e+00	1.001053734462320364e+02
2.453571844729242279e+00	9.982664030866953908e+01
2.459852705114058846e+00	9.921444457088448132e+01
2.466139233225018934e+00	9.905249789812981476e+01
2.472421963421291391e+00	9.844414478570607230e+01
2.478698519174224568e+00	9.837592256626300014e+01
2.484980841400355800e+00	9.800294386556505799e+01
2.491269319409339822e+00	9.761665435224648490e+01
2.497548505139029373e+00	9.748405929290493077e+01
2.503831667172610853e+00	9.716764921134654287e+01
2.510117938323931153e+00	9.675903306608920218e+01
2.516400733681277480e+00	9.658489102840340479e+01
2.522688226833368130e+00	9.612239567829470843e+01
2.528971695852665569e+00	9.589043429468560475e+01
2.535252039407670299e+00	9.548993450059795407e+01
2.541537514142774512e+00	9.525066882741244001e+01
2.547823008847572179e+00	9.496648331466646198e+01
2.554100666580690238e+00	9.470170856193878706e+01
2.560376788884177301e+00	9.428763762443558960e+01
2.566667521601497359e+00	9.410071760658868811e+01
2.572955062237090473e+00	9.387093986255203504e+01
2.579233771797999175e+00	9.349634459741632497e+01
2.585520164300948220e+00	9.330487252934247522e+01
2.591805130332431872e+00	9.309033748714473688e+01
2.598084074692260881e+00	9.266473277589182089e+01
2.604360404197643586e+00	9.237050105195918093e+01
2.610647185140439142e+00	9.222408962960568601e+01
2.616931864059273138e+00	9.194506519582672865e+01
2.623206107911065565e+00	9.172516111311500708e+01
2.629491626543270844e+00	9.138829241461424147e+01
2.635778507982642349e+00	9.113785955427530894e+01
2.642061039325260818e+00	9.076022869762374512e+01
2.648343840729305843e+00	9.066246162939663122e+01
2.654631838974855551e+00	9.031304060703699577e+01
2.660919001246303761e+00	9.015419818599750101e+01
2.667198525130066056e+00	8.998609077967574876e+01
2.673484307038032526e+00	8.968504570673373166e+01
2.679773388053849459e+00	8.936216211769313134e+01
2.686058217632288692e+00	8.924191704224273280e+01
2.692338738200057868e+00	8.905732989863504656e+01
2.698618022887226964e+00	8.879742229050901869e+01
2.704895450708277860e+00	8.863336147660128006e+01
2.711175674923682166e+00	8.832904381074193623e+01
2.717459832966957922e+00	8.812982617005749830e+01
2.723745731959044569e+00	8.786413579589589062e+01
2.730038414850594730e+00	8.790368852758845719e+01
2.736317989800789441e+00	8.746190490804400497e+01
2.742591858549239703e+00	8.727808910077101245e+01
2.748879749010778362e+00	8.700105456445442087e+01
2.755163403825859447e+00	8.690360185337357279e+01
2.761446955625852073e+00	8.671091714007715723e+01
2.767732088935374701e+00	8.631575487912833466e+01
2.774015452421743966e+00	8.626531330309279610e+01
2.780298635700591436e+00	8.598078334347241025e+01
2.786577474762241380e+00	8.593087694117110686e+01
2.792857983210164541e+00	8.575277173528829167e+01
2.799143790920211483e+00	8.544107673164539563e+01
2.805430058399325244e+00	8.534418767118573612e+01
2.811715058209780072e+00	8.509993287233430692e+01
2.817989272498773623e+00	8.500446286673290786e+01
2.824269171595737760e+00	8.476404776194829083e+01
2.830563016441804081e+00	8.461583812809340088e+01
2.836848750951622034e+00	8.447159263857005840e+01
2.843130027866129783e+00	8.431145113514300249e+01
2.849413896912404986e+00	8.416611467696635884e+01
2.855697464522425566e+00	8.402874989046985377e+01
2.861978799810683594e+00	8.392163627889273414e+01
2.868262469415629567e+00	8.360878292315437932e+01
2.874547359206753860e+00	8.370096574744178497e+01
2.880831111471525041e+00	8.354089927437827612e+01
2.887113216972382546e+00	8.329946238192108865e+01
2.893394504725182781e+00	8.329551632103741099e+01
2.899673662137033592e+00	8.315309806747782773e+01
2.905953958587380814e+00	8.303263055914052870e+01
2.912241118105161064e+00	8.283169119752353993e+01
2.918525996366671205e+00	8.261042268139323141e+01
2.924809035425688819e+00	8.256364753502055009e+01
2.931095916293684933e+00	8.249168781881294876e+01
2.937378182606774413e+00	8.246410695946092062e+01
2.943659980254369923e+00	8.215898366729535951e+01
2.949946454403890250e+00	8.215989959130548925e+01
2.956227653702202307e+00	8.216391244569663854e+01
2.962510478867462993e+00	8.187211185431172566e+01
2.968796535179442309e+00	8.192734625279481975e+01
2.975077657376874907e+00	8.193002649988272879e+01
2.981359866759223376e+00	8.170718078094368764e+01
2.987646761575656562e+00	8.165435202014087679e+01
2.993929038370399365e+00	8.154186676123893562e+01
3.000206214840962726e+00	8.145012146322113722e+01
3.006486172402415669e+00	8.142207669137341952e+01
3.012769812211594456e+00	8.151271322330201485e+01
3.019053144326170113e+00	8.137945374553737565e+01
3.025337405144251424e+00	8.125488478871956488e+01
3.031623734799107961e+00	8.125428862399141394e+01
3.037908962055872575e+00	8.122981283027262123e+01
3.044195067146031608e+00	8.125150922419736332e+01
3.050475543482170426e+00	8.104606446594765146e+01
3.056754954538277502e+00	8.108429129209294217e+01
3.063040539557494668e+00	8.111593701134509615e+01
3.069323699454357346e+00	8.109350085735809444e+01
3.075610692642898769e+00	8.094399524543499069e+01
3.081893798009918584e+00	8.105946915208660641e+01
3.088174549548037717e+00	8.097043033645238097e+01
3.094458635632868493e+00	8.083177880388917913e+01
3.100743982931558840e+00	8.096642559153471552e+01
3.107028111748448396e+00	8.094576815414835380e+01
3.113309299655494300e+00	8.105017923266335345e+01
3.119590662867241626e+00	8.085335429732241153e+01
3.125874006820172912e+00	8.098311366283057566e+01
3.132159251154602586e+00	8.084337270500034833e+01
3.138439172765940643e+00	8.084136251774248194e+01
3.144723867719826593e+00	8.108749050047474327e+01
3.151003951258561031e+00	8.112995728394670891e+01
3.157283664131563139e+00	8.104149477874460672e+01
3.163569317183839935e+00	8.123351873467333917e+01
3.169851661717792091e+00	8.132070605984195311e+01
3.176137704316093657e+00	8.113718180859395090e+01
3.182420924828643916e+00	8.141824098167266754e+01
3.188702811875577581e+00	8.148398222320619766e+01
3.194990520008989865e+00	8.150234949159805353e+01
3.201275324656983834e+00	8.168880564414685352e+01
3.207551352179861759e+00	8.161624274787841671e+01
3.213835216737041645e+00	8.179683145490625407e+01
3.220122579819103770e+00	8.166288323922253767e+01
3.226406606618656525e+00	8.155349264841477464e+01
3.232687390085645429e+00	8.132342363248714889e+01
3.238969121280456331e+00	8.113895477596867067e+01
3.245254751548589667e+00	8.100541178257068964e+01
3.251534499036136783e+00	8.078435345462030170e+01
3.257817780791052442e+00	8.057881756806864360e+01
3.264102164154097263e+00	8.055428856153810102e+01
3.270384152138468892e+00	8.017819679811184130e+01
3.276669427476867735e+00	8.011053708079354863e+01
3.282954688864507808e+00	7.997123278580701822e+01
3.289237200334947264e+00	7.987460772531156294e+01
3.295519587088236779e+00	7.965077459995984555e+01
3.301805977329951958e+00	7.955123438951265769e+01
3.308087486222440088e+00	7.937358019989066804e+01
3.314367630234227313e+00	7.920514082872765016e+01
3.320651909732194262e+00	7.911031328302647125e+01
3.326931260376857047e+00	7.890195496909744577e+01
3.333216512447217728e+00	7.876162587369501011e+01
3.339504489419978128e+00	7.845262121490635820e+01
3.345786804809928405e+00	7.846407882918923349e+01
3.352071130016277767e+00	7.833087082270496637e+01
3.358351496304225581e+00	7.811313508844199305e+01
3.364630591073392019e+00	7.796204174340169857e+01
3.370916305215045483e+00	7.789486077350372284e+01
3.377197952029413752e+00	7.766034729786004220e+01
3.383483063818085501e+00	7.761556046683634236e+01
3.389769992424469969e+00	7.736903243661508611e+01
3.396051330885982100e+00	7.737036711954550583e+01
3.402330879139463971e+00	7.708195651350719402e+01
3.408610488352048495e+00	7.701617768148024368e+01
3.414897837696641236e+00	7.675309275896816530e+01
3.421180484052105619e+00	7.678399995890607954e+01
3.427461639653846870e+00	7.654271830210473126e+01
3.433749159643459059e+00	7.647450406021698655e+01
3.440032646656798310e+00	7.645251096540593494e+01
3.446313366033385339e+00	7.626422382091061536e+01
3.452600135384134905e+00	7.606833836825113337e+01
3.458883152815406703e+00	7.591046730093431449e+01
3.465163834403715448e+00	7.585501811917256987e+01
3.471449329786229221e+00	7.581821223967874346e+01
3.477734476754053894e+00	7.567689880013972470e+01
3.484019652467224226e+00	7.560990774123027336e+01
3.490297019369712928e+00	7.536932429048265192e+01
3.496582486484379970e+00	7.536000163591350542e+01
3.502868048046865024e+00	7.524477304379063014e+01
3.509144649545451244e+00	7.510253380478856400e+01
3.515428082003116295e+00	7.501380928442588925e+01
3.521711031624695565e+00	7.497797596335466608e+01
3.527991850954735664e+00	7.486470659623927304e+01
3.534275545726699885e+00	7.459137814785071896e+01
3.540562632020772149e+00	7.472788893966276191e+01
3.546844410757220789e+00	7.451217447171438835e+01
3.553131386753758836e+00	7.443391561085968533e+01
3.559419203211965144e+00	7.431210906270382566e+01
3.565697971577579839e+00	7.420692497472471416e+01
3.571979559134798254e+00	7.414225093335636529e+01
3.578265774595833726e+00	7.400194155550993003e+01
3.584548309769353125e+00	7.408390784671385632e+01
3.590826843920031486e+00	7.398718063196415073e+01
3.597107306745233934e+00	7.380796768322198886e+01
3.603392831792229245e+00	7.367189475696635270e+01
3.609673209822572559e+00	7.371263614723869750e+01
3.615955412133016189e+00	7.351087198337951634e+01
3.622241607772384686e+00	7.351223873125189812e+01
3.628520252736676444e+00	7.339384297779031385e+01
3.634804827569451113e+00	7.320906622741243552e+01
3.641094981788862928e+00	7.322861439931338623e+01
3.647383514928639325e+00	7.307748702917216121e+01
3.653663283927725658e+00	7.314846697089521399e+01
3.659943504072155296e+00	7.300520803989576279e+01
3.666232000281138603e+00	7.290262417792946792e+01
3.672514211678317597e+00	7.292328153727099505e+01
3.678794154686042539e+00	7.293452305868818542e+01
3.685078621861909820e+00	7.280435205348224770e+01
3.691359210097977961e+00	7.280367958841097220e+01
3.697642368173791105e+00	7.269117787063322567e+01
3.703925796735277665e+00	7.252628222384065282e+01
3.710208240364660348e+00	7.266327182668231899e+01
3.716494593122387169e+00	7.240743208626454930e+01
3.722775386659595398e+00	7.246366649510736124e+01
3.729058392883481510e+00	7.244677064203800398e+01
3.735339748210807720e+00	7.235773867257437075e+01
3.741620776392969638e+00	7.212990379717264489e+01
3.747904795418762980e+00	7.226089101683641047e+01
3.754190633281219380e+00	7.210085895326096761e+01
3.760478208018912749e+00	7.223071105433852779e+01
3.766755538573464346e+00	7.223457862123940743e+01
3.773032090135151506e+00	7.224994865606821293e+01
3.779322553012896879e+00	7.218089481793607831e+01
3.785609109731308930e+00	7.210936406335549975e+01
3.791889825936295200e+00	7.198306526078297907e+01
3.798174822702435893e+00	7.221616554599016524e+01
3.804458658753491651e+00	7.212406384234186874e+01
3.810738438095723435e+00	7.197293118831578340e+01
3.817018850285747167e+00	7.180741963615078305e+01
3.823305314209427763e+00	7.210217103941532457e+01
3.829591295197792178e+00	7.199832164578710092e+01
3.835872296070849341e+00	7.184022213653564393e+01
3.842156279590906109e+00	7.195369365717158416e+01
3.848441511099312429e+00	7.194995751696575326e+01
3.854723334376886079e+00	7.169435736298476058e+01
3.861004740704794713e+00	7.187977797698958682e+01
3.867284336650660848e+00	7.180341286632504705e+01
3.873567367678779849e+00	7.188238777120649559e+01
3.879850662830422792e+00	7.184013412414317656e+01
3.886137063198143338e+00	7.189971027387205993e+01
3.892419463049126005e+00	7.192427670844443810e+01
3.898703740328622658e+00	7.195056568929904017e+01
3.904991458788179326e+00	7.187376529880796738e+01
3.911270842222104083e+00	7.194268958557931626e+01
3.917549806479573071e+00	7.196554951236348074e+01
3.923836006203090587e+00	7.201305628784065505e+01
3.930121452497870926e+00	7.193448107987397577e+01
3.936398172858230460e+00	7.184596661171659093e+01
3.942683040425962293e+00	7.203019341849230273e+01
3.948974759704379611e+00	7.214209983592263598e+01
3.955259227995065352e+00	7.205330008731893088e+01
3.961537174921395454e+00	7.200510292555513558e+01
3.967820217617139544e+00	7.195602279490445596e+01
3.974105559832568968e+00	7.213490277644677917e+01
3.980384727931198352e+00	7.226034100245755099e+01
3.986664590839849698e+00	7.222194549053145352e+01
3.992949619150675034e+00	7.227188921670578736e+01
3.999235075769965952e+00	7.229820518360882886e+01
4.005515715515433506e+00	7.240299853106330374e+01
4.011798434346478537e+00	7.244144252806997031e+01
4.018083716245132386e+00	7.250476859700762589e+01
4.024365700052603856e+00	7.261759073838013023e+01
4.030643960839860540e+00	7.250664375381150251e+01
4.036928708926215137e+00	7.265842055242298159e+01
4.043218157412017177e+00	7.277456155157929629e+01
4.049503019487663558e+00	7.288740804384396199e+01
4.055781898960511000e+00	7.284039715276065863e+01
4.062060795621602161e+00	7.297768359300815177e+01
4.068347865354716042e+00	7.300442028377256065e+01
4.074631027173265529e+00	7.318005136402165078e+01
4.080910837526078971e+00	7.325437889878405429e+01
4.087201203341442657e+00	7.323064089779373376e+01
4.093486818591942189e+00	7.332862663113051838e+01
4.099764387336505500e+00	7.337521935890389102e+01
4.106049166937662420e+00	7.338638771788076554e+01
4.112334559041358695e+00	7.353527573827607000e+01
4.118618926059533614e+00	7.374683813054940629e+01
4.124898942031112625e+00	7.386153794118423832e+01
4.131175432561665417e+00	7.389253153101677185e+01
4.137461563786142271e+00	7.408762020978764440e+01
4.143746006210170307e+00	7.412477329751175148e+01
4.150029800482964326e+00	7.414865390604396111e+01
4.156313390684649001e+00	7.422657197318164890e+01
4.162596105843763716e+00	7.443452253969122978e+01
4.168881843141768684e+00	7.460319696142025236e+01
4.175162111073220217e+00	7.464342667950334942e+01
4.181448573417560155e+00	7.470767375076027861e+01
4.187738782464171194e+00	7.498347769981597821e+01
4.194017437180169061e+00	7.510827159735964642e+01
4.200293572701767175e+00	7.530742171905103532e+01
4.206580195481546269e+00	7.537684428387342450e+01
4.212860644652220543e+00	7.554577857045602229e+01
4.219138153430114002e+00	7.560575218351944216e+01
4.225426162098283811e+00	7.565808048458448809e+01
4.231713506719782636e+00	7.589522471767577372e+01
4.237990056577191744e+00	7.612687356158022567e+01
4.244267783646744618e+00	7.597016340171957438e+01
4.250560660182562955e+00	7.644467535468400854e+01
4.256847734842668096e+00	7.646460712163576545e+01
4.263127100734456221e+00	7.660303826154478202e+01
4.269406860432507500e+00	7.688016372423429345e+01
4.275691671482192646e+00	7.694510326863044725e+01
4.281972414189518794e+00	7.717069231715201738e+01
4.288253516806755705e+00	7.726288594130993204e+01
4.294540520160492925e+00	7.726465814412861732e+01
4.300825742921731809e+00	7.765214910457795838e+01
4.307109835491901961e+00	7.785086969328133932e+01
4.313390926478413157e+00	7.785087284638377980e+01
4.319667979480563247e+00	7.807512681809977551e+01
4.325952598143786076e+00	7.830556081314030337e+01
4.332241647035422361e+00	7.831431803522849577e+01
4.338524445619096781e+00	7.861170527895349380e+01
4.344809348131129845e+00	7.885415557775834827e+01
4.351090699193166600e+00	7.876667083919384993e+01
4.357369710808320029e+00	7.938535220145259075e+01
4.363659348967174445e+00	7.928424096944242194e+01
4.369947418280990981e+00	7.958080418885391794e+01
4.376226569265827315e+00	7.967996008183158096e+01
4.382499356631129217e+00	7.967483477948256620e+01
4.388784975178015024e+00	7.994625544769499470e+01
4.395068696309480494e+00	8.014654724567928668e+01
4.401347962382031298e+00	8.048214258221518946e+01
4.407628405096517099e+00	8.048592721605173494e+01
4.413915862185140426e+00	8.059955385829962893e+01
4.420203163534264235e+00	8.082024902121368370e+01
4.426480311003382795e+00	8.107992908964813239e+01
4.432765973643649104e+00	8.116338573687905011e+01
4.439053392023870614e+00	8.130538516958152684e+01
4.445336141335588742e+00	8.126864171725840436e+01
4.451617241414883352e+00	8.170094760969396930e+01
4.457901500730311106e+00	8.148403186433455403e+01
4.464189501093017043e+00	8.190870518652370436e+01
4.470470197548729985e+00	8.167498149882931102e+01
4.476748044268524573e+00	8.191602150482722777e+01
4.483035990164653484e+00	8.168209763851299954e+01
4.489323331650528104e+00	8.187657542993348159e+01
4.495599111667934800e+00	8.197936891286514083e+01
4.501870922878794090e+00	8.170836689591520496e+01
4.508155162877705457e+00	8.231374236160719704e+01
4.514446451153479423e+00	8.175378357625994852e+01
4.520723894043856994e+00	8.236429986645222812e+01
4.527003782460155890e+00	8.170299744548799481e+01
4.533293086610313161e+00	8.179832553322283673e+01
4.539578989864040182e+00	8.146226747524357847e+01
4.545857164866476730e+00	8.132168529159753234e+01
4.552138955546025656e+00	8.091235410237732140e+01
4.558432046889146605e+00	8.113993137910320286e+01
4.564713463378488711e+00	8.107131676477888504e+01
4.570987274133244682e+00	8.056843618682663077e+01
4.577274818151045643e+00	8.104313380363265651e+01
4.583563263889338657e+00	8.090939782254332613e+01
4.589844917004465508e+00	8.088157837910985393e+01
4.596126259982004747e+00	8.075733603682920148e+01
4.602409075598298926e+00	8.051475598624841723e+01
4.608696634867644804e+00	8.081422757091810638e+01
4.614977646498861219e+00	8.095912465958919313e+01
4.621258953029527383e+00	8.079006501490066228e+01
4.627547993978874175e+00	8.087545055790070592e+01
4.633830152730579854e+00	8.110917790031301422e+01
4.640104005367354567e+00	8.112480085017270426e+01
4.646382060386754276e+00	8.103474622066202926e+01
4.652674213731970987e+00	8.121645225371389643e+01
4.658958291796220230e+00	8.129066486720920182e+01
4.665233615070169648e+00	8.154459100031135677e+01
4.671520675710307380e+00	8.135167499402393787e+01
4.677814351732177300e+00	8.139850340408573004e+01
4.684093699744638073e+00	8.156408663127410819e+01
4.690368661472568590e+00	8.193805962920626484e+01
4.696663270746453733e+00	8.197656529583377960e+01
4.702945459248681459e+00	8.219700284970903681e+01
4.709209170841929470e+00	8.204140329967813727e+01
4.715491634753063543e+00	8.194431548847077806e+01
4.721784316284933780e+00	8.246886344010967207e+01
4.728063062331094635e+00	8.261129633921531479e+01
4.734337423381671073e+00	8.277501293374970714e+01
4.740627024094544062e+00	8.277239569018313148e+01
4.746914995664547554e+00	8.294088019216272301e+01
4.753194740071086777e+00	8.353284314983358172e+01
4.759478891864783456e+00	8.349433177578796972e+01
4.765762396877359031e+00	8.338429199417342375e+01
4.772049481246195768e+00	8.315067463519378066e+01
4.778335091022592351e+00	8.369423782124623301e+01
4.784610831402393849e+00	8.406818141529845434e+01
4.790907306208476157e+00	8.437656258454808267e+01
4.797204047706418173e+00	8.449289124249708038e+01
4.803470827697504220e+00	8.476823553870747219e+01
4.809748850577324042e+00	8.485310704187149611e+01
4.816045316586602176e+00	8.552544695572748878e+01
4.822329240673497885e+00	8.550716934097854960e+01
4.828596758226470165e+00	8.555800203073273735e+01
4.834890332961369275e+00	8.558294011389965306e+01
4.841191655056394261e+00	8.608161614886716961e+01
4.847460407468000554e+00	8.591245651555220775e+01
4.853732128521334843e+00	8.653109544753712612e+01
4.860029138783373170e+00	8.653419673447154992e+01
4.866314601732018019e+00	8.722503768622161147e+01
4.872587026269203925e+00	8.734280915663694600e+01
4.878874221748241702e+00	8.749064310463371896e+01
4.885171078138658807e+00	8.783471560110893961e+01
4.891450629931857641e+00	8.796918788439941750e+01
4.897716482750221978e+00	8.857967502369844226e+01
4.904002834596266069e+00	8.872258142690900229e+01
4.910295858205786068e+00	8.874333261394505712e+01
4.916575188115905881e+00	8.956194972240733421e+01
4.922847946197084212e+00	8.986602209925652573e+01
4.929131667457151700e+00	8.952144289915551667e+01
4.935434460144239033e+00	9.082683977801609387e+01
4.941718513303545279e+00	9.052300209338014270e+01
4.947978624761803168e+00	9.114286629027542119e+01
4.954274999209829389e+00	9.130291344780582108e+01
4.960571094729937514e+00	9.189834817933054012e+01
4.966823207626954506e+00	9.239272183577890019e+01
4.973097418390337587e+00	9.177346137161141826e+01
4.979415129936382023e+00	9.315271536067061220e+01
4.985702082330368157e+00	9.366638871662475196e+01
4.991949985828016523e+00	9.372446321345724130e+01
4.998241586316924057e+00	9.434944162219407815e+01
5.004556635606089543e+00	9.404981050858212654e+01
5.010828655701208945e+00	9.526354941947687394e+01
5.017077229702536556e+00	9.592161453798540549e+01
5.023374414758113637e+00	9.589118853839897838e+01
5.029688873569548413e+00	9.646750993487678727e+01
5.035958413584124216e+00	9.689137437304265177e+01
5.042232667658486989e+00	9.711610808872424627e+01
5.048528755870775875e+00	9.789341800384582370e+01
5.054821121427484520e+00	9.883931520830516604e+01
5.061069509814582368e+00	9.849442118209732655e+01
5.067347812754101177e+00	9.923369089993713033e+01
5.073675050630431116e+00	9.996996670168311994e+01
5.079945928388977627e+00	1.011348608744366828e+02
5.086192992546071601e+00	1.014641225033987411e+02
5.092484128970163226e+00	1.015510113565204477e+02
5.098802924706086870e+00	1.021065594395585521e+02
5.105078217426394005e+00	1.031519990285183184e+02
5.111325076574067872e+00	1.036200115089105367e+02
5.117628358851224135e+00	1.043498341005840615e+02
5.123935939383525984e+00	1.057491867984379752e+02
5.130199176325612065e+00	1.060235804273236937e+02
5.136469985878846956e+00	1.066993450948275495e+02
5.142797788696348071e+00	1.066691764254034922e+02
5.149090378043822192e+00	1.062029865422311730e+02
5.155289879840074363e+00	1.088529960864284902e+02
5.161564521234301317e+00	1.080506554221619240e+02
5.167916673496016244e+00	1.095579584219197784e+02
5.174205974602950064e+00	1.099199074971415087e+02
5.180434820793812456e+00	1.110024277175090219e+02
5.186729096569634656e+00	1.122110624161716004e+02
5.193058481037780894e+00	1.126919685551098667e+02
5.199319511444338460e+00	1.130883887123091114e+02
5.205574295584361799e+00	1.148886630721588062e+02
5.211894977074066126e+00	1.152808314573954931e+02
5.218201708336958511e+00	1.164268106511179894e+02
5.224411911780083351e+00	1.161191392087164616e+02
5.230677632666463239e+00	1.176696841460836680e+02
5.237056729559757429e+00	1.195795517011311802e+02
5.243336785035660697e+00	1.202968259338893517e+02
5.249493476178225038e+00	1.193048447967751571e+02
5.255787017738318134e+00	1.217445962011594389e+02
5.262205327426889845e+00	1.227856319975010848e+02
5.268477758348532269e+00	1.226570781912162147e+02
5.274632213654732560e+00	1.250595634618956353e+02
5.280950543314659740e+00	1.263321099023788747e+02
5.287327645024750389e+00	1.261789547720073017e+02
5.293582359180156516e+00	1.292533190056078638e+02
5.299789992649893478e+00	1.287104774884340657e+02
5.306111460381987222e+00	1.289081372294283199e+02
5.312452717892129250e+00	1.319520027004699898e+02
5.318650122853046724e+00	1.328149205744367407e+02
5.324923043129819789e+00	1.341990142557948786e+02
5.331330237158205421e+00	1.330040262673862230e+02
5.337586726886338617e+00	1.368946491023028500e+02
5.343685192440848830e+00	1.375009922259469306e+02
5.350070659715249199e+00	1.401277493263827125e+02
5.356556762554878226e+00	1.417672353372329326e+02
5.362691868684501095e+00	1.410075042781693355e+02
5.368769208912516966e+00	1.401857672417141600e+02
5.375270137997677722e+00	1.459523285032105946e+02
5.381769983045385786e+00	1.436182399827073652e+02
5.387701030372958222e+00	1.462884691836041497e+02
5.393786668001271600e+00	1.483142766978239706e+02
5.400446161099396569e+00	1.501839774262580818e+02
5.406957063684501463e+00	1.551967211920593286e+02
5.412655672453426270e+00	1.515745640844531579e+02
5.418821279260546575e+00	1.551323934248356409e+02
5.425690594366304076e+00	1.566453079094332566e+02
5.432217487502165376e+00	1.590804283896513027e+02
5.437649811577258241e+00	1.668457573365969608e+02
5.443914404015878006e+00	1.616472682608242053e+02
5.450953501686320202e+00	1.629867081923443948e+02
5.457483690405861232e+00	1.645964124152800991e+02
5.462715250135157241e+00	1.628718099721323824e+02
5.469033575551323523e+00	1.736173191610978961e+02
5.476177730420278778e+00	1.736415415741639379e+02
5.482708935702562236e+00	1.738731893555535066e+02
5.487722405008360838e+00	1.850746502094550010e+02
5.494194284996126498e+00	1.769839150312805884e+02
5.501391471009256406e+00	1.824994986394937371e+02
5.507128202673079009e+00	1.845379657054995732e+02
5.512278020050448646e+00	1.847280556681599251e+02
5.519395563377015534e+00	1.839140388472134191e+02
5.526598678609708770e+00	1.893631496140955051e+02
5.532162682462509196e+00	2.013372819474730591e+02
5.537397124017139127e+00	1.998396737950858153e+02
5.544582756485218589e+00	1.826814289436602792e+02
5.551739327507637434e+00	1.987389165864480560e+02
5.557493306674907707e+00	1.942033734371940739e+02
5.562281709102816940e+00	2.082075367110772106e+02
5.569272720323164449e+00	1.879466736609360282e+02
