8.899641224696953554e-03	3.099888498192771222e+05
1.507912216506557788e-02	2.151585461958919477e+05
2.144790186456836667e-02	1.147303395202726533e+05
2.783660776489276650e-02	5.851076863433724793e+04
3.435099785803411021e-02	3.501602699821436545e+04
4.047886761425745911e-02	2.513791344307742838e+04
4.676716683575679601e-02	2.401496851683121349e+04
5.308225101765951665e-02	2.291238577651151354e+04
5.945362440940590160e-02	1.887488299534222824e+04
6.576224814588792211e-02	1.823652895215250101e+04
7.196632906698736953e-02	1.497900900310490215e+04
7.827860915688347743e-02	1.136637426078972203e+04
8.470398945834539672e-02	9.069239830101289044e+03
9.096854620527369817e-02	7.569716478261436350e+03
9.720789776830213169e-02	6.695205227211832607e+03
1.034763038959366499e-01	6.655775358253948070e+03
1.097576444254559219e-01	6.385532967619463307e+03
1.160543084780093354e-01	6.078456850123786353e+03
1.223669666537485351e-01	5.625903124622403993e+03
1.286817263090294094e-01	4.959002509756007385e+03
1.349500801664080818e-01	4.412633255307967374e+03
1.411949558842147678e-01	3.988448612999603483e+03
1.475133575747468451e-01	3.808372584792290581e+03
1.537865074252268427e-01	3.401916714520001278e+03
1.600657544051110326e-01	3.206455157200183294e+03
1.663991168687080635e-01	3.097875215965976622e+03
1.727195645776442856e-01	2.929011817419986073e+03
1.789765213377084718e-01	2.753644593989594796e+03
1.852353690647852158e-01	2.614117596535481880e+03
1.914806787341157279e-01	2.482243523536063094e+03
1.977889868651535599e-01	2.408264280074055478e+03
2.040937735447724277e-01	2.286318887726134108e+03
2.103939302609846018e-01	2.159538251317961112e+03
2.166909709822301688e-01	2.096965111032350251e+03
2.229700281216152047e-01	1.953651313629955212e+03
2.292620027086341994e-01	1.930578788200918325e+03
2.355141508366812297e-01	1.836426426026247327e+03
2.417910583817859116e-01	1.756809055791984974e+03
2.480856539439619257e-01	1.720011630395820248e+03
2.543492256872954549e-01	1.655273301101387915e+03
2.606334251884805386e-01	1.583343459030014628e+03
2.669257370896960802e-01	1.517206995401512359e+03
2.732423343141155980e-01	1.460534244498001726e+03
2.795529680084415936e-01	1.428065007303176799e+03
2.858366292314493129e-01	1.383287531020724600e+03
2.920876271394311496e-01	1.331740423505326362e+03
2.983449844439822751e-01	1.314881318678202888e+03
3.046382639407197446e-01	1.286486621440525596e+03
3.109279127003197196e-01	1.244952778045779496e+03
3.172168171618398036e-01	1.212250104569478708e+03
3.235187567944423082e-01	1.177266924199686400e+03
3.298168217550395687e-01	1.146077710389268532e+03
3.361176429457156667e-01	1.123675144760460171e+03
3.423700375709273769e-01	1.091091446058033853e+03
3.486478192666269682e-01	1.066897401848186746e+03
3.549411614411318028e-01	1.044577823581085795e+03
3.611916935421040642e-01	1.024262721923625577e+03
3.674767089563572564e-01	1.000557826355126508e+03
3.737647795277591056e-01	9.736226859272360343e+02
3.800654031475132477e-01	9.586458400928780748e+02
3.863539861259823738e-01	9.425419546418145273e+02
3.926140181364449755e-01	9.134396674648630778e+02
3.989264500321934581e-01	9.037416261337923515e+02
4.052073244576828714e-01	8.838576715788475440e+02
4.114916477570477182e-01	8.584466268697577789e+02
4.177814272116491257e-01	8.500217427281889968e+02
4.240400648725131116e-01	8.297241636220579721e+02
4.303425690270192283e-01	8.265784194236019857e+02
4.366358560255625965e-01	8.137425463324329939e+02
4.428996183220763605e-01	7.910892065155373984e+02
4.491634418529859563e-01	7.788186669978483678e+02
4.554414146254732731e-01	7.660369824716151470e+02
4.617634470301058558e-01	7.526116243802235886e+02
4.680644242023710433e-01	7.457126098756618831e+02
4.743485242764365895e-01	7.325622026151460204e+02
4.806356136815400082e-01	7.175572433380548318e+02
4.869019258388697646e-01	7.105749718148139209e+02
4.931697099599955947e-01	6.965505672343410879e+02
4.994506747144535908e-01	6.870393414829968606e+02
5.057159051335421429e-01	6.795134000201667277e+02
5.119923996268095356e-01	6.650393298143095535e+02
5.183126097768406826e-01	6.560950695099093082e+02
5.246089638029100000e-01	6.526426510981464162e+02
5.308757308483337267e-01	6.409824085687146180e+02
5.371573527946726934e-01	6.384417855127414896e+02
5.434579563783791256e-01	6.202504786394608800e+02
5.497430652392217842e-01	6.161560620103929296e+02
5.559937427501778773e-01	6.105941947597661965e+02
5.622854676609657654e-01	5.991839140121868468e+02
5.686011537227265711e-01	5.881425391510387044e+02
5.748804589422079614e-01	5.836078236448926191e+02
5.811550210340560296e-01	5.795830571491364935e+02
5.874394496660968468e-01	5.717533244786048954e+02
5.937176220296899176e-01	5.614340405580727520e+02
5.999971954793682505e-01	5.617841076911524851e+02
6.062679115124277596e-01	5.516786306244911202e+02
6.125469576444534381e-01	5.493042130874137001e+02
6.188477733041515272e-01	5.396519537424101145e+02
6.251310567437898813e-01	5.337999486240497617e+02
6.314027450383210560e-01	5.296949386196753267e+02
6.377003562732055375e-01	5.283618665431753243e+02
6.439857783314556494e-01	5.149629116195171719e+02
6.502685417166111925e-01	5.151901254293882175e+02
6.565586117699038216e-01	5.021903064243447830e+02
6.628369282359254377e-01	5.045720277070980728e+02
6.691185444962194362e-01	4.939719101125421048e+02
6.754070198575605755e-01	4.897456063465488114e+02
6.816835514593204692e-01	4.848277100001393478e+02
6.879592533861698112e-01	4.791798776041280803e+02
6.942344317039531587e-01	4.738107870676691959e+02
7.005175402434737908e-01	4.708091343841036291e+02
7.068124956608716758e-01	4.632103321576147437e+02
7.131019009674921527e-01	4.629816400925342919e+02
7.193918251171427247e-01	4.571523421385649613e+02
7.256833807598113140e-01	4.541417476415269903e+02
7.319652682709349989e-01	4.471300018302084140e+02
7.382507990484923344e-01	4.452608735292166671e+02
7.445265842115937893e-01	4.399464593362939127e+02
7.507871101942712455e-01	4.344921416585244174e+02
7.570758465316046459e-01	4.297085542123912774e+02
7.633641233600957365e-01	4.284651412642406854e+02
7.696462959862266917e-01	4.268756581172792153e+02
7.759394865175414102e-01	4.194097096182631503e+02
7.822329141989586843e-01	4.150270417209949301e+02
7.885314936520240181e-01	4.118622039055406958e+02
7.947896566979522071e-01	4.088806289509246312e+02
8.010491096592354809e-01	4.046941537767699515e+02
8.073364061727361651e-01	4.021600825772708845e+02
8.136229488373866170e-01	3.974881759650053255e+02
8.199152998961036776e-01	3.951356451002191079e+02
8.261952636392789762e-01	3.907168985329677184e+02
8.324897070080405914e-01	3.886121106972446455e+02
8.387959309210778480e-01	3.825059788902392484e+02
8.450634639703045181e-01	3.811517960639542366e+02
8.513282867562648182e-01	3.754650655019953547e+02
8.576198263902009566e-01	3.736025484608024385e+02
8.639058477062415697e-01	3.714111817558666644e+02
8.701838745487597837e-01	3.666314020818365975e+02
8.764641096075268534e-01	3.621325920501080304e+02
8.827503873399735745e-01	3.608017138961063779e+02
8.890332768393869323e-01	3.589187926666048156e+02
8.953084247113127780e-01	3.551332694030945163e+02
9.015956521667095602e-01	3.506114333473455531e+02
9.078833328094829680e-01	3.500242860571232200e+02
9.141744106319863450e-01	3.461757031417612325e+02
9.204630817717615043e-01	3.442161531173497337e+02
9.267434415264711456e-01	3.411468046089233894e+02
9.330324197354928906e-01	3.398348416888101724e+02
9.393265785573878812e-01	3.359296700860271017e+02
9.455974810398196650e-01	3.340209278076425790e+02
9.518660018545171964e-01	3.301991973797767059e+02
9.581413255531838757e-01	3.289614854002448396e+02
9.644350945109106954e-01	3.274549701137246984e+02
9.707355633568249820e-01	3.237542336417825481e+02
9.770080768450029041e-01	3.216530726983091881e+02
9.832823325363413414e-01	3.184185590282687031e+02
9.895569691966674686e-01	3.164910621921001166e+02
9.958456301921106979e-01	3.138323494784638115e+02
1.002136210743837408e+00	3.116077844712061165e+02
1.008404825335135424e+00	3.083012824250783410e+02
1.014694149836243398e+00	3.064764711059921751e+02
1.020992555437297167e+00	3.043417500828291509e+02
1.027273980437394485e+00	3.034173623972820337e+02
1.033559181896017254e+00	3.012538660726743842e+02
1.039847557392594934e+00	2.984447644910720214e+02
1.046126974943305088e+00	2.975281218980372273e+02
1.052403436811028659e+00	2.940429898690288724e+02
1.058680704651608684e+00	2.925655668724000975e+02
1.064964333065789193e+00	2.889588402852579634e+02
1.071256777440835473e+00	2.890013479185971050e+02
1.077544048801078125e+00	2.851823270138621069e+02
1.083824820188043603e+00	2.840376963202770639e+02
1.090108023942816695e+00	2.809899760211591229e+02
1.096389665956643222e+00	2.803252215125655766e+02
1.102681132058841440e+00	2.778615204134931673e+02
1.108963047594879958e+00	2.762203759801320757e+02
1.115225428463759272e+00	2.736646473649573750e+02
1.121502127614767863e+00	2.715994204011483930e+02
1.127792573824792033e+00	2.717332442212511978e+02
1.134089552668382961e+00	2.674490363793655092e+02
1.140364049650405942e+00	2.665314923426042810e+02
1.146639180320979445e+00	2.640086049599108833e+02
1.152942412991649901e+00	2.636907073830425361e+02
1.159228906751078814e+00	2.618209795246413591e+02
1.165508721887268173e+00	2.592657607181261596e+02
1.171793076256210320e+00	2.578346784230279809e+02
1.178087436369658958e+00	2.559722707280914165e+02
1.184367654251526902e+00	2.552122130364650729e+02
1.190634642299266632e+00	2.534786531719317964e+02
1.196912208834400859e+00	2.514088030204680706e+02
1.203201577354146234e+00	2.505146006388319790e+02
1.209486844441705733e+00	2.488678202764544096e+02
1.215763902074809888e+00	2.469571832748533780e+02
1.222049755171146668e+00	2.448610829177001165e+02
1.228340616621486969e+00	2.421654126930918949e+02
1.234632986576932767e+00	2.408528398556163665e+02
1.240902247176856488e+00	2.402722974192172387e+02
1.247174839144687519e+00	2.384608746681086018e+02
1.253465459933442272e+00	2.370361714788147367e+02
1.259749951892178421e+00	2.356215470185127288e+02
1.266032143127253873e+00	2.334044293790173299e+02
1.272316288472006507e+00	2.327925668712058780e+02
1.278604155058621350e+00	2.310635835551100570e+02
1.284886588933593865e+00	2.284932190175357221e+02
1.291175420066583257e+00	2.269120615732839781e+02
1.297465726373772332e+00	2.254178338390779288e+02
1.303741827011944299e+00	2.245715668451867941e+02
1.310017322922761851e+00	2.232944531697478681e+02
1.316301447662886703e+00	2.220295499233340024e+02
1.322586760363303249e+00	2.204615766136362538e+02
1.328865492452874664e+00	2.194084233332966392e+02
1.335144804954555564e+00	2.171749742764338862e+02
1.341440516272275119e+00	2.168111083633577607e+02
1.347730868417094552e+00	2.147469973531055700e+02
1.354001589994877630e+00	2.136442412818672381e+02
1.360282609297778444e+00	2.114827287982136852e+02
1.366565686457597906e+00	2.112925259943590390e+02
1.372851498482432708e+00	2.094877075845438412e+02
1.379135372929401804e+00	2.090185325841612496e+02
1.385409567149057164e+00	2.076357814589030681e+02
1.391698641219299315e+00	2.060710273844112237e+02
1.397984451439470810e+00	2.053938745740284446e+02
1.404267883409181961e+00	2.034983248529127877e+02
1.410554779484869181e+00	2.022105656694809284e+02
1.416837833547465397e+00	2.007441511340443867e+02
1.423118177187137068e+00	1.998317500177002444e+02
1.429397801164240089e+00	1.985923879740392977e+02
1.435686921822787232e+00	1.975761726137065750e+02
1.441977121769299597e+00	1.963919395091529907e+02
1.448253667853332427e+00	1.957722407570005032e+02
1.454532348972172651e+00	1.946644107764455214e+02
1.460819319151879903e+00	1.927869926321946252e+02
1.467110364402026468e+00	1.913691928754646199e+02
1.473392908948962132e+00	1.911759968539894032e+02
1.479669965243598950e+00	1.893782748635192661e+02
1.485956144602843532e+00	1.882965226165792956e+02
1.492233610763115115e+00	1.875805991503851260e+02
1.498502470379980078e+00	1.868677991511252969e+02
1.504785752051182701e+00	1.854619798158436197e+02
1.511075991894575976e+00	1.843921986083862805e+02
1.517361634985162189e+00	1.833909585117833103e+02
1.523648570969130533e+00	1.823127715943719807e+02
1.529938035715892264e+00	1.809180851830469692e+02
1.536230176913891965e+00	1.802781228406113314e+02
1.542510718779388279e+00	1.791048043539333037e+02
1.548783963082980275e+00	1.778867844705421817e+02
1.555073069779651318e+00	1.767821197866322223e+02
1.561357324927233892e+00	1.764099526364610711e+02
1.567629121053141006e+00	1.751325246808229110e+02
1.573913697404382583e+00	1.742775654589815986e+02
1.580203545230874029e+00	1.733200321408148170e+02
1.586485393434537983e+00	1.721494648140488266e+02
1.592760014263005841e+00	1.713237350375863173e+02
1.599046436394670812e+00	1.708436297834830384e+02
1.605342136637478934e+00	1.699497170666746513e+02
1.611619860919608627e+00	1.693853838458175858e+02
1.617897597081673799e+00	1.680594432835119392e+02
1.624183235481122756e+00	1.671001895085859132e+02
1.630464598531913722e+00	1.663508599716971048e+02
1.636748985747638274e+00	1.654703876876047843e+02
1.643030923698886259e+00	1.645967799162403367e+02
1.649309176648513064e+00	1.634105587149325061e+02
1.655593633940351861e+00	1.628384291443926202e+02
1.661879571405086464e+00	1.618135586411312659e+02
1.668169361685170271e+00	1.613179231127741389e+02
1.674450151530487485e+00	1.599951079371907952e+02
1.680722718978495900e+00	1.591738083947351470e+02
1.687013891340952476e+00	1.584020474276604773e+02
1.693308984907921033e+00	1.571296158525821909e+02
1.699582147428448486e+00	1.567351744410415790e+02
1.705863747055134105e+00	1.561297227975814508e+02
1.712154434283889470e+00	1.552752641664675366e+02
1.718438381579399321e+00	1.547718129785418739e+02
1.724721264464063930e+00	1.538791962400030684e+02
1.730997441276920679e+00	1.532798823462355813e+02
1.737287073528269499e+00	1.522303718348797474e+02
1.743567991878527401e+00	1.517564765156120075e+02
1.749840680212231048e+00	1.504978184473621354e+02
1.756128549091961144e+00	1.498718892561718690e+02
1.762413535324792502e+00	1.492227236622285318e+02
1.768696187669963837e+00	1.484789271394197669e+02
1.774979359379055266e+00	1.480194964771360446e+02
1.781265555576432957e+00	1.472519484132155014e+02
1.787549427830244619e+00	1.463204487142046162e+02
1.793834120011633004e+00	1.455845142454915049e+02
1.800115051552487300e+00	1.449062512782806209e+02
1.806393904854530330e+00	1.439073918522007602e+02
1.812674089667083432e+00	1.434309716958836702e+02
1.818956920109354058e+00	1.428288382033147172e+02
1.825244164118212220e+00	1.420349915342761165e+02
1.831527256642196955e+00	1.414726846160523053e+02
1.837811294935716599e+00	1.410622088184893812e+02
1.844100717411196744e+00	1.404458520415100224e+02
1.850384816792487230e+00	1.395790889333064797e+02
1.856666059735203822e+00	1.386687607657463559e+02
1.862947728675613979e+00	1.382053615468531120e+02
1.869229324466858078e+00	1.375583145932253331e+02
1.875517616802973686e+00	1.368190708033143039e+02
1.881800769033795229e+00	1.363021211285251013e+02
1.888078863416442710e+00	1.353565085393724701e+02
1.894353975182237582e+00	1.349374260437532200e+02
1.900642716154182565e+00	1.342469977286692711e+02
1.906933494748685121e+00	1.337464394158284051e+02
1.913207568676573933e+00	1.332832199942816942e+02
1.919490884732178992e+00	1.323479312091561440e+02
1.925776855684274480e+00	1.318024476888595586e+02
1.932064452961978152e+00	1.313113075791248150e+02
1.938342610030488800e+00	1.308494643107104025e+02
1.944618341543410178e+00	1.306779234433993793e+02
1.950906260203513876e+00	1.297124711442362468e+02
1.957194556613796488e+00	1.286433446440254613e+02
1.963479614559011432e+00	1.283106617744227549e+02
1.969760361532916226e+00	1.278506444778603139e+02
1.976048367034604736e+00	1.271553878625016836e+02
1.982337990217652335e+00	1.265385310146780853e+02
1.988617489259562721e+00	1.260219848157178006e+02
1.994896320665194178e+00	1.252223561505578573e+02
2.001179596222827151e+00	1.246451689034411174e+02
2.007459756923499761e+00	1.242661877490858444e+02
2.013737397779169935e+00	1.238139684072216369e+02
2.020017234677497164e+00	1.233404660050115922e+02
2.026310251015072783e+00	1.226175159856818482e+02
2.032600542948020284e+00	1.222096649893437217e+02
2.038873863192099289e+00	1.218042776153636311e+02
2.045154087821675404e+00	1.211603240013442075e+02
2.051444704514288730e+00	1.205174838051532333e+02
2.057730430280644729e+00	1.200447914667996372e+02
2.064013940455224461e+00	1.194321050420858512e+02
2.070299891179459895e+00	1.189429538614345745e+02
2.076589719964883951e+00	1.183627927621970883e+02
2.082865483794470673e+00	1.179616991335417993e+02
2.089134494859368640e+00	1.173673000654839171e+02
2.095424211360070288e+00	1.168690964222873419e+02
2.101707116664804254e+00	1.165201543057797409e+02
2.107986473933564309e+00	1.159513906531034877e+02
2.114271806543862375e+00	1.155896018357927488e+02
2.120552717288892275e+00	1.147656179819914115e+02
2.126836933207161717e+00	1.143723959724937203e+02
2.133122044791171845e+00	1.139038464119083471e+02
2.139411711910842673e+00	1.137420144013469354e+02
2.145697076775292089e+00	1.132661756904427932e+02
2.151973548606471276e+00	1.129667057728167237e+02
2.158259913555724108e+00	1.123103952676442958e+02
2.164545396699105506e+00	1.115517281208246061e+02
2.170830700377734068e+00	1.110731364677513540e+02
2.177114138849150393e+00	1.108796580668667815e+02
2.183387647576827018e+00	1.104812696169890529e+02
2.189670273687676971e+00	1.101276355694051716e+02
2.195960147934207463e+00	1.096477840181470214e+02
2.202242556317716371e+00	1.093334223364317523e+02
2.208521655981037668e+00	1.088412413591622681e+02
2.214804637081333016e+00	1.082415974466355237e+02
2.221092583349425276e+00	1.078788501668885260e+02
2.227372893591468728e+00	1.073823605638830401e+02
2.233657161144248171e+00	1.071019551635938569e+02
2.239943485394438660e+00	1.065757687712659987e+02
2.246224175264620815e+00	1.060441591036860416e+02
2.252506378421252009e+00	1.057749724457380580e+02
2.258783417054270437e+00	1.051853981941740699e+02
2.265069077371457684e+00	1.047833323928179112e+02
2.271350377044131452e+00	1.043349275091645580e+02
2.277633995145353918e+00	1.039874783791848216e+02
2.283922419579920149e+00	1.036503311433351087e+02
2.290202874392252674e+00	1.029629335357477231e+02
2.296490779970905560e+00	1.029075341245448243e+02
2.302771769934229162e+00	1.022797662195770556e+02
2.309051364164305564e+00	1.020531674398060176e+02
2.315338502539088239e+00	1.017808388086267257e+02
2.321627336503874428e+00	1.010836263691477228e+02
2.327911878297218795e+00	1.009409683978737746e+02
2.334186238580297168e+00	1.005923477038140561e+02
2.340467971862688401e+00	1.002385779194100763e+02
2.346756940970738725e+00	9.973318036166526213e+01
2.353044444556199988e+00	9.938861120144736105e+01
2.359327653314069906e+00	9.910566746197609689e+01
2.365603048789861607e+00	9.875851546884135246e+01
2.371885911737665165e+00	9.826832062672838219e+01
2.378173303594019572e+00	9.786360019517471187e+01
2.384454016539381271e+00	9.766576862508037493e+01
2.390736447344785187e+00	9.698757825413561307e+01
2.397014133897952259e+00	9.669791715161699130e+01
2.403295490074321972e+00	9.635119037830699540e+01
2.409585049672506862e+00	9.613625241881923955e+01
2.415871703165322071e+00	9.587037125540656746e+01
2.422160652369088840e+00	9.556231056356827480e+01
2.428440167222748691e+00	9.513214176107655362e+01
2.434717472383889803e+00	9.504588195757497715e+01
2.441002456202044257e+00	9.455554328328105385e+01
2.447289980304530488e+00	9.410336776555377014e+01
2.453571844729242279e+00	9.387423812013044255e+01
2.459852705114058846e+00	9.354878751550045024e+01
2.466139233225018934e+00	9.325130395908276171e+01
2.472421963421291391e+00	9.303663369572421971e+01
2.478698519174224568e+00	9.262490341577563413e+01
2.484980841400355800e+00	9.216668272597213729e+01
2.491269319409339822e+00	9.188098550461535297e+01
2.497548505139029373e+00	9.145718218641469832e+01
2.503831667172610853e+00	9.121646806656688966e+01
2.510117938323931153e+00	9.099283862638377229e+01
2.516400733681277480e+00	9.081158297373674770e+01
2.522688226833368130e+00	9.059640312514093807e+01
2.528971695852665569e+00	9.018361186181934386e+01
2.535252039407670299e+00	8.978571601903703936e+01
2.541537514142774512e+00	8.956147448979174897e+01
2.547823008847572179e+00	8.914596314819267775e+01
2.554100666580690238e+00	8.881293068383705247e+01
2.560376788884177301e+00	8.873381621606030478e+01
2.566667521601497359e+00	8.844809741183290441e+01
2.572955062237090473e+00	8.807712799197894071e+01
2.579233771797999175e+00	8.760491195656749142e+01
2.585520164300948220e+00	8.758598545592479923e+01
2.591805130332431872e+00	8.729691573529036930e+01
2.598084074692260881e+00	8.690292641523751627e+01
2.604360404197643586e+00	8.688434934070720317e+01
2.610647185140439142e+00	8.642173128021899231e+01
2.616931864059273138e+00	8.611858904960510586e+01
2.623206107911065565e+00	8.603356127910694795e+01
2.629491626543270844e+00	8.581866228762120841e+01
2.635778507982642349e+00	8.551080426498570830e+01
2.642061039325260818e+00	8.534216657421504237e+01
2.648343840729305843e+00	8.488399392082841644e+01
2.654631838974855551e+00	8.462264506586814150e+01
2.660919001246303761e+00	8.451191390356045474e+01
2.667198525130066056e+00	8.430362253833963848e+01
2.673484307038032526e+00	8.409938744418255396e+01
2.679773388053849459e+00	8.391364030435769905e+01
2.686058217632288692e+00	8.370708993818107047e+01
2.692338738200057868e+00	8.333994409867456454e+01
2.698618022887226964e+00	8.318544216988654227e+01
2.704895450708277860e+00	8.296610552158614382e+01
2.711175674923682166e+00	8.278063199461300314e+01
2.717459832966957922e+00	8.269391772346411074e+01
2.723745731959044569e+00	8.237580966217450396e+01
2.730038414850594730e+00	8.215008025227727728e+01
2.736317989800789441e+00	8.186002035598011162e+01
2.742591858549239703e+00	8.157484831865296826e+01
2.748879749010778362e+00	8.145267148548836644e+01
2.755163403825859447e+00	8.133338307734035766e+01
2.761446955625852073e+00	8.098620958376307044e+01
2.767732088935374701e+00	8.084949766109082248e+01
2.774015452421743966e+00	8.087258544598638821e+01
2.780298635700591436e+00	8.049806848509092561e+01
2.786577474762241380e+00	8.034841400292231128e+01
2.792857983210164541e+00	8.009811871788950555e+01
2.799143790920211483e+00	7.988680908909331890e+01
2.805430058399325244e+00	7.988171854540203753e+01
2.811715058209780072e+00	7.950467196089641675e+01
2.817989272498773623e+00	7.946972945744188621e+01
2.824269171595737760e+00	7.929101830700368225e+01
2.830563016441804081e+00	7.917837498288018594e+01
2.836848750951622034e+00	7.900833848190023900e+01
2.843130027866129783e+00	7.884333231631326555e+01
2.849413896912404986e+00	7.856211180289911056e+01
2.855697464522425566e+00	7.855037929548787190e+01
2.861978799810683594e+00	7.831647701658850735e+01
2.868262469415629567e+00	7.823995424498744455e+01
2.874547359206753860e+00	7.815350392609177277e+01
2.880831111471525041e+00	7.812363638640535157e+01
2.887113216972382546e+00	7.791591813256745525e+01
2.893394504725182781e+00	7.772355157519854174e+01
2.899673662137033592e+00	7.751827713556032506e+01
2.905953958587380814e+00	7.748635560638611253e+01
2.912241118105161064e+00	7.733563747238612507e+01
2.918525996366671205e+00	7.720656730774584275e+01
2.924809035425688819e+00	7.717954607350051788e+01
2.931095916293684933e+00	7.709082244932049832e+01
2.937378182606774413e+00	7.684254359975005855e+01
2.943659980254369923e+00	7.677642034092400536e+01
2.949946454403890250e+00	7.663669058095557318e+01
2.956227653702202307e+00	7.662021108330651487e+01
2.962510478867462993e+00	7.645015762375581403e+01
2.968796535179442309e+00	7.643859905222787177e+01
2.975077657376874907e+00	7.635412944289218728e+01
2.981359866759223376e+00	7.614122959428200943e+01
2.987646761575656562e+00	7.613472308145755107e+01
2.993929038370399365e+00	7.600737074649678959e+01
3.000206214840962726e+00	7.600524897017587023e+01
3.006486172402415669e+00	7.603173057095860088e+01
3.012769812211594456e+00	7.597066710332211414e+01
3.019053144326170113e+00	7.581657458794445859e+01
3.025337405144251424e+00	7.567230830432680477e+01
3.031623734799107961e+00	7.576906248967890178e+01
3.037908962055872575e+00	7.565573246330325219e+01
3.044195067146031608e+00	7.561119960270789875e+01
3.050475543482170426e+00	7.556746311240387115e+01
3.056754954538277502e+00	7.543126229848655839e+01
3.063040539557494668e+00	7.551889652238178030e+01
3.069323699454357346e+00	7.541468034419642663e+01
3.075610692642898769e+00	7.536758771978522020e+01
3.081893798009918584e+00	7.533295035420999852e+01
3.088174549548037717e+00	7.548913104500209670e+01
3.094458635632868493e+00	7.538713397628627888e+01
3.100743982931558840e+00	7.531481622277101451e+01
3.107028111748448396e+00	7.525912636904109831e+01
3.113309299655494300e+00	7.539660019560231774e+01
3.119590662867241626e+00	7.540189552575519372e+01
3.125874006820172912e+00	7.553649415297374503e+01
3.132159251154602586e+00	7.552901583277449049e+01
3.138439172765940643e+00	7.548487017963260826e+01
3.144723867719826593e+00	7.548364901819239492e+01
3.151003951258561031e+00	7.546204412375230675e+01
3.157283664131563139e+00	7.550433089966118416e+01
3.163569317183839935e+00	7.560457455963410212e+01
3.169851661717792091e+00	7.555272710190527619e+01
3.176137704316093657e+00	7.572133594736112627e+01
3.182420924828643916e+00	7.568123619803446900e+01
3.188702811875577581e+00	7.582781919452038721e+01
3.194990520008989865e+00	7.584322419503911306e+01
3.201275324656983834e+00	7.587219659051163489e+01
3.207551352179861759e+00	7.589460624663034594e+01
3.213835216737041645e+00	7.601450254746957569e+01
3.220122579819103770e+00	7.604862216231333605e+01
3.226406606618656525e+00	7.579688565200915207e+01
3.232687390085645429e+00	7.568787140957931570e+01
3.238969121280456331e+00	7.538195314897805588e+01
3.245254751548589667e+00	7.524888987467409152e+01
3.251534499036136783e+00	7.498413900048952030e+01
3.257817780791052442e+00	7.478331261915059258e+01
3.264102164154097263e+00	7.460067757701371249e+01
3.270384152138468892e+00	7.457107662564880002e+01
3.276669427476867735e+00	7.435296217362879645e+01
3.282954688864507808e+00	7.420000700128534277e+01
3.289237200334947264e+00	7.400615435035395251e+01
3.295519587088236779e+00	7.393407719532822853e+01
3.301805977329951958e+00	7.378337368578307576e+01
3.308087486222440088e+00	7.351245703274362597e+01
3.314367630234227313e+00	7.343376678541353897e+01
3.320651909732194262e+00	7.328953527120097533e+01
3.326931260376857047e+00	7.299604936612908546e+01
3.333216512447217728e+00	7.297008014883009253e+01
3.339504489419978128e+00	7.291250205305988175e+01
3.345786804809928405e+00	7.272805415565468934e+01
3.352071130016277767e+00	7.245625310826858367e+01
3.358351496304225581e+00	7.242409471994285752e+01
3.364630591073392019e+00	7.230367150116565256e+01
3.370916305215045483e+00	7.213599882821091569e+01
3.377197952029413752e+00	7.202656394987751298e+01
3.383483063818085501e+00	7.205088689508269795e+01
3.389769992424469969e+00	7.172236521927094088e+01
3.396051330885982100e+00	7.150771291635531668e+01
3.402330879139463971e+00	7.146660242146217001e+01
3.408610488352048495e+00	7.134233707570439265e+01
3.414897837696641236e+00	7.118521852018115226e+01
3.421180484052105619e+00	7.097976463012636827e+01
3.427461639653846870e+00	7.094423327796720002e+01
3.433749159643459059e+00	7.083071844394120831e+01
3.440032646656798310e+00	7.080085964310998747e+01
3.446313366033385339e+00	7.067364381261290873e+01
3.452600135384134905e+00	7.048774192630030200e+01
3.458883152815406703e+00	7.037772763992808223e+01
3.465163834403715448e+00	7.031936811472748161e+01
3.471449329786229221e+00	7.027389129354450859e+01
3.477734476754053894e+00	7.012734877635969610e+01
3.484019652467224226e+00	6.999068645651748000e+01
3.490297019369712928e+00	7.005697154475589628e+01
3.496582486484379970e+00	6.990505806986372761e+01
3.502868048046865024e+00	6.965771428197966486e+01
3.509144649545451244e+00	6.965629077514904566e+01
3.515428082003116295e+00	6.947526453515237677e+01
3.521711031624695565e+00	6.926724538020839361e+01
3.527991850954735664e+00	6.932009757430715524e+01
3.534275545726699885e+00	6.917183118930374519e+01
3.540562632020772149e+00	6.911281850978620866e+01
3.546844410757220789e+00	6.903434991654147268e+01
3.553131386753758836e+00	6.897934119079937432e+01
3.559419203211965144e+00	6.888261150406614775e+01
3.565697971577579839e+00	6.878768850104557941e+01
3.571979559134798254e+00	6.873415402364223326e+01
3.578265774595833726e+00	6.867655613225059597e+01
3.584548309769353125e+00	6.852393065764995583e+01
3.590826843920031486e+00	6.856318893619695132e+01
3.597107306745233934e+00	6.840830396075628528e+01
3.603392831792229245e+00	6.843274303964150818e+01
3.609673209822572559e+00	6.826862847557147518e+01
3.615955412133016189e+00	6.804858420364713822e+01
3.622241607772384686e+00	6.810097066198672167e+01
3.628520252736676444e+00	6.797151670768178633e+01
3.634804827569451113e+00	6.795932043622796925e+01
3.641094981788862928e+00	6.781810436829604782e+01
3.647383514928639325e+00	6.782458959704490553e+01
3.653663283927725658e+00	6.779548931498852937e+01
3.659943504072155296e+00	6.761264007721297276e+01
3.666232000281138603e+00	6.752473044696947113e+01
3.672514211678317597e+00	6.760700803405275394e+01
3.678794154686042539e+00	6.748432536492219924e+01
3.685078621861909820e+00	6.744934431339912351e+01
3.691359210097977961e+00	6.734724055826374922e+01
3.697642368173791105e+00	6.734031930245787123e+01
3.703925796735277665e+00	6.733104073901228048e+01
3.710208240364660348e+00	6.723216565856905902e+01
3.716494593122387169e+00	6.713243944311138023e+01
3.722775386659595398e+00	6.729334688117722862e+01
3.729058392883481510e+00	6.705762311860968339e+01
3.735339748210807720e+00	6.706774143161652546e+01
3.741620776392969638e+00	6.706090392193173955e+01
3.747904795418762980e+00	6.692516295999898546e+01
3.754190633281219380e+00	6.691718267409068233e+01
3.760478208018912749e+00	6.691255825693642123e+01
3.766755538573464346e+00	6.685228146831273932e+01
3.773032090135151506e+00	6.693598411748106969e+01
3.779322553012896879e+00	6.683045252109778289e+01
3.785609109731308930e+00	6.667420434491853598e+01
3.791889825936295200e+00	6.676805778993924889e+01
3.798174822702435893e+00	6.666919072154107084e+01
3.804458658753491651e+00	6.658153091551253056e+01
3.810738438095723435e+00	6.660305176226468404e+01
3.817018850285747167e+00	6.665364597437628902e+01
3.823305314209427763e+00	6.678566910652797617e+01
3.829591295197792178e+00	6.663147877107495276e+01
3.835872296070849341e+00	6.652629435547630976e+01
3.842156279590906109e+00	6.646371230431363131e+01
3.848441511099312429e+00	6.667423096271220118e+01
3.854723334376886079e+00	6.647907334573558558e+01
3.861004740704794713e+00	6.670940660409695511e+01
3.867284336650660848e+00	6.657726590344800854e+01
3.873567367678779849e+00	6.660046164092133836e+01
3.879850662830422792e+00	6.650674366182418851e+01
3.886137063198143338e+00	6.657981775845102845e+01
3.892419463049126005e+00	6.657557216490837959e+01
3.898703740328622658e+00	6.641572179216367999e+01
3.904991458788179326e+00	6.651599770883041174e+01
3.911270842222104083e+00	6.659333915048539154e+01
3.917549806479573071e+00	6.651188179757954799e+01
3.923836006203090587e+00	6.652979865662433667e+01
3.930121452497870926e+00	6.669014118785962353e+01
3.936398172858230460e+00	6.661969424678134999e+01
3.942683040425962293e+00	6.660254343683881473e+01
3.948974759704379611e+00	6.666239075542152648e+01
3.955259227995065352e+00	6.667556791102146008e+01
3.961537174921395454e+00	6.663317697755989855e+01
3.967820217617139544e+00	6.689211094686964998e+01
3.974105559832568968e+00	6.683141252354327833e+01
3.980384727931198352e+00	6.678922637655627170e+01
3.986664590839849698e+00	6.687562337920820710e+01
3.992949619150675034e+00	6.697908330296976942e+01
3.999235075769965952e+00	6.693783346411724722e+01
4.005515715515433506e+00	6.688114447239877336e+01
4.011798434346478537e+00	6.698297909578717224e+01
4.018083716245132386e+00	6.705317961842060015e+01
4.024365700052603856e+00	6.710172591462288949e+01
4.030643960839860540e+00	6.713113762012349639e+01
4.036928708926215137e+00	6.723233498552073684e+01
4.043218157412017177e+00	6.720185181031844479e+01
4.049503019487663558e+00	6.732708813777229295e+01
4.055781898960511000e+00	6.742916187196519218e+01
4.062060795621602161e+00	6.757273804475944701e+01
4.068347865354716042e+00	6.756740368820891263e+01
4.074631027173265529e+00	6.767055489060831519e+01
4.080910837526078971e+00	6.772322793760768889e+01
4.087201203341442657e+00	6.776849589974631272e+01
4.093486818591942189e+00	6.789370390265338528e+01
4.099764387336505500e+00	6.798156430817665807e+01
4.106049166937662420e+00	6.809053122934444957e+01
4.112334559041358695e+00	6.811056339498247780e+01
4.118618926059533614e+00	6.825546692839606067e+01
4.124898942031112625e+00	6.831284794491276102e+01
4.131175432561665417e+00	6.840699853515063467e+01
4.137461563786142271e+00	6.848615206979023640e+01
4.143746006210170307e+00	6.863101562226616181e+01
4.150029800482964326e+00	6.874325875782490414e+01
4.156313390684649001e+00	6.871617129910086419e+01
4.162596105843763716e+00	6.890612205915027744e+01
4.168881843141768684e+00	6.889333646753715357e+01
4.175162111073220217e+00	6.922009043831539543e+01
4.181448573417560155e+00	6.931908895296180617e+01
4.187738782464171194e+00	6.953274109781033019e+01
4.194017437180169061e+00	6.963363771797946811e+01
4.200293572701767175e+00	6.958573350016358461e+01
4.206580195481546269e+00	6.980441157985643486e+01
4.212860644652220543e+00	6.984823926913146863e+01
4.219138153430114002e+00	7.003821503906571877e+01
4.225426162098283811e+00	7.016994220519089254e+01
4.231713506719782636e+00	7.020657005453161048e+01
4.237990056577191744e+00	7.022287630496080624e+01
4.244267783646744618e+00	7.066179988280505597e+01
4.250560660182562955e+00	7.082342658238459876e+01
4.256847734842668096e+00	7.077148095702105479e+01
4.263127100734456221e+00	7.098053788693198385e+01
4.269406860432507500e+00	7.108386111701543086e+01
4.275691671482192646e+00	7.118723843765117465e+01
4.281972414189518794e+00	7.143782428928973616e+01
4.288253516806755705e+00	7.146201093445660035e+01
4.294540520160492925e+00	7.177449634487689423e+01
4.300825742921731809e+00	7.177769237600408303e+01
4.307109835491901961e+00	7.207270628089636944e+01
4.313390926478413157e+00	7.221917210526385134e+01
4.319667979480563247e+00	7.231619002348094227e+01
4.325952598143786076e+00	7.257433092874120462e+01
4.332241647035422361e+00	7.271088720229745661e+01
4.338524445619096781e+00	7.282292301362889475e+01
4.344809348131129845e+00	7.304781820339549370e+01
4.351090699193166600e+00	7.302760938045014427e+01
4.357369710808320029e+00	7.327121789188551304e+01
4.363659348967174445e+00	7.338060335214751717e+01
4.369947418280990981e+00	7.365336855511719705e+01
4.376226569265827315e+00	7.384018184349059766e+01
4.382499356631129217e+00	7.401088204245705526e+01
4.388784975178015024e+00	7.423761627758878490e+01
4.395068696309480494e+00	7.436629623727650085e+01
4.401347962382031298e+00	7.452020950469328398e+01
4.407628405096517099e+00	7.462188453246423592e+01
4.413915862185140426e+00	7.495005791830395481e+01
4.420203163534264235e+00	7.501722274953824865e+01
4.426480311003382795e+00	7.490065632008978014e+01
4.432765973643649104e+00	7.527737858309031083e+01
4.439053392023870614e+00	7.519769593019961462e+01
4.445336141335588742e+00	7.552148083430873271e+01
4.451617241414883352e+00	7.536673297222522194e+01
4.457901500730311106e+00	7.561275288103027492e+01
4.464189501093017043e+00	7.603758511359536953e+01
4.470470197548729985e+00	7.564101678881840485e+01
4.476748044268524573e+00	7.599716060123151351e+01
4.483035990164653484e+00	7.591936768227667187e+01
4.489323331650528104e+00	7.601630153293531578e+01
4.495599111667934800e+00	7.596269237309775235e+01
4.501870922878794090e+00	7.581202268206546080e+01
4.508155162877705457e+00	7.600306786619196942e+01
4.514446451153479423e+00	7.571528308169177990e+01
4.520723894043856994e+00	7.596423712060513367e+01
4.527003782460155890e+00	7.564427824015047008e+01
4.533293086610313161e+00	7.565240381641692125e+01
4.539578989864040182e+00	7.527605463333317459e+01
4.545857164866476730e+00	7.542828052965049324e+01
4.552138955546025656e+00	7.502056424913313037e+01
4.558432046889146605e+00	7.500226303988607413e+01
4.564713463378488711e+00	7.517042402895336295e+01
4.570987274133244682e+00	7.485354372341885210e+01
4.577274818151045643e+00	7.497488513258267062e+01
4.583563263889338657e+00	7.488559421822328943e+01
4.589844917004465508e+00	7.470288639266929920e+01
4.596126259982004747e+00	7.454175781666403111e+01
4.602409075598298926e+00	7.480926511002095936e+01
4.608696634867644804e+00	7.473616882162146169e+01
4.614977646498861219e+00	7.456878781687525759e+01
4.621258953029527383e+00	7.498143511854661369e+01
4.627547993978874175e+00	7.491790427739161373e+01
4.633830152730579854e+00	7.493545671696898580e+01
4.640104005367354567e+00	7.506837115271373762e+01
4.646382060386754276e+00	7.487760363270602681e+01
4.652674213731970987e+00	7.508569589439876779e+01
4.658958291796220230e+00	7.527930849660980073e+01
4.665233615070169648e+00	7.531601724643751083e+01
4.671520675710307380e+00	7.524332478791492917e+01
4.677814351732177300e+00	7.528966124223680367e+01
4.684093699744638073e+00	7.567645678401528642e+01
4.690368661472568590e+00	7.569154586343368862e+01
4.696663270746453733e+00	7.582576075990290576e+01
4.702945459248681459e+00	7.583292071467732853e+01
4.709209170841929470e+00	7.584985159984202596e+01
4.715491634753063543e+00	7.618245819209141700e+01
4.721784316284933780e+00	7.646917161616846670e+01
4.728063062331094635e+00	7.612237185820139018e+01
4.734337423381671073e+00	7.632444029265703023e+01
4.740627024094544062e+00	7.621490338862426484e+01
4.746914995664547554e+00	7.671981452239656107e+01
4.753194740071086777e+00	7.689660938378312949e+01
4.759478891864783456e+00	7.727526287494194435e+01
4.765762396877359031e+00	7.743892336328566728e+01
4.772049481246195768e+00	7.713997716928962234e+01
4.778335091022592351e+00	7.749331387769528590e+01
4.784610831402393849e+00	7.758984169560294220e+01
4.790907306208476157e+00	7.799705058868441654e+01
4.797204047706418173e+00	7.790949992181828065e+01
4.803470827697504220e+00	7.805487375571240705e+01
4.809748850577324042e+00	7.864720435912542484e+01
4.816045316586602176e+00	7.881579968378338208e+01
4.822329240673497885e+00	7.867801831470620755e+01
4.828596758226470165e+00	7.900194423854053127e+01
4.834890332961369275e+00	7.932087859625858073e+01
4.841191655056394261e+00	7.985465777541858756e+01
4.847460407468000554e+00	7.985044068036550868e+01
4.853732128521334843e+00	7.983661712849398384e+01
4.860029138783373170e+00	8.004499945808474592e+01
4.866314601732018019e+00	8.048299837431403603e+01
4.872587026269203925e+00	8.125342885927716452e+01
4.878874221748241702e+00	8.102392478479335125e+01
4.885171078138658807e+00	8.128071502458550412e+01
4.891450629931857641e+00	8.167535797430355160e+01
4.897716482750221978e+00	8.162086204239849963e+01
4.904002834596266069e+00	8.217535994375369057e+01
4.910295858205786068e+00	8.238125314597158422e+01
4.916575188115905881e+00	8.271442020846619414e+01
4.922847946197084212e+00	8.291233671976003450e+01
4.929131667457151700e+00	8.379380677025675084e+01
4.935434460144239033e+00	8.389431869257951746e+01
4.941718513303545279e+00	8.412812824605789785e+01
4.947978624761803168e+00	8.419463968728352654e+01
4.954274999209829389e+00	8.512799772738580373e+01
4.960571094729937514e+00	8.517343904945450106e+01
4.966823207626954506e+00	8.525371870214621595e+01
4.973097418390337587e+00	8.547792784728412130e+01
4.979415129936382023e+00	8.591036748074034790e+01
4.985702082330368157e+00	8.646705496626589138e+01
4.991949985828016523e+00	8.679499734143989542e+01
4.998241586316924057e+00	8.710704985642679787e+01
5.004556635606089543e+00	8.762963081892389994e+01
5.010828655701208945e+00	8.821297133206223862e+01
5.017077229702536556e+00	8.871185479312084965e+01
5.023374414758113637e+00	8.921291445791995045e+01
5.029688873569548413e+00	8.951101882856765712e+01
5.035958413584124216e+00	9.056924623736910007e+01
5.042232667658486989e+00	9.034412839658845940e+01
5.048528755870775875e+00	9.135210580023282034e+01
5.054821121427484520e+00	9.161987424220576770e+01
5.061069509814582368e+00	9.243237272291021611e+01
5.067347812754101177e+00	9.242036459430376283e+01
5.073675050630431116e+00	9.248542500769950436e+01
5.079945928388977627e+00	9.385356974049041412e+01
5.086192992546071601e+00	9.399905456132061943e+01
5.092484128970163226e+00	9.426301269598204158e+01
5.098802924706086870e+00	9.473228265755490440e+01
5.105078217426394005e+00	9.565697377288874748e+01
5.111325076574067872e+00	9.577360554531398407e+01
5.117628358851224135e+00	9.707718505256437425e+01
5.123935939383525984e+00	9.788922268790624059e+01
5.130199176325612065e+00	9.818870656027667110e+01
5.136469985878846956e+00	9.874741985199142391e+01
5.142797788696348071e+00	9.901585779767486883e+01
5.149090378043822192e+00	1.003803490337665210e+02
5.155289879840074363e+00	1.011803972151265754e+02
5.161564521234301317e+00	1.006432832238957928e+02
5.167916673496016244e+00	1.016103371794457644e+02
5.174205974602950064e+00	1.035133925907193060e+02
5.180434820793812456e+00	1.040842368815852410e+02
5.186729096569634656e+00	1.033875836377549717e+02
5.193058481037780894e+00	1.049154595524269951e+02
5.199319511444338460e+00	1.057805521296776590e+02
5.205574295584361799e+00	1.065633898276692690e+02
5.211894977074066126e+00	1.073284828697422597e+02
5.218201708336958511e+00	1.079184819943941278e+02
5.224411911780083351e+00	1.089246783600152781e+02
5.230677632666463239e+00	1.104758510564130631e+02
5.237056729559757429e+00	1.108530970787538337e+02
5.243336785035660697e+00	1.111336059630431521e+02
5.249493476178225038e+00	1.120905753663283519e+02
5.255787017738318134e+00	1.131758017608997591e+02
5.262205327426889845e+00	1.143620762332229361e+02
5.268477758348532269e+00	1.161475272758404031e+02
5.274632213654732560e+00	1.173558075198068593e+02
5.280950543314659740e+00	1.177136227474217236e+02
5.287327645024750389e+00	1.172784463293300377e+02
5.293582359180156516e+00	1.199745672059051600e+02
5.299789992649893478e+00	1.192059726384504614e+02
5.306111460381987222e+00	1.217631117714232687e+02
5.312452717892129250e+00	1.230237407626589032e+02
5.318650122853046724e+00	1.246934829359709482e+02
5.324923043129819789e+00	1.267499157960376692e+02
5.331330237158205421e+00	1.266378202974502187e+02
5.337586726886338617e+00	1.281762074806460419e+02
5.343685192440848830e+00	1.287260755221614374e+02
5.350070659715249199e+00	1.306171900178104579e+02
5.356556762554878226e+00	1.325991325696698482e+02
5.362691868684501095e+00	1.317494643577124691e+02
5.368769208912516966e+00	1.344174630821368908e+02
5.375270137997677722e+00	1.317430098541478287e+02
5.381769983045385786e+00	1.348372846873551794e+02
5.387701030372958222e+00	1.382838251088937795e+02
5.393786668001271600e+00	1.413511228220087332e+02
5.400446161099396569e+00	1.393287773856953606e+02
5.406957063684501463e+00	1.419462746339035277e+02
5.412655672453426270e+00	1.474929927887296230e+02
5.418821279260546575e+00	1.421851967245735295e+02
5.425690594366304076e+00	1.448846222253956739e+02
5.432217487502165376e+00	1.488162422428157754e+02
5.437649811577258241e+00	1.516315270679397997e+02
5.443914404015878006e+00	1.497263141734983378e+02
5.450953501686320202e+00	1.536336388472140584e+02
5.457483690405861232e+00	1.552679700941802423e+02
5.462715250135157241e+00	1.560211238999451382e+02
5.469033575551323523e+00	1.611628487147712576e+02
5.476177730420278778e+00	1.678324490175258177e+02
5.482708935702562236e+00	1.594759642979110197e+02
5.487722405008360838e+00	1.585916094710559889e+02
5.494194284996126498e+00	1.668858422608632850e+02
5.501391471009256406e+00	1.728860683082613434e+02
5.507128202673079009e+00	1.611035238955928151e+02
5.512278020050448646e+00	1.672829539848765137e+02
5.519395563377015534e+00	1.824131646185113311e+02
5.526598678609708770e+00	1.797954227472855280e+02
5.532162682462509196e+00	1.921589375039954177e+02
5.537397124017139127e+00	1.623779577252773265e+02
5.544582756485218589e+00	1.921482877822106161e+02
5.551739327507637434e+00	1.821887279093803897e+02
5.557493306674907707e+00	1.787794798377888128e+02
5.562281709102816940e+00	1.829710041033040113e+02
5.569272720323164449e+00	2.083125995089889102e+02
