8.899641224696953554e-03	7.209765657967931475e+03
1.507912216506557788e-02	1.109871447567131872e+04
2.144790186456836667e-02	1.109160084670453944e+04
2.783660776489276650e-02	8.844331505344056495e+03
3.435099785803411021e-02	9.978710704865645312e+03
4.047886761425745911e-02	8.304346677480101789e+03
4.676716683575679601e-02	7.985252999038549206e+03
5.308225101765951665e-02	7.319610716802268144e+03
5.945362440940590160e-02	6.939487112564440395e+03
6.576224814588792211e-02	6.319617078597472755e+03
7.196632906698736953e-02	6.401043583040522208e+03
7.827860915688347743e-02	5.690298746424299679e+03
8.470398945834539672e-02	5.224615317286464233e+03
9.096854620527369817e-02	4.965041028362754332e+03
9.720789776830213169e-02	4.800562884353855225e+03
1.034763038959366499e-01	4.133733283530608787e+03
1.097576444254559219e-01	3.829484200062846412e+03
1.160543084780093354e-01	3.613597934569961581e+03
1.223669666537485351e-01	3.362921656965032980e+03
1.286817263090294094e-01	3.325001184446893149e+03
1.349500801664080818e-01	3.047563385215126345e+03
1.411949558842147678e-01	2.868680264491731577e+03
1.475133575747468451e-01	2.743721882644553716e+03
1.537865074252268427e-01	2.561623834502375303e+03
1.600657544051110326e-01	2.404213872204992640e+03
1.663991168687080635e-01	2.285865769153135261e+03
1.727195645776442856e-01	2.247458995042605238e+03
1.789765213377084718e-01	2.166835287054395849e+03
1.852353690647852158e-01	2.021780292591713078e+03
1.914806787341157279e-01	1.925193557967521201e+03
1.977889868651535599e-01	1.888128935962618925e+03
2.040937735447724277e-01	1.777734778357226332e+03
2.103939302609846018e-01	1.772988216525815233e+03
2.166909709822301688e-01	1.676664823794437325e+03
2.229700281216152047e-01	1.633621394617797023e+03
2.292620027086341994e-01	1.535379232284736872e+03
2.355141508366812297e-01	1.482649288523322411e+03
2.417910583817859116e-01	1.416447006388058071e+03
2.480856539439619257e-01	1.426380702564336389e+03
2.543492256872954549e-01	1.356422003353763557e+03
2.606334251884805386e-01	1.333592513335657713e+03
2.669257370896960802e-01	1.282922837681574492e+03
2.732423343141155980e-01	1.260642256971808365e+03
2.795529680084415936e-01	1.204311793840732662e+03
2.858366292314493129e-01	1.177629365757805090e+03
2.920876271394311496e-01	1.140019901521028714e+03
2.983449844439822751e-01	1.104444393653657926e+03
3.046382639407197446e-01	1.080756486240800314e+03
3.109279127003197196e-01	1.072563786800443950e+03
3.172168171618398036e-01	1.040775536812650898e+03
3.235187567944423082e-01	1.025746055436575489e+03
3.298168217550395687e-01	9.977742123161648351e+02
3.361176429457156667e-01	9.742586960009217592e+02
3.423700375709273769e-01	9.636681304145131435e+02
3.486478192666269682e-01	9.386056410592128714e+02
3.549411614411318028e-01	9.136351573360150269e+02
3.611916935421040642e-01	9.051704576521528907e+02
3.674767089563572564e-01	8.812322658248469907e+02
3.737647795277591056e-01	8.435671389372663498e+02
3.800654031475132477e-01	8.477753334882810350e+02
3.863539861259823738e-01	8.218235895363516192e+02
3.926140181364449755e-01	8.084561228665040744e+02
3.989264500321934581e-01	7.993986322456810285e+02
4.052073244576828714e-01	7.825981856483999763e+02
4.114916477570477182e-01	7.751143143617954365e+02
4.177814272116491257e-01	7.515448914134191227e+02
4.240400648725131116e-01	7.421058734440755416e+02
4.303425690270192283e-01	7.387685146021910896e+02
4.366358560255625965e-01	7.188152264781468830e+02
4.428996183220763605e-01	7.107691561804083449e+02
4.491634418529859563e-01	7.023745765090533268e+02
4.554414146254732731e-01	6.901492180694904164e+02
4.617634470301058558e-01	6.811208453095065352e+02
4.680644242023710433e-01	6.752582964489937467e+02
4.743485242764365895e-01	6.647180360996767376e+02
4.806356136815400082e-01	6.519955446900846709e+02
4.869019258388697646e-01	6.462839064570429173e+02
4.931697099599955947e-01	6.354971502696746484e+02
4.994506747144535908e-01	6.246963741310428304e+02
5.057159051335421429e-01	6.248830735010595845e+02
5.119923996268095356e-01	6.121770797612249453e+02
5.183126097768406826e-01	5.982143316748840789e+02
5.246089638029100000e-01	5.970245808463753292e+02
5.308757308483337267e-01	5.904877189039606264e+02
5.371573527946726934e-01	5.848205386569429720e+02
5.434579563783791256e-01	5.719536997709282105e+02
5.497430652392217842e-01	5.707354975394367784e+02
5.559937427501778773e-01	5.640161317610856031e+02
5.622854676609657654e-01	5.561598841514090736e+02
5.686011537227265711e-01	5.533976485796522411e+02
5.748804589422079614e-01	5.455377276656388403e+02
5.811550210340560296e-01	5.380154380165647581e+02
5.874394496660968468e-01	5.340074271779211585e+02
5.937176220296899176e-01	5.265649782252398836e+02
5.999971954793682505e-01	5.204749496994515994e+02
6.062679115124277596e-01	5.187830772636239089e+02
6.125469576444534381e-01	5.145312038172303346e+02
6.188477733041515272e-01	5.088301333976042997e+02
6.251310567437898813e-01	5.057772352455590976e+02
6.314027450383210560e-01	4.966985076917312654e+02
6.377003562732055375e-01	4.935784879946812680e+02
6.439857783314556494e-01	4.894719134761875239e+02
6.502685417166111925e-01	4.841205326998057217e+02
6.565586117699038216e-01	4.809486731681532774e+02
6.628369282359254377e-01	4.725990584896512701e+02
6.691185444962194362e-01	4.677544696497880636e+02
6.754070198575605755e-01	4.673441333013841472e+02
6.816835514593204692e-01	4.633897957134292938e+02
6.879592533861698112e-01	4.543960665760050688e+02
6.942344317039531587e-01	4.568922702511579814e+02
7.005175402434737908e-01	4.481174911048473746e+02
7.068124956608716758e-01	4.468154279133045748e+02
7.131019009674921527e-01	4.436650283114100830e+02
7.193918251171427247e-01	4.399272901330014633e+02
7.256833807598113140e-01	4.353978638918829347e+02
7.319652682709349989e-01	4.326384058486960953e+02
7.382507990484923344e-01	4.292948324505087498e+02
7.445265842115937893e-01	4.216951783676092305e+02
7.507871101942712455e-01	4.237620925922411175e+02
7.570758465316046459e-01	4.214122662004900235e+02
7.633641233600957365e-01	4.165312395237544933e+02
7.696462959862266917e-01	4.123597284120630775e+02
7.759394865175414102e-01	4.088491573278711826e+02
7.822329141989586843e-01	4.050369027325413072e+02
7.885314936520240181e-01	4.044797384239033704e+02
7.947896566979522071e-01	4.007969563305973111e+02
8.010491096592354809e-01	3.963165489103622576e+02
8.073364061727361651e-01	3.932513576735052538e+02
8.136229488373866170e-01	3.911668459224063099e+02
8.199152998961036776e-01	3.893774108285818443e+02
8.261952636392789762e-01	3.854358830279972494e+02
8.324897070080405914e-01	3.838721234027905780e+02
8.387959309210778480e-01	3.808723320484639316e+02
8.450634639703045181e-01	3.778940193329693216e+02
8.513282867562648182e-01	3.746715163847367762e+02
8.576198263902009566e-01	3.714411578825413471e+02
8.639058477062415697e-01	3.710545533743843407e+02
8.701838745487597837e-01	3.664399322491650537e+02
8.764641096075268534e-01	3.631058687772326152e+02
8.827503873399735745e-01	3.621527097223121814e+02
8.890332768393869323e-01	3.593016879194360627e+02
8.953084247113127780e-01	3.573258998140906328e+02
9.015956521667095602e-01	3.551202448003725181e+02
9.078833328094829680e-01	3.531231145949992651e+02
9.141744106319863450e-01	3.510328448231147718e+02
9.204630817717615043e-01	3.482060934858437236e+02
9.267434415264711456e-01	3.463044991466906595e+02
9.330324197354928906e-01	3.444821963719058999e+02
9.393265785573878812e-01	3.417437649067568941e+02
9.455974810398196650e-01	3.410704374939732020e+02
9.518660018545171964e-01	3.369712311839560925e+02
9.581413255531838757e-01	3.337555618200717049e+02
9.644350945109106954e-01	3.323226368951235372e+02
9.707355633568249820e-01	3.305093821633470839e+02
9.770080768450029041e-01	3.294603892889312533e+02
9.832823325363413414e-01	3.261380895263602611e+02
9.895569691966674686e-01	3.249557922594380557e+02
9.958456301921106979e-01	3.232491119094991063e+02
1.002136210743837408e+00	3.204335992299991176e+02
1.008404825335135424e+00	3.202400975131103564e+02
1.014694149836243398e+00	3.170435246656838899e+02
1.020992555437297167e+00	3.145113980547585015e+02
1.027273980437394485e+00	3.137469469799466992e+02
1.033559181896017254e+00	3.117420357497834971e+02
1.039847557392594934e+00	3.114944475065568668e+02
1.046126974943305088e+00	3.074689823654310317e+02
1.052403436811028659e+00	3.048905159173496600e+02
1.058680704651608684e+00	3.053700066737749808e+02
1.064964333065789193e+00	3.031798568455340046e+02
1.071256777440835473e+00	3.008351628273338179e+02
1.077544048801078125e+00	2.982864880389391828e+02
1.083824820188043603e+00	2.979974690517374256e+02
1.090108023942816695e+00	2.959669534529032831e+02
1.096389665956643222e+00	2.947819124878657249e+02
1.102681132058841440e+00	2.934982070123473932e+02
1.108963047594879958e+00	2.917872055292210121e+02
1.115225428463759272e+00	2.887205511838051848e+02
1.121502127614767863e+00	2.858452361789865677e+02
1.127792573824792033e+00	2.859460237125133517e+02
1.134089552668382961e+00	2.859190078437334819e+02
1.140364049650405942e+00	2.831382077476151267e+02
1.146639180320979445e+00	2.818452841698793350e+02
1.152942412991649901e+00	2.802926981796943551e+02
1.159228906751078814e+00	2.774253894652516692e+02
1.165508721887268173e+00	2.778588221422324978e+02
1.171793076256210320e+00	2.754945270000109758e+02
1.178087436369658958e+00	2.746897155532892043e+02
1.184367654251526902e+00	2.726191260308399364e+02
1.190634642299266632e+00	2.705103704750368934e+02
1.196912208834400859e+00	2.687533745869640711e+02
1.203201577354146234e+00	2.676728329181318600e+02
1.209486844441705733e+00	2.671004763777265225e+02
1.215763902074809888e+00	2.653224958681909698e+02
1.222049755171146668e+00	2.646251190154839037e+02
1.228340616621486969e+00	2.619099536580057475e+02
1.234632986576932767e+00	2.605818667604985421e+02
1.240902247176856488e+00	2.598928310630250280e+02
1.247174839144687519e+00	2.581568575041715121e+02
1.253465459933442272e+00	2.570523616561153517e+02
1.259749951892178421e+00	2.563967818509262315e+02
1.266032143127253873e+00	2.546439888429025302e+02
1.272316288472006507e+00	2.524804687602342597e+02
1.278604155058621350e+00	2.521566692608131746e+02
1.284886588933593865e+00	2.510987236995815408e+02
1.291175420066583257e+00	2.493364183093934514e+02
1.297465726373772332e+00	2.479651010366114008e+02
1.303741827011944299e+00	2.469883986328223671e+02
1.310017322922761851e+00	2.458218729691296005e+02
1.316301447662886703e+00	2.438371111775074382e+02
1.322586760363303249e+00	2.426412034791909207e+02
1.328865492452874664e+00	2.420711579279572163e+02
1.335144804954555564e+00	2.409651115735160829e+02
1.341440516272275119e+00	2.400235054171026547e+02
1.347730868417094552e+00	2.389938198155580267e+02
1.354001589994877630e+00	2.375909499093259285e+02
1.360282609297778444e+00	2.363374133378250974e+02
1.366565686457597906e+00	2.348115684012933855e+02
1.372851498482432708e+00	2.342647063366704003e+02
1.379135372929401804e+00	2.335060981984651676e+02
1.385409567149057164e+00	2.319487047131158874e+02
1.391698641219299315e+00	2.313962151247375800e+02
1.397984451439470810e+00	2.295962915402795943e+02
1.404267883409181961e+00	2.274484425254446478e+02
1.410554779484869181e+00	2.273983310141747722e+02
1.416837833547465397e+00	2.255373891044765173e+02
1.423118177187137068e+00	2.250903260443683678e+02
1.429397801164240089e+00	2.243075966434230679e+02
1.435686921822787232e+00	2.237800110371936455e+02
1.441977121769299597e+00	2.221790728492742915e+02
1.448253667853332427e+00	2.212964080666952498e+02
1.454532348972172651e+00	2.199469030492175250e+02
1.460819319151879903e+00	2.190862747088911817e+02
1.467110364402026468e+00	2.171849803104414605e+02
1.473392908948962132e+00	2.165985170307493775e+02
1.479669965243598950e+00	2.156657324539136766e+02
1.485956144602843532e+00	2.149809002837075695e+02
1.492233610763115115e+00	2.141443484931457419e+02
1.498502470379980078e+00	2.124636454073017546e+02
1.504785752051182701e+00	2.119151819619233947e+02
1.511075991894575976e+00	2.107284925661682564e+02
1.517361634985162189e+00	2.098658991007631016e+02
1.523648570969130533e+00	2.091444921112904751e+02
1.529938035715892264e+00	2.080953209859353592e+02
1.536230176913891965e+00	2.069024375183757627e+02
1.542510718779388279e+00	2.056843324826172079e+02
1.548783963082980275e+00	2.049404305059889282e+02
1.555073069779651318e+00	2.043499348397355675e+02
1.561357324927233892e+00	2.031822332158219240e+02
1.567629121053141006e+00	2.019576988802324422e+02
1.573913697404382583e+00	2.019433263868241113e+02
1.580203545230874029e+00	2.006198495889450442e+02
1.586485393434537983e+00	1.994207266786698938e+02
1.592760014263005841e+00	1.986995314905835528e+02
1.599046436394670812e+00	1.979783361931356183e+02
1.605342136637478934e+00	1.967600925728121979e+02
1.611619860919608627e+00	1.958273778476317943e+02
1.617897597081673799e+00	1.956552943584759419e+02
1.624183235481122756e+00	1.939503907741516286e+02
1.630464598531913722e+00	1.936786077865106108e+02
1.636748985747638274e+00	1.921946798776813239e+02
1.643030923698886259e+00	1.918221030784249876e+02
1.649309176648513064e+00	1.907334088447882436e+02
1.655593633940351861e+00	1.894793575693829553e+02
1.661879571405086464e+00	1.892882368357143434e+02
1.668169361685170271e+00	1.883925694284845065e+02
1.674450151530487485e+00	1.874818572943545689e+02
1.680722718978495900e+00	1.869091188559577859e+02
1.687013891340952476e+00	1.860140636244973678e+02
1.693308984907921033e+00	1.853066903231969889e+02
1.699582147428448486e+00	1.843581918483189099e+02
1.705863747055134105e+00	1.834972076529366234e+02
1.712154434283889470e+00	1.822081438675629954e+02
1.718438381579399321e+00	1.820931641923957329e+02
1.724721264464063930e+00	1.811416090652814432e+02
1.730997441276920679e+00	1.803228961265512567e+02
1.737287073528269499e+00	1.792610611102439577e+02
1.743567991878527401e+00	1.787809660584136964e+02
1.749840680212231048e+00	1.780971250070308542e+02
1.756128549091961144e+00	1.767285608541160684e+02
1.762413535324792502e+00	1.765061578025004110e+02
1.768696187669963837e+00	1.758294168214971194e+02
1.774979359379055266e+00	1.747449629962439701e+02
1.781265555576432957e+00	1.746155751527489599e+02
1.787549427830244619e+00	1.738042458610487984e+02
1.793834120011633004e+00	1.726251219924071734e+02
1.800115051552487300e+00	1.718490764197765941e+02
1.806393904854530330e+00	1.709447273731243229e+02
1.812674089667083432e+00	1.699775760479685971e+02
1.818956920109354058e+00	1.698109124490890167e+02
1.825244164118212220e+00	1.692228820288220845e+02
1.831527256642196955e+00	1.678686811835526669e+02
1.837811294935716599e+00	1.672012111275677739e+02
1.844100717411196744e+00	1.666295178839047537e+02
1.850384816792487230e+00	1.663205395433528508e+02
1.856666059735203822e+00	1.656632681589331071e+02
1.862947728675613979e+00	1.648760813135554599e+02
1.869229324466858078e+00	1.638076716797008316e+02
1.875517616802973686e+00	1.634250090286509476e+02
1.881800769033795229e+00	1.628993530753424182e+02
1.888078863416442710e+00	1.615155470677725305e+02
1.894353975182237582e+00	1.611299091836810646e+02
1.900642716154182565e+00	1.605038925218285328e+02
1.906933494748685121e+00	1.605956446626693150e+02
1.913207568676573933e+00	1.592864818983055955e+02
1.919490884732178992e+00	1.588749907806780470e+02
1.925776855684274480e+00	1.581877413389950391e+02
1.932064452961978152e+00	1.575155174395034976e+02
1.938342610030488800e+00	1.565782342551526654e+02
1.944618341543410178e+00	1.562665621878736602e+02
1.950906260203513876e+00	1.553988947889661461e+02
1.957194556613796488e+00	1.548442632543647051e+02
1.963479614559011432e+00	1.542540548992863307e+02
1.969760361532916226e+00	1.538294492603821766e+02
1.976048367034604736e+00	1.529725479221598334e+02
1.982337990217652335e+00	1.524641487895752618e+02
1.988617489259562721e+00	1.517069856005155657e+02
1.994896320665194178e+00	1.514373856964038509e+02
2.001179596222827151e+00	1.503480597747566776e+02
2.007459756923499761e+00	1.497315304088897108e+02
2.013737397779169935e+00	1.494588202826348322e+02
2.020017234677497164e+00	1.488701552842780131e+02
2.026310251015072783e+00	1.479816957186806690e+02
2.032600542948020284e+00	1.472032193500036783e+02
2.038873863192099289e+00	1.468912882602359673e+02
2.045154087821675404e+00	1.463084290284819815e+02
2.051444704514288730e+00	1.458734636040263410e+02
2.057730430280644729e+00	1.452229618088562688e+02
2.064013940455224461e+00	1.446031410622240401e+02
2.070299891179459895e+00	1.439016020530086735e+02
2.076589719964883951e+00	1.434282147027589644e+02
2.082865483794470673e+00	1.428097761593770656e+02
2.089134494859368640e+00	1.424773870167358893e+02
2.095424211360070288e+00	1.417177475997085025e+02
2.101707116664804254e+00	1.414926871768026331e+02
2.107986473933564309e+00	1.404936014399016528e+02
2.114271806543862375e+00	1.397970306296084573e+02
2.120552717288892275e+00	1.395799867332098643e+02
2.126836933207161717e+00	1.392111127738400569e+02
2.133122044791171845e+00	1.381729219572446539e+02
2.139411711910842673e+00	1.380957444937472474e+02
2.145697076775292089e+00	1.376074954703201456e+02
2.151973548606471276e+00	1.367692119126554644e+02
2.158259913555724108e+00	1.365875511682366152e+02
2.164545396699105506e+00	1.360059085473189668e+02
2.170830700377734068e+00	1.353561645145568946e+02
2.177114138849150393e+00	1.349063339539292485e+02
2.183387647576827018e+00	1.343642527699366269e+02
2.189670273687676971e+00	1.338539662876713692e+02
2.195960147934207463e+00	1.334958581940678073e+02
2.202242556317716371e+00	1.330182976580127843e+02
2.208521655981037668e+00	1.322769975073858291e+02
2.214804637081333016e+00	1.319601315490228330e+02
2.221092583349425276e+00	1.313277403037321278e+02
2.227372893591468728e+00	1.308276549409387997e+02
2.233657161144248171e+00	1.307121452675597482e+02
2.239943485394438660e+00	1.301373494402179176e+02
2.246224175264620815e+00	1.293930535466691936e+02
2.252506378421252009e+00	1.291406398374398066e+02
2.258783417054270437e+00	1.286535439706800901e+02
2.265069077371457684e+00	1.280041985476056539e+02
2.271350377044131452e+00	1.277155118116240686e+02
2.277633995145353918e+00	1.269680990520658952e+02
2.283922419579920149e+00	1.266334386746675023e+02
2.290202874392252674e+00	1.263395922590950278e+02
2.296490779970905560e+00	1.257249367234794306e+02
2.302771769934229162e+00	1.252869601696636011e+02
2.309051364164305564e+00	1.248314027978325811e+02
2.315338502539088239e+00	1.245745113038020975e+02
2.321627336503874428e+00	1.242375751835704563e+02
2.327911878297218795e+00	1.234879649186983954e+02
2.334186238580297168e+00	1.231099519271983667e+02
2.340467971862688401e+00	1.228222778349016977e+02
2.346756940970738725e+00	1.222867797124981024e+02
2.353044444556199988e+00	1.220507572540607839e+02
2.359327653314069906e+00	1.214838378703025512e+02
2.365603048789861607e+00	1.211799902921151642e+02
2.371885911737665165e+00	1.206965363222458478e+02
2.378173303594019572e+00	1.201041024354101410e+02
2.384454016539381271e+00	1.200196709233054690e+02
2.390736447344785187e+00	1.193539424072291695e+02
2.397014133897952259e+00	1.193420017488486877e+02
2.403295490074321972e+00	1.188240447389026002e+02
2.409585049672506862e+00	1.182816166025637585e+02
2.415871703165322071e+00	1.177898625101723979e+02
2.422160652369088840e+00	1.175486420405201216e+02
2.428440167222748691e+00	1.170818607670539677e+02
2.434717472383889803e+00	1.167052899666898185e+02
2.441002456202044257e+00	1.165362861749588603e+02
2.447289980304530488e+00	1.158774111830433071e+02
2.453571844729242279e+00	1.156932455196356955e+02
2.459852705114058846e+00	1.151111999132100436e+02
2.466139233225018934e+00	1.149490829271435643e+02
2.472421963421291391e+00	1.146632420564376673e+02
2.478698519174224568e+00	1.142593835130035984e+02
2.484980841400355800e+00	1.138558942923590962e+02
2.491269319409339822e+00	1.133852126586981370e+02
2.497548505139029373e+00	1.132016743692412462e+02
2.503831667172610853e+00	1.128409208546822526e+02
2.510117938323931153e+00	1.123807909331935520e+02
2.516400733681277480e+00	1.118445832667601110e+02
2.522688226833368130e+00	1.117875550198131975e+02
2.528971695852665569e+00	1.113262927938133942e+02
2.535252039407670299e+00	1.108171185975492961e+02
2.541537514142774512e+00	1.107099674278931900e+02
2.547823008847572179e+00	1.104428083699437906e+02
2.554100666580690238e+00	1.100762109986128365e+02
2.560376788884177301e+00	1.096783740346241558e+02
2.566667521601497359e+00	1.093293100223268368e+02
2.572955062237090473e+00	1.088546013289586938e+02
2.579233771797999175e+00	1.089817322445289989e+02
2.585520164300948220e+00	1.084838123765902793e+02
2.591805130332431872e+00	1.082692520066150053e+02
2.598084074692260881e+00	1.077983088271648739e+02
2.604360404197643586e+00	1.073526836052666766e+02
2.610647185140439142e+00	1.071790468836843928e+02
2.616931864059273138e+00	1.070743887451965008e+02
2.623206107911065565e+00	1.065603990347936190e+02
2.629491626543270844e+00	1.064261279003187326e+02
2.635778507982642349e+00	1.060597902806923116e+02
2.642061039325260818e+00	1.056879667678708046e+02
2.648343840729305843e+00	1.055202508438215290e+02
2.654631838974855551e+00	1.053011829864998390e+02
2.660919001246303761e+00	1.049247485682328147e+02
2.667198525130066056e+00	1.046122690173278613e+02
2.673484307038032526e+00	1.044366064296510217e+02
2.679773388053849459e+00	1.042485993993202413e+02
2.686058217632288692e+00	1.039213554479343600e+02
2.692338738200057868e+00	1.036770338937236602e+02
2.698618022887226964e+00	1.032935803821652598e+02
2.704895450708277860e+00	1.030769095286224228e+02
2.711175674923682166e+00	1.028495362429774787e+02
2.717459832966957922e+00	1.027139033076342969e+02
2.723745731959044569e+00	1.024272654881975484e+02
2.730038414850594730e+00	1.021966785699549405e+02
2.736317989800789441e+00	1.018430757732288470e+02
2.742591858549239703e+00	1.017273156061071262e+02
2.748879749010778362e+00	1.016203897751127414e+02
2.755163403825859447e+00	1.014137459215689603e+02
2.761446955625852073e+00	1.009370833554065854e+02
2.767732088935374701e+00	1.006793749149319694e+02
2.774015452421743966e+00	1.004704473805938676e+02
2.780298635700591436e+00	1.003886859534717217e+02
2.786577474762241380e+00	1.000873900929417744e+02
2.792857983210164541e+00	1.000412635379098703e+02
2.799143790920211483e+00	9.970453532015145015e+01
2.805430058399325244e+00	9.948914221350794662e+01
2.811715058209780072e+00	9.927047050832911168e+01
2.817989272498773623e+00	9.912242221380269314e+01
2.824269171595737760e+00	9.892497284712456462e+01
2.830563016441804081e+00	9.885621909501102778e+01
2.836848750951622034e+00	9.851143613838895874e+01
2.843130027866129783e+00	9.849897925119448416e+01
2.849413896912404986e+00	9.826259440822350655e+01
2.855697464522425566e+00	9.798592786444125124e+01
2.861978799810683594e+00	9.788193442734279870e+01
2.868262469415629567e+00	9.770036895937489874e+01
2.874547359206753860e+00	9.760208871634669947e+01
2.880831111471525041e+00	9.749669337130561075e+01
2.887113216972382546e+00	9.736393287357974202e+01
2.893394504725182781e+00	9.692464503009668420e+01
2.899673662137033592e+00	9.691103628377909729e+01
2.905953958587380814e+00	9.682270669762029058e+01
2.912241118105161064e+00	9.686833720533064707e+01
2.918525996366671205e+00	9.642793954499640563e+01
2.924809035425688819e+00	9.636476528069191261e+01
2.931095916293684933e+00	9.639807964963002007e+01
2.937378182606774413e+00	9.637618089487483530e+01
2.943659980254369923e+00	9.613504665118726678e+01
2.949946454403890250e+00	9.589555638344693023e+01
2.956227653702202307e+00	9.589853669297022520e+01
2.962510478867462993e+00	9.572352204457939706e+01
2.968796535179442309e+00	9.561446884940806967e+01
2.975077657376874907e+00	9.556022571411376987e+01
2.981359866759223376e+00	9.553338878480741414e+01
2.987646761575656562e+00	9.549456561486296380e+01
2.993929038370399365e+00	9.538699233492260987e+01
3.000206214840962726e+00	9.528192531155477241e+01
3.006486172402415669e+00	9.528182702699548656e+01
3.012769812211594456e+00	9.507554975972506384e+01
3.019053144326170113e+00	9.508394498923163951e+01
3.025337405144251424e+00	9.496677663995778573e+01
3.031623734799107961e+00	9.501305392500502478e+01
3.037908962055872575e+00	9.494214250905116614e+01
3.044195067146031608e+00	9.486364657356631369e+01
3.050475543482170426e+00	9.484331999430200710e+01
3.056754954538277502e+00	9.475084177330566604e+01
3.063040539557494668e+00	9.475757902664825849e+01
3.069323699454357346e+00	9.466713247088701166e+01
3.075610692642898769e+00	9.457774120076327051e+01
3.081893798009918584e+00	9.476327326511710680e+01
3.088174549548037717e+00	9.469110604855541169e+01
3.094458635632868493e+00	9.475734131622547807e+01
3.100743982931558840e+00	9.474429181124767751e+01
3.107028111748448396e+00	9.475091507537901236e+01
3.113309299655494300e+00	9.472137480757955075e+01
3.119590662867241626e+00	9.471677079841899172e+01
3.125874006820172912e+00	9.486012766375296223e+01
3.132159251154602586e+00	9.472024946933538558e+01
3.138439172765940643e+00	9.470778457198319700e+01
3.144723867719826593e+00	9.484750817041134496e+01
3.151003951258561031e+00	9.484458667261026221e+01
3.157283664131563139e+00	9.495455762269935462e+01
3.163569317183839935e+00	9.506001881097132866e+01
3.169851661717792091e+00	9.520258610653833387e+01
3.176137704316093657e+00	9.517325478664029959e+01
3.182420924828643916e+00	9.524746016430150064e+01
3.188702811875577581e+00	9.537635093887203652e+01
3.194990520008989865e+00	9.554704852647901703e+01
3.201275324656983834e+00	9.554530155898616783e+01
3.207551352179861759e+00	9.539725178449893406e+01
3.213835216737041645e+00	9.556216084875816819e+01
3.220122579819103770e+00	9.579523413197836135e+01
3.226406606618656525e+00	9.539168618217286166e+01
3.232687390085645429e+00	9.514023879519010052e+01
3.238969121280456331e+00	9.510283539761566374e+01
3.245254751548589667e+00	9.497847363871771620e+01
3.251534499036136783e+00	9.464672237360979068e+01
3.257817780791052442e+00	9.458864901520820467e+01
3.264102164154097263e+00	9.429691234892895579e+01
3.270384152138468892e+00	9.423868555278124859e+01
3.276669427476867735e+00	9.387536370586408907e+01
3.282954688864507808e+00	9.374779638058697628e+01
3.289237200334947264e+00	9.357575961623074079e+01
3.295519587088236779e+00	9.331212204926923448e+01
3.301805977329951958e+00	9.311490499229915940e+01
3.308087486222440088e+00	9.291130155743405794e+01
3.314367630234227313e+00	9.288312476372961157e+01
3.320651909732194262e+00	9.271487023629507007e+01
3.326931260376857047e+00	9.260923247463024666e+01
3.333216512447217728e+00	9.246073403094517573e+01
3.339504489419978128e+00	9.219036846508481631e+01
3.345786804809928405e+00	9.197033576012501044e+01
3.352071130016277767e+00	9.186789193358561079e+01
3.358351496304225581e+00	9.165665967374586387e+01
3.364630591073392019e+00	9.150230500182310323e+01
3.370916305215045483e+00	9.128838281524804188e+01
3.377197952029413752e+00	9.109318269105865795e+01
3.383483063818085501e+00	9.115557622396534043e+01
3.389769992424469969e+00	9.088671305413872403e+01
3.396051330885982100e+00	9.060983625459437008e+01
3.402330879139463971e+00	9.056350239935675006e+01
3.408610488352048495e+00	9.034176189886343877e+01
3.414897837696641236e+00	9.027307040329199594e+01
3.421180484052105619e+00	9.014516868708366815e+01
3.427461639653846870e+00	8.994380445902748988e+01
3.433749159643459059e+00	8.974460957073281975e+01
3.440032646656798310e+00	8.961137890221110069e+01
3.446313366033385339e+00	8.956236284604560183e+01
3.452600135384134905e+00	8.931743156605050160e+01
3.458883152815406703e+00	8.918516278525954988e+01
3.465163834403715448e+00	8.912522610793719480e+01
3.471449329786229221e+00	8.915710697840745524e+01
3.477734476754053894e+00	8.887680886410909409e+01
3.484019652467224226e+00	8.877150042360028692e+01
3.490297019369712928e+00	8.858922611873244080e+01
3.496582486484379970e+00	8.851520538708084018e+01
3.502868048046865024e+00	8.824149977795821087e+01
3.509144649545451244e+00	8.825788994242593333e+01
3.515428082003116295e+00	8.808046606102533360e+01
3.521711031624695565e+00	8.789792168276485995e+01
3.527991850954735664e+00	8.792098070517354813e+01
3.534275545726699885e+00	8.758110348280962398e+01
3.540562632020772149e+00	8.774929791114107047e+01
3.546844410757220789e+00	8.752844101776607033e+01
3.553131386753758836e+00	8.736954855386841245e+01
3.559419203211965144e+00	8.726913426205074131e+01
3.565697971577579839e+00	8.715393057303732860e+01
3.571979559134798254e+00	8.721086187199513517e+01
3.578265774595833726e+00	8.699977354480149927e+01
3.584548309769353125e+00	8.683729658327659706e+01
3.590826843920031486e+00	8.684938568749012688e+01
3.597107306745233934e+00	8.674939172095348283e+01
3.603392831792229245e+00	8.670016595896650813e+01
3.609673209822572559e+00	8.644548126935849552e+01
3.615955412133016189e+00	8.638089692320480140e+01
3.622241607772384686e+00	8.635840106919589232e+01
3.628520252736676444e+00	8.631131149908752320e+01
3.634804827569451113e+00	8.609069912734769048e+01
3.641094981788862928e+00	8.612814986659958549e+01
3.647383514928639325e+00	8.579935566417789516e+01
3.653663283927725658e+00	8.592511737685701689e+01
3.659943504072155296e+00	8.577354666760325586e+01
3.666232000281138603e+00	8.570807843364273992e+01
3.672514211678317597e+00	8.578560073851356549e+01
3.678794154686042539e+00	8.562874459361721335e+01
3.685078621861909820e+00	8.547348529537539719e+01
3.691359210097977961e+00	8.544232415532000857e+01
3.697642368173791105e+00	8.533543253203418999e+01
3.703925796735277665e+00	8.527503326960081154e+01
3.710208240364660348e+00	8.524490293069193569e+01
3.716494593122387169e+00	8.524792787090848378e+01
3.722775386659595398e+00	8.518059285338877373e+01
3.729058392883481510e+00	8.500354117698388734e+01
3.735339748210807720e+00	8.489431392853239799e+01
3.741620776392969638e+00	8.492628963061324043e+01
3.747904795418762980e+00	8.490259296700885727e+01
3.754190633281219380e+00	8.490031905314368998e+01
3.760478208018912749e+00	8.466414200715067295e+01
3.766755538573464346e+00	8.461759502378420450e+01
3.773032090135151506e+00	8.479065893311727109e+01
3.779322553012896879e+00	8.455955219552537017e+01
3.785609109731308930e+00	8.471824391691613698e+01
3.791889825936295200e+00	8.465153644643193331e+01
3.798174822702435893e+00	8.466462220388865489e+01
3.804458658753491651e+00	8.445783364066708998e+01
3.810738438095723435e+00	8.454415571510864424e+01
3.817018850285747167e+00	8.449769875615012893e+01
3.823305314209427763e+00	8.449985831362158706e+01
3.829591295197792178e+00	8.447455604616069991e+01
3.835872296070849341e+00	8.446316327868822782e+01
3.842156279590906109e+00	8.436099541126925772e+01
3.848441511099312429e+00	8.460033444486734311e+01
3.854723334376886079e+00	8.447474519551185779e+01
3.861004740704794713e+00	8.451471325071879903e+01
3.867284336650660848e+00	8.435384889172884471e+01
3.873567367678779849e+00	8.440915581182524363e+01
3.879850662830422792e+00	8.445081674544157124e+01
3.886137063198143338e+00	8.445572704309842038e+01
3.892419463049126005e+00	8.441668299750607218e+01
3.898703740328622658e+00	8.458543682983672340e+01
3.904991458788179326e+00	8.437632435742527548e+01
3.911270842222104083e+00	8.439282547735105311e+01
3.917549806479573071e+00	8.431694295153359064e+01
3.923836006203090587e+00	8.446343972242598852e+01
3.930121452497870926e+00	8.437688061270142725e+01
3.936398172858230460e+00	8.465984052751896627e+01
3.942683040425962293e+00	8.454251375888892994e+01
3.948974759704379611e+00	8.453740812575475161e+01
3.955259227995065352e+00	8.460495967104702686e+01
3.961537174921395454e+00	8.472235823478831662e+01
3.967820217617139544e+00	8.487533292978919519e+01
3.974105559832568968e+00	8.470746718691979993e+01
3.980384727931198352e+00	8.476676308346397093e+01
3.986664590839849698e+00	8.484758802536281053e+01
3.992949619150675034e+00	8.479139120133490337e+01
3.999235075769965952e+00	8.491398726377840944e+01
4.005515715515433506e+00	8.493791526255640179e+01
4.011798434346478537e+00	8.498418716232974646e+01
4.018083716245132386e+00	8.506333770869856892e+01
4.024365700052603856e+00	8.522410657149764290e+01
4.030643960839860540e+00	8.522309989059789359e+01
4.036928708926215137e+00	8.532667483024759747e+01
4.043218157412017177e+00	8.524257420143554498e+01
4.049503019487663558e+00	8.533305151836204061e+01
4.055781898960511000e+00	8.560456763139526970e+01
4.062060795621602161e+00	8.556196033557353076e+01
4.068347865354716042e+00	8.559240047489019787e+01
4.074631027173265529e+00	8.577127625943897726e+01
4.080910837526078971e+00	8.571061536496051758e+01
4.087201203341442657e+00	8.617185411700005204e+01
4.093486818591942189e+00	8.601106300708147501e+01
4.099764387336505500e+00	8.618335170366270859e+01
4.106049166937662420e+00	8.629282880271780698e+01
4.112334559041358695e+00	8.641094091172570302e+01
4.118618926059533614e+00	8.667379979455732553e+01
4.124898942031112625e+00	8.634014997143097503e+01
4.131175432561665417e+00	8.686662131148523258e+01
4.137461563786142271e+00	8.685550206820695962e+01
4.143746006210170307e+00	8.674382208829183583e+01
4.150029800482964326e+00	8.696034615442994209e+01
4.156313390684649001e+00	8.727410980319109512e+01
4.162596105843763716e+00	8.743852379580832235e+01
4.168881843141768684e+00	8.728037802211474627e+01
4.175162111073220217e+00	8.780375812664512125e+01
4.181448573417560155e+00	8.764885702063384088e+01
4.187738782464171194e+00	8.786154195444318304e+01
4.194017437180169061e+00	8.813082744564054849e+01
4.200293572701767175e+00	8.801056191263695894e+01
4.206580195481546269e+00	8.840571380143288138e+01
4.212860644652220543e+00	8.843890209577243411e+01
4.219138153430114002e+00	8.886554314845915314e+01
4.225426162098283811e+00	8.877569387212471952e+01
4.231713506719782636e+00	8.898624142949380200e+01
4.237990056577191744e+00	8.935542205886179090e+01
4.244267783646744618e+00	8.925319554048154203e+01
4.250560660182562955e+00	8.970149566432694144e+01
4.256847734842668096e+00	8.958563048612754187e+01
4.263127100734456221e+00	8.994442388746669792e+01
4.269406860432507500e+00	9.013849071665313772e+01
4.275691671482192646e+00	9.033792718808695099e+01
4.281972414189518794e+00	9.050886423910270651e+01
4.288253516806755705e+00	9.079793199035128737e+01
4.294540520160492925e+00	9.047258015284153032e+01
4.300825742921731809e+00	9.113457533969770452e+01
4.307109835491901961e+00	9.119805644788041832e+01
4.313390926478413157e+00	9.146783749169961197e+01
4.319667979480563247e+00	9.121088179058482126e+01
4.325952598143786076e+00	9.194298317273997156e+01
4.332241647035422361e+00	9.187108313361221690e+01
4.338524445619096781e+00	9.204224359283294632e+01
4.344809348131129845e+00	9.242418172974720392e+01
4.351090699193166600e+00	9.275644938813024964e+01
4.357369710808320029e+00	9.311514727263167401e+01
4.363659348967174445e+00	9.272823566094889713e+01
4.369947418280990981e+00	9.329352373186141278e+01
4.376226569265827315e+00	9.342598632800213920e+01
4.382499356631129217e+00	9.358733074870009716e+01
4.388784975178015024e+00	9.373304866025611659e+01
4.395068696309480494e+00	9.361158978312700185e+01
4.401347962382031298e+00	9.436973582390312743e+01
4.407628405096517099e+00	9.437047503842180163e+01
4.413915862185140426e+00	9.441505677340474278e+01
4.420203163534264235e+00	9.479716535427475321e+01
4.426480311003382795e+00	9.471408759692376123e+01
4.432765973643649104e+00	9.517599734411997758e+01
4.439053392023870614e+00	9.496197993172241070e+01
4.445336141335588742e+00	9.529944693554359958e+01
4.451617241414883352e+00	9.556480290183368709e+01
4.457901500730311106e+00	9.543322738126241234e+01
4.464189501093017043e+00	9.581195662760664788e+01
4.470470197548729985e+00	9.562910698172541402e+01
4.476748044268524573e+00	9.590464264845395803e+01
4.483035990164653484e+00	9.569634506556387521e+01
4.489323331650528104e+00	9.593461318986831543e+01
4.495599111667934800e+00	9.586562948076812063e+01
4.501870922878794090e+00	9.587171369742041804e+01
4.508155162877705457e+00	9.610068762821440203e+01
4.514446451153479423e+00	9.578897853799506379e+01
4.520723894043856994e+00	9.610054934359972378e+01
4.527003782460155890e+00	9.579988004870955365e+01
4.533293086610313161e+00	9.574413308467920558e+01
4.539578989864040182e+00	9.566848268821756562e+01
4.545857164866476730e+00	9.520973230657777719e+01
4.552138955546025656e+00	9.487541209352865224e+01
4.558432046889146605e+00	9.486068388197109869e+01
4.564713463378488711e+00	9.474187337187194657e+01
4.570987274133244682e+00	9.463775942338618563e+01
4.577274818151045643e+00	9.444134397884663201e+01
4.583563263889338657e+00	9.460708875917109140e+01
4.589844917004465508e+00	9.456790870023345974e+01
4.596126259982004747e+00	9.445570651638999493e+01
4.602409075598298926e+00	9.474075453709754413e+01
4.608696634867644804e+00	9.475611661376589723e+01
4.614977646498861219e+00	9.456593173706492905e+01
4.621258953029527383e+00	9.459002191052063324e+01
4.627547993978874175e+00	9.476609669728672714e+01
4.633830152730579854e+00	9.501116000877009071e+01
4.640104005367354567e+00	9.530498105580853974e+01
4.646382060386754276e+00	9.520090345323747272e+01
4.652674213731970987e+00	9.499327923489576619e+01
4.658958291796220230e+00	9.519071939426007134e+01
4.665233615070169648e+00	9.525477450971764881e+01
4.671520675710307380e+00	9.540608173528472946e+01
4.677814351732177300e+00	9.554571914307341274e+01
4.684093699744638073e+00	9.538397593670568142e+01
4.690368661472568590e+00	9.580837787239360637e+01
4.696663270746453733e+00	9.562382547244887121e+01
4.702945459248681459e+00	9.575083718285733880e+01
4.709209170841929470e+00	9.581582102554169467e+01
4.715491634753063543e+00	9.598032499346524560e+01
4.721784316284933780e+00	9.627123046422416053e+01
4.728063062331094635e+00	9.659973953011910908e+01
4.734337423381671073e+00	9.656408561546345481e+01
4.740627024094544062e+00	9.685993415268600870e+01
4.746914995664547554e+00	9.719733808657602481e+01
4.753194740071086777e+00	9.753387563689437911e+01
4.759478891864783456e+00	9.730000984711317358e+01
4.765762396877359031e+00	9.729179377446378396e+01
4.772049481246195768e+00	9.763079359054354711e+01
4.778335091022592351e+00	9.815935969934923833e+01
4.784610831402393849e+00	9.845044903090797561e+01
4.790907306208476157e+00	9.885077499708951621e+01
4.797204047706418173e+00	9.865955563282682306e+01
4.803470827697504220e+00	9.873158028541254794e+01
4.809748850577324042e+00	9.916958450776436962e+01
4.816045316586602176e+00	9.964519855155957373e+01
4.822329240673497885e+00	9.954959328498141247e+01
4.828596758226470165e+00	9.976523957247316332e+01
4.834890332961369275e+00	1.003925942484769820e+02
4.841191655056394261e+00	1.008732286582663420e+02
4.847460407468000554e+00	1.009096853983556770e+02
4.853732128521334843e+00	1.008924698604392205e+02
4.860029138783373170e+00	1.011509945011633107e+02
4.866314601732018019e+00	1.013784918677687585e+02
4.872587026269203925e+00	1.017839735374515726e+02
4.878874221748241702e+00	1.024470239319330034e+02
4.885171078138658807e+00	1.023046861903170566e+02
4.891450629931857641e+00	1.032006912558559009e+02
4.897716482750221978e+00	1.036088952303988009e+02
4.904002834596266069e+00	1.033778556653209648e+02
4.910295858205786068e+00	1.043243474853129982e+02
4.916575188115905881e+00	1.046512643651982160e+02
4.922847946197084212e+00	1.055095637686431758e+02
4.929131667457151700e+00	1.050783776913844321e+02
4.935434460144239033e+00	1.057464091531787318e+02
4.941718513303545279e+00	1.061681015757893931e+02
4.947978624761803168e+00	1.068858524578760552e+02
4.954274999209829389e+00	1.070050534247017140e+02
4.960571094729937514e+00	1.070879975017187036e+02
4.966823207626954506e+00	1.077381844895299992e+02
4.973097418390337587e+00	1.082898959333784603e+02
4.979415129936382023e+00	1.086982528656282057e+02
4.985702082330368157e+00	1.092533729120204100e+02
4.991949985828016523e+00	1.090902731747067236e+02
4.998241586316924057e+00	1.106593653902771877e+02
5.004556635606089543e+00	1.100877373204704668e+02
5.010828655701208945e+00	1.111927022804426315e+02
5.017077229702536556e+00	1.109460991179639393e+02
5.023374414758113637e+00	1.119597426274458769e+02
5.029688873569548413e+00	1.127050002476140946e+02
5.035958413584124216e+00	1.135517700218442485e+02
5.042232667658486989e+00	1.139811774783826479e+02
5.048528755870775875e+00	1.147091860104678176e+02
5.054821121427484520e+00	1.144753725582956321e+02
5.061069509814582368e+00	1.162216664629549001e+02
5.067347812754101177e+00	1.153074502668912942e+02
5.073675050630431116e+00	1.160254264631278005e+02
5.079945928388977627e+00	1.171844301699767641e+02
5.086192992546071601e+00	1.185890544159773725e+02
5.092484128970163226e+00	1.189362368962625709e+02
5.098802924706086870e+00	1.195263780714198845e+02
5.105078217426394005e+00	1.199275078222568283e+02
5.111325076574067872e+00	1.207878503177821727e+02
5.117628358851224135e+00	1.215184037925953504e+02
5.123935939383525984e+00	1.225773974667070405e+02
5.130199176325612065e+00	1.247326640853539317e+02
5.136469985878846956e+00	1.232862782484758100e+02
5.142797788696348071e+00	1.242083025348216694e+02
5.149090378043822192e+00	1.252679839115748166e+02
5.155289879840074363e+00	1.264953164684651483e+02
5.161564521234301317e+00	1.272222029455281813e+02
5.167916673496016244e+00	1.281014711577469996e+02
5.174205974602950064e+00	1.288357909180780325e+02
5.180434820793812456e+00	1.305696342861595269e+02
5.186729096569634656e+00	1.308112160719722112e+02
5.193058481037780894e+00	1.317695939482674135e+02
5.199319511444338460e+00	1.336291365931401458e+02
5.205574295584361799e+00	1.334765407556720334e+02
5.211894977074066126e+00	1.346193864799366509e+02
5.218201708336958511e+00	1.356483412869072254e+02
5.224411911780083351e+00	1.364588121430816443e+02
5.230677632666463239e+00	1.384662899500365256e+02
5.237056729559757429e+00	1.396721682239021618e+02
5.243336785035660697e+00	1.409071490263983151e+02
5.249493476178225038e+00	1.421262880729226197e+02
5.255787017738318134e+00	1.423161107099424783e+02
5.262205327426889845e+00	1.422554097211613566e+02
5.268477758348532269e+00	1.453175085980570884e+02
5.274632213654732560e+00	1.449240333572573434e+02
5.280950543314659740e+00	1.465830643255353891e+02
5.287327645024750389e+00	1.475496256509779300e+02
5.293582359180156516e+00	1.502103969334417570e+02
5.299789992649893478e+00	1.509564746035396468e+02
5.306111460381987222e+00	1.520010828543772448e+02
5.312452717892129250e+00	1.548292431697145730e+02
5.318650122853046724e+00	1.551609776075175091e+02
5.324923043129819789e+00	1.565543829992381006e+02
5.331330237158205421e+00	1.575811510238120547e+02
5.337586726886338617e+00	1.612230828580497644e+02
5.343685192440848830e+00	1.632617781075408345e+02
5.350070659715249199e+00	1.636010603666792917e+02
5.356556762554878226e+00	1.636602673196701687e+02
5.362691868684501095e+00	1.670382059090206326e+02
5.368769208912516966e+00	1.678118548584024552e+02
5.375270137997677722e+00	1.700565598626164103e+02
5.381769983045385786e+00	1.679073748749066510e+02
5.387701030372958222e+00	1.726341017613619897e+02
5.393786668001271600e+00	1.726513394701694324e+02
5.400446161099396569e+00	1.747064093466704833e+02
5.406957063684501463e+00	1.795038436606655239e+02
5.412655672453426270e+00	1.804078715372455122e+02
5.418821279260546575e+00	1.850480548601424573e+02
5.425690594366304076e+00	1.816885120774574318e+02
5.432217487502165376e+00	1.873849131834602417e+02
5.437649811577258241e+00	1.920094658540167529e+02
5.443914404015878006e+00	1.931106893467986652e+02
5.450953501686320202e+00	1.899496084454116271e+02
5.457483690405861232e+00	2.009361971665438773e+02
5.462715250135157241e+00	2.036682004057675215e+02
5.469033575551323523e+00	2.027843005308102136e+02
5.476177730420278778e+00	1.976974733153249986e+02
5.482708935702562236e+00	1.943955521918388456e+02
5.487722405008360838e+00	2.012504070435757058e+02
5.494194284996126498e+00	2.072645223037788185e+02
5.501391471009256406e+00	2.118733933580552673e+02
5.507128202673079009e+00	2.056440488857940636e+02
5.512278020050448646e+00	2.115871536126801971e+02
5.519395563377015534e+00	2.218502797231408579e+02
5.526598678609708770e+00	2.284617615462031779e+02
5.532162682462509196e+00	2.440439307658188568e+02
5.537397124017139127e+00	2.226963256473967760e+02
5.544582756485218589e+00	2.327351647200752893e+02
5.551739327507637434e+00	2.028846556807779677e+02
5.557493306674907707e+00	2.691162741151508726e+02
5.562281709102816940e+00	2.692265165173495234e+02
5.569272720323164449e+00	5.048224144980033401e+01
