8.899641224696953554e-03	3.064424857589487874e+04
1.507912216506557788e-02	3.387059040315823222e+04
2.144790186456836667e-02	3.126255041115623317e+04
2.783660776489276650e-02	2.647735323011948276e+04
3.435099785803411021e-02	2.106266586560912765e+04
4.047886761425745911e-02	1.547803088320192728e+04
4.676716683575679601e-02	1.400179446815882875e+04
5.308225101765951665e-02	1.340693402150911606e+04
5.945362440940590160e-02	1.180359212822385962e+04
6.576224814588792211e-02	1.104799429689370299e+04
7.196632906698736953e-02	1.041217424514890627e+04
7.827860915688347743e-02	9.559008776275817581e+03
8.470398945834539672e-02	7.910347525226889047e+03
9.096854620527369817e-02	7.080532821723806592e+03
9.720789776830213169e-02	6.169524084920598398e+03
1.034763038959366499e-01	5.996868675698251536e+03
1.097576444254559219e-01	5.243137639734222830e+03
1.160543084780093354e-01	5.066011103993861070e+03
1.223669666537485351e-01	4.693631988113535954e+03
1.286817263090294094e-01	4.522753831711155726e+03
1.349500801664080818e-01	4.185536084989692426e+03
1.411949558842147678e-01	3.984364081124126642e+03
1.475133575747468451e-01	3.623796865979871654e+03
1.537865074252268427e-01	3.384999697635390476e+03
1.600657544051110326e-01	3.150186923692312121e+03
1.663991168687080635e-01	2.944639955580659716e+03
1.727195645776442856e-01	2.817330702421741989e+03
1.789765213377084718e-01	2.668423037421628123e+03
1.852353690647852158e-01	2.596650802223642131e+03
1.914806787341157279e-01	2.452368161720980424e+03
1.977889868651535599e-01	2.416159865361393713e+03
2.040937735447724277e-01	2.308172511152666175e+03
2.103939302609846018e-01	2.197708523285777119e+03
2.166909709822301688e-01	2.107186839298281484e+03
2.229700281216152047e-01	2.030956361013558080e+03
2.292620027086341994e-01	1.984175631204326919e+03
2.355141508366812297e-01	1.896595723033904505e+03
2.417910583817859116e-01	1.809537918992004961e+03
2.480856539439619257e-01	1.736589879731188830e+03
2.543492256872954549e-01	1.674659520462171031e+03
2.606334251884805386e-01	1.676713943812958178e+03
2.669257370896960802e-01	1.605731999102541067e+03
2.732423343141155980e-01	1.534535383605431207e+03
2.795529680084415936e-01	1.510252605762869734e+03
2.858366292314493129e-01	1.464637920305359103e+03
2.920876271394311496e-01	1.413750169100080257e+03
2.983449844439822751e-01	1.409913029182846685e+03
3.046382639407197446e-01	1.335961234212861882e+03
3.109279127003197196e-01	1.315581020240061207e+03
3.172168171618398036e-01	1.287903063523595392e+03
3.235187567944423082e-01	1.274291036701070198e+03
3.298168217550395687e-01	1.229202881042443323e+03
3.361176429457156667e-01	1.191100506558830602e+03
3.423700375709273769e-01	1.184411581152010285e+03
3.486478192666269682e-01	1.152820847380011401e+03
3.549411614411318028e-01	1.139430087355229489e+03
3.611916935421040642e-01	1.113706369547735903e+03
3.674767089563572564e-01	1.093628218676741881e+03
3.737647795277591056e-01	1.070934994083975198e+03
3.800654031475132477e-01	1.037485432981892018e+03
3.863539861259823738e-01	1.040880889512645808e+03
3.926140181364449755e-01	1.008125036305771800e+03
3.989264500321934581e-01	9.888445687198523046e+02
4.052073244576828714e-01	9.748549010576168712e+02
4.114916477570477182e-01	9.598366790632187531e+02
4.177814272116491257e-01	9.386213035601717820e+02
4.240400648725131116e-01	9.208317751423260233e+02
4.303425690270192283e-01	9.041216614962544327e+02
4.366358560255625965e-01	8.934082347917318430e+02
4.428996183220763605e-01	8.801695293939026215e+02
4.491634418529859563e-01	8.692991523390583097e+02
4.554414146254732731e-01	8.593707630084912807e+02
4.617634470301058558e-01	8.441512235213529038e+02
4.680644242023710433e-01	8.333037361907637433e+02
4.743485242764365895e-01	8.228047988885114137e+02
4.806356136815400082e-01	8.072182317757005876e+02
4.869019258388697646e-01	8.051183701612843606e+02
4.931697099599955947e-01	7.910708803029700675e+02
4.994506747144535908e-01	7.736529942329314053e+02
5.057159051335421429e-01	7.692918372393530717e+02
5.119923996268095356e-01	7.620252011601230606e+02
5.183126097768406826e-01	7.525726193491294680e+02
5.246089638029100000e-01	7.391504576608052730e+02
5.308757308483337267e-01	7.290449432087258401e+02
5.371573527946726934e-01	7.187869607892041586e+02
5.434579563783791256e-01	7.195919246518495811e+02
5.497430652392217842e-01	7.042802179480581799e+02
5.559937427501778773e-01	7.002588510526178425e+02
5.622854676609657654e-01	6.900310127052874805e+02
5.686011537227265711e-01	6.817670936058362940e+02
5.748804589422079614e-01	6.705542947505202847e+02
5.811550210340560296e-01	6.694216279319444993e+02
5.874394496660968468e-01	6.624783899231711075e+02
5.937176220296899176e-01	6.511181192706393404e+02
5.999971954793682505e-01	6.444181667374489280e+02
6.062679115124277596e-01	6.383596437159289962e+02
6.125469576444534381e-01	6.303566224933375679e+02
6.188477733041515272e-01	6.253848565951503815e+02
6.251310567437898813e-01	6.186237644462335084e+02
6.314027450383210560e-01	6.145924385501455163e+02
6.377003562732055375e-01	6.069091370384342099e+02
6.439857783314556494e-01	6.037110153989724495e+02
6.502685417166111925e-01	5.956209633378881563e+02
6.565586117699038216e-01	5.933134298832101194e+02
6.628369282359254377e-01	5.865079920050218334e+02
6.691185444962194362e-01	5.791716967509598817e+02
6.754070198575605755e-01	5.790369401986947651e+02
6.816835514593204692e-01	5.694800716541282100e+02
6.879592533861698112e-01	5.641074473746249396e+02
6.942344317039531587e-01	5.601797528337804124e+02
7.005175402434737908e-01	5.514967146967049985e+02
7.068124956608716758e-01	5.501504723771304270e+02
7.131019009674921527e-01	5.439311672765712729e+02
7.193918251171427247e-01	5.390673092883084792e+02
7.256833807598113140e-01	5.368380447705384313e+02
7.319652682709349989e-01	5.305496098945793619e+02
7.382507990484923344e-01	5.272710353244845010e+02
7.445265842115937893e-01	5.214351667141072539e+02
7.507871101942712455e-01	5.131322236146210116e+02
7.570758465316046459e-01	5.126620987275875905e+02
7.633641233600957365e-01	5.100124852126757560e+02
7.696462959862266917e-01	5.035855093068865926e+02
7.759394865175414102e-01	5.014577668334819691e+02
7.822329141989586843e-01	4.952612385811254399e+02
7.885314936520240181e-01	4.916376422048867312e+02
7.947896566979522071e-01	4.886321058889448636e+02
8.010491096592354809e-01	4.841940870103341013e+02
8.073364061727361651e-01	4.818767875015807931e+02
8.136229488373866170e-01	4.818572436230251128e+02
8.199152998961036776e-01	4.779670605588063381e+02
8.261952636392789762e-01	4.689343528677328550e+02
8.324897070080405914e-01	4.652439868463322341e+02
8.387959309210778480e-01	4.627730750534832396e+02
8.450634639703045181e-01	4.604136230142554496e+02
8.513282867562648182e-01	4.558946727353433062e+02
8.576198263902009566e-01	4.538953062593978984e+02
8.639058477062415697e-01	4.504041214512186571e+02
8.701838745487597837e-01	4.478428379392636316e+02
8.764641096075268534e-01	4.453770722045409798e+02
8.827503873399735745e-01	4.418175090182560893e+02
8.890332768393869323e-01	4.372824964296937083e+02
8.953084247113127780e-01	4.350909052600424047e+02
9.015956521667095602e-01	4.304420920005347284e+02
9.078833328094829680e-01	4.284149990418557081e+02
9.141744106319863450e-01	4.233241133958683236e+02
9.204630817717615043e-01	4.230758051263040898e+02
9.267434415264711456e-01	4.214436792860194032e+02
9.330324197354928906e-01	4.155788828075650372e+02
9.393265785573878812e-01	4.147472050046742424e+02
9.455974810398196650e-01	4.111096944345553652e+02
9.518660018545171964e-01	4.074442895427736744e+02
9.581413255531838757e-01	4.067219363349191212e+02
9.644350945109106954e-01	4.038261445034247004e+02
9.707355633568249820e-01	3.985779484246114635e+02
9.770080768450029041e-01	3.988507477083879849e+02
9.832823325363413414e-01	3.947937228307688997e+02
9.895569691966674686e-01	3.904028257376207875e+02
9.958456301921106979e-01	3.866499721806722505e+02
1.002136210743837408e+00	3.872091762647070823e+02
1.008404825335135424e+00	3.841270389121911535e+02
1.014694149836243398e+00	3.815044276848505547e+02
1.020992555437297167e+00	3.803169122080961984e+02
1.027273980437394485e+00	3.762645150592238679e+02
1.033559181896017254e+00	3.747544201262262504e+02
1.039847557392594934e+00	3.716425056749282021e+02
1.046126974943305088e+00	3.701928215539979306e+02
1.052403436811028659e+00	3.674464038040230207e+02
1.058680704651608684e+00	3.667853260325277347e+02
1.064964333065789193e+00	3.621360323279649265e+02
1.071256777440835473e+00	3.616383133912418657e+02
1.077544048801078125e+00	3.575958204830390628e+02
1.083824820188043603e+00	3.570837515481318860e+02
1.090108023942816695e+00	3.547644044625935180e+02
1.096389665956643222e+00	3.515369174618136867e+02
1.102681132058841440e+00	3.477501500663827869e+02
1.108963047594879958e+00	3.479142152337415723e+02
1.115225428463759272e+00	3.444362986052142332e+02
1.121502127614767863e+00	3.425720817332157253e+02
1.127792573824792033e+00	3.403713543609737258e+02
1.134089552668382961e+00	3.400357221246655399e+02
1.140364049650405942e+00	3.372842501744092374e+02
1.146639180320979445e+00	3.354956505062569363e+02
1.152942412991649901e+00	3.345854687825909650e+02
1.159228906751078814e+00	3.315140107202063291e+02
1.165508721887268173e+00	3.284425456229263318e+02
1.171793076256210320e+00	3.264850741932031610e+02
1.178087436369658958e+00	3.252415613258762050e+02
1.184367654251526902e+00	3.244900334711782079e+02
1.190634642299266632e+00	3.202266343177702765e+02
1.196912208834400859e+00	3.199504864238187452e+02
1.203201577354146234e+00	3.173597104387216632e+02
1.209486844441705733e+00	3.153779803997998670e+02
1.215763902074809888e+00	3.146005396493268904e+02
1.222049755171146668e+00	3.118120779588464870e+02
1.228340616621486969e+00	3.101890137981816338e+02
1.234632986576932767e+00	3.075278240510741625e+02
1.240902247176856488e+00	3.071590489535926167e+02
1.247174839144687519e+00	3.041356158916219670e+02
1.253465459933442272e+00	3.029718953796803476e+02
1.259749951892178421e+00	3.020837040714177988e+02
1.266032143127253873e+00	3.003711089155042373e+02
1.272316288472006507e+00	2.983842670185256907e+02
1.278604155058621350e+00	2.964609240084439534e+02
1.284886588933593865e+00	2.945783670051653189e+02
1.291175420066583257e+00	2.929872660743812958e+02
1.297465726373772332e+00	2.921100768136892043e+02
1.303741827011944299e+00	2.897978664753555904e+02
1.310017322922761851e+00	2.882185464305972005e+02
1.316301447662886703e+00	2.868247852202702575e+02
1.322586760363303249e+00	2.851400000661919307e+02
1.328865492452874664e+00	2.846346956697734640e+02
1.335144804954555564e+00	2.814005819061836178e+02
1.341440516272275119e+00	2.805429054223224057e+02
1.347730868417094552e+00	2.794061627380491473e+02
1.354001589994877630e+00	2.779457982372381366e+02
1.360282609297778444e+00	2.762328536357016446e+02
1.366565686457597906e+00	2.744253774519102649e+02
1.372851498482432708e+00	2.730393819889406473e+02
1.379135372929401804e+00	2.721868770354225830e+02
1.385409567149057164e+00	2.707534753716640807e+02
1.391698641219299315e+00	2.689071597414147732e+02
1.397984451439470810e+00	2.666561263812810125e+02
1.404267883409181961e+00	2.661248373854389229e+02
1.410554779484869181e+00	2.648561611957262016e+02
1.416837833547465397e+00	2.628724377912826071e+02
1.423118177187137068e+00	2.615010958246011228e+02
1.429397801164240089e+00	2.596978059822480418e+02
1.435686921822787232e+00	2.593815485014996511e+02
1.441977121769299597e+00	2.575707298512907073e+02
1.448253667853332427e+00	2.562629623202192306e+02
1.454532348972172651e+00	2.551448423884117460e+02
1.460819319151879903e+00	2.527838146339115042e+02
1.467110364402026468e+00	2.514704144462376973e+02
1.473392908948962132e+00	2.498210864371318678e+02
1.479669965243598950e+00	2.489655572627395657e+02
1.485956144602843532e+00	2.485530147758737769e+02
1.492233610763115115e+00	2.462078016714056901e+02
1.498502470379980078e+00	2.452258450533763039e+02
1.504785752051182701e+00	2.435885365367069824e+02
1.511075991894575976e+00	2.435191103808297726e+02
1.517361634985162189e+00	2.417439193514163094e+02
1.523648570969130533e+00	2.402200343563322349e+02
1.529938035715892264e+00	2.394599699360674379e+02
1.536230176913891965e+00	2.377954790394581437e+02
1.542510718779388279e+00	2.367802053844170302e+02
1.548783963082980275e+00	2.356672137794738831e+02
1.555073069779651318e+00	2.350236394751270836e+02
1.561357324927233892e+00	2.334888254718600535e+02
1.567629121053141006e+00	2.325171062408019793e+02
1.573913697404382583e+00	2.306422232239674770e+02
1.580203545230874029e+00	2.302014868508357495e+02
1.586485393434537983e+00	2.281986847286698321e+02
1.592760014263005841e+00	2.276826419715708596e+02
1.599046436394670812e+00	2.272100451932953433e+02
1.605342136637478934e+00	2.248020528652698147e+02
1.611619860919608627e+00	2.238495450442528352e+02
1.617897597081673799e+00	2.229882638364979925e+02
1.624183235481122756e+00	2.217821991963222104e+02
1.630464598531913722e+00	2.206670457479161485e+02
1.636748985747638274e+00	2.200368128654760937e+02
1.643030923698886259e+00	2.182811235933878322e+02
1.649309176648513064e+00	2.177718169690749050e+02
1.655593633940351861e+00	2.162089642490754784e+02
1.661879571405086464e+00	2.146089040473413547e+02
1.668169361685170271e+00	2.144348992445542024e+02
1.674450151530487485e+00	2.132166393138375895e+02
1.680722718978495900e+00	2.126152861358490895e+02
1.687013891340952476e+00	2.114079424963530016e+02
1.693308984907921033e+00	2.102783902154473594e+02
1.699582147428448486e+00	2.091520057687937424e+02
1.705863747055134105e+00	2.083020636751325867e+02
1.712154434283889470e+00	2.073123769804326457e+02
1.718438381579399321e+00	2.059441527221369483e+02
1.724721264464063930e+00	2.047506759950349249e+02
1.730997441276920679e+00	2.039284331256315284e+02
1.737287073528269499e+00	2.032356066366404832e+02
1.743567991878527401e+00	2.019560756744961054e+02
1.749840680212231048e+00	2.006732978060407788e+02
1.756128549091961144e+00	2.002509359413482741e+02
1.762413535324792502e+00	1.996806226242200353e+02
1.768696187669963837e+00	1.981611533308526418e+02
1.774979359379055266e+00	1.979342165373550131e+02
1.781265555576432957e+00	1.968097698958469266e+02
1.787549427830244619e+00	1.959033709957391238e+02
1.793834120011633004e+00	1.945778269784476322e+02
1.800115051552487300e+00	1.938302089163412063e+02
1.806393904854530330e+00	1.932885820413179374e+02
1.812674089667083432e+00	1.919858220145057714e+02
1.818956920109354058e+00	1.909437099996501388e+02
1.825244164118212220e+00	1.900334262423546079e+02
1.831527256642196955e+00	1.889231962128757516e+02
1.837811294935716599e+00	1.884177300596863631e+02
1.844100717411196744e+00	1.874107971179431615e+02
1.850384816792487230e+00	1.866488184410661688e+02
1.856666059735203822e+00	1.857308610146223771e+02
1.862947728675613979e+00	1.850556194516835546e+02
1.869229324466858078e+00	1.843558459019610609e+02
1.875517616802973686e+00	1.833671449939221816e+02
1.881800769033795229e+00	1.827496300635243074e+02
1.888078863416442710e+00	1.820304300341588828e+02
1.894353975182237582e+00	1.804351228101395463e+02
1.900642716154182565e+00	1.798652519854741740e+02
1.906933494748685121e+00	1.791613261952238929e+02
1.913207568676573933e+00	1.780490794258323319e+02
1.919490884732178992e+00	1.778317001541254285e+02
1.925776855684274480e+00	1.769775440504670030e+02
1.932064452961978152e+00	1.760398988229274266e+02
1.938342610030488800e+00	1.749184983071023396e+02
1.944618341543410178e+00	1.740780348638863018e+02
1.950906260203513876e+00	1.737490012557601915e+02
1.957194556613796488e+00	1.729532003983140953e+02
1.963479614559011432e+00	1.717870121160771362e+02
1.969760361532916226e+00	1.711723776777279227e+02
1.976048367034604736e+00	1.704420562804256178e+02
1.982337990217652335e+00	1.697564618932237295e+02
1.988617489259562721e+00	1.692837063721843265e+02
1.994896320665194178e+00	1.683559178225389985e+02
2.001179596222827151e+00	1.674643265192553088e+02
2.007459756923499761e+00	1.670481379586004209e+02
2.013737397779169935e+00	1.658541325129443464e+02
2.020017234677497164e+00	1.656811759102699000e+02
2.026310251015072783e+00	1.648427190635968316e+02
2.032600542948020284e+00	1.639769891081740525e+02
2.038873863192099289e+00	1.634359120178110061e+02
2.045154087821675404e+00	1.624858600743561965e+02
2.051444704514288730e+00	1.616384951819887590e+02
2.057730430280644729e+00	1.611516508825242511e+02
2.064013940455224461e+00	1.602367022698776395e+02
2.070299891179459895e+00	1.597127950698524046e+02
2.076589719964883951e+00	1.588260429323726441e+02
2.082865483794470673e+00	1.583377577930301072e+02
2.089134494859368640e+00	1.575630809700540169e+02
2.095424211360070288e+00	1.574041557779903258e+02
2.101707116664804254e+00	1.563307784717050879e+02
2.107986473933564309e+00	1.556479403677399489e+02
2.114271806543862375e+00	1.550993787310921164e+02
2.120552717288892275e+00	1.543915683074683329e+02
2.126836933207161717e+00	1.537815607093589279e+02
2.133122044791171845e+00	1.531565989890111439e+02
2.139411711910842673e+00	1.522335707233458209e+02
2.145697076775292089e+00	1.516890288355805581e+02
2.151973548606471276e+00	1.514382914424237470e+02
2.158259913555724108e+00	1.504098808305990360e+02
2.164545396699105506e+00	1.496939791169357648e+02
2.170830700377734068e+00	1.493881195497868077e+02
2.177114138849150393e+00	1.485848990405921768e+02
2.183387647576827018e+00	1.480816077749518058e+02
2.189670273687676971e+00	1.472549478645154011e+02
2.195960147934207463e+00	1.467450784516616125e+02
2.202242556317716371e+00	1.462630287594388676e+02
2.208521655981037668e+00	1.457082843338330349e+02
2.214804637081333016e+00	1.450890302606915157e+02
2.221092583349425276e+00	1.447414771618790894e+02
2.227372893591468728e+00	1.440168629205269895e+02
2.233657161144248171e+00	1.433235560111494351e+02
2.239943485394438660e+00	1.428368719444040664e+02
2.246224175264620815e+00	1.420595170662865314e+02
2.252506378421252009e+00	1.414742819245479666e+02
2.258783417054270437e+00	1.411300641600456061e+02
2.265069077371457684e+00	1.403737426742765138e+02
2.271350377044131452e+00	1.395817501461352776e+02
2.277633995145353918e+00	1.395815142652432996e+02
2.283922419579920149e+00	1.393634688482584068e+02
2.290202874392252674e+00	1.386490989070835838e+02
2.296490779970905560e+00	1.379637657217080289e+02
2.302771769934229162e+00	1.372802118150862327e+02
2.309051364164305564e+00	1.365435114240110295e+02
2.315338502539088239e+00	1.361069487789383743e+02
2.321627336503874428e+00	1.358061083156922280e+02
2.327911878297218795e+00	1.352273833585773843e+02
2.334186238580297168e+00	1.346715791553871782e+02
2.340467971862688401e+00	1.342848689601066781e+02
2.346756940970738725e+00	1.337230813205059121e+02
2.353044444556199988e+00	1.331311602712428339e+02
2.359327653314069906e+00	1.329786022821557765e+02
2.365603048789861607e+00	1.321153788954370896e+02
2.371885911737665165e+00	1.315866089788500233e+02
2.378173303594019572e+00	1.311611481382610691e+02
2.384454016539381271e+00	1.305557156705218915e+02
2.390736447344785187e+00	1.303138477532174306e+02
2.397014133897952259e+00	1.294750987499381552e+02
2.403295490074321972e+00	1.293008950376008102e+02
2.409585049672506862e+00	1.287647478877057381e+02
2.415871703165322071e+00	1.284682215316085490e+02
2.422160652369088840e+00	1.277324845027196432e+02
2.428440167222748691e+00	1.274049697688952563e+02
2.434717472383889803e+00	1.269898736531469581e+02
2.441002456202044257e+00	1.262765244669333242e+02
2.447289980304530488e+00	1.260887621045684028e+02
2.453571844729242279e+00	1.254416658628361461e+02
2.459852705114058846e+00	1.253985623887399186e+02
2.466139233225018934e+00	1.246609728437960456e+02
2.472421963421291391e+00	1.241830838271278026e+02
2.478698519174224568e+00	1.240179287841202864e+02
2.484980841400355800e+00	1.234392678957380980e+02
2.491269319409339822e+00	1.228458393913095108e+02
2.497548505139029373e+00	1.227571312890122925e+02
2.503831667172610853e+00	1.221386513447625077e+02
2.510117938323931153e+00	1.218032303644402958e+02
2.516400733681277480e+00	1.215046398300402046e+02
2.522688226833368130e+00	1.207934436075361333e+02
2.528971695852665569e+00	1.206534875865343253e+02
2.535252039407670299e+00	1.202542746682061363e+02
2.541537514142774512e+00	1.197553897707066852e+02
2.547823008847572179e+00	1.193282685842256399e+02
2.554100666580690238e+00	1.190464551465275349e+02
2.560376788884177301e+00	1.187953409193869732e+02
2.566667521601497359e+00	1.183968536024966340e+02
2.572955062237090473e+00	1.177353840747649656e+02
2.579233771797999175e+00	1.176132693385635974e+02
2.585520164300948220e+00	1.170994638650983291e+02
2.591805130332431872e+00	1.166396442939850431e+02
2.598084074692260881e+00	1.163264609229649409e+02
2.604360404197643586e+00	1.160158101597172333e+02
2.610647185140439142e+00	1.158917183682769831e+02
2.616931864059273138e+00	1.151721822810308282e+02
2.623206107911065565e+00	1.151063759056116851e+02
2.629491626543270844e+00	1.145248889011581213e+02
2.635778507982642349e+00	1.143289985647008962e+02
2.642061039325260818e+00	1.141229935167687444e+02
2.648343840729305843e+00	1.136657903486609626e+02
2.654631838974855551e+00	1.133312683884949479e+02
2.660919001246303761e+00	1.131584265089025791e+02
2.667198525130066056e+00	1.127078290873834447e+02
2.673484307038032526e+00	1.123153712318832049e+02
2.679773388053849459e+00	1.120233444370215352e+02
2.686058217632288692e+00	1.116471998228658009e+02
2.692338738200057868e+00	1.115901657574463286e+02
2.698618022887226964e+00	1.111005858464018843e+02
2.704895450708277860e+00	1.107045658322614798e+02
2.711175674923682166e+00	1.105841843789947063e+02
2.717459832966957922e+00	1.101362713267870248e+02
2.723745731959044569e+00	1.100333954834702581e+02
2.730038414850594730e+00	1.097160351313065263e+02
2.736317989800789441e+00	1.092952984853791492e+02
2.742591858549239703e+00	1.091037987352134877e+02
2.748879749010778362e+00	1.087898817929780080e+02
2.755163403825859447e+00	1.085310612263176893e+02
2.761446955625852073e+00	1.082933664490993237e+02
2.767732088935374701e+00	1.081464051631624272e+02
2.774015452421743966e+00	1.077372771488160765e+02
2.780298635700591436e+00	1.076370890090027785e+02
2.786577474762241380e+00	1.073115336276703147e+02
2.792857983210164541e+00	1.071029678670016949e+02
2.799143790920211483e+00	1.067357475170171028e+02
2.805430058399325244e+00	1.065630997550821490e+02
2.811715058209780072e+00	1.063033473220728098e+02
2.817989272498773623e+00	1.059859925585845133e+02
2.824269171595737760e+00	1.059414393045429676e+02
2.830563016441804081e+00	1.057797149671467025e+02
2.836848750951622034e+00	1.056465500335517618e+02
2.843130027866129783e+00	1.053459956759949279e+02
2.849413896912404986e+00	1.048993841929050319e+02
2.855697464522425566e+00	1.048043526665020266e+02
2.861978799810683594e+00	1.046165553268515112e+02
2.868262469415629567e+00	1.044245584929643229e+02
2.874547359206753860e+00	1.042439415631950652e+02
2.880831111471525041e+00	1.040665144628015639e+02
2.887113216972382546e+00	1.038486598843401936e+02
2.893394504725182781e+00	1.035519241674679591e+02
2.899673662137033592e+00	1.035114301405969144e+02
2.905953958587380814e+00	1.034057865661917219e+02
2.912241118105161064e+00	1.033342987212331821e+02
2.918525996366671205e+00	1.030718263876268992e+02
2.924809035425688819e+00	1.028338887384418285e+02
2.931095916293684933e+00	1.028818665463796407e+02
2.937378182606774413e+00	1.026238968323508942e+02
2.943659980254369923e+00	1.022889005991228828e+02
2.949946454403890250e+00	1.023370143239906866e+02
2.956227653702202307e+00	1.020018351550486244e+02
2.962510478867462993e+00	1.020611008701071540e+02
2.968796535179442309e+00	1.017914520009059203e+02
2.975077657376874907e+00	1.018154578170339590e+02
2.981359866759223376e+00	1.015994542035501667e+02
2.987646761575656562e+00	1.014748440777588314e+02
2.993929038370399365e+00	1.015277970358290816e+02
3.000206214840962726e+00	1.014182331421627197e+02
3.006486172402415669e+00	1.010873778079415786e+02
3.012769812211594456e+00	1.011289724092215465e+02
3.019053144326170113e+00	1.010636266578569007e+02
3.025337405144251424e+00	1.010987416093754518e+02
3.031623734799107961e+00	1.008512702320486198e+02
3.037908962055872575e+00	1.008716015334565554e+02
3.044195067146031608e+00	1.008292773279095655e+02
3.050475543482170426e+00	1.004928317089312486e+02
3.056754954538277502e+00	1.005042312676612539e+02
3.063040539557494668e+00	1.006292191070078275e+02
3.069323699454357346e+00	1.004969390496970334e+02
3.075610692642898769e+00	1.004796417289768584e+02
3.081893798009918584e+00	1.003528948014329245e+02
3.088174549548037717e+00	1.003231042136784481e+02
3.094458635632868493e+00	1.004187978539749224e+02
3.100743982931558840e+00	1.004408768933839013e+02
3.107028111748448396e+00	1.004129067338238741e+02
3.113309299655494300e+00	1.002919892247383444e+02
3.119590662867241626e+00	1.003631593209614863e+02
3.125874006820172912e+00	1.004894880911321025e+02
3.132159251154602586e+00	1.004423587360144268e+02
3.138439172765940643e+00	1.003697895797251078e+02
3.144723867719826593e+00	1.002382561496998363e+02
3.151003951258561031e+00	1.004181320103647579e+02
3.157283664131563139e+00	1.005399270566049381e+02
3.163569317183839935e+00	1.006308561782362148e+02
3.169851661717792091e+00	1.005708363072748881e+02
3.176137704316093657e+00	1.006636337888906212e+02
3.182420924828643916e+00	1.007244398593323638e+02
3.188702811875577581e+00	1.007261184323527345e+02
3.194990520008989865e+00	1.009351607712677605e+02
3.201275324656983834e+00	1.010950245094673789e+02
3.207551352179861759e+00	1.011169211930675687e+02
3.213835216737041645e+00	1.013417698339356861e+02
3.220122579819103770e+00	1.010772989435537852e+02
3.226406606618656525e+00	1.009740842619653165e+02
3.232687390085645429e+00	1.005664538001013568e+02
3.238969121280456331e+00	1.005158884438893949e+02
3.245254751548589667e+00	1.001599434496164776e+02
3.251534499036136783e+00	1.000050995034980730e+02
3.257817780791052442e+00	9.988039539754680618e+01
3.264102164154097263e+00	9.961461075815438448e+01
3.270384152138468892e+00	9.951431565685695091e+01
3.276669427476867735e+00	9.906959543437363891e+01
3.282954688864507808e+00	9.891164347718488159e+01
3.289237200334947264e+00	9.857457026885175821e+01
3.295519587088236779e+00	9.855461670807424923e+01
3.301805977329951958e+00	9.845823017882905503e+01
3.308087486222440088e+00	9.813757715279766103e+01
3.314367630234227313e+00	9.782310234885761702e+01
3.320651909732194262e+00	9.782473085332860308e+01
3.326931260376857047e+00	9.741584318544605026e+01
3.333216512447217728e+00	9.727957899745813108e+01
3.339504489419978128e+00	9.701561136795713480e+01
3.345786804809928405e+00	9.669064497647758571e+01
3.352071130016277767e+00	9.675192965438110093e+01
3.358351496304225581e+00	9.658838523132797604e+01
3.364630591073392019e+00	9.636204461342171612e+01
3.370916305215045483e+00	9.606383687389231341e+01
3.377197952029413752e+00	9.606797858414577718e+01
3.383483063818085501e+00	9.564624809626759827e+01
3.389769992424469969e+00	9.560948164343807321e+01
3.396051330885982100e+00	9.542479694939014223e+01
3.402330879139463971e+00	9.519271164881060088e+01
3.408610488352048495e+00	9.527841014830619315e+01
3.414897837696641236e+00	9.492529911147973110e+01
3.421180484052105619e+00	9.477426410012500924e+01
3.427461639653846870e+00	9.446664771919238035e+01
3.433749159643459059e+00	9.433871774139923616e+01
3.440032646656798310e+00	9.423518537589391997e+01
3.446313366033385339e+00	9.409983801962663108e+01
3.452600135384134905e+00	9.389877451642175288e+01
3.458883152815406703e+00	9.368800854125737487e+01
3.465163834403715448e+00	9.365684585006994212e+01
3.471449329786229221e+00	9.337497374813490580e+01
3.477734476754053894e+00	9.323854237543245915e+01
3.484019652467224226e+00	9.303023118464409436e+01
3.490297019369712928e+00	9.296292035518035846e+01
3.496582486484379970e+00	9.287141845414591046e+01
3.502868048046865024e+00	9.268598225381852274e+01
3.509144649545451244e+00	9.252767086687821063e+01
3.515428082003116295e+00	9.246106770081307502e+01
3.521711031624695565e+00	9.225221998808224555e+01
3.527991850954735664e+00	9.212616287096643930e+01
3.534275545726699885e+00	9.214294110247880099e+01
3.540562632020772149e+00	9.183785026617317726e+01
3.546844410757220789e+00	9.184030172090929511e+01
3.553131386753758836e+00	9.157248153400963986e+01
3.559419203211965144e+00	9.154002705146611163e+01
3.565697971577579839e+00	9.139705359230117665e+01
3.571979559134798254e+00	9.117333106153030542e+01
3.578265774595833726e+00	9.107755893250741508e+01
3.584548309769353125e+00	9.091573758284422979e+01
3.590826843920031486e+00	9.096276165941222303e+01
3.597107306745233934e+00	9.083846219187664417e+01
3.603392831792229245e+00	9.077193793697647095e+01
3.609673209822572559e+00	9.041933490645340044e+01
3.615955412133016189e+00	9.040771749918711464e+01
3.622241607772384686e+00	9.038873243865592144e+01
3.628520252736676444e+00	9.020239409120235052e+01
3.634804827569451113e+00	9.021842438774497452e+01
3.641094981788862928e+00	9.006061011086922008e+01
3.647383514928639325e+00	9.008585233028773587e+01
3.653663283927725658e+00	8.982240797551729372e+01
3.659943504072155296e+00	8.979304611343715692e+01
3.666232000281138603e+00	8.968849170198525655e+01
3.672514211678317597e+00	8.954616569955570071e+01
3.678794154686042539e+00	8.957528254320328642e+01
3.685078621861909820e+00	8.949556287935885734e+01
3.691359210097977961e+00	8.924187462138937121e+01
3.697642368173791105e+00	8.911334198860292588e+01
3.703925796735277665e+00	8.917827635782573736e+01
3.710208240364660348e+00	8.911782780684988836e+01
3.716494593122387169e+00	8.907147294281797656e+01
3.722775386659595398e+00	8.895140999245120383e+01
3.729058392883481510e+00	8.885884116852196257e+01
3.735339748210807720e+00	8.867920780278598158e+01
3.741620776392969638e+00	8.876837540127881709e+01
3.747904795418762980e+00	8.878722771771650457e+01
3.754190633281219380e+00	8.857530853495192957e+01
3.760478208018912749e+00	8.852935941335530856e+01
3.766755538573464346e+00	8.842406650969532222e+01
3.773032090135151506e+00	8.842246951487243223e+01
3.779322553012896879e+00	8.835067716589718145e+01
3.785609109731308930e+00	8.832394701744122756e+01
3.791889825936295200e+00	8.841625162677436833e+01
3.798174822702435893e+00	8.827470308539382415e+01
3.804458658753491651e+00	8.824838230582692233e+01
3.810738438095723435e+00	8.796979667643645939e+01
3.817018850285747167e+00	8.813165555853822752e+01
3.823305314209427763e+00	8.802397956965867820e+01
3.829591295197792178e+00	8.800089217651128592e+01
3.835872296070849341e+00	8.796321686464787604e+01
3.842156279590906109e+00	8.809226731969133084e+01
3.848441511099312429e+00	8.800251665379173005e+01
3.854723334376886079e+00	8.797794042667112535e+01
3.861004740704794713e+00	8.791308155596054519e+01
3.867284336650660848e+00	8.793320636682661018e+01
3.873567367678779849e+00	8.792588260603217520e+01
3.879850662830422792e+00	8.781959558667392685e+01
3.886137063198143338e+00	8.788584800860800783e+01
3.892419463049126005e+00	8.790127029600901665e+01
3.898703740328622658e+00	8.771836323353571174e+01
3.904991458788179326e+00	8.780763749651256944e+01
3.911270842222104083e+00	8.784624812189009901e+01
3.917549806479573071e+00	8.789808712664672896e+01
3.923836006203090587e+00	8.782012054869062467e+01
3.930121452497870926e+00	8.779752938682719332e+01
3.936398172858230460e+00	8.792486178326174695e+01
3.942683040425962293e+00	8.774073106555491108e+01
3.948974759704379611e+00	8.794118586970614615e+01
3.955259227995065352e+00	8.796879653343296468e+01
3.961537174921395454e+00	8.792396041651792871e+01
3.967820217617139544e+00	8.806838039562794052e+01
3.974105559832568968e+00	8.828376809456446495e+01
3.980384727931198352e+00	8.805733745169764859e+01
3.986664590839849698e+00	8.813189011005997031e+01
3.992949619150675034e+00	8.828174569009361505e+01
3.999235075769965952e+00	8.828060175947518928e+01
4.005515715515433506e+00	8.813801861758393841e+01
4.011798434346478537e+00	8.817150295067470722e+01
4.018083716245132386e+00	8.846651588497500995e+01
4.024365700052603856e+00	8.828261710493033831e+01
4.030643960839860540e+00	8.843508390851224021e+01
4.036928708926215137e+00	8.864645003952773550e+01
4.043218157412017177e+00	8.846564918866839378e+01
4.049503019487663558e+00	8.860273752151272220e+01
4.055781898960511000e+00	8.855601683849299377e+01
4.062060795621602161e+00	8.878203403718089248e+01
4.068347865354716042e+00	8.896091225244531131e+01
4.074631027173265529e+00	8.897631239876490383e+01
4.080910837526078971e+00	8.892784654507262587e+01
4.087201203341442657e+00	8.909692694549080727e+01
4.093486818591942189e+00	8.907288873363242487e+01
4.099764387336505500e+00	8.928304626395278376e+01
4.106049166937662420e+00	8.951673967166141210e+01
4.112334559041358695e+00	8.968683441050909266e+01
4.118618926059533614e+00	8.977114456678280874e+01
4.124898942031112625e+00	8.980868626169079505e+01
4.131175432561665417e+00	8.980953927858232078e+01
4.137461563786142271e+00	9.010936146459454221e+01
4.143746006210170307e+00	9.029257378825354863e+01
4.150029800482964326e+00	9.030162421834965869e+01
4.156313390684649001e+00	9.012002753375483621e+01
4.162596105843763716e+00	9.065545185312383580e+01
4.168881843141768684e+00	9.044454502834206266e+01
4.175162111073220217e+00	9.078413240012270080e+01
4.181448573417560155e+00	9.090733834832053617e+01
4.187738782464171194e+00	9.107745481101348162e+01
4.194017437180169061e+00	9.117255317274256754e+01
4.200293572701767175e+00	9.127313882041718784e+01
4.206580195481546269e+00	9.153605675038045320e+01
4.212860644652220543e+00	9.151368263909330381e+01
4.219138153430114002e+00	9.181764717990820657e+01
4.225426162098283811e+00	9.190523267248768491e+01
4.231713506719782636e+00	9.209865782045218907e+01
4.237990056577191744e+00	9.240579961295962619e+01
4.244267783646744618e+00	9.248375287739266071e+01
4.250560660182562955e+00	9.249662994956426587e+01
4.256847734842668096e+00	9.292915454300633371e+01
4.263127100734456221e+00	9.297076266427964697e+01
4.269406860432507500e+00	9.320788113198791791e+01
4.275691671482192646e+00	9.346607395824753439e+01
4.281972414189518794e+00	9.368657469672118054e+01
4.288253516806755705e+00	9.356965826106586803e+01
4.294540520160492925e+00	9.379840021981412690e+01
4.300825742921731809e+00	9.408802149030776718e+01
4.307109835491901961e+00	9.420683249627948896e+01
4.313390926478413157e+00	9.429902038120562224e+01
4.319667979480563247e+00	9.465991470791847462e+01
4.325952598143786076e+00	9.500536895095272882e+01
4.332241647035422361e+00	9.494798472014879565e+01
4.338524445619096781e+00	9.530205094035565594e+01
4.344809348131129845e+00	9.560946556371709448e+01
4.351090699193166600e+00	9.553753855641971882e+01
4.357369710808320029e+00	9.597878000388401176e+01
4.363659348967174445e+00	9.637874391993405254e+01
4.369947418280990981e+00	9.640141600207341810e+01
4.376226569265827315e+00	9.649710147673376071e+01
4.382499356631129217e+00	9.677375757641888754e+01
4.388784975178015024e+00	9.702555141336181066e+01
4.395068696309480494e+00	9.683741946365665854e+01
4.401347962382031298e+00	9.761886664948740133e+01
4.407628405096517099e+00	9.762767362185503828e+01
4.413915862185140426e+00	9.753504576663551973e+01
4.420203163534264235e+00	9.766325167834435206e+01
4.426480311003382795e+00	9.776908103585890331e+01
4.432765973643649104e+00	9.828038678349778934e+01
4.439053392023870614e+00	9.801220099111360184e+01
4.445336141335588742e+00	9.822723555113296356e+01
4.451617241414883352e+00	9.852112069703794361e+01
4.457901500730311106e+00	9.856315080144329954e+01
4.464189501093017043e+00	9.878367367283053113e+01
4.470470197548729985e+00	9.841049069715883491e+01
4.476748044268524573e+00	9.920596721350169389e+01
4.483035990164653484e+00	9.905726441526077508e+01
4.489323331650528104e+00	9.906244921182235430e+01
4.495599111667934800e+00	9.905203304453507940e+01
4.501870922878794090e+00	9.902299021942749846e+01
4.508155162877705457e+00	9.920008141539589985e+01
4.514446451153479423e+00	9.894680326620485289e+01
4.520723894043856994e+00	9.921953745418393567e+01
4.527003782460155890e+00	9.876688398098950472e+01
4.533293086610313161e+00	9.878843408294019923e+01
4.539578989864040182e+00	9.827484330023563075e+01
4.545857164866476730e+00	9.825715093061347716e+01
4.552138955546025656e+00	9.825426276532438408e+01
4.558432046889146605e+00	9.799553061606535209e+01
4.564713463378488711e+00	9.789127053762379660e+01
4.570987274133244682e+00	9.779864461455547087e+01
4.577274818151045643e+00	9.787468363148214223e+01
4.583563263889338657e+00	9.785230572876621125e+01
4.589844917004465508e+00	9.795984584050636101e+01
4.596126259982004747e+00	9.761711328226421358e+01
4.602409075598298926e+00	9.727566300526771670e+01
4.608696634867644804e+00	9.779994778922537080e+01
4.614977646498861219e+00	9.759072718914582367e+01
4.621258953029527383e+00	9.769772549019323549e+01
4.627547993978874175e+00	9.757182983814101362e+01
4.633830152730579854e+00	9.768460520556565996e+01
4.640104005367354567e+00	9.763676516912562420e+01
4.646382060386754276e+00	9.795323746279188981e+01
4.652674213731970987e+00	9.792945055023525924e+01
4.658958291796220230e+00	9.833664458053108604e+01
4.665233615070169648e+00	9.805452148789548517e+01
4.671520675710307380e+00	9.818519944073872807e+01
4.677814351732177300e+00	9.782072466742222616e+01
4.684093699744638073e+00	9.866730039404129116e+01
4.690368661472568590e+00	9.837349160051373076e+01
4.696663270746453733e+00	9.873548824245793298e+01
4.702945459248681459e+00	9.880070938647234868e+01
4.709209170841929470e+00	9.899437256594612222e+01
4.715491634753063543e+00	9.879291875933031974e+01
4.721784316284933780e+00	9.911239167694294849e+01
4.728063062331094635e+00	9.948522240021539176e+01
4.734337423381671073e+00	9.970860605530967291e+01
4.740627024094544062e+00	9.975310213603721365e+01
4.746914995664547554e+00	9.962045393770019075e+01
4.753194740071086777e+00	1.002455390440252785e+02
4.759478891864783456e+00	1.002723995101792411e+02
4.765762396877359031e+00	1.001946420072558084e+02
4.772049481246195768e+00	1.006355860025515767e+02
4.778335091022592351e+00	1.009056603713986249e+02
4.784610831402393849e+00	1.013237837439852171e+02
4.790907306208476157e+00	1.013479235662595244e+02
4.797204047706418173e+00	1.018895702835882275e+02
4.803470827697504220e+00	1.014003619042050701e+02
4.809748850577324042e+00	1.016594941480327066e+02
4.816045316586602176e+00	1.016789037911440232e+02
4.822329240673497885e+00	1.028154525819011837e+02
4.828596758226470165e+00	1.025903321297232083e+02
4.834890332961369275e+00	1.029098963064239314e+02
4.841191655056394261e+00	1.033565160097430322e+02
4.847460407468000554e+00	1.035709376728944591e+02
4.853732128521334843e+00	1.036805260926281704e+02
4.860029138783373170e+00	1.040735757477641386e+02
4.866314601732018019e+00	1.042270403672566914e+02
4.872587026269203925e+00	1.050652627283442229e+02
4.878874221748241702e+00	1.046267266271742642e+02
4.885171078138658807e+00	1.056931856621535388e+02
4.891450629931857641e+00	1.060855691120619042e+02
4.897716482750221978e+00	1.058952054260837059e+02
4.904002834596266069e+00	1.065397773870352722e+02
4.910295858205786068e+00	1.071417767464761681e+02
4.916575188115905881e+00	1.075767730748232793e+02
4.922847946197084212e+00	1.078450696214201656e+02
4.929131667457151700e+00	1.077741413380278033e+02
4.935434460144239033e+00	1.080216553286532104e+02
4.941718513303545279e+00	1.084665874889972201e+02
4.947978624761803168e+00	1.094826610807521377e+02
4.954274999209829389e+00	1.092231569916916385e+02
4.960571094729937514e+00	1.098165202358957373e+02
4.966823207626954506e+00	1.099853544938445395e+02
4.973097418390337587e+00	1.105975347593613947e+02
4.979415129936382023e+00	1.108040360402858227e+02
4.985702082330368157e+00	1.117455198226354440e+02
4.991949985828016523e+00	1.118476814990464874e+02
4.998241586316924057e+00	1.129957672851757309e+02
5.004556635606089543e+00	1.134025779223478168e+02
5.010828655701208945e+00	1.144810962026868992e+02
5.017077229702536556e+00	1.136868015962921419e+02
5.023374414758113637e+00	1.144097276581458829e+02
5.029688873569548413e+00	1.155209370741381889e+02
5.035958413584124216e+00	1.159998016030929904e+02
5.042232667658486989e+00	1.167258865729305484e+02
5.048528755870775875e+00	1.171401803797003112e+02
5.054821121427484520e+00	1.172104424880122480e+02
5.061069509814582368e+00	1.183445399254315475e+02
5.067347812754101177e+00	1.200082145210575675e+02
5.073675050630431116e+00	1.192653308933382874e+02
5.079945928388977627e+00	1.212262318538408863e+02
5.086192992546071601e+00	1.208447706771235772e+02
5.092484128970163226e+00	1.218836579168458627e+02
5.098802924706086870e+00	1.221102028192236304e+02
5.105078217426394005e+00	1.228541895361450145e+02
5.111325076574067872e+00	1.236291778145501894e+02
5.117628358851224135e+00	1.245579721241163185e+02
5.123935939383525984e+00	1.254067074431827820e+02
5.130199176325612065e+00	1.262616964162684212e+02
5.136469985878846956e+00	1.279503357722943946e+02
5.142797788696348071e+00	1.270878472114506650e+02
5.149090378043822192e+00	1.287102586111530798e+02
5.155289879840074363e+00	1.291755667488016286e+02
5.161564521234301317e+00	1.310364131514888868e+02
5.167916673496016244e+00	1.316731818173613249e+02
5.174205974602950064e+00	1.321431418781612592e+02
5.180434820793812456e+00	1.335670957465875119e+02
5.186729096569634656e+00	1.332202682381583259e+02
5.193058481037780894e+00	1.344586480930021821e+02
5.199319511444338460e+00	1.357041622748725729e+02
5.205574295584361799e+00	1.370969087173973264e+02
5.211894977074066126e+00	1.380841063513417168e+02
5.218201708336958511e+00	1.388112366767001618e+02
5.224411911780083351e+00	1.403494241837371703e+02
5.230677632666463239e+00	1.409706413406566128e+02
5.237056729559757429e+00	1.419781406608364591e+02
5.243336785035660697e+00	1.427435097700551978e+02
5.249493476178225038e+00	1.448860171973346951e+02
5.255787017738318134e+00	1.448557135074024700e+02
5.262205327426889845e+00	1.480096940848494000e+02
5.268477758348532269e+00	1.466779428378544878e+02
5.274632213654732560e+00	1.497040321963544045e+02
5.280950543314659740e+00	1.501798257301575745e+02
5.287327645024750389e+00	1.508183802989812250e+02
5.293582359180156516e+00	1.521998085871045703e+02
5.299789992649893478e+00	1.522770294456541649e+02
5.306111460381987222e+00	1.557906819133723673e+02
5.312452717892129250e+00	1.574274793202890521e+02
5.318650122853046724e+00	1.590710098565987778e+02
5.324923043129819789e+00	1.596003480714247473e+02
5.331330237158205421e+00	1.599440845907685969e+02
5.337586726886338617e+00	1.643332074595762720e+02
5.343685192440848830e+00	1.650432017649247314e+02
5.350070659715249199e+00	1.657881600467742089e+02
5.356556762554878226e+00	1.686205503507713672e+02
5.362691868684501095e+00	1.703600391290472658e+02
5.368769208912516966e+00	1.748523558255959642e+02
5.375270137997677722e+00	1.714899343918866066e+02
5.381769983045385786e+00	1.760119591237876762e+02
5.387701030372958222e+00	1.789105288452940954e+02
5.393786668001271600e+00	1.754463456691113379e+02
5.400446161099396569e+00	1.784055080835827596e+02
5.406957063684501463e+00	1.820171256534318047e+02
5.412655672453426270e+00	1.850375177341371398e+02
5.418821279260546575e+00	1.892953360528326243e+02
5.425690594366304076e+00	1.842128815510447168e+02
5.432217487502165376e+00	1.888927296958264037e+02
5.437649811577258241e+00	1.862457160548462696e+02
5.443914404015878006e+00	1.984755157967748858e+02
5.450953501686320202e+00	1.917890587786376670e+02
5.457483690405861232e+00	1.999504991964423084e+02
5.462715250135157241e+00	1.990105473754335321e+02
5.469033575551323523e+00	2.040713963675622722e+02
5.476177730420278778e+00	2.076393438514708691e+02
5.482708935702562236e+00	2.146627429434723524e+02
5.487722405008360838e+00	2.111187952102750103e+02
5.494194284996126498e+00	2.114838487525576625e+02
5.501391471009256406e+00	2.141296341615579593e+02
5.507128202673079009e+00	2.082413993737823148e+02
5.512278020050448646e+00	2.229863282586204036e+02
5.519395563377015534e+00	2.295563682127017842e+02
5.526598678609708770e+00	2.348439594394652374e+02
5.532162682462509196e+00	2.266736687813000515e+02
5.537397124017139127e+00	2.307170519593674101e+02
5.544582756485218589e+00	2.652333269100884081e+02
5.551739327507637434e+00	1.964916121271711518e+02
5.557493306674907707e+00	3.006546653824339614e+02
5.562281709102816940e+00	2.529031184088416069e+02
5.569272720323164449e+00	1.708287621116205059e+02
