8.899641224696953554e-03	2.542480103805419276e+04
1.507912216506557788e-02	3.365998688532344386e+04
2.144790186456836667e-02	3.308529822394211078e+04
2.783660776489276650e-02	2.368164145563298371e+04
3.435099785803411021e-02	1.425125709239485150e+04
4.047886761425745911e-02	1.150837858082459206e+04
4.676716683575679601e-02	9.925599661277017731e+03
5.308225101765951665e-02	9.740336262748967783e+03
5.945362440940590160e-02	8.529419923856841706e+03
6.576224814588792211e-02	7.386083060236913298e+03
7.196632906698736953e-02	6.972017509424601485e+03
7.827860915688347743e-02	5.646845345587114025e+03
8.470398945834539672e-02	4.315063118330467660e+03
9.096854620527369817e-02	3.779631686342026114e+03
9.720789776830213169e-02	3.461898277793691705e+03
1.034763038959366499e-01	3.263424383580903850e+03
1.097576444254559219e-01	3.382343509332242320e+03
1.160543084780093354e-01	3.205320565523547884e+03
1.223669666537485351e-01	2.976184974264640914e+03
1.286817263090294094e-01	2.617355755363128992e+03
1.349500801664080818e-01	2.366362166077633447e+03
1.411949558842147678e-01	2.104147154220173434e+03
1.475133575747468451e-01	1.905781951371356399e+03
1.537865074252268427e-01	1.797024486139233204e+03
1.600657544051110326e-01	1.791177516795559995e+03
1.663991168687080635e-01	1.712922358439495156e+03
1.727195645776442856e-01	1.659382779249468740e+03
1.789765213377084718e-01	1.550373587478250784e+03
1.852353690647852158e-01	1.485652337870123802e+03
1.914806787341157279e-01	1.334172698806766903e+03
1.977889868651535599e-01	1.284993118981818952e+03
2.040937735447724277e-01	1.198817023863796294e+03
2.103939302609846018e-01	1.161068816027044932e+03
2.166909709822301688e-01	1.107751675398937323e+03
2.229700281216152047e-01	1.090953826104998370e+03
2.292620027086341994e-01	1.020405748650565897e+03
2.355141508366812297e-01	9.827536857348719650e+02
2.417910583817859116e-01	9.508395517218054920e+02
2.480856539439619257e-01	9.217540477059648083e+02
2.543492256872954549e-01	8.875207186844090756e+02
2.606334251884805386e-01	8.589035049509620876e+02
2.669257370896960802e-01	8.115743456415899573e+02
2.732423343141155980e-01	7.815444614088848994e+02
2.795529680084415936e-01	7.719716797252108336e+02
2.858366292314493129e-01	7.312529742977111482e+02
2.920876271394311496e-01	7.147362434404922169e+02
2.983449844439822751e-01	6.935569560262031246e+02
3.046382639407197446e-01	6.735824526288251946e+02
3.109279127003197196e-01	6.558285073104423191e+02
3.172168171618398036e-01	6.389925674872158652e+02
3.235187567944423082e-01	6.149490526329234399e+02
3.298168217550395687e-01	6.067710076336909424e+02
3.361176429457156667e-01	5.870933622807743859e+02
3.423700375709273769e-01	5.707384535912589172e+02
3.486478192666269682e-01	5.562757589908710543e+02
3.549411614411318028e-01	5.512651249628211190e+02
3.611916935421040642e-01	5.333579160836596884e+02
3.674767089563572564e-01	5.179899205489166434e+02
3.737647795277591056e-01	5.077073886306136501e+02
3.800654031475132477e-01	4.897194603906466455e+02
3.863539861259823738e-01	4.872124662491860363e+02
3.926140181364449755e-01	4.734395606447159253e+02
3.989264500321934581e-01	4.667155379018090002e+02
4.052073244576828714e-01	4.540835715733510369e+02
4.114916477570477182e-01	4.475734832990085579e+02
4.177814272116491257e-01	4.347750306187947444e+02
4.240400648725131116e-01	4.324127204815039818e+02
4.303425690270192283e-01	4.187053912435602001e+02
4.366358560255625965e-01	4.166369517269788503e+02
4.428996183220763605e-01	4.025525871830853362e+02
4.491634418529859563e-01	3.956723632851051775e+02
4.554414146254732731e-01	3.919782102725410482e+02
4.617634470301058558e-01	3.844123179072932430e+02
4.680644242023710433e-01	3.744747402002173544e+02
4.743485242764365895e-01	3.682674060770316373e+02
4.806356136815400082e-01	3.652522327781636022e+02
4.869019258388697646e-01	3.554764233890714991e+02
4.931697099599955947e-01	3.540091127578888290e+02
4.994506747144535908e-01	3.457414987268462596e+02
5.057159051335421429e-01	3.434935875505321405e+02
5.119923996268095356e-01	3.336275240751195952e+02
5.183126097768406826e-01	3.277225280377764989e+02
5.246089638029100000e-01	3.256757175814677794e+02
5.308757308483337267e-01	3.227377268609236012e+02
5.371573527946726934e-01	3.147909651447207580e+02
5.434579563783791256e-01	3.118605783436135539e+02
5.497430652392217842e-01	3.078490533292660416e+02
5.559937427501778773e-01	3.050026165541943897e+02
5.622854676609657654e-01	3.004577108761207000e+02
5.686011537227265711e-01	2.964490141919671942e+02
5.748804589422079614e-01	2.911218227826034877e+02
5.811550210340560296e-01	2.852121117026360935e+02
5.874394496660968468e-01	2.839291726830179527e+02
5.937176220296899176e-01	2.792559084536307523e+02
5.999971954793682505e-01	2.778838870986532470e+02
6.062679115124277596e-01	2.722559167759894763e+02
6.125469576444534381e-01	2.700424010112295718e+02
6.188477733041515272e-01	2.662644895398398717e+02
6.251310567437898813e-01	2.636741243700726045e+02
6.314027450383210560e-01	2.623477414374490309e+02
6.377003562732055375e-01	2.567739022306705579e+02
6.439857783314556494e-01	2.547518402263822850e+02
6.502685417166111925e-01	2.526572787771363835e+02
6.565586117699038216e-01	2.483384058824663896e+02
6.628369282359254377e-01	2.469613169783336843e+02
6.691185444962194362e-01	2.437980684003325678e+02
6.754070198575605755e-01	2.397940212680694003e+02
6.816835514593204692e-01	2.385287994589767493e+02
6.879592533861698112e-01	2.362551223300939398e+02
6.942344317039531587e-01	2.346356143782751928e+02
7.005175402434737908e-01	2.314423996646976605e+02
7.068124956608716758e-01	2.302258688300404401e+02
7.131019009674921527e-01	2.281834492104024150e+02
7.193918251171427247e-01	2.260838397201340513e+02
7.256833807598113140e-01	2.245605607286167071e+02
7.319652682709349989e-01	2.222742763751314499e+02
7.382507990484923344e-01	2.179623524653685820e+02
7.445265842115937893e-01	2.163488232999199283e+02
7.507871101942712455e-01	2.136543347744491825e+02
7.570758465316046459e-01	2.135411475154883760e+02
7.633641233600957365e-01	2.097413405120176719e+02
7.696462959862266917e-01	2.095532135682191210e+02
7.759394865175414102e-01	2.071387620963797929e+02
7.822329141989586843e-01	2.044059272748651779e+02
7.885314936520240181e-01	2.036874733297183298e+02
7.947896566979522071e-01	2.013730377574277668e+02
8.010491096592354809e-01	1.995216106279538053e+02
8.073364061727361651e-01	1.979152102590838354e+02
8.136229488373866170e-01	1.960828545180550861e+02
8.199152998961036776e-01	1.944733853742904159e+02
8.261952636392789762e-01	1.927847217797971666e+02
8.324897070080405914e-01	1.922010904206269970e+02
8.387959309210778480e-01	1.901101949117040135e+02
8.450634639703045181e-01	1.892425562277240374e+02
8.513282867562648182e-01	1.870269742097396204e+02
8.576198263902009566e-01	1.851529385335241784e+02
8.639058477062415697e-01	1.839169321757615023e+02
8.701838745487597837e-01	1.830710354844576102e+02
8.764641096075268534e-01	1.814521380287339980e+02
8.827503873399735745e-01	1.792431946618724794e+02
8.890332768393869323e-01	1.790078914408022968e+02
8.953084247113127780e-01	1.773055580931803092e+02
9.015956521667095602e-01	1.762182364159864392e+02
9.078833328094829680e-01	1.752899654953339450e+02
9.141744106319863450e-01	1.733072643356857725e+02
9.204630817717615043e-01	1.719879751713575331e+02
9.267434415264711456e-01	1.708232757834842630e+02
9.330324197354928906e-01	1.698105250775262789e+02
9.393265785573878812e-01	1.683558042008474729e+02
9.455974810398196650e-01	1.669925619674140194e+02
9.518660018545171964e-01	1.663463285967052343e+02
9.581413255531838757e-01	1.651693700353060308e+02
9.644350945109106954e-01	1.636305399762241848e+02
9.707355633568249820e-01	1.629974978423305174e+02
9.770080768450029041e-01	1.617647585101199184e+02
9.832823325363413414e-01	1.603952894880358144e+02
9.895569691966674686e-01	1.596245409296157334e+02
9.958456301921106979e-01	1.580069692342398184e+02
1.002136210743837408e+00	1.568551416279388206e+02
1.008404825335135424e+00	1.563402919052474260e+02
1.014694149836243398e+00	1.555610038279668004e+02
1.020992555437297167e+00	1.533972807445908586e+02
1.027273980437394485e+00	1.536307959820554458e+02
1.033559181896017254e+00	1.515855778118264254e+02
1.039847557392594934e+00	1.511858119938642631e+02
1.046126974943305088e+00	1.506465124489573668e+02
1.052403436811028659e+00	1.495075333425159272e+02
1.058680704651608684e+00	1.483669271189577330e+02
1.064964333065789193e+00	1.473812464241446207e+02
1.071256777440835473e+00	1.469977885591222844e+02
1.077544048801078125e+00	1.456834069603401076e+02
1.083824820188043603e+00	1.456025174040070453e+02
1.090108023942816695e+00	1.438200643472923446e+02
1.096389665956643222e+00	1.430420540171776906e+02
1.102681132058841440e+00	1.417139411972117671e+02
1.108963047594879958e+00	1.417249497398522351e+02
1.115225428463759272e+00	1.405622060813776670e+02
1.121502127614767863e+00	1.399026686800514767e+02
1.127792573824792033e+00	1.393290030152134591e+02
1.134089552668382961e+00	1.380830629163012020e+02
1.140364049650405942e+00	1.372457935356642622e+02
1.146639180320979445e+00	1.363375386815243928e+02
1.152942412991649901e+00	1.355090249427983338e+02
1.159228906751078814e+00	1.353186772761473264e+02
1.165508721887268173e+00	1.347124735218300202e+02
1.171793076256210320e+00	1.339610865517269360e+02
1.178087436369658958e+00	1.329737539612229682e+02
1.184367654251526902e+00	1.321335707412118552e+02
1.190634642299266632e+00	1.319531205853259053e+02
1.196912208834400859e+00	1.306939765290285891e+02
1.203201577354146234e+00	1.304378177176392626e+02
1.209486844441705733e+00	1.294831589029204224e+02
1.215763902074809888e+00	1.287530901852566956e+02
1.222049755171146668e+00	1.286350373125773388e+02
1.228340616621486969e+00	1.279618257446617235e+02
1.234632986576932767e+00	1.263362272248233467e+02
1.240902247176856488e+00	1.260776069637562244e+02
1.247174839144687519e+00	1.255979295772232263e+02
1.253465459933442272e+00	1.244463743748458029e+02
1.259749951892178421e+00	1.239393631518447876e+02
1.266032143127253873e+00	1.237723532075325608e+02
1.272316288472006507e+00	1.231335776748315425e+02
1.278604155058621350e+00	1.222437922026307149e+02
1.284886588933593865e+00	1.216265306809208937e+02
1.291175420066583257e+00	1.210533067709072270e+02
1.297465726373772332e+00	1.202223323905376020e+02
1.303741827011944299e+00	1.197335531044808761e+02
1.310017322922761851e+00	1.193425999054799576e+02
1.316301447662886703e+00	1.188373780790100369e+02
1.322586760363303249e+00	1.179238698436780908e+02
1.328865492452874664e+00	1.176544088418076512e+02
1.335144804954555564e+00	1.171674541720376368e+02
1.341440516272275119e+00	1.164842498139516067e+02
1.347730868417094552e+00	1.163662889826659352e+02
1.354001589994877630e+00	1.154919278232504354e+02
1.360282609297778444e+00	1.150012462930417456e+02
1.366565686457597906e+00	1.146920338078859061e+02
1.372851498482432708e+00	1.139379437626277110e+02
1.379135372929401804e+00	1.130468824279914344e+02
1.385409567149057164e+00	1.125609950595234778e+02
1.391698641219299315e+00	1.120516547722913145e+02
1.397984451439470810e+00	1.118286613750103839e+02
1.404267883409181961e+00	1.109806177924417057e+02
1.410554779484869181e+00	1.103156269258284965e+02
1.416837833547465397e+00	1.100968920396791901e+02
1.423118177187137068e+00	1.094848569675633314e+02
1.429397801164240089e+00	1.091770573630811469e+02
1.435686921822787232e+00	1.086994977117578856e+02
1.441977121769299597e+00	1.081283953922898746e+02
1.448253667853332427e+00	1.080522006413579845e+02
1.454532348972172651e+00	1.073189005146222570e+02
1.460819319151879903e+00	1.070129022063041049e+02
1.467110364402026468e+00	1.063989062337003872e+02
1.473392908948962132e+00	1.058988996950608765e+02
1.479669965243598950e+00	1.050557225584881138e+02
1.485956144602843532e+00	1.049299611107663708e+02
1.492233610763115115e+00	1.045182020643803327e+02
1.498502470379980078e+00	1.042461454550443136e+02
1.504785752051182701e+00	1.033276817635359350e+02
1.511075991894575976e+00	1.031373157840186821e+02
1.517361634985162189e+00	1.028543359781243112e+02
1.523648570969130533e+00	1.022907828192972346e+02
1.529938035715892264e+00	1.018195445586014216e+02
1.536230176913891965e+00	1.017050495871990989e+02
1.542510718779388279e+00	1.010887661529488213e+02
1.548783963082980275e+00	1.005843277273730081e+02
1.555073069779651318e+00	1.001444185393020518e+02
1.561357324927233892e+00	9.966279394788662671e+01
1.567629121053141006e+00	9.942809666293476312e+01
1.573913697404382583e+00	9.886165727897851241e+01
1.580203545230874029e+00	9.858092810619244517e+01
1.586485393434537983e+00	9.799778277987090291e+01
1.592760014263005841e+00	9.824021425511303107e+01
1.599046436394670812e+00	9.757023121139941679e+01
1.605342136637478934e+00	9.718018946795791635e+01
1.611619860919608627e+00	9.651096063686117077e+01
1.617897597081673799e+00	9.635399384328796657e+01
1.624183235481122756e+00	9.600045763003539889e+01
1.630464598531913722e+00	9.553462309627319371e+01
1.636748985747638274e+00	9.516333731807198149e+01
1.643030923698886259e+00	9.459073033036301581e+01
1.649309176648513064e+00	9.440150682538347837e+01
1.655593633940351861e+00	9.401740622201931785e+01
1.661879571405086464e+00	9.379449654002972636e+01
1.668169361685170271e+00	9.333730596650222822e+01
1.674450151530487485e+00	9.325764285756346794e+01
1.680722718978495900e+00	9.296233709563796310e+01
1.687013891340952476e+00	9.250797911684783514e+01
1.693308984907921033e+00	9.234300586256424026e+01
1.699582147428448486e+00	9.161322126173618585e+01
1.705863747055134105e+00	9.110282469955429008e+01
1.712154434283889470e+00	9.104501850735191226e+01
1.718438381579399321e+00	9.076043931953184085e+01
1.724721264464063930e+00	9.044428656424952351e+01
1.730997441276920679e+00	9.002621309574560371e+01
1.737287073528269499e+00	8.962413930729385925e+01
1.743567991878527401e+00	8.958442203232435475e+01
1.749840680212231048e+00	8.915942257561238193e+01
1.756128549091961144e+00	8.871469349190152798e+01
1.762413535324792502e+00	8.853503187000866603e+01
1.768696187669963837e+00	8.844683232222233471e+01
1.774979359379055266e+00	8.771136835005542309e+01
1.781265555576432957e+00	8.739934592125480606e+01
1.787549427830244619e+00	8.727986006216590908e+01
1.793834120011633004e+00	8.686560473427097406e+01
1.800115051552487300e+00	8.653901994788608931e+01
1.806393904854530330e+00	8.653685384754588483e+01
1.812674089667083432e+00	8.589708419390446181e+01
1.818956920109354058e+00	8.570218189552984711e+01
1.825244164118212220e+00	8.544592931799073199e+01
1.831527256642196955e+00	8.523339645071813209e+01
1.837811294935716599e+00	8.464572247505101643e+01
1.844100717411196744e+00	8.440578417131156641e+01
1.850384816792487230e+00	8.418008455692097414e+01
1.856666059735203822e+00	8.403717052757667716e+01
1.862947728675613979e+00	8.371487712867144637e+01
1.869229324466858078e+00	8.340382762416558649e+01
1.875517616802973686e+00	8.293325840462289023e+01
1.881800769033795229e+00	8.278310332847173925e+01
1.888078863416442710e+00	8.247250852679556488e+01
1.894353975182237582e+00	8.228310444654090361e+01
1.900642716154182565e+00	8.177427480696562156e+01
1.906933494748685121e+00	8.170220604173533729e+01
1.913207568676573933e+00	8.132797770553517580e+01
1.919490884732178992e+00	8.101680653094173579e+01
1.925776855684274480e+00	8.100831064658117953e+01
1.932064452961978152e+00	8.053849436052698252e+01
1.938342610030488800e+00	8.033977997325493448e+01
1.944618341543410178e+00	7.990477616343842726e+01
1.950906260203513876e+00	7.985194681470208877e+01
1.957194556613796488e+00	7.955466863886960027e+01
1.963479614559011432e+00	7.917161684798824695e+01
1.969760361532916226e+00	7.906794951488018341e+01
1.976048367034604736e+00	7.876215116604277000e+01
1.982337990217652335e+00	7.857076189853130188e+01
1.988617489259562721e+00	7.814355106160608955e+01
1.994896320665194178e+00	7.813442403861294849e+01
2.001179596222827151e+00	7.755300937394049754e+01
2.007459756923499761e+00	7.741532958846281076e+01
2.013737397779169935e+00	7.720892453277670597e+01
2.020017234677497164e+00	7.699622831749567808e+01
2.026310251015072783e+00	7.661579691635139966e+01
2.032600542948020284e+00	7.645920258091410915e+01
2.038873863192099289e+00	7.613314443108313867e+01
2.045154087821675404e+00	7.593780515414069043e+01
2.051444704514288730e+00	7.572743730584210198e+01
2.057730430280644729e+00	7.537325378788577268e+01
2.064013940455224461e+00	7.517112279508707218e+01
2.070299891179459895e+00	7.484291269680842618e+01
2.076589719964883951e+00	7.485781922180869685e+01
2.082865483794470673e+00	7.449981688244170641e+01
2.089134494859368640e+00	7.438487089422950760e+01
2.095424211360070288e+00	7.386200999712458781e+01
2.101707116664804254e+00	7.385898089779962561e+01
2.107986473933564309e+00	7.357676649553653192e+01
2.114271806543862375e+00	7.347981435830681107e+01
2.120552717288892275e+00	7.308090142762804930e+01
2.126836933207161717e+00	7.305088058681023711e+01
2.133122044791171845e+00	7.267481712947611072e+01
2.139411711910842673e+00	7.257906044228302278e+01
2.145697076775292089e+00	7.226004496731601989e+01
2.151973548606471276e+00	7.201733746960331928e+01
2.158259913555724108e+00	7.187886473227703732e+01
2.164545396699105506e+00	7.152316272383949070e+01
2.170830700377734068e+00	7.137047007608207139e+01
2.177114138849150393e+00	7.111636068403834088e+01
2.183387647576827018e+00	7.077994948586928103e+01
2.189670273687676971e+00	7.072756591110250213e+01
2.195960147934207463e+00	7.045414547684916329e+01
2.202242556317716371e+00	7.030982930965305400e+01
2.208521655981037668e+00	7.015603566012497083e+01
2.214804637081333016e+00	6.985255670035260778e+01
2.221092583349425276e+00	6.970988652276425057e+01
2.227372893591468728e+00	6.932230587174645109e+01
2.233657161144248171e+00	6.940839592911123646e+01
2.239943485394438660e+00	6.913827698531689236e+01
2.246224175264620815e+00	6.896532403071275041e+01
2.252506378421252009e+00	6.861383142551061098e+01
2.258783417054270437e+00	6.839400725743288945e+01
2.265069077371457684e+00	6.810098114236770073e+01
2.271350377044131452e+00	6.788938120695432588e+01
2.277633995145353918e+00	6.785558087886811052e+01
2.283922419579920149e+00	6.757346346704906637e+01
2.290202874392252674e+00	6.741472793817411002e+01
2.296490779970905560e+00	6.721943432848316036e+01
2.302771769934229162e+00	6.719768918999393748e+01
2.309051364164305564e+00	6.690495090136155909e+01
2.315338502539088239e+00	6.673118553548235354e+01
2.321627336503874428e+00	6.666080441500288600e+01
2.327911878297218795e+00	6.637414401423508536e+01
2.334186238580297168e+00	6.604427183364560960e+01
2.340467971862688401e+00	6.601726833112438442e+01
2.346756940970738725e+00	6.582472206417094185e+01
2.353044444556199988e+00	6.580092358484364468e+01
2.359327653314069906e+00	6.555393523578800341e+01
2.365603048789861607e+00	6.536543266136942520e+01
2.371885911737665165e+00	6.515049310615165723e+01
2.378173303594019572e+00	6.505866179219147227e+01
2.384454016539381271e+00	6.481554579563228913e+01
2.390736447344785187e+00	6.466314742604157573e+01
2.397014133897952259e+00	6.450771286949009209e+01
2.403295490074321972e+00	6.433156233101222199e+01
2.409585049672506862e+00	6.412702849403326866e+01
2.415871703165322071e+00	6.398626136314869228e+01
2.422160652369088840e+00	6.378006911360529330e+01
2.428440167222748691e+00	6.374666195717841077e+01
2.434717472383889803e+00	6.355988286686044120e+01
2.441002456202044257e+00	6.331363271710885954e+01
2.447289980304530488e+00	6.321842964519325392e+01
2.453571844729242279e+00	6.299432375455545952e+01
2.459852705114058846e+00	6.294530207549847489e+01
2.466139233225018934e+00	6.272921792848421774e+01
2.472421963421291391e+00	6.251231980159254675e+01
2.478698519174224568e+00	6.223937944666393207e+01
2.484980841400355800e+00	6.234678912102911852e+01
2.491269319409339822e+00	6.203835487153213535e+01
2.497548505139029373e+00	6.191303302285360388e+01
2.503831667172610853e+00	6.183448836666864423e+01
2.510117938323931153e+00	6.166333998948694983e+01
2.516400733681277480e+00	6.138984563946728912e+01
2.522688226833368130e+00	6.129444920371032879e+01
2.528971695852665569e+00	6.121184663204561360e+01
2.535252039407670299e+00	6.101797281119535654e+01
2.541537514142774512e+00	6.092797846696539921e+01
2.547823008847572179e+00	6.070890927950409832e+01
2.554100666580690238e+00	6.056104537897402906e+01
2.560376788884177301e+00	6.043197485357033827e+01
2.566667521601497359e+00	6.037007303665837554e+01
2.572955062237090473e+00	6.004228471688492164e+01
2.579233771797999175e+00	6.009396471929837702e+01
2.585520164300948220e+00	5.995387676943531829e+01
2.591805130332431872e+00	5.982243807667973812e+01
2.598084074692260881e+00	5.965736813148036077e+01
2.604360404197643586e+00	5.955949119661758573e+01
2.610647185140439142e+00	5.942400067430686761e+01
2.616931864059273138e+00	5.942042476537141482e+01
2.623206107911065565e+00	5.923168524551482506e+01
2.629491626543270844e+00	5.905040855597491145e+01
2.635778507982642349e+00	5.893634308018069845e+01
2.642061039325260818e+00	5.887629755874278459e+01
2.648343840729305843e+00	5.863911431847121492e+01
2.654631838974855551e+00	5.856788830954484837e+01
2.660919001246303761e+00	5.849758234923397993e+01
2.667198525130066056e+00	5.833669019248631571e+01
2.673484307038032526e+00	5.831368196335102994e+01
2.679773388053849459e+00	5.817648428371781932e+01
2.686058217632288692e+00	5.794263017823100625e+01
2.692338738200057868e+00	5.798960186502856118e+01
2.698618022887226964e+00	5.776794148147325814e+01
2.704895450708277860e+00	5.767958052967913574e+01
2.711175674923682166e+00	5.765078317559529353e+01
2.717459832966957922e+00	5.755747187604574577e+01
2.723745731959044569e+00	5.739486129825402827e+01
2.730038414850594730e+00	5.724451067245209401e+01
2.736317989800789441e+00	5.714444963200039496e+01
2.742591858549239703e+00	5.710769134346811882e+01
2.748879749010778362e+00	5.704468270071903646e+01
2.755163403825859447e+00	5.689815720044644820e+01
2.761446955625852073e+00	5.692671246406744956e+01
2.767732088935374701e+00	5.685041719727122000e+01
2.774015452421743966e+00	5.662482863097547181e+01
2.780298635700591436e+00	5.655188248527495887e+01
2.786577474762241380e+00	5.649648022264254621e+01
2.792857983210164541e+00	5.642490960076243312e+01
2.799143790920211483e+00	5.640589150128340634e+01
2.805430058399325244e+00	5.630060361394956914e+01
2.811715058209780072e+00	5.619738209577266019e+01
2.817989272498773623e+00	5.612701108671652150e+01
2.824269171595737760e+00	5.607655060647246614e+01
2.830563016441804081e+00	5.603345989804417826e+01
2.836848750951622034e+00	5.595189417428552758e+01
2.843130027866129783e+00	5.572129674512237330e+01
2.849413896912404986e+00	5.580472326518462012e+01
2.855697464522425566e+00	5.575243374496794502e+01
2.861978799810683594e+00	5.568969272915667545e+01
2.868262469415629567e+00	5.557312355557959904e+01
2.874547359206753860e+00	5.560057234161349982e+01
2.880831111471525041e+00	5.549114359935798291e+01
2.887113216972382546e+00	5.545668091551981149e+01
2.893394504725182781e+00	5.554374753808415477e+01
2.899673662137033592e+00	5.536148005894072810e+01
2.905953958587380814e+00	5.522388245878052970e+01
2.912241118105161064e+00	5.517376417639563613e+01
2.918525996366671205e+00	5.522162535267887051e+01
2.924809035425688819e+00	5.526849693720679824e+01
2.931095916293684933e+00	5.522450114119104825e+01
2.937378182606774413e+00	5.508923454935591479e+01
2.943659980254369923e+00	5.504535556017774667e+01
2.949946454403890250e+00	5.503606261614382333e+01
2.956227653702202307e+00	5.500370282735534033e+01
2.962510478867462993e+00	5.504817340793800184e+01
2.968796535179442309e+00	5.491456286461841074e+01
2.975077657376874907e+00	5.498872327823360706e+01
2.981359866759223376e+00	5.496144663070126768e+01
2.987646761575656562e+00	5.490880679150712496e+01
2.993929038370399365e+00	5.488969969261817994e+01
3.000206214840962726e+00	5.487333538388616461e+01
3.006486172402415669e+00	5.485685376151258907e+01
3.012769812211594456e+00	5.492140533891584653e+01
3.019053144326170113e+00	5.485498416712621861e+01
3.025337405144251424e+00	5.484767747670778704e+01
3.031623734799107961e+00	5.475389086740436539e+01
3.037908962055872575e+00	5.488476319427008576e+01
3.044195067146031608e+00	5.483035783267087737e+01
3.050475543482170426e+00	5.498108065675859990e+01
3.056754954538277502e+00	5.482004406657499374e+01
3.063040539557494668e+00	5.490525906230119091e+01
3.069323699454357346e+00	5.498542751504625414e+01
3.075610692642898769e+00	5.496168174984443056e+01
3.081893798009918584e+00	5.499891861505066259e+01
3.088174549548037717e+00	5.494757246736035228e+01
3.094458635632868493e+00	5.501503765427184334e+01
3.100743982931558840e+00	5.501197840131909089e+01
3.107028111748448396e+00	5.510455837719824501e+01
3.113309299655494300e+00	5.508985373827805887e+01
3.119590662867241626e+00	5.508407432416780836e+01
3.125874006820172912e+00	5.523430243427139175e+01
3.132159251154602586e+00	5.533182039491072146e+01
3.138439172765940643e+00	5.541541048989795826e+01
3.144723867719826593e+00	5.532213680568494851e+01
3.151003951258561031e+00	5.542512498303875645e+01
3.157283664131563139e+00	5.550774001365397936e+01
3.163569317183839935e+00	5.556474865796693052e+01
3.169851661717792091e+00	5.552562121471707712e+01
3.176137704316093657e+00	5.561434932667360442e+01
3.182420924828643916e+00	5.579121641112143237e+01
3.188702811875577581e+00	5.579015107415612817e+01
3.194990520008989865e+00	5.588950903860348518e+01
3.201275324656983834e+00	5.595380945345281987e+01
3.207551352179861759e+00	5.613605102203536035e+01
3.213835216737041645e+00	5.609982160796884187e+01
3.220122579819103770e+00	5.609045689328846862e+01
3.226406606618656525e+00	5.602841854830881374e+01
3.232687390085645429e+00	5.591107708537530385e+01
3.238969121280456331e+00	5.576971662064253366e+01
3.245254751548589667e+00	5.569957834865362400e+01
3.251534499036136783e+00	5.555535343630483425e+01
3.257817780791052442e+00	5.540875746473339802e+01
3.264102164154097263e+00	5.532712858126320299e+01
3.270384152138468892e+00	5.527067506237523276e+01
3.276669427476867735e+00	5.511955138861760872e+01
3.282954688864507808e+00	5.499588643302307389e+01
3.289237200334947264e+00	5.491688787243528935e+01
3.295519587088236779e+00	5.487309432465135473e+01
3.301805977329951958e+00	5.475854156460663091e+01
3.308087486222440088e+00	5.472381094835520798e+01
3.314367630234227313e+00	5.460812067708945960e+01
3.320651909732194262e+00	5.445248621850007709e+01
3.326931260376857047e+00	5.433468249152388552e+01
3.333216512447217728e+00	5.427836250110699012e+01
3.339504489419978128e+00	5.417088885013949806e+01
3.345786804809928405e+00	5.417314015117941750e+01
3.352071130016277767e+00	5.400719993134870123e+01
3.358351496304225581e+00	5.395890046359387782e+01
3.364630591073392019e+00	5.392503703879928167e+01
3.370916305215045483e+00	5.385469359799778744e+01
3.377197952029413752e+00	5.376210148851743043e+01
3.383483063818085501e+00	5.365418087568074412e+01
3.389769992424469969e+00	5.360940074057820937e+01
3.396051330885982100e+00	5.356139684985610927e+01
3.402330879139463971e+00	5.351028490162729412e+01
3.408610488352048495e+00	5.334836463718540500e+01
3.414897837696641236e+00	5.330676455149071558e+01
3.421180484052105619e+00	5.331553014840920923e+01
3.427461639653846870e+00	5.320496633023326183e+01
3.433749159643459059e+00	5.312971769733318439e+01
3.440032646656798310e+00	5.303040024807908992e+01
3.446313366033385339e+00	5.303735662207936485e+01
3.452600135384134905e+00	5.300399188802550299e+01
3.458883152815406703e+00	5.291507613904501284e+01
3.465163834403715448e+00	5.281963654363806171e+01
3.471449329786229221e+00	5.269560268385740187e+01
3.477734476754053894e+00	5.278084662851112796e+01
3.484019652467224226e+00	5.268162916231277393e+01
3.490297019369712928e+00	5.267139300681484571e+01
3.496582486484379970e+00	5.257875600852228359e+01
3.502868048046865024e+00	5.254316150351435510e+01
3.509144649545451244e+00	5.238566126998846784e+01
3.515428082003116295e+00	5.255729823366714015e+01
3.521711031624695565e+00	5.241540273259220584e+01
3.527991850954735664e+00	5.242817974960446037e+01
3.534275545726699885e+00	5.229978097527005332e+01
3.540562632020772149e+00	5.226009046284976023e+01
3.546844410757220789e+00	5.220703397265709356e+01
3.553131386753758836e+00	5.220926134946391528e+01
3.559419203211965144e+00	5.218526496775034929e+01
3.565697971577579839e+00	5.209494279061387090e+01
3.571979559134798254e+00	5.209234007631948771e+01
3.578265774595833726e+00	5.202396102412370738e+01
3.584548309769353125e+00	5.211509763806575535e+01
3.590826843920031486e+00	5.195327600370079324e+01
3.597107306745233934e+00	5.193543276760553340e+01
3.603392831792229245e+00	5.192201868904012230e+01
3.609673209822572559e+00	5.187643122417181019e+01
3.615955412133016189e+00	5.189604309450405850e+01
3.622241607772384686e+00	5.182146060510901719e+01
3.628520252736676444e+00	5.172213010255686783e+01
3.634804827569451113e+00	5.182469843607182014e+01
3.641094981788862928e+00	5.174915232952416488e+01
3.647383514928639325e+00	5.172095365456146254e+01
3.653663283927725658e+00	5.164589556107480917e+01
3.659943504072155296e+00	5.169605135056037426e+01
3.666232000281138603e+00	5.172423538480821037e+01
3.672514211678317597e+00	5.160098377908477119e+01
3.678794154686042539e+00	5.165364658916580254e+01
3.685078621861909820e+00	5.161271729029942890e+01
3.691359210097977961e+00	5.164496351733610169e+01
3.697642368173791105e+00	5.148897515599854557e+01
3.703925796735277665e+00	5.159556140659577039e+01
3.710208240364660348e+00	5.154780991096328080e+01
3.716494593122387169e+00	5.157458676779021545e+01
3.722775386659595398e+00	5.148204522611327150e+01
3.729058392883481510e+00	5.156864607148636992e+01
3.735339748210807720e+00	5.146915359370201060e+01
3.741620776392969638e+00	5.154104337343049735e+01
3.747904795418762980e+00	5.151744120228497792e+01
3.754190633281219380e+00	5.148739326245078729e+01
3.760478208018912749e+00	5.154067895325900395e+01
3.766755538573464346e+00	5.154426273097521261e+01
3.773032090135151506e+00	5.158131818072232733e+01
3.779322553012896879e+00	5.149512000565840708e+01
3.785609109731308930e+00	5.149969396108294006e+01
3.791889825936295200e+00	5.143747851974121232e+01
3.798174822702435893e+00	5.155111153562847903e+01
3.804458658753491651e+00	5.155082274711237034e+01
3.810738438095723435e+00	5.157674540640016403e+01
3.817018850285747167e+00	5.161564512838260299e+01
3.823305314209427763e+00	5.158834272426459222e+01
3.829591295197792178e+00	5.151914048755343600e+01
3.835872296070849341e+00	5.156504785756704479e+01
3.842156279590906109e+00	5.160319692537936476e+01
3.848441511099312429e+00	5.174270409139754889e+01
3.854723334376886079e+00	5.171182404756810769e+01
3.861004740704794713e+00	5.170788104117047368e+01
3.867284336650660848e+00	5.173931892936501953e+01
3.873567367678779849e+00	5.169680719336217578e+01
3.879850662830422792e+00	5.181437827132262441e+01
3.886137063198143338e+00	5.169833115867858453e+01
3.892419463049126005e+00	5.182960299486051525e+01
3.898703740328622658e+00	5.183025170083000432e+01
3.904991458788179326e+00	5.185212472757456936e+01
3.911270842222104083e+00	5.183226491584220952e+01
3.917549806479573071e+00	5.198598354214505690e+01
3.923836006203090587e+00	5.185302877079625006e+01
3.930121452497870926e+00	5.202719789631157710e+01
3.936398172858230460e+00	5.195733919357383712e+01
3.942683040425962293e+00	5.211086206038403645e+01
3.948974759704379611e+00	5.221925354016018161e+01
3.955259227995065352e+00	5.214042504788893240e+01
3.961537174921395454e+00	5.218891868017684033e+01
3.967820217617139544e+00	5.215827824681542069e+01
3.974105559832568968e+00	5.223307501607721548e+01
3.980384727931198352e+00	5.242016769357100969e+01
3.986664590839849698e+00	5.236415206120079802e+01
3.992949619150675034e+00	5.240335448540530905e+01
3.999235075769965952e+00	5.255230896563763565e+01
4.005515715515433506e+00	5.256489645715381442e+01
4.011798434346478537e+00	5.262361125041030618e+01
4.018083716245132386e+00	5.262785247184083204e+01
4.024365700052603856e+00	5.280826704543584782e+01
4.030643960839860540e+00	5.288676298987048341e+01
4.036928708926215137e+00	5.305156043533482801e+01
4.043218157412017177e+00	5.293807277801923306e+01
4.049503019487663558e+00	5.312433711614557552e+01
4.055781898960511000e+00	5.305088055692849025e+01
4.062060795621602161e+00	5.309957046088148047e+01
4.068347865354716042e+00	5.326649716309896831e+01
4.074631027173265529e+00	5.338269590586381952e+01
4.080910837526078971e+00	5.333523451492710876e+01
4.087201203341442657e+00	5.347820435291204433e+01
4.093486818591942189e+00	5.353857841706981446e+01
4.099764387336505500e+00	5.375383054937955762e+01
4.106049166937662420e+00	5.381701333739010806e+01
4.112334559041358695e+00	5.386803920693748182e+01
4.118618926059533614e+00	5.388885862351443023e+01
4.124898942031112625e+00	5.407562341523313876e+01
4.131175432561665417e+00	5.404733759567823626e+01
4.137461563786142271e+00	5.428808240179302658e+01
4.143746006210170307e+00	5.432503962690500998e+01
4.150029800482964326e+00	5.448603816455226223e+01
4.156313390684649001e+00	5.458222406909319346e+01
4.162596105843763716e+00	5.468880265147861053e+01
4.168881843141768684e+00	5.473437253009685577e+01
4.175162111073220217e+00	5.481767980496516657e+01
4.181448573417560155e+00	5.502796524811816425e+01
4.187738782464171194e+00	5.518167654261359445e+01
4.194017437180169061e+00	5.519775664765628420e+01
4.200293572701767175e+00	5.534134576079909351e+01
4.206580195481546269e+00	5.555387758689451516e+01
4.212860644652220543e+00	5.550840953956828372e+01
4.219138153430114002e+00	5.562919511559035612e+01
4.225426162098283811e+00	5.574941047148875839e+01
4.231713506719782636e+00	5.597538326084747240e+01
4.237990056577191744e+00	5.612120229617465839e+01
4.244267783646744618e+00	5.606673210802063068e+01
4.250560660182562955e+00	5.647983533885130925e+01
4.256847734842668096e+00	5.645140240732288817e+01
4.263127100734456221e+00	5.661497669376477404e+01
4.269406860432507500e+00	5.668739694015105357e+01
4.275691671482192646e+00	5.676581393653712126e+01
4.281972414189518794e+00	5.704894634798507269e+01
4.288253516806755705e+00	5.721834898694806526e+01
4.294540520160492925e+00	5.736090863284315589e+01
4.300825742921731809e+00	5.738052140560222369e+01
4.307109835491901961e+00	5.756973668327255211e+01
4.313390926478413157e+00	5.787971275957131212e+01
4.319667979480563247e+00	5.777972076790271672e+01
4.325952598143786076e+00	5.806100682206228214e+01
4.332241647035422361e+00	5.829510699252423933e+01
4.338524445619096781e+00	5.829459262092507998e+01
4.344809348131129845e+00	5.850256377786261197e+01
4.351090699193166600e+00	5.858096617098501468e+01
4.357369710808320029e+00	5.885446918586251996e+01
4.363659348967174445e+00	5.890174171710941664e+01
4.369947418280990981e+00	5.914543884290446130e+01
4.376226569265827315e+00	5.936171334115478260e+01
4.382499356631129217e+00	5.929220258359642060e+01
4.388784975178015024e+00	5.952381033786968345e+01
4.395068696309480494e+00	5.957093400097215152e+01
4.401347962382031298e+00	5.991680347647210425e+01
4.407628405096517099e+00	6.000317493560036297e+01
4.413915862185140426e+00	6.010483123367863101e+01
4.420203163534264235e+00	6.018980559079590620e+01
4.426480311003382795e+00	6.022188566412344812e+01
4.432765973643649104e+00	6.054223748740783861e+01
4.439053392023870614e+00	6.048734838780924150e+01
4.445336141335588742e+00	6.076221823018645551e+01
4.451617241414883352e+00	6.082478426277091899e+01
4.457901500730311106e+00	6.100702585944112855e+01
4.464189501093017043e+00	6.098372956040038417e+01
4.470470197548729985e+00	6.104138250345483385e+01
4.476748044268524573e+00	6.128486416004385262e+01
4.483035990164653484e+00	6.110742305672090424e+01
4.489323331650528104e+00	6.138270724779656007e+01
4.495599111667934800e+00	6.136198376453386771e+01
4.501870922878794090e+00	6.136760569122979092e+01
4.508155162877705457e+00	6.139064714444467086e+01
4.514446451153479423e+00	6.123550127203129989e+01
4.520723894043856994e+00	6.144667967130947517e+01
4.527003782460155890e+00	6.113409716491015899e+01
4.533293086610313161e+00	6.105742825473181057e+01
4.539578989864040182e+00	6.097219186125590085e+01
4.545857164866476730e+00	6.098494782521289181e+01
4.552138955546025656e+00	6.081748943347389513e+01
4.558432046889146605e+00	6.070796663586249764e+01
4.564713463378488711e+00	6.073106167438650971e+01
4.570987274133244682e+00	6.072370077894012041e+01
4.577274818151045643e+00	6.071473056503008081e+01
4.583563263889338657e+00	6.090723131863509110e+01
4.589844917004465508e+00	6.082237446328151265e+01
4.596126259982004747e+00	6.096672346140140775e+01
4.602409075598298926e+00	6.085884996802354152e+01
4.608696634867644804e+00	6.115111492430445850e+01
4.614977646498861219e+00	6.086492182155588893e+01
4.621258953029527383e+00	6.115099857913723014e+01
4.627547993978874175e+00	6.118133479207200054e+01
4.633830152730579854e+00	6.113927935814677994e+01
4.640104005367354567e+00	6.119444637300145473e+01
4.646382060386754276e+00	6.113008656349000347e+01
4.652674213731970987e+00	6.128280905177031457e+01
4.658958291796220230e+00	6.157670659347839859e+01
4.665233615070169648e+00	6.168647198998981196e+01
4.671520675710307380e+00	6.169128066566027258e+01
4.677814351732177300e+00	6.181948914587116661e+01
4.684093699744638073e+00	6.191000495624655997e+01
4.690368661472568590e+00	6.194478059660129077e+01
4.696663270746453733e+00	6.214998452475290236e+01
4.702945459248681459e+00	6.230374136324597600e+01
4.709209170841929470e+00	6.217059335758548144e+01
4.715491634753063543e+00	6.218019661865212555e+01
4.721784316284933780e+00	6.262783660559298227e+01
4.728063062331094635e+00	6.284463983348225469e+01
4.734337423381671073e+00	6.292224321239026352e+01
4.740627024094544062e+00	6.298879438295032429e+01
4.746914995664547554e+00	6.311707153799260794e+01
4.753194740071086777e+00	6.318942210993176900e+01
4.759478891864783456e+00	6.349374560817512503e+01
4.765762396877359031e+00	6.347093298348286794e+01
4.772049481246195768e+00	6.379755312473925244e+01
4.778335091022592351e+00	6.370154952962028005e+01
4.784610831402393849e+00	6.420203991620300599e+01
4.790907306208476157e+00	6.411486263996600599e+01
4.797204047706418173e+00	6.458718726020202894e+01
4.803470827697504220e+00	6.452446915323045573e+01
4.809748850577324042e+00	6.460450447864234036e+01
4.816045316586602176e+00	6.491133682137419214e+01
4.822329240673497885e+00	6.520443904571952487e+01
4.828596758226470165e+00	6.538650881503411938e+01
4.834890332961369275e+00	6.549957463598587992e+01
4.841191655056394261e+00	6.550164550339549407e+01
4.847460407468000554e+00	6.574061138242234392e+01
4.853732128521334843e+00	6.611390800140986812e+01
4.860029138783373170e+00	6.638162419592929098e+01
4.866314601732018019e+00	6.632458733691730401e+01
4.872587026269203925e+00	6.688288470792311102e+01
4.878874221748241702e+00	6.698131154351729322e+01
4.885171078138658807e+00	6.712637158437664198e+01
4.891450629931857641e+00	6.745460415527297471e+01
4.897716482750221978e+00	6.804279211636954017e+01
4.904002834596266069e+00	6.834358337109854631e+01
4.910295858205786068e+00	6.825645530369418168e+01
4.916575188115905881e+00	6.873245408055775840e+01
4.922847946197084212e+00	6.907030012157323995e+01
4.929131667457151700e+00	6.940783220220141914e+01
4.935434460144239033e+00	6.951328686231978793e+01
4.941718513303545279e+00	6.950353946517174109e+01
4.947978624761803168e+00	7.030268171007361389e+01
4.954274999209829389e+00	7.035831427069659583e+01
4.960571094729937514e+00	7.044253720981650702e+01
4.966823207626954506e+00	7.094571175075149938e+01
4.973097418390337587e+00	7.123034726627487601e+01
4.979415129936382023e+00	7.135739091700430947e+01
4.985702082330368157e+00	7.253588734282058681e+01
4.991949985828016523e+00	7.220557696108697598e+01
4.998241586316924057e+00	7.226008283463110615e+01
5.004556635606089543e+00	7.306296188270258085e+01
5.010828655701208945e+00	7.355417305142898954e+01
5.017077229702536556e+00	7.360518257140958553e+01
5.023374414758113637e+00	7.391972640839263420e+01
5.029688873569548413e+00	7.403170207075258702e+01
5.035958413584124216e+00	7.499262148705537356e+01
5.042232667658486989e+00	7.548542844855894884e+01
5.048528755870775875e+00	7.561362697436119618e+01
5.054821121427484520e+00	7.606848700772447103e+01
5.061069509814582368e+00	7.630144984160423860e+01
5.067347812754101177e+00	7.705567725258570988e+01
5.073675050630431116e+00	7.767487780556518828e+01
5.079945928388977627e+00	7.716642811781936473e+01
5.086192992546071601e+00	7.856071664326506720e+01
5.092484128970163226e+00	7.847535277532342946e+01
5.098802924706086870e+00	7.915617393283243075e+01
5.105078217426394005e+00	7.953943553866128013e+01
5.111325076574067872e+00	7.995271554613751164e+01
5.117628358851224135e+00	8.115604918779035870e+01
5.123935939383525984e+00	8.140690352861271606e+01
5.130199176325612065e+00	8.182044536144096014e+01
5.136469985878846956e+00	8.209840508035146911e+01
5.142797788696348071e+00	8.306487274999619785e+01
5.149090378043822192e+00	8.388788940301793673e+01
5.155289879840074363e+00	8.353998272935689329e+01
5.161564521234301317e+00	8.468110775824769121e+01
5.167916673496016244e+00	8.554589670429258774e+01
5.174205974602950064e+00	8.516800643969405371e+01
5.180434820793812456e+00	8.623750219036590181e+01
5.186729096569634656e+00	8.644923525491167027e+01
5.193058481037780894e+00	8.755321286036920014e+01
5.199319511444338460e+00	8.853261536610585836e+01
5.205574295584361799e+00	8.908110934771778489e+01
5.211894977074066126e+00	8.976473552084216578e+01
5.218201708336958511e+00	9.061901743153060806e+01
5.224411911780083351e+00	9.045368438634838526e+01
5.230677632666463239e+00	9.116968962898913276e+01
5.237056729559757429e+00	9.221893083457331386e+01
5.243336785035660697e+00	9.377404558564990111e+01
5.249493476178225038e+00	9.451071251908733473e+01
5.255787017738318134e+00	9.632432487602692106e+01
5.262205327426889845e+00	9.615229411587435493e+01
5.268477758348532269e+00	9.684136386868919999e+01
5.274632213654732560e+00	9.928584253216017430e+01
5.280950543314659740e+00	9.890495907848676893e+01
5.287327645024750389e+00	1.001703806493067361e+02
5.293582359180156516e+00	9.996729180353482036e+01
5.299789992649893478e+00	1.018594988694450620e+02
5.306111460381987222e+00	1.019319799564863587e+02
5.312452717892129250e+00	1.036409367554010004e+02
5.318650122853046724e+00	1.054647227770440736e+02
5.324923043129819789e+00	1.050688614306585151e+02
5.331330237158205421e+00	1.058925530427475934e+02
5.337586726886338617e+00	1.074540772794503454e+02
5.343685192440848830e+00	1.100264933999357027e+02
5.350070659715249199e+00	1.096588105778912734e+02
5.356556762554878226e+00	1.094785731903935755e+02
5.362691868684501095e+00	1.113190607183379086e+02
5.368769208912516966e+00	1.134487057795535776e+02
5.375270137997677722e+00	1.139384570797970611e+02
5.381769983045385786e+00	1.138656158121953723e+02
5.387701030372958222e+00	1.169991320100927652e+02
5.393786668001271600e+00	1.182488880995797018e+02
5.400446161099396569e+00	1.203846362031243018e+02
5.406957063684501463e+00	1.201283728033044014e+02
5.412655672453426270e+00	1.227313023527205615e+02
5.418821279260546575e+00	1.245321594480513596e+02
5.425690594366304076e+00	1.254258460984999459e+02
5.432217487502165376e+00	1.244154259584613271e+02
5.437649811577258241e+00	1.280736011880269132e+02
5.443914404015878006e+00	1.275189459397062990e+02
5.450953501686320202e+00	1.317984553534303700e+02
5.457483690405861232e+00	1.336662858785112462e+02
5.462715250135157241e+00	1.331782644387248524e+02
5.469033575551323523e+00	1.328265121076739206e+02
5.476177730420278778e+00	1.365107746767556876e+02
5.482708935702562236e+00	1.403025248049856373e+02
5.487722405008360838e+00	1.366929993297231647e+02
5.494194284996126498e+00	1.401201647121689575e+02
5.501391471009256406e+00	1.424792271118087683e+02
5.507128202673079009e+00	1.492752541865880005e+02
5.512278020050448646e+00	1.534018777210242206e+02
5.519395563377015534e+00	1.489714521678160679e+02
5.526598678609708770e+00	1.486904222532807012e+02
5.532162682462509196e+00	1.477916641836279439e+02
5.537397124017139127e+00	1.613189149618829106e+02
5.544582756485218589e+00	1.547082212790481321e+02
5.551739327507637434e+00	1.643015237810690792e+02
5.557493306674907707e+00	1.451562130476953030e+02
5.562281709102816940e+00	1.509668410377965699e+02
5.569272720323164449e+00	2.857773136805323588e+02
