8.899641224696953554e-03	1.513955484855285431e+04
1.507912216506557788e-02	1.998133550841886245e+04
2.144790186456836667e-02	1.373533562108607657e+04
2.783660776489276650e-02	1.514207555388136279e+04
3.435099785803411021e-02	9.690868944499123245e+03
4.047886761425745911e-02	9.335722367304279032e+03
4.676716683575679601e-02	8.151451066888640526e+03
5.308225101765951665e-02	8.672445968385338347e+03
5.945362440940590160e-02	6.882927121677655123e+03
6.576224814588792211e-02	6.119696441337512624e+03
7.196632906698736953e-02	5.277269147692458318e+03
7.827860915688347743e-02	4.464936612999016688e+03
8.470398945834539672e-02	4.096397291902468169e+03
9.096854620527369817e-02	3.725000588325051922e+03
9.720789776830213169e-02	3.391439354783730323e+03
1.034763038959366499e-01	3.309124974227569965e+03
1.097576444254559219e-01	3.206435475553276319e+03
1.160543084780093354e-01	2.946180576516905148e+03
1.223669666537485351e-01	2.658659677735226069e+03
1.286817263090294094e-01	2.386248633095120567e+03
1.349500801664080818e-01	2.182617853185973672e+03
1.411949558842147678e-01	2.042921295347297701e+03
1.475133575747468451e-01	1.957762150417153407e+03
1.537865074252268427e-01	1.875994333626055322e+03
1.600657544051110326e-01	1.804171535310600802e+03
1.663991168687080635e-01	1.773612618024250423e+03
1.727195645776442856e-01	1.642727002345308392e+03
1.789765213377084718e-01	1.483798721765673463e+03
1.852353690647852158e-01	1.391982965536992651e+03
1.914806787341157279e-01	1.347317166170237442e+03
1.977889868651535599e-01	1.271856370227601246e+03
2.040937735447724277e-01	1.209407222141789134e+03
2.103939302609846018e-01	1.199050269570494947e+03
2.166909709822301688e-01	1.164051106468743910e+03
2.229700281216152047e-01	1.122580443614073374e+03
2.292620027086341994e-01	1.079449988240860193e+03
2.355141508366812297e-01	1.017209983492376978e+03
2.417910583817859116e-01	9.969028647551791664e+02
2.480856539439619257e-01	9.437703716271997791e+02
2.543492256872954549e-01	9.074181196873530553e+02
2.606334251884805386e-01	8.906830144761878501e+02
2.669257370896960802e-01	8.564611190779236267e+02
2.732423343141155980e-01	8.271578004979056686e+02
2.795529680084415936e-01	8.117039929842115953e+02
2.858366292314493129e-01	7.719813406028140435e+02
2.920876271394311496e-01	7.565594412596492475e+02
2.983449844439822751e-01	7.259998538288866712e+02
3.046382639407197446e-01	7.000792224852722256e+02
3.109279127003197196e-01	6.827203225467355878e+02
3.172168171618398036e-01	6.749088000493162554e+02
3.235187567944423082e-01	6.569353200274258597e+02
3.298168217550395687e-01	6.354194118355035243e+02
3.361176429457156667e-01	6.210470439687632052e+02
3.423700375709273769e-01	6.092474335244864960e+02
3.486478192666269682e-01	5.936863526611904263e+02
3.549411614411318028e-01	5.840553923781192225e+02
3.611916935421040642e-01	5.674968854191745322e+02
3.674767089563572564e-01	5.501690474296229922e+02
3.737647795277591056e-01	5.413079682894513098e+02
3.800654031475132477e-01	5.280055803164480039e+02
3.863539861259823738e-01	5.128715881805036361e+02
3.926140181364449755e-01	5.050216442248698741e+02
3.989264500321934581e-01	4.990244582879305426e+02
4.052073244576828714e-01	4.893894263511729719e+02
4.114916477570477182e-01	4.783427183167190719e+02
4.177814272116491257e-01	4.684863635022196036e+02
4.240400648725131116e-01	4.585839734348269872e+02
4.303425690270192283e-01	4.519898880815925395e+02
4.366358560255625965e-01	4.497326579538032547e+02
4.428996183220763605e-01	4.382181320969964986e+02
4.491634418529859563e-01	4.244539086406951469e+02
4.554414146254732731e-01	4.212440585967810875e+02
4.617634470301058558e-01	4.158312205758712707e+02
4.680644242023710433e-01	4.070766826344233209e+02
4.743485242764365895e-01	3.991565534565268081e+02
4.806356136815400082e-01	3.960737736799251252e+02
4.869019258388697646e-01	3.884041682464692258e+02
4.931697099599955947e-01	3.861561607654169279e+02
4.994506747144535908e-01	3.781955228827899873e+02
5.057159051335421429e-01	3.743096150880766118e+02
5.119923996268095356e-01	3.696319724820139072e+02
5.183126097768406826e-01	3.609516701957639384e+02
5.246089638029100000e-01	3.548983827762474448e+02
5.308757308483337267e-01	3.527564180917439671e+02
5.371573527946726934e-01	3.465922637378138802e+02
5.434579563783791256e-01	3.436348526335900146e+02
5.497430652392217842e-01	3.408647979056023019e+02
5.559937427501778773e-01	3.353047848951218270e+02
5.622854676609657654e-01	3.307465382569652661e+02
5.686011537227265711e-01	3.228887823411505451e+02
5.748804589422079614e-01	3.212182240789447292e+02
5.811550210340560296e-01	3.175405483849971802e+02
5.874394496660968468e-01	3.141100786282987087e+02
5.937176220296899176e-01	3.100250106345108065e+02
5.999971954793682505e-01	3.071615584975450020e+02
6.062679115124277596e-01	3.029362457045452288e+02
6.125469576444534381e-01	2.983991724094975098e+02
6.188477733041515272e-01	2.958061962333845258e+02
6.251310567437898813e-01	2.909728598318251898e+02
6.314027450383210560e-01	2.910476771420881619e+02
6.377003562732055375e-01	2.856449122798105691e+02
6.439857783314556494e-01	2.829213832123975294e+02
6.502685417166111925e-01	2.807740033326853109e+02
6.565586117699038216e-01	2.779326915235131423e+02
6.628369282359254377e-01	2.760263971001949130e+02
6.691185444962194362e-01	2.730520743508258761e+02
6.754070198575605755e-01	2.713420611059251542e+02
6.816835514593204692e-01	2.654148698123008216e+02
6.879592533861698112e-01	2.631131863470346843e+02
6.942344317039531587e-01	2.619991902482143473e+02
7.005175402434737908e-01	2.579508483027546504e+02
7.068124956608716758e-01	2.576473247801282014e+02
7.131019009674921527e-01	2.555053871811985857e+02
7.193918251171427247e-01	2.523118739797046999e+02
7.256833807598113140e-01	2.513645787940988328e+02
7.319652682709349989e-01	2.490334552635834484e+02
7.382507990484923344e-01	2.453233937492164216e+02
7.445265842115937893e-01	2.430210628394306696e+02
7.507871101942712455e-01	2.412729939328366413e+02
7.570758465316046459e-01	2.382711115275676264e+02
7.633641233600957365e-01	2.378873929087229158e+02
7.696462959862266917e-01	2.354251511832136714e+02
7.759394865175414102e-01	2.342440083037265026e+02
7.822329141989586843e-01	2.320845750499375129e+02
7.885314936520240181e-01	2.285004716242465292e+02
7.947896566979522071e-01	2.284773787471445416e+02
8.010491096592354809e-01	2.262375775121350898e+02
8.073364061727361651e-01	2.239161300957750882e+02
8.136229488373866170e-01	2.226532974738265125e+02
8.199152998961036776e-01	2.208702991511144091e+02
8.261952636392789762e-01	2.185119864422676415e+02
8.324897070080405914e-01	2.171779086913966239e+02
8.387959309210778480e-01	2.157404615214995545e+02
8.450634639703045181e-01	2.142807088988841713e+02
8.513282867562648182e-01	2.128386220848925063e+02
8.576198263902009566e-01	2.106106990259665679e+02
8.639058477062415697e-01	2.086690795442835338e+02
8.701838745487597837e-01	2.076847794105213438e+02
8.764641096075268534e-01	2.067147436416177584e+02
8.827503873399735745e-01	2.044242342647260955e+02
8.890332768393869323e-01	2.027869951854366093e+02
8.953084247113127780e-01	2.028719115749839261e+02
9.015956521667095602e-01	2.018896963487893004e+02
9.078833328094829680e-01	1.998446151338689845e+02
9.141744106319863450e-01	1.986567964825928243e+02
9.204630817717615043e-01	1.954336531704926756e+02
9.267434415264711456e-01	1.956339118354513289e+02
9.330324197354928906e-01	1.945639807368890786e+02
9.393265785573878812e-01	1.938895778128274685e+02
9.455974810398196650e-01	1.917839366979970634e+02
9.518660018545171964e-01	1.899974305840367492e+02
9.581413255531838757e-01	1.898019573931339607e+02
9.644350945109106954e-01	1.888672391520277074e+02
9.707355633568249820e-01	1.859273502206657156e+02
9.770080768450029041e-01	1.848976163675234545e+02
9.832823325363413414e-01	1.846553785035119120e+02
9.895569691966674686e-01	1.837235382540173134e+02
9.958456301921106979e-01	1.817955905190638362e+02
1.002136210743837408e+00	1.802349614160138742e+02
1.008404825335135424e+00	1.804386921925231491e+02
1.014694149836243398e+00	1.786311325769029565e+02
1.020992555437297167e+00	1.780851445357038756e+02
1.027273980437394485e+00	1.767096970065175583e+02
1.033559181896017254e+00	1.759891589941507561e+02
1.039847557392594934e+00	1.750022280736425841e+02
1.046126974943305088e+00	1.730969664128109002e+02
1.052403436811028659e+00	1.729059323027726123e+02
1.058680704651608684e+00	1.713196898765848744e+02
1.064964333065789193e+00	1.708567239243175493e+02
1.071256777440835473e+00	1.700191771891553003e+02
1.077544048801078125e+00	1.685914545824078346e+02
1.083824820188043603e+00	1.676942676135906538e+02
1.090108023942816695e+00	1.670267008072922579e+02
1.096389665956643222e+00	1.663257404371753125e+02
1.102681132058841440e+00	1.655731688673791666e+02
1.108963047594879958e+00	1.650469792856424078e+02
1.115225428463759272e+00	1.641442002017069228e+02
1.121502127614767863e+00	1.626907478806577672e+02
1.127792573824792033e+00	1.615255680286476547e+02
1.134089552668382961e+00	1.604741606304050663e+02
1.140364049650405942e+00	1.599888243174918045e+02
1.146639180320979445e+00	1.593059833482080592e+02
1.152942412991649901e+00	1.581600255006646023e+02
1.159228906751078814e+00	1.579204249414434571e+02
1.165508721887268173e+00	1.568142523248392592e+02
1.171793076256210320e+00	1.562057035662963926e+02
1.178087436369658958e+00	1.547734797310536408e+02
1.184367654251526902e+00	1.542766167174092118e+02
1.190634642299266632e+00	1.537589216282256075e+02
1.196912208834400859e+00	1.532126148079754842e+02
1.203201577354146234e+00	1.521733300265423736e+02
1.209486844441705733e+00	1.512075518289101979e+02
1.215763902074809888e+00	1.507787088350321767e+02
1.222049755171146668e+00	1.498817593886738280e+02
1.228340616621486969e+00	1.486988729464210905e+02
1.234632986576932767e+00	1.479869709680163794e+02
1.240902247176856488e+00	1.474366389204031975e+02
1.247174839144687519e+00	1.475750492252418553e+02
1.253465459933442272e+00	1.461236300211119783e+02
1.259749951892178421e+00	1.452629528678381519e+02
1.266032143127253873e+00	1.449102464432689601e+02
1.272316288472006507e+00	1.443463057446299445e+02
1.278604155058621350e+00	1.434971788895020097e+02
1.284886588933593865e+00	1.433501342625475274e+02
1.291175420066583257e+00	1.424786598210088471e+02
1.297465726373772332e+00	1.417562074949233590e+02
1.303741827011944299e+00	1.409040632756367302e+02
1.310017322922761851e+00	1.402168319475979956e+02
1.316301447662886703e+00	1.394549154880652964e+02
1.322586760363303249e+00	1.394164905029232102e+02
1.328865492452874664e+00	1.390459737561639599e+02
1.335144804954555564e+00	1.385500971036422584e+02
1.341440516272275119e+00	1.369687805509245209e+02
1.347730868417094552e+00	1.365337355912000703e+02
1.354001589994877630e+00	1.364133213033465495e+02
1.360282609297778444e+00	1.358516711981631317e+02
1.366565686457597906e+00	1.353256395230835096e+02
1.372851498482432708e+00	1.340787966147945554e+02
1.379135372929401804e+00	1.341694746523444337e+02
1.385409567149057164e+00	1.330831321498006616e+02
1.391698641219299315e+00	1.328559907017109367e+02
1.397984451439470810e+00	1.321784788810553835e+02
1.404267883409181961e+00	1.315745457902388011e+02
1.410554779484869181e+00	1.310401398010384924e+02
1.416837833547465397e+00	1.308981543769287725e+02
1.423118177187137068e+00	1.302041671364901561e+02
1.429397801164240089e+00	1.295336850869982754e+02
1.435686921822787232e+00	1.293710131892402444e+02
1.441977121769299597e+00	1.282954552216887691e+02
1.448253667853332427e+00	1.285176407233288671e+02
1.454532348972172651e+00	1.273861764953637419e+02
1.460819319151879903e+00	1.269951642631919526e+02
1.467110364402026468e+00	1.264034995439984783e+02
1.473392908948962132e+00	1.260286321196113875e+02
1.479669965243598950e+00	1.252481402651727791e+02
1.485956144602843532e+00	1.250036064755023233e+02
1.492233610763115115e+00	1.245611088046991881e+02
1.498502470379980078e+00	1.239883499487129654e+02
1.504785752051182701e+00	1.234092243750872200e+02
1.511075991894575976e+00	1.229716256573634894e+02
1.517361634985162189e+00	1.226481180215915856e+02
1.523648570969130533e+00	1.221455725115946080e+02
1.529938035715892264e+00	1.213870351214890349e+02
1.536230176913891965e+00	1.208019855399532503e+02
1.542510718779388279e+00	1.207719124016024210e+02
1.548783963082980275e+00	1.200281593780874374e+02
1.555073069779651318e+00	1.193931328868115145e+02
1.561357324927233892e+00	1.190367907031698991e+02
1.567629121053141006e+00	1.187463642278203224e+02
1.573913697404382583e+00	1.184632602621332040e+02
1.580203545230874029e+00	1.181547438271097121e+02
1.586485393434537983e+00	1.175595605342826673e+02
1.592760014263005841e+00	1.169289848717253477e+02
1.599046436394670812e+00	1.163472978662982058e+02
1.605342136637478934e+00	1.160669553826481462e+02
1.611619860919608627e+00	1.159709984969846488e+02
1.617897597081673799e+00	1.153247356474716128e+02
1.624183235481122756e+00	1.151125197405538074e+02
1.630464598531913722e+00	1.147484133106135289e+02
1.636748985747638274e+00	1.140519039756457005e+02
1.643030923698886259e+00	1.139537982573300070e+02
1.649309176648513064e+00	1.134203215513389011e+02
1.655593633940351861e+00	1.126403410341208371e+02
1.661879571405086464e+00	1.126346357297868366e+02
1.668169361685170271e+00	1.119981614870724655e+02
1.674450151530487485e+00	1.116788189203123949e+02
1.680722718978495900e+00	1.111094476729349907e+02
1.687013891340952476e+00	1.109203087437702493e+02
1.693308984907921033e+00	1.102456575923332167e+02
1.699582147428448486e+00	1.100364967721522618e+02
1.705863747055134105e+00	1.095385456665281652e+02
1.712154434283889470e+00	1.092256902252893269e+02
1.718438381579399321e+00	1.088032745228937586e+02
1.724721264464063930e+00	1.084284776490929971e+02
1.730997441276920679e+00	1.080207356873433895e+02
1.737287073528269499e+00	1.076249230143488376e+02
1.743567991878527401e+00	1.073716783429658790e+02
1.749840680212231048e+00	1.069442933272860330e+02
1.756128549091961144e+00	1.067580317764441276e+02
1.762413535324792502e+00	1.065591288026962502e+02
1.768696187669963837e+00	1.058495684587268642e+02
1.774979359379055266e+00	1.057403515384864789e+02
1.781265555576432957e+00	1.052320264562675902e+02
1.787549427830244619e+00	1.047714598713486538e+02
1.793834120011633004e+00	1.048176537201721175e+02
1.800115051552487300e+00	1.041490976183968939e+02
1.806393904854530330e+00	1.037377057255124555e+02
1.812674089667083432e+00	1.035601191095148437e+02
1.818956920109354058e+00	1.032480942528256662e+02
1.825244164118212220e+00	1.028999384431115942e+02
1.831527256642196955e+00	1.024363607784187593e+02
1.837811294935716599e+00	1.018953982910409195e+02
1.844100717411196744e+00	1.016138609367969252e+02
1.850384816792487230e+00	1.014553908665557032e+02
1.856666059735203822e+00	1.009982606157066556e+02
1.862947728675613979e+00	1.009124870103560028e+02
1.869229324466858078e+00	1.004607949268428371e+02
1.875517616802973686e+00	9.992975428996464871e+01
1.881800769033795229e+00	9.967900905494653330e+01
1.888078863416442710e+00	9.932246676124154305e+01
1.894353975182237582e+00	9.894510340162447903e+01
1.900642716154182565e+00	9.881083726465955408e+01
1.906933494748685121e+00	9.848461974961620058e+01
1.913207568676573933e+00	9.798451376611205887e+01
1.919490884732178992e+00	9.783241279746361840e+01
1.925776855684274480e+00	9.745890301139060341e+01
1.932064452961978152e+00	9.730690957799426144e+01
1.938342610030488800e+00	9.686574462365801708e+01
1.944618341543410178e+00	9.648414570106596955e+01
1.950906260203513876e+00	9.647985183475483950e+01
1.957194556613796488e+00	9.616690538685094225e+01
1.963479614559011432e+00	9.546893116383066058e+01
1.969760361532916226e+00	9.549875138417544918e+01
1.976048367034604736e+00	9.511824700023329626e+01
1.982337990217652335e+00	9.474502849878132338e+01
1.988617489259562721e+00	9.440420032376684389e+01
1.994896320665194178e+00	9.408294507195510903e+01
2.001179596222827151e+00	9.382892010159123686e+01
2.007459756923499761e+00	9.343182680504902748e+01
2.013737397779169935e+00	9.346066423630718134e+01
2.020017234677497164e+00	9.280716870004552277e+01
2.026310251015072783e+00	9.279210025223159164e+01
2.032600542948020284e+00	9.218679247286813450e+01
2.038873863192099289e+00	9.204740889329804077e+01
2.045154087821675404e+00	9.184522631222483824e+01
2.051444704514288730e+00	9.161836413085048036e+01
2.057730430280644729e+00	9.155131597077235028e+01
2.064013940455224461e+00	9.080917272537750762e+01
2.070299891179459895e+00	9.078770556001818193e+01
2.076589719964883951e+00	9.018076943079830698e+01
2.082865483794470673e+00	9.020414781677877158e+01
2.089134494859368640e+00	9.010373941551235077e+01
2.095424211360070288e+00	8.967050100890291731e+01
2.101707116664804254e+00	8.925155911529554942e+01
2.107986473933564309e+00	8.912201065391184329e+01
2.114271806543862375e+00	8.890754735684629395e+01
2.120552717288892275e+00	8.838774538519298574e+01
2.126836933207161717e+00	8.839537916779565307e+01
2.133122044791171845e+00	8.800235930747052748e+01
2.139411711910842673e+00	8.774028999001014029e+01
2.145697076775292089e+00	8.750414072867417303e+01
2.151973548606471276e+00	8.721312287059397761e+01
2.158259913555724108e+00	8.691462384422806053e+01
2.164545396699105506e+00	8.655285756497885075e+01
2.170830700377734068e+00	8.643058882857044978e+01
2.177114138849150393e+00	8.625394916988386740e+01
2.183387647576827018e+00	8.596293226624338502e+01
2.189670273687676971e+00	8.588186096179951790e+01
2.195960147934207463e+00	8.533882422133848422e+01
2.202242556317716371e+00	8.512388541889662008e+01
2.208521655981037668e+00	8.478208352160397965e+01
2.214804637081333016e+00	8.477349576854831525e+01
2.221092583349425276e+00	8.428677846370467819e+01
2.227372893591468728e+00	8.430349229696018654e+01
2.233657161144248171e+00	8.400810263897453467e+01
2.239943485394438660e+00	8.372971813543787789e+01
2.246224175264620815e+00	8.350920366922487403e+01
2.252506378421252009e+00	8.326354065854908981e+01
2.258783417054270437e+00	8.288776338898746587e+01
2.265069077371457684e+00	8.268789423210330369e+01
2.271350377044131452e+00	8.255335244273230444e+01
2.277633995145353918e+00	8.244684807953332495e+01
2.283922419579920149e+00	8.225314160963051791e+01
2.290202874392252674e+00	8.170810034487668361e+01
2.296490779970905560e+00	8.149712395718469793e+01
2.302771769934229162e+00	8.144006446818430334e+01
2.309051364164305564e+00	8.103320019086733339e+01
2.315338502539088239e+00	8.093711801425385488e+01
2.321627336503874428e+00	8.065464129767130430e+01
2.327911878297218795e+00	8.055807585659873382e+01
2.334186238580297168e+00	8.016960308002988711e+01
2.340467971862688401e+00	7.990806031283689492e+01
2.346756940970738725e+00	7.978984458169267668e+01
2.353044444556199988e+00	7.964663573045034184e+01
2.359327653314069906e+00	7.946934551592751461e+01
2.365603048789861607e+00	7.915425790667627837e+01
2.371885911737665165e+00	7.906793655501684270e+01
2.378173303594019572e+00	7.884966206244277487e+01
2.384454016539381271e+00	7.858929247719015621e+01
2.390736447344785187e+00	7.840279115307332347e+01
2.397014133897952259e+00	7.818428859100083628e+01
2.403295490074321972e+00	7.777529854063539005e+01
2.409585049672506862e+00	7.773708399218953957e+01
2.415871703165322071e+00	7.748256207735403223e+01
2.422160652369088840e+00	7.733248458732612107e+01
2.428440167222748691e+00	7.717933065171862950e+01
2.434717472383889803e+00	7.691558191013155010e+01
2.441002456202044257e+00	7.672208094835185932e+01
2.447289980304530488e+00	7.654254744062190241e+01
2.453571844729242279e+00	7.625334174352906302e+01
2.459852705114058846e+00	7.611148275760457693e+01
2.466139233225018934e+00	7.586114369379622246e+01
2.472421963421291391e+00	7.578244529085796444e+01
2.478698519174224568e+00	7.560593411627149862e+01
2.484980841400355800e+00	7.532947723007318075e+01
2.491269319409339822e+00	7.535855721429165044e+01
2.497548505139029373e+00	7.502696524688033719e+01
2.503831667172610853e+00	7.480746908351200375e+01
2.510117938323931153e+00	7.465570099038556862e+01
2.516400733681277480e+00	7.462716501973940808e+01
2.522688226833368130e+00	7.427137225151142275e+01
2.528971695852665569e+00	7.409106007227200053e+01
2.535252039407670299e+00	7.391167121311498533e+01
2.541537514142774512e+00	7.383069940974118595e+01
2.547823008847572179e+00	7.368166441556718382e+01
2.554100666580690238e+00	7.354807427443942913e+01
2.560376788884177301e+00	7.327439362130459699e+01
2.566667521601497359e+00	7.308916517146116121e+01
2.572955062237090473e+00	7.289126717020369028e+01
2.579233771797999175e+00	7.288760974454420705e+01
2.585520164300948220e+00	7.271604640891052895e+01
2.591805130332431872e+00	7.250730023548278780e+01
2.598084074692260881e+00	7.228156887117613394e+01
2.604360404197643586e+00	7.224156016668763414e+01
2.610647185140439142e+00	7.200168131990160703e+01
2.616931864059273138e+00	7.193902668662448718e+01
2.623206107911065565e+00	7.171458953809434433e+01
2.629491626543270844e+00	7.162881488944485397e+01
2.635778507982642349e+00	7.143131798268441912e+01
2.642061039325260818e+00	7.140154071354949394e+01
2.648343840729305843e+00	7.123004751560181091e+01
2.654631838974855551e+00	7.106561568356727321e+01
2.660919001246303761e+00	7.092214976349769984e+01
2.667198525130066056e+00	7.078189383290097680e+01
2.673484307038032526e+00	7.067680614979308018e+01
2.679773388053849459e+00	7.038374012138285707e+01
2.686058217632288692e+00	7.039267891572779945e+01
2.692338738200057868e+00	7.031474918258425078e+01
2.698618022887226964e+00	7.009270650201861486e+01
2.704895450708277860e+00	6.992378717354807804e+01
2.711175674923682166e+00	6.977628144814372035e+01
2.717459832966957922e+00	6.977734821158314560e+01
2.723745731959044569e+00	6.954761206202103097e+01
2.730038414850594730e+00	6.959426345599339925e+01
2.736317989800789441e+00	6.948233607703625125e+01
2.742591858549239703e+00	6.922637221943018915e+01
2.748879749010778362e+00	6.911432511359440412e+01
2.755163403825859447e+00	6.913685768001903398e+01
2.761446955625852073e+00	6.902636871437820787e+01
2.767732088935374701e+00	6.888484342893485746e+01
2.774015452421743966e+00	6.878360623121949402e+01
2.780298635700591436e+00	6.867459264829827248e+01
2.786577474762241380e+00	6.855961020432441444e+01
2.792857983210164541e+00	6.850765417675897595e+01
2.799143790920211483e+00	6.849104675566222511e+01
2.805430058399325244e+00	6.828728735639077740e+01
2.811715058209780072e+00	6.822299221645435807e+01
2.817989272498773623e+00	6.803684500224744625e+01
2.824269171595737760e+00	6.799119095524778800e+01
2.830563016441804081e+00	6.797388196179186082e+01
2.836848750951622034e+00	6.788496746158011774e+01
2.843130027866129783e+00	6.781381401945425580e+01
2.849413896912404986e+00	6.781108184060727240e+01
2.855697464522425566e+00	6.750981285937561438e+01
2.861978799810683594e+00	6.750628799470800345e+01
2.868262469415629567e+00	6.754092538860908235e+01
2.874547359206753860e+00	6.748602200105621307e+01
2.880831111471525041e+00	6.736478718331517257e+01
2.887113216972382546e+00	6.728211409937614462e+01
2.893394504725182781e+00	6.728877895478085236e+01
2.899673662137033592e+00	6.719521661057947881e+01
2.905953958587380814e+00	6.715789962505056110e+01
2.912241118105161064e+00	6.704952416743941512e+01
2.918525996366671205e+00	6.704042273645737282e+01
2.924809035425688819e+00	6.704382786879456546e+01
2.931095916293684933e+00	6.689873205547593216e+01
2.937378182606774413e+00	6.693014844633160010e+01
2.943659980254369923e+00	6.695089870992879355e+01
2.949946454403890250e+00	6.687462317311640447e+01
2.956227653702202307e+00	6.684775221746407681e+01
2.962510478867462993e+00	6.677198762147327216e+01
2.968796535179442309e+00	6.663518835973552257e+01
2.975077657376874907e+00	6.664713845742915055e+01
2.981359866759223376e+00	6.663352256602792067e+01
2.987646761575656562e+00	6.665058803171756097e+01
2.993929038370399365e+00	6.661990549367503434e+01
3.000206214840962726e+00	6.664289087921999055e+01
3.006486172402415669e+00	6.660159430254124402e+01
3.012769812211594456e+00	6.657469635658006268e+01
3.019053144326170113e+00	6.666348484424585763e+01
3.025337405144251424e+00	6.657880210373892282e+01
3.031623734799107961e+00	6.664855878218617136e+01
3.037908962055872575e+00	6.658076766804946089e+01
3.044195067146031608e+00	6.671893484141168074e+01
3.050475543482170426e+00	6.664056970014372894e+01
3.056754954538277502e+00	6.655752868099214936e+01
3.063040539557494668e+00	6.663566529789086701e+01
3.069323699454357346e+00	6.661622275384043235e+01
3.075610692642898769e+00	6.683122133078335025e+01
3.081893798009918584e+00	6.672292393780797681e+01
3.088174549548037717e+00	6.679491233505383718e+01
3.094458635632868493e+00	6.674513637542546007e+01
3.100743982931558840e+00	6.682282434845363639e+01
3.107028111748448396e+00	6.691011270756106910e+01
3.113309299655494300e+00	6.692892910470817469e+01
3.119590662867241626e+00	6.695083702096968636e+01
3.125874006820172912e+00	6.705329182343650984e+01
3.132159251154602586e+00	6.703064330178749231e+01
3.138439172765940643e+00	6.712803841520364756e+01
3.144723867719826593e+00	6.712902472604825732e+01
3.151003951258561031e+00	6.722930196088645971e+01
3.157283664131563139e+00	6.731439625642028091e+01
3.163569317183839935e+00	6.742880196857537101e+01
3.169851661717792091e+00	6.743182816046524408e+01
3.176137704316093657e+00	6.749208261621951976e+01
3.182420924828643916e+00	6.773378090365774540e+01
3.188702811875577581e+00	6.765303081876939473e+01
3.194990520008989865e+00	6.781884103394537533e+01
3.201275324656983834e+00	6.792091418176597983e+01
3.207551352179861759e+00	6.800585035420952806e+01
3.213835216737041645e+00	6.807890714723421866e+01
3.220122579819103770e+00	6.821939432235261336e+01
3.226406606618656525e+00	6.803535820153703639e+01
3.232687390085645429e+00	6.793251026639019585e+01
3.238969121280456331e+00	6.784093113972828348e+01
3.245254751548589667e+00	6.768991680201438044e+01
3.251534499036136783e+00	6.762449459111915928e+01
3.257817780791052442e+00	6.748818537958294428e+01
3.264102164154097263e+00	6.738487384967999105e+01
3.270384152138468892e+00	6.716191431096738995e+01
3.276669427476867735e+00	6.704748500666893563e+01
3.282954688864507808e+00	6.707907519576671973e+01
3.289237200334947264e+00	6.689817955744445044e+01
3.295519587088236779e+00	6.682628289103415398e+01
3.301805977329951958e+00	6.664704360534646810e+01
3.308087486222440088e+00	6.650476299730004826e+01
3.314367630234227313e+00	6.646119009992450799e+01
3.320651909732194262e+00	6.641774359724011845e+01
3.326931260376857047e+00	6.620334416605813033e+01
3.333216512447217728e+00	6.607563148726313784e+01
3.339504489419978128e+00	6.603728300636620929e+01
3.345786804809928405e+00	6.596546824873172454e+01
3.352071130016277767e+00	6.579620853498684596e+01
3.358351496304225581e+00	6.577727550391017530e+01
3.364630591073392019e+00	6.564150617143447164e+01
3.370916305215045483e+00	6.557968813711119083e+01
3.377197952029413752e+00	6.551905658320947623e+01
3.383483063818085501e+00	6.544126136200458177e+01
3.389769992424469969e+00	6.531801003814611306e+01
3.396051330885982100e+00	6.525563154775873898e+01
3.402330879139463971e+00	6.513657823221645060e+01
3.408610488352048495e+00	6.499717499289194222e+01
3.414897837696641236e+00	6.502088713953324373e+01
3.421180484052105619e+00	6.491493600184702473e+01
3.427461639653846870e+00	6.485939270878144214e+01
3.433749159643459059e+00	6.474737753469959500e+01
3.440032646656798310e+00	6.469130800499898726e+01
3.446313366033385339e+00	6.471268181451199553e+01
3.452600135384134905e+00	6.462091302957908567e+01
3.458883152815406703e+00	6.452148294779624393e+01
3.465163834403715448e+00	6.444886403790248153e+01
3.471449329786229221e+00	6.427948534442457174e+01
3.477734476754053894e+00	6.424874626544256273e+01
3.484019652467224226e+00	6.417831658699654440e+01
3.490297019369712928e+00	6.420075411284280165e+01
3.496582486484379970e+00	6.414433734772198648e+01
3.502868048046865024e+00	6.399920273094004841e+01
3.509144649545451244e+00	6.397138625824366187e+01
3.515428082003116295e+00	6.389140765881101203e+01
3.521711031624695565e+00	6.392266962526645813e+01
3.527991850954735664e+00	6.375674692757476691e+01
3.534275545726699885e+00	6.374762283818842690e+01
3.540562632020772149e+00	6.366473580163846435e+01
3.546844410757220789e+00	6.355503282568442103e+01
3.553131386753758836e+00	6.371829398052749127e+01
3.559419203211965144e+00	6.351758445036314527e+01
3.565697971577579839e+00	6.333544927883914966e+01
3.571979559134798254e+00	6.352731616011043769e+01
3.578265774595833726e+00	6.348111439466168804e+01
3.584548309769353125e+00	6.342912792042461945e+01
3.590826843920031486e+00	6.338216026513277512e+01
3.597107306745233934e+00	6.331473400925948170e+01
3.603392831792229245e+00	6.335782400999786290e+01
3.609673209822572559e+00	6.314987400752136182e+01
3.615955412133016189e+00	6.321032400079277380e+01
3.622241607772384686e+00	6.309655231827787247e+01
3.628520252736676444e+00	6.303213753552957854e+01
3.634804827569451113e+00	6.305028424212422067e+01
3.641094981788862928e+00	6.302084577968985712e+01
3.647383514928639325e+00	6.298806966211553515e+01
3.653663283927725658e+00	6.301648267707280837e+01
3.659943504072155296e+00	6.301000319733178401e+01
3.666232000281138603e+00	6.290376478811860039e+01
3.672514211678317597e+00	6.291557684440668652e+01
3.678794154686042539e+00	6.284275492597610935e+01
3.685078621861909820e+00	6.283341526385664366e+01
3.691359210097977961e+00	6.276950102976640977e+01
3.697642368173791105e+00	6.279811886046365288e+01
3.703925796735277665e+00	6.278587831786216356e+01
3.710208240364660348e+00	6.276008981228293493e+01
3.716494593122387169e+00	6.279078244327820357e+01
3.722775386659595398e+00	6.264750787115250574e+01
3.729058392883481510e+00	6.265670423002264044e+01
3.735339748210807720e+00	6.279256232677977323e+01
3.741620776392969638e+00	6.266293096090281978e+01
3.747904795418762980e+00	6.275674229493060352e+01
3.754190633281219380e+00	6.267716392084901855e+01
3.760478208018912749e+00	6.259320944100466022e+01
3.766755538573464346e+00	6.265947232392876742e+01
3.773032090135151506e+00	6.259617685666286491e+01
3.779322553012896879e+00	6.263476543792314288e+01
3.785609109731308930e+00	6.263237861652806515e+01
3.791889825936295200e+00	6.267334998886128261e+01
3.798174822702435893e+00	6.264286751800135278e+01
3.804458658753491651e+00	6.263471150476208749e+01
3.810738438095723435e+00	6.259641595074650411e+01
3.817018850285747167e+00	6.256799234566012302e+01
3.823305314209427763e+00	6.269827328893543950e+01
3.829591295197792178e+00	6.259928271961346979e+01
3.835872296070849341e+00	6.266990793753014088e+01
3.842156279590906109e+00	6.279007182083219618e+01
3.848441511099312429e+00	6.269725565731153694e+01
3.854723334376886079e+00	6.261529531245874836e+01
3.861004740704794713e+00	6.285687853658455992e+01
3.867284336650660848e+00	6.274753188802180404e+01
3.873567367678779849e+00	6.284751223803265674e+01
3.879850662830422792e+00	6.279363453671429340e+01
3.886137063198143338e+00	6.282083100513727913e+01
3.892419463049126005e+00	6.291269563483546534e+01
3.898703740328622658e+00	6.284514967885579040e+01
3.904991458788179326e+00	6.298554081611503364e+01
3.911270842222104083e+00	6.288535911898387099e+01
3.917549806479573071e+00	6.296658564825574445e+01
3.923836006203090587e+00	6.308729781003204096e+01
3.930121452497870926e+00	6.312183088879991999e+01
3.936398172858230460e+00	6.323747287991901800e+01
3.942683040425962293e+00	6.321476077574877195e+01
3.948974759704379611e+00	6.330866138584688230e+01
3.955259227995065352e+00	6.338278222172585430e+01
3.961537174921395454e+00	6.329141193722602310e+01
3.967820217617139544e+00	6.339819189990890180e+01
3.974105559832568968e+00	6.339787932310330376e+01
3.980384727931198352e+00	6.354294549952420823e+01
3.986664590839849698e+00	6.355871478376219841e+01
3.992949619150675034e+00	6.344811611257303241e+01
3.999235075769965952e+00	6.376647407174993987e+01
4.005515715515433506e+00	6.379593770564792266e+01
4.011798434346478537e+00	6.387874612328351986e+01
4.018083716245132386e+00	6.391683806160020254e+01
4.024365700052603856e+00	6.399410978998059107e+01
4.030643960839860540e+00	6.387681786837281095e+01
4.036928708926215137e+00	6.408707736750814377e+01
4.043218157412017177e+00	6.415405751676402701e+01
4.049503019487663558e+00	6.425824292215855849e+01
4.055781898960511000e+00	6.445395919222333703e+01
4.062060795621602161e+00	6.452768828898418008e+01
4.068347865354716042e+00	6.473985442575273908e+01
4.074631027173265529e+00	6.465523178716320274e+01
4.080910837526078971e+00	6.468757252575382211e+01
4.087201203341442657e+00	6.482124372935157908e+01
4.093486818591942189e+00	6.486797152186098003e+01
4.099764387336505500e+00	6.494995933581864733e+01
4.106049166937662420e+00	6.514353879129487268e+01
4.112334559041358695e+00	6.532755854391626826e+01
4.118618926059533614e+00	6.541922218027774250e+01
4.124898942031112625e+00	6.546573518119906510e+01
4.131175432561665417e+00	6.556124531534534583e+01
4.137461563786142271e+00	6.565574746012133289e+01
4.143746006210170307e+00	6.567790458361217532e+01
4.150029800482964326e+00	6.587129430257755303e+01
4.156313390684649001e+00	6.611164464939210461e+01
4.162596105843763716e+00	6.615672207348704603e+01
4.168881843141768684e+00	6.625863449624510793e+01
4.175162111073220217e+00	6.639366781847017762e+01
4.181448573417560155e+00	6.659943109732436994e+01
4.187738782464171194e+00	6.677063110123232548e+01
4.194017437180169061e+00	6.677629096950425946e+01
4.200293572701767175e+00	6.699166876814138050e+01
4.206580195481546269e+00	6.703700280582410187e+01
4.212860644652220543e+00	6.713218270073760152e+01
4.219138153430114002e+00	6.738669791061498415e+01
4.225426162098283811e+00	6.748502368261755180e+01
4.231713506719782636e+00	6.763463988602021004e+01
4.237990056577191744e+00	6.775977295533361655e+01
4.244267783646744618e+00	6.785040376186883293e+01
4.250560660182562955e+00	6.808673812115513613e+01
4.256847734842668096e+00	6.824825324675123284e+01
4.263127100734456221e+00	6.848845928361913593e+01
4.269406860432507500e+00	6.852034100798583438e+01
4.275691671482192646e+00	6.883474861996984373e+01
4.281972414189518794e+00	6.914215557070431828e+01
4.288253516806755705e+00	6.908871787767908756e+01
4.294540520160492925e+00	6.943003454856146561e+01
4.300825742921731809e+00	6.960042034807224809e+01
4.307109835491901961e+00	6.968399723037958893e+01
4.313390926478413157e+00	6.982251270198138116e+01
4.319667979480563247e+00	7.005839329460644649e+01
4.325952598143786076e+00	7.021763972380645669e+01
4.332241647035422361e+00	7.051522097214150619e+01
4.338524445619096781e+00	7.046317768522364133e+01
4.344809348131129845e+00	7.078645742765101545e+01
4.351090699193166600e+00	7.070877853508871169e+01
4.357369710808320029e+00	7.110543984260695538e+01
4.363659348967174445e+00	7.115673793537614245e+01
4.369947418280990981e+00	7.140070101418787374e+01
4.376226569265827315e+00	7.155475173361287489e+01
4.382499356631129217e+00	7.179630037878739302e+01
4.388784975178015024e+00	7.199239379012709605e+01
4.395068696309480494e+00	7.201036944326737910e+01
4.401347962382031298e+00	7.235227681725899629e+01
4.407628405096517099e+00	7.247287437259882381e+01
4.413915862185140426e+00	7.257684239205008225e+01
4.420203163534264235e+00	7.284856260567941888e+01
4.426480311003382795e+00	7.276687863482345620e+01
4.432765973643649104e+00	7.311573533712640938e+01
4.439053392023870614e+00	7.298826990455680175e+01
4.445336141335588742e+00	7.339335992005928233e+01
4.451617241414883352e+00	7.345181451317601784e+01
4.457901500730311106e+00	7.353999308117691669e+01
4.464189501093017043e+00	7.378206130986433209e+01
4.470470197548729985e+00	7.372672146372450186e+01
4.476748044268524573e+00	7.395598120212908100e+01
4.483035990164653484e+00	7.392820901880372730e+01
4.489323331650528104e+00	7.401578060541142179e+01
4.495599111667934800e+00	7.386707632342046281e+01
4.501870922878794090e+00	7.404251760615603928e+01
4.508155162877705457e+00	7.420484445424590092e+01
4.514446451153479423e+00	7.410051744207265756e+01
4.520723894043856994e+00	7.410556484204904848e+01
4.527003782460155890e+00	7.434573167848317610e+01
4.533293086610313161e+00	7.377750770271482850e+01
4.539578989864040182e+00	7.379529273088571983e+01
4.545857164866476730e+00	7.367229239574037081e+01
4.552138955546025656e+00	7.344245672787690182e+01
4.558432046889146605e+00	7.367214617165687685e+01
4.564713463378488711e+00	7.332278684922785317e+01
4.570987274133244682e+00	7.344367926267722169e+01
4.577274818151045643e+00	7.325390946422467664e+01
4.583563263889338657e+00	7.326720131030604932e+01
4.589844917004465508e+00	7.333110818654972718e+01
4.596126259982004747e+00	7.329465170646629701e+01
4.602409075598298926e+00	7.346925322333903807e+01
4.608696634867644804e+00	7.359716192693711889e+01
4.614977646498861219e+00	7.347335579425138974e+01
4.621258953029527383e+00	7.354359771747932939e+01
4.627547993978874175e+00	7.348710214572933808e+01
4.633830152730579854e+00	7.365518909232952183e+01
4.640104005367354567e+00	7.398021897142145065e+01
4.646382060386754276e+00	7.391960875636358708e+01
4.652674213731970987e+00	7.418041300351140421e+01
4.658958291796220230e+00	7.422318658985068396e+01
4.665233615070169648e+00	7.422791663758643210e+01
4.671520675710307380e+00	7.405298881737226679e+01
4.677814351732177300e+00	7.435979129944608701e+01
4.684093699744638073e+00	7.439029208374158486e+01
4.690368661472568590e+00	7.452817711204586715e+01
4.696663270746453733e+00	7.474533373343665232e+01
4.702945459248681459e+00	7.494808041374690788e+01
4.709209170841929470e+00	7.523650536769218888e+01
4.715491634753063543e+00	7.523915130814823726e+01
4.721784316284933780e+00	7.507333788018667065e+01
4.728063062331094635e+00	7.548241531038009100e+01
4.734337423381671073e+00	7.552786809851943417e+01
4.740627024094544062e+00	7.590579628695169845e+01
4.746914995664547554e+00	7.558206595249431814e+01
4.753194740071086777e+00	7.615675431929416561e+01
4.759478891864783456e+00	7.635126316760633358e+01
4.765762396877359031e+00	7.641457115889512863e+01
4.772049481246195768e+00	7.697740872343023000e+01
4.778335091022592351e+00	7.728543330905142739e+01
4.784610831402393849e+00	7.717408543502702400e+01
4.790907306208476157e+00	7.715866091638315538e+01
4.797204047706418173e+00	7.739311879623272716e+01
4.803470827697504220e+00	7.733027432283353164e+01
4.809748850577324042e+00	7.783880610288184698e+01
4.816045316586602176e+00	7.802352425301383221e+01
4.822329240673497885e+00	7.813591990124649556e+01
4.828596758226470165e+00	7.863735052886406152e+01
4.834890332961369275e+00	7.873346679587822905e+01
4.841191655056394261e+00	7.907863866938323838e+01
4.847460407468000554e+00	7.908725059781646394e+01
4.853732128521334843e+00	7.958603040835909326e+01
4.860029138783373170e+00	7.963166113715001870e+01
4.866314601732018019e+00	7.992401855402667366e+01
4.872587026269203925e+00	8.033596270810342332e+01
4.878874221748241702e+00	8.083321225129991205e+01
4.885171078138658807e+00	8.091264641910721878e+01
4.891450629931857641e+00	8.111304930663288815e+01
4.897716482750221978e+00	8.149277409359106628e+01
4.904002834596266069e+00	8.144212481566077599e+01
4.910295858205786068e+00	8.221917897892390670e+01
4.916575188115905881e+00	8.260839459351032588e+01
4.922847946197084212e+00	8.292371960644970841e+01
4.929131667457151700e+00	8.298605103069233735e+01
4.935434460144239033e+00	8.312743195795064821e+01
4.941718513303545279e+00	8.370601732911224246e+01
4.947978624761803168e+00	8.416055014764359044e+01
4.954274999209829389e+00	8.451996832472339349e+01
4.960571094729937514e+00	8.492872234415540333e+01
4.966823207626954506e+00	8.532208914665528710e+01
4.973097418390337587e+00	8.524500900770702572e+01
4.979415129936382023e+00	8.606927481220559173e+01
4.985702082330368157e+00	8.609195402328387559e+01
4.991949985828016523e+00	8.674606778350420200e+01
4.998241586316924057e+00	8.752664465685965922e+01
5.004556635606089543e+00	8.763529403986544253e+01
5.010828655701208945e+00	8.766495128418814886e+01
5.017077229702536556e+00	8.892475218061117914e+01
5.023374414758113637e+00	8.880539993264123666e+01
5.029688873569548413e+00	8.911927818339982821e+01
5.035958413584124216e+00	8.948409550654349687e+01
5.042232667658486989e+00	9.046440075544234105e+01
5.048528755870775875e+00	9.096663099971991073e+01
5.054821121427484520e+00	9.158328882745129818e+01
5.061069509814582368e+00	9.133930786646284616e+01
5.067347812754101177e+00	9.201415799118692007e+01
5.073675050630431116e+00	9.272519281931612056e+01
5.079945928388977627e+00	9.324287646244697214e+01
5.086192992546071601e+00	9.351838600043116401e+01
5.092484128970163226e+00	9.423150631283998280e+01
5.098802924706086870e+00	9.526748946882199220e+01
5.105078217426394005e+00	9.570795855773246785e+01
5.111325076574067872e+00	9.537055762843377238e+01
5.117628358851224135e+00	9.657014001296577987e+01
5.123935939383525984e+00	9.734217376273436173e+01
5.130199176325612065e+00	9.792353211414601333e+01
5.136469985878846956e+00	9.830074792353531166e+01
5.142797788696348071e+00	9.916261408996122384e+01
5.149090378043822192e+00	9.995675728793355574e+01
5.155289879840074363e+00	1.006135494600785592e+02
5.161564521234301317e+00	1.013561096210648742e+02
5.167916673496016244e+00	1.021819268332069583e+02
5.174205974602950064e+00	1.018459212133769398e+02
5.180434820793812456e+00	1.036824432172085579e+02
5.186729096569634656e+00	1.043120572160263748e+02
5.193058481037780894e+00	1.047102066432434100e+02
5.199319511444338460e+00	1.048762600809376693e+02
5.205574295584361799e+00	1.068819885727114212e+02
5.211894977074066126e+00	1.071507707501503859e+02
5.218201708336958511e+00	1.089903895685594080e+02
5.224411911780083351e+00	1.089209835025645106e+02
5.230677632666463239e+00	1.103748212970266138e+02
5.237056729559757429e+00	1.111349883277706283e+02
5.243336785035660697e+00	1.123389063797423120e+02
5.249493476178225038e+00	1.121747864807377795e+02
5.255787017738318134e+00	1.131669253851887333e+02
5.262205327426889845e+00	1.143038000334747721e+02
5.268477758348532269e+00	1.153310266961564849e+02
5.274632213654732560e+00	1.154737120360157121e+02
5.280950543314659740e+00	1.173438084599199271e+02
5.287327645024750389e+00	1.181113306378506138e+02
5.293582359180156516e+00	1.189896515274670037e+02
5.299789992649893478e+00	1.194229577057576677e+02
5.306111460381987222e+00	1.201107955758303945e+02
5.312452717892129250e+00	1.224081508102241571e+02
5.318650122853046724e+00	1.229489210259423970e+02
5.324923043129819789e+00	1.244330493058505027e+02
5.331330237158205421e+00	1.263771251637352293e+02
5.337586726886338617e+00	1.278669122254828068e+02
5.343685192440848830e+00	1.305065027143039345e+02
5.350070659715249199e+00	1.291021993539093273e+02
5.356556762554878226e+00	1.313039108268920927e+02
5.362691868684501095e+00	1.336019143830299925e+02
5.368769208912516966e+00	1.336847915004044864e+02
5.375270137997677722e+00	1.340284823611691252e+02
5.381769983045385786e+00	1.358663290642893742e+02
5.387701030372958222e+00	1.361075982398305371e+02
5.393786668001271600e+00	1.379351509794387312e+02
5.400446161099396569e+00	1.422945041434521443e+02
5.406957063684501463e+00	1.460021812167487951e+02
5.412655672453426270e+00	1.450191955951079024e+02
5.418821279260546575e+00	1.483990041615981568e+02
5.425690594366304076e+00	1.472145773343826818e+02
5.432217487502165376e+00	1.497943670465153616e+02
5.437649811577258241e+00	1.554258178429763859e+02
5.443914404015878006e+00	1.509174363280704370e+02
5.450953501686320202e+00	1.557840577913682694e+02
5.457483690405861232e+00	1.537327988251718409e+02
5.462715250135157241e+00	1.521642820855196305e+02
5.469033575551323523e+00	1.606213069686266408e+02
5.476177730420278778e+00	1.598298479782020820e+02
5.482708935702562236e+00	1.652420813921008005e+02
5.487722405008360838e+00	1.688166854912643657e+02
5.494194284996126498e+00	1.609695133562320564e+02
5.501391471009256406e+00	1.714499140245452509e+02
5.507128202673079009e+00	1.664538305893997858e+02
5.512278020050448646e+00	1.806968087233515519e+02
5.519395563377015534e+00	1.735431752541961430e+02
5.526598678609708770e+00	1.697155786604626542e+02
5.532162682462509196e+00	1.811175624358855032e+02
5.537397124017139127e+00	1.710324391851177666e+02
5.544582756485218589e+00	1.782378236683322541e+02
5.551739327507637434e+00	1.450943802940495573e+02
5.557493306674907707e+00	1.897441138984591191e+02
5.562281709102816940e+00	2.175267227440498914e+02
5.569272720323164449e+00	1.265589886294107060e+02
