8.899641224696953554e-03	1.105115431798088684e+04
1.507912216506557788e-02	1.758858155562499815e+04
2.144790186456836667e-02	1.438024874053825079e+04
2.783660776489276650e-02	1.365363699603764871e+04
3.435099785803411021e-02	1.514280724434784315e+04
4.047886761425745911e-02	1.186718148520126306e+04
4.676716683575679601e-02	1.250324413767432998e+04
5.308225101765951665e-02	1.142373364398686863e+04
5.945362440940590160e-02	1.105330875985523016e+04
6.576224814588792211e-02	1.071552853694634177e+04
7.196632906698736953e-02	9.896884164480692561e+03
7.827860915688347743e-02	8.385544440743809901e+03
8.470398945834539672e-02	8.149693501036048474e+03
9.096854620527369817e-02	7.222181872033961554e+03
9.720789776830213169e-02	6.616773704118335445e+03
1.034763038959366499e-01	6.071517606976371098e+03
1.097576444254559219e-01	5.757337294610114441e+03
1.160543084780093354e-01	5.644346975178293178e+03
1.223669666537485351e-01	5.030222491764639017e+03
1.286817263090294094e-01	4.978377417555831926e+03
1.349500801664080818e-01	4.622317659870407624e+03
1.411949558842147678e-01	4.386809892379417761e+03
1.475133575747468451e-01	4.158852246499023749e+03
1.537865074252268427e-01	3.966304308061365191e+03
1.600657544051110326e-01	3.681017890821611672e+03
1.663991168687080635e-01	3.491126228474239724e+03
1.727195645776442856e-01	3.396344389408838651e+03
1.789765213377084718e-01	3.198846164264144591e+03
1.852353690647852158e-01	3.164626313244708854e+03
1.914806787341157279e-01	3.049042051192220697e+03
1.977889868651535599e-01	2.869027712074711872e+03
2.040937735447724277e-01	2.760645082136604742e+03
2.103939302609846018e-01	2.653345988195692371e+03
2.166909709822301688e-01	2.621328063974982342e+03
2.229700281216152047e-01	2.533582302614560831e+03
2.292620027086341994e-01	2.421627550049415731e+03
2.355141508366812297e-01	2.377408176529190769e+03
2.417910583817859116e-01	2.270254589458115333e+03
2.480856539439619257e-01	2.209637409664531333e+03
2.543492256872954549e-01	2.214291114091548025e+03
2.606334251884805386e-01	2.083900772179555133e+03
2.669257370896960802e-01	2.027570109490256527e+03
2.732423343141155980e-01	2.030665321178984186e+03
2.795529680084415936e-01	1.941365447056346284e+03
2.858366292314493129e-01	1.927227502541721606e+03
2.920876271394311496e-01	1.853295779547675693e+03
2.983449844439822751e-01	1.798163785838917420e+03
3.046382639407197446e-01	1.759446150401211298e+03
3.109279127003197196e-01	1.727310004911881833e+03
3.172168171618398036e-01	1.689482805334769409e+03
3.235187567944423082e-01	1.649930467544381145e+03
3.298168217550395687e-01	1.638623826458388521e+03
3.361176429457156667e-01	1.626871818278738147e+03
3.423700375709273769e-01	1.563588190745408383e+03
3.486478192666269682e-01	1.541846712973642070e+03
3.549411614411318028e-01	1.512918387816382165e+03
3.611916935421040642e-01	1.488040076321352217e+03
3.674767089563572564e-01	1.472391990109186509e+03
3.737647795277591056e-01	1.467632404238408981e+03
3.800654031475132477e-01	1.421470678625634264e+03
3.863539861259823738e-01	1.392581456647935056e+03
3.926140181364449755e-01	1.373722943138741130e+03
3.989264500321934581e-01	1.340293415369777449e+03
4.052073244576828714e-01	1.336025550080784114e+03
4.114916477570477182e-01	1.314703993644993261e+03
4.177814272116491257e-01	1.281934875061992898e+03
4.240400648725131116e-01	1.271255405216208146e+03
4.303425690270192283e-01	1.264333137990853402e+03
4.366358560255625965e-01	1.245078828382405391e+03
4.428996183220763605e-01	1.227431526988775204e+03
4.491634418529859563e-01	1.197088777700983201e+03
4.554414146254732731e-01	1.190593714664067647e+03
4.617634470301058558e-01	1.188180862747591391e+03
4.680644242023710433e-01	1.172577259627383228e+03
4.743485242764365895e-01	1.148547550436501297e+03
4.806356136815400082e-01	1.138494652028511382e+03
4.869019258388697646e-01	1.128109308741115910e+03
4.931697099599955947e-01	1.108366843734471786e+03
4.994506747144535908e-01	1.093612025052967283e+03
5.057159051335421429e-01	1.091764510992365103e+03
5.119923996268095356e-01	1.074647929766998914e+03
5.183126097768406826e-01	1.063592517849272781e+03
5.246089638029100000e-01	1.050422660079181014e+03
5.308757308483337267e-01	1.042110656586383811e+03
5.371573527946726934e-01	1.029715744992186501e+03
5.434579563783791256e-01	1.022186764113092863e+03
5.497430652392217842e-01	1.005387693312372903e+03
5.559937427501778773e-01	9.956633535003473980e+02
5.622854676609657654e-01	9.840360083070312385e+02
5.686011537227265711e-01	9.766799457237800652e+02
5.748804589422079614e-01	9.746313598723156701e+02
5.811550210340560296e-01	9.611003720708799847e+02
5.874394496660968468e-01	9.525637629169940510e+02
5.937176220296899176e-01	9.482288795735720441e+02
5.999971954793682505e-01	9.326268934448652317e+02
6.062679115124277596e-01	9.279249338236772928e+02
6.125469576444534381e-01	9.144991331876780123e+02
6.188477733041515272e-01	9.078970297147272959e+02
6.251310567437898813e-01	9.071519900160150200e+02
6.314027450383210560e-01	9.003341957773186550e+02
6.377003562732055375e-01	8.929846099038130660e+02
6.439857783314556494e-01	8.815008885928031077e+02
6.502685417166111925e-01	8.720474546001771614e+02
6.565586117699038216e-01	8.641571834539603287e+02
6.628369282359254377e-01	8.612089639243437205e+02
6.691185444962194362e-01	8.530441853864032282e+02
6.754070198575605755e-01	8.455603353261889197e+02
6.816835514593204692e-01	8.412091932429539156e+02
6.879592533861698112e-01	8.267808702974626840e+02
6.942344317039531587e-01	8.260442479160637959e+02
7.005175402434737908e-01	8.171872573730149725e+02
7.068124956608716758e-01	8.127178495446357829e+02
7.131019009674921527e-01	8.090930651114942975e+02
7.193918251171427247e-01	7.989220457796936898e+02
7.256833807598113140e-01	7.921118988181298164e+02
7.319652682709349989e-01	7.888451913227577279e+02
7.382507990484923344e-01	7.861732639609942908e+02
7.445265842115937893e-01	7.815259973308724284e+02
7.507871101942712455e-01	7.746205643584363543e+02
7.570758465316046459e-01	7.669089706603122067e+02
7.633641233600957365e-01	7.667042140087646658e+02
7.696462959862266917e-01	7.529173929155698488e+02
7.759394865175414102e-01	7.460159768579986803e+02
7.822329141989586843e-01	7.478165842338495395e+02
7.885314936520240181e-01	7.388941267981048213e+02
7.947896566979522071e-01	7.345042068845666563e+02
8.010491096592354809e-01	7.302556939584223983e+02
8.073364061727361651e-01	7.264505360429728853e+02
8.136229488373866170e-01	7.209085600541116037e+02
8.199152998961036776e-01	7.185069412138185498e+02
8.261952636392789762e-01	7.100616745449135578e+02
8.324897070080405914e-01	7.028253701782479084e+02
8.387959309210778480e-01	7.040054685895667035e+02
8.450634639703045181e-01	6.929481101179833331e+02
8.513282867562648182e-01	6.908402064884016909e+02
8.576198263902009566e-01	6.870491403661430923e+02
8.639058477062415697e-01	6.809943645082794319e+02
8.701838745487597837e-01	6.800980540669935408e+02
8.764641096075268534e-01	6.768206725989274446e+02
8.827503873399735745e-01	6.728668371943679176e+02
8.890332768393869323e-01	6.628087793284320242e+02
8.953084247113127780e-01	6.627676002521963028e+02
9.015956521667095602e-01	6.566167474927841567e+02
9.078833328094829680e-01	6.518549198102475657e+02
9.141744106319863450e-01	6.479344638097044253e+02
9.204630817717615043e-01	6.438379700982112581e+02
9.267434415264711456e-01	6.392018702530915562e+02
9.330324197354928906e-01	6.331304927093531205e+02
9.393265785573878812e-01	6.331287250647195606e+02
9.455974810398196650e-01	6.286520214842644236e+02
9.518660018545171964e-01	6.227517315642655831e+02
9.581413255531838757e-01	6.233517148393327716e+02
9.644350945109106954e-01	6.145592505203233031e+02
9.707355633568249820e-01	6.145565587442232527e+02
9.770080768450029041e-01	6.085654951228260643e+02
9.832823325363413414e-01	6.042900754464350257e+02
9.895569691966674686e-01	6.050149601052315802e+02
9.958456301921106979e-01	5.988940233510423923e+02
1.002136210743837408e+00	5.958020256970816035e+02
1.008404825335135424e+00	5.902869500684811328e+02
1.014694149836243398e+00	5.905230056023139014e+02
1.020992555437297167e+00	5.854510178450694866e+02
1.027273980437394485e+00	5.815876291273410743e+02
1.033559181896017254e+00	5.763056516235736808e+02
1.039847557392594934e+00	5.738976872084738261e+02
1.046126974943305088e+00	5.685863635481487108e+02
1.052403436811028659e+00	5.683537201476063956e+02
1.058680704651608684e+00	5.649160179642740331e+02
1.064964333065789193e+00	5.619989327493453857e+02
1.071256777440835473e+00	5.588705545847627718e+02
1.077544048801078125e+00	5.526468866310030990e+02
1.083824820188043603e+00	5.512256790714757244e+02
1.090108023942816695e+00	5.486657321555662747e+02
1.096389665956643222e+00	5.451585070352773528e+02
1.102681132058841440e+00	5.399329430494294684e+02
1.108963047594879958e+00	5.362829399780395079e+02
1.115225428463759272e+00	5.347236586189138734e+02
1.121502127614767863e+00	5.323202097046032577e+02
1.127792573824792033e+00	5.309129390058819808e+02
1.134089552668382961e+00	5.263765117965024274e+02
1.140364049650405942e+00	5.226055325702071741e+02
1.146639180320979445e+00	5.199154706065303344e+02
1.152942412991649901e+00	5.153399422399236300e+02
1.159228906751078814e+00	5.159491025724419160e+02
1.165508721887268173e+00	5.100079350736383503e+02
1.171793076256210320e+00	5.081036646951013154e+02
1.178087436369658958e+00	5.075638043948635527e+02
1.184367654251526902e+00	5.031504457447866798e+02
1.190634642299266632e+00	5.013654109232465999e+02
1.196912208834400859e+00	4.986187650072916426e+02
1.203201577354146234e+00	4.949644439123412099e+02
1.209486844441705733e+00	4.921296023259606613e+02
1.215763902074809888e+00	4.900750729434861341e+02
1.222049755171146668e+00	4.856601912616408185e+02
1.228340616621486969e+00	4.842512834741061170e+02
1.234632986576932767e+00	4.816475512949496647e+02
1.240902247176856488e+00	4.797889786094811484e+02
1.247174839144687519e+00	4.771157844616708985e+02
1.253465459933442272e+00	4.747153939995151291e+02
1.259749951892178421e+00	4.723790651565843746e+02
1.266032143127253873e+00	4.681813010970511755e+02
1.272316288472006507e+00	4.636358913086027655e+02
1.278604155058621350e+00	4.651790355130563057e+02
1.284886588933593865e+00	4.610952742751559867e+02
1.291175420066583257e+00	4.591667284191450449e+02
1.297465726373772332e+00	4.550296694618406264e+02
1.303741827011944299e+00	4.545764697073080924e+02
1.310017322922761851e+00	4.526115934268129877e+02
1.316301447662886703e+00	4.483746208822241215e+02
1.322586760363303249e+00	4.478401773247142614e+02
1.328865492452874664e+00	4.449306995222088403e+02
1.335144804954555564e+00	4.423289835871598257e+02
1.341440516272275119e+00	4.408078419484415917e+02
1.347730868417094552e+00	4.394222998301881375e+02
1.354001589994877630e+00	4.356231027454188052e+02
1.360282609297778444e+00	4.321525432022371547e+02
1.366565686457597906e+00	4.297903689816081965e+02
1.372851498482432708e+00	4.283820555453435759e+02
1.379135372929401804e+00	4.272244434608019219e+02
1.385409567149057164e+00	4.233118415197163813e+02
1.391698641219299315e+00	4.215985431763933775e+02
1.397984451439470810e+00	4.188114471596113617e+02
1.404267883409181961e+00	4.181137642067024558e+02
1.410554779484869181e+00	4.145623635389454194e+02
1.416837833547465397e+00	4.137619253933287382e+02
1.423118177187137068e+00	4.104029315329116798e+02
1.429397801164240089e+00	4.083243639853207014e+02
1.435686921822787232e+00	4.078265572246884290e+02
1.441977121769299597e+00	4.055347616363375778e+02
1.448253667853332427e+00	4.036013495208350719e+02
1.454532348972172651e+00	4.002296786589914745e+02
1.460819319151879903e+00	3.991775063805428090e+02
1.467110364402026468e+00	3.971483283504917949e+02
1.473392908948962132e+00	3.940314813472733704e+02
1.479669965243598950e+00	3.933371236782398910e+02
1.485956144602843532e+00	3.908675548743235026e+02
1.492233610763115115e+00	3.884080489423742506e+02
1.498502470379980078e+00	3.865779830764107032e+02
1.504785752051182701e+00	3.856130655618453602e+02
1.511075991894575976e+00	3.825103639684864447e+02
1.517361634985162189e+00	3.808442970527706848e+02
1.523648570969130533e+00	3.785481798502756305e+02
1.529938035715892264e+00	3.778887168321844001e+02
1.536230176913891965e+00	3.754091885716611046e+02
1.542510718779388279e+00	3.739298800399635638e+02
1.548783963082980275e+00	3.714489378172597185e+02
1.555073069779651318e+00	3.703757131758042078e+02
1.561357324927233892e+00	3.688079164229234266e+02
1.567629121053141006e+00	3.664425107274208813e+02
1.573913697404382583e+00	3.652735980966561442e+02
1.580203545230874029e+00	3.631981097092658501e+02
1.586485393434537983e+00	3.613246926195806168e+02
1.592760014263005841e+00	3.580303196348381221e+02
1.599046436394670812e+00	3.580313433124450171e+02
1.605342136637478934e+00	3.560888918434336006e+02
1.611619860919608627e+00	3.543793214331992658e+02
1.617897597081673799e+00	3.526823992911203050e+02
1.624183235481122756e+00	3.506325866263095463e+02
1.630464598531913722e+00	3.491676769987807347e+02
1.636748985747638274e+00	3.487153415323779200e+02
1.643030923698886259e+00	3.459037387511304473e+02
1.649309176648513064e+00	3.439930932807855015e+02
1.655593633940351861e+00	3.428076537537654076e+02
1.661879571405086464e+00	3.411306817962217224e+02
1.668169361685170271e+00	3.387349707842808471e+02
1.674450151530487485e+00	3.374193739611482670e+02
1.680722718978495900e+00	3.345893401940734861e+02
1.687013891340952476e+00	3.333230821403674895e+02
1.693308984907921033e+00	3.326952960437344586e+02
1.699582147428448486e+00	3.310255708002483175e+02
1.705863747055134105e+00	3.294033119388657269e+02
1.712154434283889470e+00	3.284421793393533449e+02
1.718438381579399321e+00	3.262554535124881454e+02
1.724721264464063930e+00	3.254249475401346672e+02
1.730997441276920679e+00	3.237629520270735384e+02
1.737287073528269499e+00	3.212956975884871440e+02
1.743567991878527401e+00	3.209003699848513520e+02
1.749840680212231048e+00	3.188881194312584739e+02
1.756128549091961144e+00	3.170536520096311506e+02
1.762413535324792502e+00	3.157496061020380012e+02
1.768696187669963837e+00	3.150121754462578565e+02
1.774979359379055266e+00	3.137520831919009652e+02
1.781265555576432957e+00	3.118572591792060393e+02
1.787549427830244619e+00	3.102301102996711961e+02
1.793834120011633004e+00	3.089766089047276978e+02
1.800115051552487300e+00	3.079947015408401398e+02
1.806393904854530330e+00	3.064150274779586880e+02
1.812674089667083432e+00	3.047361202471990964e+02
1.818956920109354058e+00	3.026821934803144245e+02
1.825244164118212220e+00	3.020954068496230320e+02
1.831527256642196955e+00	3.006506678795950052e+02
1.837811294935716599e+00	2.996259964365427777e+02
1.844100717411196744e+00	2.975408830728597991e+02
1.850384816792487230e+00	2.957416410753427840e+02
1.856666059735203822e+00	2.951587869087482545e+02
1.862947728675613979e+00	2.938689449802100171e+02
1.869229324466858078e+00	2.920202635694627702e+02
1.875517616802973686e+00	2.912137983292733452e+02
1.881800769033795229e+00	2.902127999348314233e+02
1.888078863416442710e+00	2.882245660023635310e+02
1.894353975182237582e+00	2.874403929084259630e+02
1.900642716154182565e+00	2.859457512885627466e+02
1.906933494748685121e+00	2.839853183347046297e+02
1.913207568676573933e+00	2.838762920876762337e+02
1.919490884732178992e+00	2.821000477605243191e+02
1.925776855684274480e+00	2.807770476834230067e+02
1.932064452961978152e+00	2.797642071807219395e+02
1.938342610030488800e+00	2.784661564198490851e+02
1.944618341543410178e+00	2.769116058155387918e+02
1.950906260203513876e+00	2.755673346231044434e+02
1.957194556613796488e+00	2.744360678608589978e+02
1.963479614559011432e+00	2.735681766456216337e+02
1.969760361532916226e+00	2.720972457292243689e+02
1.976048367034604736e+00	2.714891154983526462e+02
1.982337990217652335e+00	2.700791487550155239e+02
1.988617489259562721e+00	2.686627626921484762e+02
1.994896320665194178e+00	2.678329002555515785e+02
2.001179596222827151e+00	2.665049023648736579e+02
2.007459756923499761e+00	2.651561745377701413e+02
2.013737397779169935e+00	2.643583415194523809e+02
2.020017234677497164e+00	2.634022944015625853e+02
2.026310251015072783e+00	2.618804009397210280e+02
2.032600542948020284e+00	2.614862814754319515e+02
2.038873863192099289e+00	2.597972061305488864e+02
2.045154087821675404e+00	2.588430888413996058e+02
2.051444704514288730e+00	2.578276896963230342e+02
2.057730430280644729e+00	2.573250529695684463e+02
2.064013940455224461e+00	2.553156712473619621e+02
2.070299891179459895e+00	2.542572811447585650e+02
2.076589719964883951e+00	2.534302157013690078e+02
2.082865483794470673e+00	2.525928168092463011e+02
2.089134494859368640e+00	2.517534849896670437e+02
2.095424211360070288e+00	2.507047457093438254e+02
2.101707116664804254e+00	2.493339266065556501e+02
2.107986473933564309e+00	2.480856015232430423e+02
2.114271806543862375e+00	2.481436705781833325e+02
2.120552717288892275e+00	2.461822556346149042e+02
2.126836933207161717e+00	2.452034559516592367e+02
2.133122044791171845e+00	2.443423415642032523e+02
2.139411711910842673e+00	2.433376063754616609e+02
2.145697076775292089e+00	2.421088961916028950e+02
2.151973548606471276e+00	2.411962437326718316e+02
2.158259913555724108e+00	2.401491205960316506e+02
2.164545396699105506e+00	2.395671836068206062e+02
2.170830700377734068e+00	2.384503249363885971e+02
2.177114138849150393e+00	2.373017456266590841e+02
2.183387647576827018e+00	2.367654725834939029e+02
2.189670273687676971e+00	2.356677855574315856e+02
2.195960147934207463e+00	2.347840539827612645e+02
2.202242556317716371e+00	2.340216483764559428e+02
2.208521655981037668e+00	2.330596331847850422e+02
2.214804637081333016e+00	2.317871658630365914e+02
2.221092583349425276e+00	2.315296861283419503e+02
2.227372893591468728e+00	2.305129796211906807e+02
2.233657161144248171e+00	2.288725427106703592e+02
2.239943485394438660e+00	2.280806271381686940e+02
2.246224175264620815e+00	2.275150167101497800e+02
2.252506378421252009e+00	2.267973950057719605e+02
2.258783417054270437e+00	2.254419437313802916e+02
2.265069077371457684e+00	2.249309438455881889e+02
2.271350377044131452e+00	2.247266898406980715e+02
2.277633995145353918e+00	2.231372681773308955e+02
2.283922419579920149e+00	2.224862519140405084e+02
2.290202874392252674e+00	2.213997557741608659e+02
2.296490779970905560e+00	2.206044971402515387e+02
2.302771769934229162e+00	2.199179576607337481e+02
2.309051364164305564e+00	2.195064191541587491e+02
2.315338502539088239e+00	2.183157413387768031e+02
2.321627336503874428e+00	2.171934646589879208e+02
2.327911878297218795e+00	2.164172466534293733e+02
2.334186238580297168e+00	2.158193141569912257e+02
2.340467971862688401e+00	2.153587287208232794e+02
2.346756940970738725e+00	2.138909059458076456e+02
2.353044444556199988e+00	2.135155849012046190e+02
2.359327653314069906e+00	2.125651202337220411e+02
2.365603048789861607e+00	2.119959584183993968e+02
2.371885911737665165e+00	2.113219606855566326e+02
2.378173303594019572e+00	2.106001344865914859e+02
2.384454016539381271e+00	2.097702097812824320e+02
2.390736447344785187e+00	2.089366223927568740e+02
2.397014133897952259e+00	2.084207265151566730e+02
2.403295490074321972e+00	2.077611520598291008e+02
2.409585049672506862e+00	2.070299480992775329e+02
2.415871703165322071e+00	2.059349428767274901e+02
2.422160652369088840e+00	2.054854592651546454e+02
2.428440167222748691e+00	2.043202079209322051e+02
2.434717472383889803e+00	2.038582207097529420e+02
2.441002456202044257e+00	2.031665069239804495e+02
2.447289980304530488e+00	2.028447060746828470e+02
2.453571844729242279e+00	2.018252447176260205e+02
2.459852705114058846e+00	2.011450886963257574e+02
2.466139233225018934e+00	2.003837348912875598e+02
2.472421963421291391e+00	1.996046246171147800e+02
2.478698519174224568e+00	1.993902828127966416e+02
2.484980841400355800e+00	1.986340144620843375e+02
2.491269319409339822e+00	1.978241451925402146e+02
2.497548505139029373e+00	1.971307925691970979e+02
2.503831667172610853e+00	1.964085751660400661e+02
2.510117938323931153e+00	1.959310259394755462e+02
2.516400733681277480e+00	1.950892602750544143e+02
2.522688226833368130e+00	1.948347700596847574e+02
2.528971695852665569e+00	1.941401770982650703e+02
2.535252039407670299e+00	1.933495163320881431e+02
2.541537514142774512e+00	1.931066622266643549e+02
2.547823008847572179e+00	1.923418666023382855e+02
2.554100666580690238e+00	1.916650888597492326e+02
2.560376788884177301e+00	1.910768359875990257e+02
2.566667521601497359e+00	1.905657630613462175e+02
2.572955062237090473e+00	1.899954280890788709e+02
2.579233771797999175e+00	1.894255642145925265e+02
2.585520164300948220e+00	1.890334223800865061e+02
2.591805130332431872e+00	1.882065798951531121e+02
2.598084074692260881e+00	1.876867735558776928e+02
2.604360404197643586e+00	1.873131839469072872e+02
2.610647185140439142e+00	1.866559505070061959e+02
2.616931864059273138e+00	1.859323938423549407e+02
2.623206107911065565e+00	1.851553675985950065e+02
2.629491626543270844e+00	1.851839060250620435e+02
2.635778507982642349e+00	1.845157028344331707e+02
2.642061039325260818e+00	1.840699154933849400e+02
2.648343840729305843e+00	1.832727853182879016e+02
2.654631838974855551e+00	1.829471145945626347e+02
2.660919001246303761e+00	1.825692051387873676e+02
2.667198525130066056e+00	1.817503368127298700e+02
2.673484307038032526e+00	1.814412510431937449e+02
2.679773388053849459e+00	1.808252633260820232e+02
2.686058217632288692e+00	1.806596882950332201e+02
2.692338738200057868e+00	1.800666761211884932e+02
2.698618022887226964e+00	1.795737104722345805e+02
2.704895450708277860e+00	1.791354126716691155e+02
2.711175674923682166e+00	1.787400259360218513e+02
2.717459832966957922e+00	1.782267931462095873e+02
2.723745731959044569e+00	1.776460572479650182e+02
2.730038414850594730e+00	1.772488032460325940e+02
2.736317989800789441e+00	1.768022781181907135e+02
2.742591858549239703e+00	1.765945771420630308e+02
2.748879749010778362e+00	1.760811672574994020e+02
2.755163403825859447e+00	1.756711102126390358e+02
2.761446955625852073e+00	1.751036350094823888e+02
2.767732088935374701e+00	1.749208256542179640e+02
2.774015452421743966e+00	1.744171845702965697e+02
2.780298635700591436e+00	1.741236976397856040e+02
2.786577474762241380e+00	1.738423040576989251e+02
2.792857983210164541e+00	1.734142893935456584e+02
2.799143790920211483e+00	1.726381610877562309e+02
2.805430058399325244e+00	1.726150329487616943e+02
2.811715058209780072e+00	1.725782125791311046e+02
2.817989272498773623e+00	1.717246835267584402e+02
2.824269171595737760e+00	1.716183094901319066e+02
2.830563016441804081e+00	1.711282263369700729e+02
2.836848750951622034e+00	1.708384494154362585e+02
2.843130027866129783e+00	1.704486850433906966e+02
2.849413896912404986e+00	1.703090987905186182e+02
2.855697464522425566e+00	1.696989334156180860e+02
2.861978799810683594e+00	1.694592962518896968e+02
2.868262469415629567e+00	1.694565761887100734e+02
2.874547359206753860e+00	1.689958033425014321e+02
2.880831111471525041e+00	1.684456313297459644e+02
2.887113216972382546e+00	1.683555246310958466e+02
2.893394504725182781e+00	1.681837243672551097e+02
2.899673662137033592e+00	1.677126272646387122e+02
2.905953958587380814e+00	1.673566236364247004e+02
2.912241118105161064e+00	1.673060454653627858e+02
2.918525996366671205e+00	1.668704196580314658e+02
2.924809035425688819e+00	1.667362742676042444e+02
2.931095916293684933e+00	1.665376560495641343e+02
2.937378182606774413e+00	1.664816056370094941e+02
2.943659980254369923e+00	1.662354709553401904e+02
2.949946454403890250e+00	1.660776656729333354e+02
2.956227653702202307e+00	1.656063539122208397e+02
2.962510478867462993e+00	1.654013666668746794e+02
2.968796535179442309e+00	1.653037479781365562e+02
2.975077657376874907e+00	1.649886228731330107e+02
2.981359866759223376e+00	1.652873680946051422e+02
2.987646761575656562e+00	1.647768089686738620e+02
2.993929038370399365e+00	1.645088762607272770e+02
3.000206214840962726e+00	1.646411146420349496e+02
3.006486172402415669e+00	1.644687331523419118e+02
3.012769812211594456e+00	1.642654448288379001e+02
3.019053144326170113e+00	1.640357938477721405e+02
3.025337405144251424e+00	1.637834634155280469e+02
3.031623734799107961e+00	1.639281352159472931e+02
3.037908962055872575e+00	1.637411095629783517e+02
3.044195067146031608e+00	1.637870345405779062e+02
3.050475543482170426e+00	1.639623398347933687e+02
3.056754954538277502e+00	1.632536389317519081e+02
3.063040539557494668e+00	1.637318090451392720e+02
3.069323699454357346e+00	1.634494171914535627e+02
3.075610692642898769e+00	1.633123812100303951e+02
3.081893798009918584e+00	1.635516353655340254e+02
3.088174549548037717e+00	1.633135657261247502e+02
3.094458635632868493e+00	1.633880532995753754e+02
3.100743982931558840e+00	1.633487549114522892e+02
3.107028111748448396e+00	1.633129751079527523e+02
3.113309299655494300e+00	1.630771557575063468e+02
3.119590662867241626e+00	1.633902387753138328e+02
3.125874006820172912e+00	1.634795589994724310e+02
3.132159251154602586e+00	1.634491692878777940e+02
3.138439172765940643e+00	1.635261163329069518e+02
3.144723867719826593e+00	1.634829478895210286e+02
3.151003951258561031e+00	1.635584429726465316e+02
3.157283664131563139e+00	1.635274232327820982e+02
3.163569317183839935e+00	1.638165401355638267e+02
3.169851661717792091e+00	1.638680625110117148e+02
3.176137704316093657e+00	1.639955488761066249e+02
3.182420924828643916e+00	1.640384354337929835e+02
3.188702811875577581e+00	1.641863176465456036e+02
3.194990520008989865e+00	1.642270167059714652e+02
3.201275324656983834e+00	1.647335133214309622e+02
3.207551352179861759e+00	1.646099673744109566e+02
3.213835216737041645e+00	1.651565445529759870e+02
3.220122579819103770e+00	1.647956573805184348e+02
3.226406606618656525e+00	1.645617277863989045e+02
3.232687390085645429e+00	1.642156832596145932e+02
3.238969121280456331e+00	1.638614994937025244e+02
3.245254751548589667e+00	1.635249581966226629e+02
3.251534499036136783e+00	1.629515281137324507e+02
3.257817780791052442e+00	1.627326612205043546e+02
3.264102164154097263e+00	1.624717585563996920e+02
3.270384152138468892e+00	1.621477677644006405e+02
3.276669427476867735e+00	1.617175815903874252e+02
3.282954688864507808e+00	1.614248700927726361e+02
3.289237200334947264e+00	1.611197175240615138e+02
3.295519587088236779e+00	1.605620429037949464e+02
3.301805977329951958e+00	1.605691459581547633e+02
3.308087486222440088e+00	1.601265734863188470e+02
3.314367630234227313e+00	1.597647903239962943e+02
3.320651909732194262e+00	1.593388598977019797e+02
3.326931260376857047e+00	1.590070428673316485e+02
3.333216512447217728e+00	1.590649949116848632e+02
3.339504489419978128e+00	1.585183102633198473e+02
3.345786804809928405e+00	1.584631420500163586e+02
3.352071130016277767e+00	1.580863264666739951e+02
3.358351496304225581e+00	1.578467825063418672e+02
3.364630591073392019e+00	1.573164783468561154e+02
3.370916305215045483e+00	1.573505679031499938e+02
3.377197952029413752e+00	1.568922009379045619e+02
3.383483063818085501e+00	1.566145870649505127e+02
3.389769992424469969e+00	1.563775266892557170e+02
3.396051330885982100e+00	1.561501863517170818e+02
3.402330879139463971e+00	1.556045968249008240e+02
3.408610488352048495e+00	1.554426189690806268e+02
3.414897837696641236e+00	1.553380965029173808e+02
3.421180484052105619e+00	1.549431310005217881e+02
3.427461639653846870e+00	1.547261622102273009e+02
3.433749159643459059e+00	1.543973751097218496e+02
3.440032646656798310e+00	1.542871269440224467e+02
3.446313366033385339e+00	1.537502174166668851e+02
3.452600135384134905e+00	1.536637341935975769e+02
3.458883152815406703e+00	1.534521189605520703e+02
3.465163834403715448e+00	1.532061767839510935e+02
3.471449329786229221e+00	1.530777362606562519e+02
3.477734476754053894e+00	1.528992224693818116e+02
3.484019652467224226e+00	1.523731489300433566e+02
3.490297019369712928e+00	1.524581739266716625e+02
3.496582486484379970e+00	1.521945702962163409e+02
3.502868048046865024e+00	1.518156770433593010e+02
3.509144649545451244e+00	1.515047477004993368e+02
3.515428082003116295e+00	1.514961800543251229e+02
3.521711031624695565e+00	1.512330593259456464e+02
3.527991850954735664e+00	1.510388076539076962e+02
3.534275545726699885e+00	1.508959105523678090e+02
3.540562632020772149e+00	1.507340938652137936e+02
3.546844410757220789e+00	1.505539654267728622e+02
3.553131386753758836e+00	1.501721700646096451e+02
3.559419203211965144e+00	1.499508060347464493e+02
3.565697971577579839e+00	1.497221401335282849e+02
3.571979559134798254e+00	1.494933988631258899e+02
3.578265774595833726e+00	1.492389348870259482e+02
3.584548309769353125e+00	1.490917983928868296e+02
3.590826843920031486e+00	1.489416833337855337e+02
3.597107306745233934e+00	1.489292009743668928e+02
3.603392831792229245e+00	1.485821398273838838e+02
3.609673209822572559e+00	1.481686131314288275e+02
3.615955412133016189e+00	1.479813723754407135e+02
3.622241607772384686e+00	1.478763624530154175e+02
3.628520252736676444e+00	1.477600788627873101e+02
3.634804827569451113e+00	1.478288836125971386e+02
3.641094981788862928e+00	1.477033374165541204e+02
3.647383514928639325e+00	1.474696200635214609e+02
3.653663283927725658e+00	1.474223505656362363e+02
3.659943504072155296e+00	1.472877764827218243e+02
3.666232000281138603e+00	1.468512792814619274e+02
3.672514211678317597e+00	1.467821877988955350e+02
3.678794154686042539e+00	1.467144136454759860e+02
3.685078621861909820e+00	1.465824984712251080e+02
3.691359210097977961e+00	1.466680664495273447e+02
3.697642368173791105e+00	1.465763111494700581e+02
3.703925796735277665e+00	1.462479261231428609e+02
3.710208240364660348e+00	1.461857384004254357e+02
3.716494593122387169e+00	1.457613881863678387e+02
3.722775386659595398e+00	1.458398153532134529e+02
3.729058392883481510e+00	1.457798752931413730e+02
3.735339748210807720e+00	1.456802670329702210e+02
3.741620776392969638e+00	1.456032199462479184e+02
3.747904795418762980e+00	1.455382196793137837e+02
3.754190633281219380e+00	1.453686120399263757e+02
3.760478208018912749e+00	1.453227489167998101e+02
3.766755538573464346e+00	1.451173187396449009e+02
3.773032090135151506e+00	1.453556079188439867e+02
3.779322553012896879e+00	1.449113635083074598e+02
3.785609109731308930e+00	1.449249550541322833e+02
3.791889825936295200e+00	1.449412307849418937e+02
3.798174822702435893e+00	1.446837116320598113e+02
3.804458658753491651e+00	1.449361003769579952e+02
3.810738438095723435e+00	1.448010128168010056e+02
3.817018850285747167e+00	1.446152303743475613e+02
3.823305314209427763e+00	1.446907789092926748e+02
3.829591295197792178e+00	1.445961684393308815e+02
3.835872296070849341e+00	1.444549733360155415e+02
3.842156279590906109e+00	1.443718061897533289e+02
3.848441511099312429e+00	1.445505642943441273e+02
3.854723334376886079e+00	1.445461545418667697e+02
3.861004740704794713e+00	1.444674463131888160e+02
3.867284336650660848e+00	1.444442122090499367e+02
3.873567367678779849e+00	1.443222214543886253e+02
3.879850662830422792e+00	1.442102453259366825e+02
3.886137063198143338e+00	1.442891581241230767e+02
3.892419463049126005e+00	1.443203328432186652e+02
3.898703740328622658e+00	1.441175444927722253e+02
3.904991458788179326e+00	1.443263789688917882e+02
3.911270842222104083e+00	1.443312282724402849e+02
3.917549806479573071e+00	1.444131845044189504e+02
3.923836006203090587e+00	1.445024498387348899e+02
3.930121452497870926e+00	1.444537638868644933e+02
3.936398172858230460e+00	1.444500208779413128e+02
3.942683040425962293e+00	1.444052875288147106e+02
3.948974759704379611e+00	1.445027050574607586e+02
3.955259227995065352e+00	1.446029682782821908e+02
3.961537174921395454e+00	1.444450670587461047e+02
3.967820217617139544e+00	1.446179685579293732e+02
3.974105559832568968e+00	1.447847832192317696e+02
3.980384727931198352e+00	1.446381204674581511e+02
3.986664590839849698e+00	1.448572127496889266e+02
3.992949619150675034e+00	1.448269872399733629e+02
3.999235075769965952e+00	1.449709051095699692e+02
4.005515715515433506e+00	1.448673646401790620e+02
4.011798434346478537e+00	1.452674369711898237e+02
4.018083716245132386e+00	1.450363200504820327e+02
4.024365700052603856e+00	1.453519006675931564e+02
4.030643960839860540e+00	1.451379072905517660e+02
4.036928708926215137e+00	1.452308386583704021e+02
4.043218157412017177e+00	1.454067767203020765e+02
4.049503019487663558e+00	1.457498188595540967e+02
4.055781898960511000e+00	1.457858968662126244e+02
4.062060795621602161e+00	1.457311230344345461e+02
4.068347865354716042e+00	1.461403681044756695e+02
4.074631027173265529e+00	1.460701605505337000e+02
4.080910837526078971e+00	1.463525010110779192e+02
4.087201203341442657e+00	1.464402397433834437e+02
4.093486818591942189e+00	1.465157393538240456e+02
4.099764387336505500e+00	1.467006336214887199e+02
4.106049166937662420e+00	1.469843547349959465e+02
4.112334559041358695e+00	1.470484353461048670e+02
4.118618926059533614e+00	1.473173941720925768e+02
4.124898942031112625e+00	1.475654007210561645e+02
4.131175432561665417e+00	1.478830121277199794e+02
4.137461563786142271e+00	1.475905275323599142e+02
4.143746006210170307e+00	1.481469305122058415e+02
4.150029800482964326e+00	1.484540677618118707e+02
4.156313390684649001e+00	1.483180275483566106e+02
4.162596105843763716e+00	1.486808814268519257e+02
4.168881843141768684e+00	1.489211225077583265e+02
4.175162111073220217e+00	1.488216798780711088e+02
4.181448573417560155e+00	1.495476896363754236e+02
4.187738782464171194e+00	1.499436201005173643e+02
4.194017437180169061e+00	1.500004089500984321e+02
4.200293572701767175e+00	1.498099984911156639e+02
4.206580195481546269e+00	1.501369970407097583e+02
4.212860644652220543e+00	1.505499952448930401e+02
4.219138153430114002e+00	1.510177815421740206e+02
4.225426162098283811e+00	1.509486377531951291e+02
4.231713506719782636e+00	1.515748292878813857e+02
4.237990056577191744e+00	1.517652125932850993e+02
4.244267783646744618e+00	1.515165047239745206e+02
4.250560660182562955e+00	1.524915719170852242e+02
4.256847734842668096e+00	1.524642849973829186e+02
4.263127100734456221e+00	1.530070492068246324e+02
4.269406860432507500e+00	1.532892025381659380e+02
4.275691671482192646e+00	1.534964804422083091e+02
4.281972414189518794e+00	1.540762463445073536e+02
4.288253516806755705e+00	1.537759520761590863e+02
4.294540520160492925e+00	1.548449952943978190e+02
4.300825742921731809e+00	1.545098816688783927e+02
4.307109835491901961e+00	1.548731727900719761e+02
4.313390926478413157e+00	1.555948070422414276e+02
4.319667979480563247e+00	1.556022241379145896e+02
4.325952598143786076e+00	1.564172668208893242e+02
4.332241647035422361e+00	1.565659696536391721e+02
4.338524445619096781e+00	1.564039190532442944e+02
4.344809348131129845e+00	1.567385744206706875e+02
4.351090699193166600e+00	1.572103170118009530e+02
4.357369710808320029e+00	1.577137842701137913e+02
4.363659348967174445e+00	1.580470487398974626e+02
4.369947418280990981e+00	1.584317728087595185e+02
4.376226569265827315e+00	1.584446423026838602e+02
4.382499356631129217e+00	1.590032310012477410e+02
4.388784975178015024e+00	1.595850047976348947e+02
4.395068696309480494e+00	1.594952096951035401e+02
4.401347962382031298e+00	1.600784217456255760e+02
4.407628405096517099e+00	1.592028799565044324e+02
4.413915862185140426e+00	1.604557250840179563e+02
4.420203163534264235e+00	1.612002141737008003e+02
4.426480311003382795e+00	1.609280188699109999e+02
4.432765973643649104e+00	1.613494633400904661e+02
4.439053392023870614e+00	1.612961263438944854e+02
4.445336141335588742e+00	1.624197461406000969e+02
4.451617241414883352e+00	1.617586758808126604e+02
4.457901500730311106e+00	1.621010127464169273e+02
4.464189501093017043e+00	1.622656783517577708e+02
4.470470197548729985e+00	1.620783294390575975e+02
4.476748044268524573e+00	1.624842281030202855e+02
4.483035990164653484e+00	1.624837017574769220e+02
4.489323331650528104e+00	1.634199368618581047e+02
4.495599111667934800e+00	1.630155221332958035e+02
4.501870922878794090e+00	1.624229851071321491e+02
4.508155162877705457e+00	1.627910101538465710e+02
4.514446451153479423e+00	1.625289258906363727e+02
4.520723894043856994e+00	1.624514934490659357e+02
4.527003782460155890e+00	1.623472560273967531e+02
4.533293086610313161e+00	1.618839440032870414e+02
4.539578989864040182e+00	1.621791070429823662e+02
4.545857164866476730e+00	1.611664828400204499e+02
4.552138955546025656e+00	1.608330342340408379e+02
4.558432046889146605e+00	1.603054597321692825e+02
4.564713463378488711e+00	1.611103732012744558e+02
4.570987274133244682e+00	1.609211157047731717e+02
4.577274818151045643e+00	1.603847873387612424e+02
4.583563263889338657e+00	1.601676095134383786e+02
4.589844917004465508e+00	1.606560596281628648e+02
4.596126259982004747e+00	1.600232013432764688e+02
4.602409075598298926e+00	1.601724056989286282e+02
4.608696634867644804e+00	1.605816628688409935e+02
4.614977646498861219e+00	1.602935343992663491e+02
4.621258953029527383e+00	1.603941864155295320e+02
4.627547993978874175e+00	1.604512790723174760e+02
4.633830152730579854e+00	1.609795604559913613e+02
4.640104005367354567e+00	1.606622743879732695e+02
4.646382060386754276e+00	1.610739566637363964e+02
4.652674213731970987e+00	1.613688681608749391e+02
4.658958291796220230e+00	1.610109577307287907e+02
4.665233615070169648e+00	1.610872787419964709e+02
4.671520675710307380e+00	1.615491796602834427e+02
4.677814351732177300e+00	1.617273419158797196e+02
4.684093699744638073e+00	1.615367266431221083e+02
4.690368661472568590e+00	1.618770695419575247e+02
4.696663270746453733e+00	1.622092619706195649e+02
4.702945459248681459e+00	1.624325363461800293e+02
4.709209170841929470e+00	1.627190684971637040e+02
4.715491634753063543e+00	1.626182913013021505e+02
4.721784316284933780e+00	1.625492995208451248e+02
4.728063062331094635e+00	1.633077501926803450e+02
4.734337423381671073e+00	1.640039807682960316e+02
4.740627024094544062e+00	1.638850917800180866e+02
4.746914995664547554e+00	1.642867686902278024e+02
4.753194740071086777e+00	1.649045317534758794e+02
4.759478891864783456e+00	1.649208224233930196e+02
4.765762396877359031e+00	1.646761246417237601e+02
4.772049481246195768e+00	1.652131251103244267e+02
4.778335091022592351e+00	1.655900357388350699e+02
4.784610831402393849e+00	1.659328495048183640e+02
4.790907306208476157e+00	1.665695586711637191e+02
4.797204047706418173e+00	1.673638758215604980e+02
4.803470827697504220e+00	1.667319889017119010e+02
4.809748850577324042e+00	1.670620622203205983e+02
4.816045316586602176e+00	1.680818995073741746e+02
4.822329240673497885e+00	1.684565056604686220e+02
4.828596758226470165e+00	1.691881842527789956e+02
4.834890332961369275e+00	1.695213265678423795e+02
4.841191655056394261e+00	1.698988423943716555e+02
4.847460407468000554e+00	1.703680718794178972e+02
4.853732128521334843e+00	1.701777056857275454e+02
4.860029138783373170e+00	1.703896609128793784e+02
4.866314601732018019e+00	1.716266514981085720e+02
4.872587026269203925e+00	1.720227453391038352e+02
4.878874221748241702e+00	1.728489252445294539e+02
4.885171078138658807e+00	1.722103365358711642e+02
4.891450629931857641e+00	1.732958053542697030e+02
4.897716482750221978e+00	1.736057391858542758e+02
4.904002834596266069e+00	1.738552941958984661e+02
4.910295858205786068e+00	1.757552331097329841e+02
4.916575188115905881e+00	1.760527508722275911e+02
4.922847946197084212e+00	1.764114850234911671e+02
4.929131667457151700e+00	1.773514276844817061e+02
4.935434460144239033e+00	1.775803132583449440e+02
4.941718513303545279e+00	1.784226109533158819e+02
4.947978624761803168e+00	1.783467135617157453e+02
4.954274999209829389e+00	1.797395358858487100e+02
4.960571094729937514e+00	1.805633847789172250e+02
4.966823207626954506e+00	1.815268797511727428e+02
4.973097418390337587e+00	1.815001960454217169e+02
4.979415129936382023e+00	1.825752799255082834e+02
4.985702082330368157e+00	1.839695945478238741e+02
4.991949985828016523e+00	1.843872989130939857e+02
4.998241586316924057e+00	1.841448050888177477e+02
5.004556635606089543e+00	1.857580539443273722e+02
5.010828655701208945e+00	1.862899687611139541e+02
5.017077229702536556e+00	1.868145821652543930e+02
5.023374414758113637e+00	1.881943567842239133e+02
5.029688873569548413e+00	1.894326915075931197e+02
5.035958413584124216e+00	1.908514867239518651e+02
5.042232667658486989e+00	1.924406220528342715e+02
5.048528755870775875e+00	1.918650194089085232e+02
5.054821121427484520e+00	1.935328228153800296e+02
5.061069509814582368e+00	1.949970165162349929e+02
5.067347812754101177e+00	1.957918424168582305e+02
5.073675050630431116e+00	1.954821470274478656e+02
5.079945928388977627e+00	1.972569708063911662e+02
5.086192992546071601e+00	1.975038745575755286e+02
5.092484128970163226e+00	1.985046625046469728e+02
5.098802924706086870e+00	2.001357326044573313e+02
5.105078217426394005e+00	2.025595025956364168e+02
5.111325076574067872e+00	2.028214835659739208e+02
5.117628358851224135e+00	2.045137934671496112e+02
5.123935939383525984e+00	2.041762373655573128e+02
5.130199176325612065e+00	2.062272204794846289e+02
5.136469985878846956e+00	2.084681594696496347e+02
5.142797788696348071e+00	2.087087885255054118e+02
5.149090378043822192e+00	2.125233561186063298e+02
5.155289879840074363e+00	2.106197386938975740e+02
5.161564521234301317e+00	2.138408962500419364e+02
5.167916673496016244e+00	2.139620068249528515e+02
5.174205974602950064e+00	2.148378921642793387e+02
5.180434820793812456e+00	2.169243850236280764e+02
5.186729096569634656e+00	2.175598725198447880e+02
5.193058481037780894e+00	2.206724832422534917e+02
5.199319511444338460e+00	2.225482564722098289e+02
5.205574295584361799e+00	2.233188393596619221e+02
5.211894977074066126e+00	2.268789666355166901e+02
5.218201708336958511e+00	2.267098983504533862e+02
5.224411911780083351e+00	2.308115955103162378e+02
5.230677632666463239e+00	2.322690598603685999e+02
5.237056729559757429e+00	2.312943673812008001e+02
5.243336785035660697e+00	2.357202852178205319e+02
5.249493476178225038e+00	2.369563421319820122e+02
5.255787017738318134e+00	2.361635019964903677e+02
5.262205327426889845e+00	2.415754384099892320e+02
5.268477758348532269e+00	2.419117391851157493e+02
5.274632213654732560e+00	2.430808136917257514e+02
5.280950543314659740e+00	2.448276034896113913e+02
5.287327645024750389e+00	2.480584087404454579e+02
5.293582359180156516e+00	2.498673385198995902e+02
5.299789992649893478e+00	2.557946120186445000e+02
5.306111460381987222e+00	2.558239205279225530e+02
5.312452717892129250e+00	2.599509259014236022e+02
5.318650122853046724e+00	2.593508717906746028e+02
5.324923043129819789e+00	2.601329038631636763e+02
5.331330237158205421e+00	2.653316495855440849e+02
5.337586726886338617e+00	2.688267680443285599e+02
5.343685192440848830e+00	2.646930218808598170e+02
5.350070659715249199e+00	2.751625487769024403e+02
5.356556762554878226e+00	2.785278994491509934e+02
5.362691868684501095e+00	2.779848642362343867e+02
5.368769208912516966e+00	2.800918473631180632e+02
5.375270137997677722e+00	2.838883010449445692e+02
5.381769983045385786e+00	2.922359288364840495e+02
5.387701030372958222e+00	2.916963611090941413e+02
5.393786668001271600e+00	2.927885736549492890e+02
5.400446161099396569e+00	2.914355567347342912e+02
5.406957063684501463e+00	3.024718370027482024e+02
5.412655672453426270e+00	3.035472086455533827e+02
5.418821279260546575e+00	3.072144502677497258e+02
5.425690594366304076e+00	3.115997422232549070e+02
5.432217487502165376e+00	3.068162890227617936e+02
5.437649811577258241e+00	3.150463250529957122e+02
5.443914404015878006e+00	3.234495343912514045e+02
5.450953501686320202e+00	3.202306409001857332e+02
5.457483690405861232e+00	3.246456048941302015e+02
5.462715250135157241e+00	3.198967096467757756e+02
5.469033575551323523e+00	3.471185473446886363e+02
5.476177730420278778e+00	3.321533582548995582e+02
5.482708935702562236e+00	3.519599850160244614e+02
5.487722405008360838e+00	3.403974748610472716e+02
5.494194284996126498e+00	3.679284246989869303e+02
5.501391471009256406e+00	3.605772334912408610e+02
5.507128202673079009e+00	3.801140137808624786e+02
5.512278020050448646e+00	3.585380786243653120e+02
5.519395563377015534e+00	3.774328702218653007e+02
5.526598678609708770e+00	3.894560344452742129e+02
5.532162682462509196e+00	3.651144774685797643e+02
5.537397124017139127e+00	3.867214596869114871e+02
5.544582756485218589e+00	3.950788611023834278e+02
5.551739327507637434e+00	4.152353221080794015e+02
5.557493306674907707e+00	4.616962710352825638e+02
5.562281709102816940e+00	4.637458655912583367e+02
5.569272720323164449e+00	8.222899001862796240e+02
