8.899641224696953554e-03	2.963654195863288987e+04
1.507912216506557788e-02	3.940532622165990324e+04
2.144790186456836667e-02	3.310556244529141259e+04
2.783660776489276650e-02	2.771582808682870018e+04
3.435099785803411021e-02	2.117997679095310014e+04
4.047886761425745911e-02	1.607016581262673753e+04
4.676716683575679601e-02	1.635428251899782663e+04
5.308225101765951665e-02	1.442812011849248120e+04
5.945362440940590160e-02	1.386748765551531687e+04
6.576224814588792211e-02	1.135499037533134469e+04
7.196632906698736953e-02	1.096263438671000767e+04
7.827860915688347743e-02	9.774307586514036302e+03
8.470398945834539672e-02	7.914962765470949307e+03
9.096854620527369817e-02	7.384322649039988391e+03
9.720789776830213169e-02	6.898355747304487522e+03
1.034763038959366499e-01	6.086627062386890429e+03
1.097576444254559219e-01	5.879047395344057804e+03
1.160543084780093354e-01	5.577907098845795190e+03
1.223669666537485351e-01	5.246471636892697461e+03
1.286817263090294094e-01	4.871098822188821941e+03
1.349500801664080818e-01	4.514308155068815722e+03
1.411949558842147678e-01	4.187416370148145688e+03
1.475133575747468451e-01	3.807316683051077234e+03
1.537865074252268427e-01	3.647483552872721702e+03
1.600657544051110326e-01	3.425279926479430742e+03
1.663991168687080635e-01	3.283117034406042876e+03
1.727195645776442856e-01	3.188111829582531755e+03
1.789765213377084718e-01	2.924832290107680365e+03
1.852353690647852158e-01	2.941815272818602352e+03
1.914806787341157279e-01	2.769290308872733476e+03
1.977889868651535599e-01	2.635297359478198359e+03
2.040937735447724277e-01	2.539047836442068274e+03
2.103939302609846018e-01	2.389309772338333005e+03
2.166909709822301688e-01	2.341760037519315119e+03
2.229700281216152047e-01	2.276260272861427893e+03
2.292620027086341994e-01	2.171069625188845748e+03
2.355141508366812297e-01	2.139086623312442043e+03
2.417910583817859116e-01	2.048888310854416886e+03
2.480856539439619257e-01	1.982228570898966154e+03
2.543492256872954549e-01	1.892336666009399778e+03
2.606334251884805386e-01	1.835442853247981930e+03
2.669257370896960802e-01	1.823341258762363395e+03
2.732423343141155980e-01	1.774628175325240136e+03
2.795529680084415936e-01	1.702145002095625614e+03
2.858366292314493129e-01	1.648126809903283402e+03
2.920876271394311496e-01	1.610665291898508485e+03
2.983449844439822751e-01	1.587496305358909694e+03
3.046382639407197446e-01	1.540996430853462698e+03
3.109279127003197196e-01	1.502650831271752850e+03
3.172168171618398036e-01	1.473490573280510034e+03
3.235187567944423082e-01	1.432697921640493178e+03
3.298168217550395687e-01	1.434903039082859777e+03
3.361176429457156667e-01	1.369976876586034905e+03
3.423700375709273769e-01	1.359577410366360709e+03
3.486478192666269682e-01	1.321666396098947644e+03
3.549411614411318028e-01	1.300774453621404973e+03
3.611916935421040642e-01	1.283036244279525590e+03
3.674767089563572564e-01	1.251333876883797984e+03
3.737647795277591056e-01	1.236299328779370398e+03
3.800654031475132477e-01	1.219543324466642161e+03
3.863539861259823738e-01	1.192512553083581906e+03
3.926140181364449755e-01	1.164137736302256144e+03
3.989264500321934581e-01	1.140063581992846139e+03
4.052073244576828714e-01	1.133983397989933110e+03
4.114916477570477182e-01	1.106942265909457319e+03
4.177814272116491257e-01	1.086623716602087143e+03
4.240400648725131116e-01	1.077930071705491855e+03
4.303425690270192283e-01	1.068872069065353344e+03
4.366358560255625965e-01	1.041522662701600211e+03
4.428996183220763605e-01	1.018833939296132939e+03
4.491634418529859563e-01	1.019754355480361141e+03
4.554414146254732731e-01	1.003493535717292616e+03
4.617634470301058558e-01	9.907209190453895644e+02
4.680644242023710433e-01	9.735747998441520394e+02
4.743485242764365895e-01	9.602242282020009725e+02
4.806356136815400082e-01	9.429715032785480844e+02
4.869019258388697646e-01	9.340282040391058445e+02
4.931697099599955947e-01	9.217802667374411385e+02
4.994506747144535908e-01	9.128617930309518442e+02
5.057159051335421429e-01	9.063901161501935348e+02
5.119923996268095356e-01	8.882672654539321684e+02
5.183126097768406826e-01	8.857619881909165542e+02
5.246089638029100000e-01	8.723555769468861172e+02
5.308757308483337267e-01	8.640100934385638993e+02
5.371573527946726934e-01	8.593120156523410742e+02
5.434579563783791256e-01	8.372133060117216701e+02
5.497430652392217842e-01	8.264357289903648507e+02
5.559937427501778773e-01	8.288354236569052773e+02
5.622854676609657654e-01	8.151224252566192945e+02
5.686011537227265711e-01	8.022901687148290648e+02
5.748804589422079614e-01	7.985695625194556442e+02
5.811550210340560296e-01	7.915200630660344814e+02
5.874394496660968468e-01	7.807905205820860601e+02
5.937176220296899176e-01	7.745507056995606945e+02
5.999971954793682505e-01	7.650746843583464170e+02
6.062679115124277596e-01	7.593925540117385253e+02
6.125469576444534381e-01	7.527636748602560601e+02
6.188477733041515272e-01	7.498997718470398013e+02
6.251310567437898813e-01	7.363828900266735218e+02
6.314027450383210560e-01	7.299277948031585765e+02
6.377003562732055375e-01	7.260447511773626275e+02
6.439857783314556494e-01	7.184368017143780207e+02
6.502685417166111925e-01	7.130501302190501747e+02
6.565586117699038216e-01	7.043755516265396182e+02
6.628369282359254377e-01	7.055077613039334210e+02
6.691185444962194362e-01	6.970510601297797848e+02
6.754070198575605755e-01	6.837974109999105394e+02
6.816835514593204692e-01	6.811012447749990315e+02
6.879592533861698112e-01	6.739252585059625744e+02
6.942344317039531587e-01	6.695209879440562872e+02
7.005175402434737908e-01	6.652892387258186773e+02
7.068124956608716758e-01	6.591540265558817282e+02
7.131019009674921527e-01	6.546674776832959424e+02
7.193918251171427247e-01	6.447531810760061717e+02
7.256833807598113140e-01	6.464762452390317549e+02
7.319652682709349989e-01	6.325964410581602806e+02
7.382507990484923344e-01	6.330436348541018106e+02
7.445265842115937893e-01	6.266481144266238061e+02
7.507871101942712455e-01	6.219279013694014111e+02
7.570758465316046459e-01	6.163767355055508688e+02
7.633641233600957365e-01	6.146765784690213650e+02
7.696462959862266917e-01	6.058115024767346313e+02
7.759394865175414102e-01	6.011020231002669334e+02
7.822329141989586843e-01	5.985854018759781638e+02
7.885314936520240181e-01	5.956570865697358386e+02
7.947896566979522071e-01	5.867350407464684849e+02
8.010491096592354809e-01	5.874857164337373661e+02
8.073364061727361651e-01	5.810849771169426958e+02
8.136229488373866170e-01	5.792791600570977835e+02
8.199152998961036776e-01	5.720312384531825955e+02
8.261952636392789762e-01	5.687587833746486012e+02
8.324897070080405914e-01	5.652962836946704783e+02
8.387959309210778480e-01	5.588787962399682101e+02
8.450634639703045181e-01	5.568081346752131822e+02
8.513282867562648182e-01	5.525575991601490387e+02
8.576198263902009566e-01	5.482221354892407135e+02
8.639058477062415697e-01	5.470059170333971679e+02
8.701838745487597837e-01	5.403747715069642936e+02
8.764641096075268534e-01	5.356312413222065061e+02
8.827503873399735745e-01	5.358391396374887563e+02
8.890332768393869323e-01	5.316122018863215999e+02
8.953084247113127780e-01	5.245440457466914950e+02
9.015956521667095602e-01	5.252973780063582581e+02
9.078833328094829680e-01	5.204883849488791157e+02
9.141744106319863450e-01	5.144209276025071631e+02
9.204630817717615043e-01	5.119097004940363718e+02
9.267434415264711456e-01	5.100459856995810810e+02
9.330324197354928906e-01	5.047787387305377251e+02
9.393265785573878812e-01	4.990469692859889506e+02
9.455974810398196650e-01	4.996655779046644739e+02
9.518660018545171964e-01	4.939807591434556571e+02
9.581413255531838757e-01	4.931264367807301028e+02
9.644350945109106954e-01	4.894628874444447320e+02
9.707355633568249820e-01	4.871539496040792301e+02
9.770080768450029041e-01	4.832806624683427685e+02
9.832823325363413414e-01	4.809585943105662977e+02
9.895569691966674686e-01	4.771036106408703290e+02
9.958456301921106979e-01	4.728153114419392864e+02
1.002136210743837408e+00	4.712749116852011753e+02
1.008404825335135424e+00	4.667162344493515320e+02
1.014694149836243398e+00	4.656640292708390803e+02
1.020992555437297167e+00	4.617765007736728649e+02
1.027273980437394485e+00	4.592687179645744209e+02
1.033559181896017254e+00	4.553469535746572205e+02
1.039847557392594934e+00	4.534683346072819177e+02
1.046126974943305088e+00	4.506303943023242482e+02
1.052403436811028659e+00	4.463738242845027457e+02
1.058680704651608684e+00	4.443052407455233492e+02
1.064964333065789193e+00	4.419764857171333574e+02
1.071256777440835473e+00	4.401411401020365588e+02
1.077544048801078125e+00	4.390123008643344065e+02
1.083824820188043603e+00	4.342490970433357802e+02
1.090108023942816695e+00	4.322604597467841927e+02
1.096389665956643222e+00	4.289933216023525802e+02
1.102681132058841440e+00	4.300202883528091888e+02
1.108963047594879958e+00	4.261535468112380727e+02
1.115225428463759272e+00	4.243083693328458708e+02
1.121502127614767863e+00	4.195173146268643904e+02
1.127792573824792033e+00	4.175962423769591965e+02
1.134089552668382961e+00	4.138752823081580345e+02
1.140364049650405942e+00	4.123997535604886480e+02
1.146639180320979445e+00	4.087678499061188973e+02
1.152942412991649901e+00	4.075180208315244386e+02
1.159228906751078814e+00	4.062466857300297534e+02
1.165508721887268173e+00	4.047953752022614253e+02
1.171793076256210320e+00	4.008260204940513063e+02
1.178087436369658958e+00	3.992134714894493754e+02
1.184367654251526902e+00	3.956548712715293163e+02
1.190634642299266632e+00	3.944658991979381994e+02
1.196912208834400859e+00	3.921888950694166738e+02
1.203201577354146234e+00	3.889948131029969431e+02
1.209486844441705733e+00	3.891161824928161650e+02
1.215763902074809888e+00	3.856771945192074327e+02
1.222049755171146668e+00	3.828259652814542733e+02
1.228340616621486969e+00	3.806495228228684482e+02
1.234632986576932767e+00	3.785405638657494478e+02
1.240902247176856488e+00	3.774458607154052174e+02
1.247174839144687519e+00	3.742747522492264807e+02
1.253465459933442272e+00	3.734493579519453874e+02
1.259749951892178421e+00	3.706714602490216066e+02
1.266032143127253873e+00	3.681120507083578559e+02
1.272316288472006507e+00	3.655373634736905046e+02
1.278604155058621350e+00	3.629745742485382607e+02
1.284886588933593865e+00	3.637430944109804045e+02
1.291175420066583257e+00	3.601287419469270503e+02
1.297465726373772332e+00	3.595648966846831058e+02
1.303741827011944299e+00	3.564541782425396264e+02
1.310017322922761851e+00	3.551125827597449529e+02
1.316301447662886703e+00	3.534348869310160239e+02
1.322586760363303249e+00	3.511651460770008271e+02
1.328865492452874664e+00	3.498015598770531938e+02
1.335144804954555564e+00	3.475834626007400061e+02
1.341440516272275119e+00	3.448006213207713131e+02
1.347730868417094552e+00	3.447620119532562057e+02
1.354001589994877630e+00	3.417972641827851135e+02
1.360282609297778444e+00	3.397281358720312028e+02
1.366565686457597906e+00	3.381268354679750132e+02
1.372851498482432708e+00	3.371543869815675976e+02
1.379135372929401804e+00	3.340401453149690951e+02
1.385409567149057164e+00	3.321378564650288467e+02
1.391698641219299315e+00	3.302123697131595463e+02
1.397984451439470810e+00	3.294095226194477277e+02
1.404267883409181961e+00	3.274918326893425728e+02
1.410554779484869181e+00	3.248031123284313253e+02
1.416837833547465397e+00	3.239660794875268266e+02
1.423118177187137068e+00	3.230877959874716225e+02
1.429397801164240089e+00	3.203216268041431931e+02
1.435686921822787232e+00	3.194634590221041321e+02
1.441977121769299597e+00	3.168889911933567305e+02
1.448253667853332427e+00	3.155638480300996775e+02
1.454532348972172651e+00	3.140464550866799982e+02
1.460819319151879903e+00	3.120957503491374609e+02
1.467110364402026468e+00	3.105980767143358889e+02
1.473392908948962132e+00	3.092159990571141179e+02
1.479669965243598950e+00	3.070397794784435064e+02
1.485956144602843532e+00	3.063741426667050405e+02
1.492233610763115115e+00	3.048940141107860882e+02
1.498502470379980078e+00	3.024491634147823902e+02
1.504785752051182701e+00	3.018463542004845408e+02
1.511075991894575976e+00	3.005676023184038854e+02
1.517361634985162189e+00	2.983702957587300375e+02
1.523648570969130533e+00	2.970249493340600111e+02
1.529938035715892264e+00	2.954699495088266303e+02
1.536230176913891965e+00	2.941615983909356373e+02
1.542510718779388279e+00	2.919768144970743151e+02
1.548783963082980275e+00	2.911779842164293655e+02
1.555073069779651318e+00	2.901329310639799814e+02
1.561357324927233892e+00	2.893211047693741875e+02
1.567629121053141006e+00	2.864783029244095474e+02
1.573913697404382583e+00	2.854502976261513254e+02
1.580203545230874029e+00	2.841695628536941740e+02
1.586485393434537983e+00	2.823320677182740610e+02
1.592760014263005841e+00	2.812742221748682709e+02
1.599046436394670812e+00	2.801688759974751974e+02
1.605342136637478934e+00	2.785705354915444332e+02
1.611619860919608627e+00	2.774238635728876829e+02
1.617897597081673799e+00	2.754611398949470527e+02
1.624183235481122756e+00	2.748805732352996642e+02
1.630464598531913722e+00	2.730330669991445802e+02
1.636748985747638274e+00	2.723641898783433248e+02
1.643030923698886259e+00	2.708080809337125743e+02
1.649309176648513064e+00	2.687706261649648241e+02
1.655593633940351861e+00	2.675455801107489719e+02
1.661879571405086464e+00	2.660323049092323231e+02
1.668169361685170271e+00	2.652997555857672296e+02
1.674450151530487485e+00	2.641984863077506134e+02
1.680722718978495900e+00	2.625307052328211057e+02
1.687013891340952476e+00	2.617214458514620219e+02
1.693308984907921033e+00	2.602402375180881791e+02
1.699582147428448486e+00	2.592796919934493189e+02
1.705863747055134105e+00	2.575303498362555388e+02
1.712154434283889470e+00	2.567557337035433420e+02
1.718438381579399321e+00	2.543580992799365958e+02
1.724721264464063930e+00	2.545633829567989039e+02
1.730997441276920679e+00	2.532825335073266615e+02
1.737287073528269499e+00	2.518580191683694522e+02
1.743567991878527401e+00	2.503540396980892524e+02
1.749840680212231048e+00	2.493306244597878560e+02
1.756128549091961144e+00	2.478444239079318550e+02
1.762413535324792502e+00	2.472774618078120739e+02
1.768696187669963837e+00	2.454629973579707780e+02
1.774979359379055266e+00	2.443009398314241878e+02
1.781265555576432957e+00	2.438662404139574846e+02
1.787549427830244619e+00	2.420831675028626080e+02
1.793834120011633004e+00	2.416197230450217148e+02
1.800115051552487300e+00	2.397091661687198609e+02
1.806393904854530330e+00	2.388373063407217103e+02
1.812674089667083432e+00	2.375277096324124670e+02
1.818956920109354058e+00	2.372283397929081445e+02
1.825244164118212220e+00	2.359488984614830258e+02
1.831527256642196955e+00	2.346610793705314677e+02
1.837811294935716599e+00	2.336383969402178309e+02
1.844100717411196744e+00	2.327598908305956229e+02
1.850384816792487230e+00	2.315207511039770907e+02
1.856666059735203822e+00	2.307105730562395536e+02
1.862947728675613979e+00	2.294800089222140400e+02
1.869229324466858078e+00	2.283963503790042751e+02
1.875517616802973686e+00	2.273490681671282232e+02
1.881800769033795229e+00	2.263361359199341507e+02
1.888078863416442710e+00	2.252044056235211542e+02
1.894353975182237582e+00	2.242302591456597156e+02
1.900642716154182565e+00	2.232864675127240446e+02
1.906933494748685121e+00	2.218903142739091550e+02
1.913207568676573933e+00	2.212273813035885723e+02
1.919490884732178992e+00	2.205152624126292835e+02
1.925776855684274480e+00	2.192670905903972596e+02
1.932064452961978152e+00	2.180484928704868253e+02
1.938342610030488800e+00	2.175331707257666096e+02
1.944618341543410178e+00	2.165116968482033428e+02
1.950906260203513876e+00	2.155116814155501004e+02
1.957194556613796488e+00	2.144206741226390704e+02
1.963479614559011432e+00	2.136638583778033080e+02
1.969760361532916226e+00	2.124149741705035410e+02
1.976048367034604736e+00	2.122644090184954848e+02
1.982337990217652335e+00	2.111555855502165286e+02
1.988617489259562721e+00	2.102228810705603905e+02
1.994896320665194178e+00	2.090559179266569743e+02
2.001179596222827151e+00	2.080813076659012779e+02
2.007459756923499761e+00	2.075030281003700168e+02
2.013737397779169935e+00	2.064242718478167831e+02
2.020017234677497164e+00	2.050238435204986445e+02
2.026310251015072783e+00	2.047552524933785776e+02
2.032600542948020284e+00	2.034434797770738044e+02
2.038873863192099289e+00	2.024050582488033001e+02
2.045154087821675404e+00	2.015097585466631926e+02
2.051444704514288730e+00	2.012338253464164382e+02
2.057730430280644729e+00	2.002809488020223228e+02
2.064013940455224461e+00	1.990990652501409954e+02
2.070299891179459895e+00	1.986829936117431998e+02
2.076589719964883951e+00	1.978380668522514725e+02
2.082865483794470673e+00	1.968614874942792312e+02
2.089134494859368640e+00	1.962189705722150279e+02
2.095424211360070288e+00	1.954328405398230473e+02
2.101707116664804254e+00	1.943832941181294984e+02
2.107986473933564309e+00	1.937137655589612848e+02
2.114271806543862375e+00	1.926414417174957237e+02
2.120552717288892275e+00	1.922079122164144849e+02
2.126836933207161717e+00	1.912034363727831874e+02
2.133122044791171845e+00	1.904401189439217035e+02
2.139411711910842673e+00	1.895982322294936750e+02
2.145697076775292089e+00	1.886035890353217610e+02
2.151973548606471276e+00	1.878536660149713100e+02
2.158259913555724108e+00	1.873485607422831549e+02
2.164545396699105506e+00	1.864989464772165206e+02
2.170830700377734068e+00	1.857788741294234285e+02
2.177114138849150393e+00	1.850995565346672436e+02
2.183387647576827018e+00	1.838668417264013044e+02
2.189670273687676971e+00	1.837835767052287963e+02
2.195960147934207463e+00	1.824302400393878543e+02
2.202242556317716371e+00	1.821933518684852515e+02
2.208521655981037668e+00	1.813962750625792353e+02
2.214804637081333016e+00	1.808620577233806443e+02
2.221092583349425276e+00	1.798519978103202561e+02
2.227372893591468728e+00	1.791091354011147132e+02
2.233657161144248171e+00	1.783683301801040386e+02
2.239943485394438660e+00	1.776283331577966464e+02
2.246224175264620815e+00	1.773031917032449769e+02
2.252506378421252009e+00	1.765175304685944297e+02
2.258783417054270437e+00	1.756214420213617302e+02
2.265069077371457684e+00	1.752109968937373878e+02
2.271350377044131452e+00	1.744041548546027798e+02
2.277633995145353918e+00	1.739086048550862813e+02
2.283922419579920149e+00	1.731138769567859299e+02
2.290202874392252674e+00	1.724398919338130156e+02
2.296490779970905560e+00	1.718795111175728039e+02
2.302771769934229162e+00	1.711056017227620600e+02
2.309051364164305564e+00	1.703542199705530322e+02
2.315338502539088239e+00	1.698395362506844890e+02
2.321627336503874428e+00	1.692498752778177504e+02
2.327911878297218795e+00	1.684856211253655260e+02
2.334186238580297168e+00	1.677468813133024241e+02
2.340467971862688401e+00	1.674899338861611966e+02
2.346756940970738725e+00	1.667317267364471718e+02
2.353044444556199988e+00	1.663438960909246873e+02
2.359327653314069906e+00	1.655423798174703904e+02
2.365603048789861607e+00	1.647539239296787912e+02
2.371885911737665165e+00	1.643901251308271583e+02
2.378173303594019572e+00	1.637006268235167568e+02
2.384454016539381271e+00	1.632710919620781453e+02
2.390736447344785187e+00	1.624971203985047907e+02
2.397014133897952259e+00	1.617354656765315042e+02
2.403295490074321972e+00	1.612810646675211501e+02
2.409585049672506862e+00	1.605758710611428626e+02
2.415871703165322071e+00	1.603083363804641124e+02
2.422160652369088840e+00	1.596727940563810080e+02
2.428440167222748691e+00	1.587720632233084359e+02
2.434717472383889803e+00	1.581626094865321761e+02
2.441002456202044257e+00	1.577045173231497017e+02
2.447289980304530488e+00	1.575150661547948232e+02
2.453571844729242279e+00	1.570631952648466267e+02
2.459852705114058846e+00	1.563466373317999683e+02
2.466139233225018934e+00	1.555175836543773471e+02
2.472421963421291391e+00	1.552765574811098475e+02
2.478698519174224568e+00	1.546405895226002087e+02
2.484980841400355800e+00	1.541428404083159478e+02
2.491269319409339822e+00	1.534699296984687464e+02
2.497548505139029373e+00	1.534425792042439696e+02
2.503831667172610853e+00	1.525972179101545976e+02
2.510117938323931153e+00	1.523915664932743823e+02
2.516400733681277480e+00	1.514123308653587117e+02
2.522688226833368130e+00	1.510141551109695683e+02
2.528971695852665569e+00	1.507959589933230689e+02
2.535252039407670299e+00	1.501498259632136296e+02
2.541537514142774512e+00	1.496596178590675663e+02
2.547823008847572179e+00	1.489891079396336977e+02
2.554100666580690238e+00	1.486802664686827882e+02
2.560376788884177301e+00	1.482723894132052180e+02
2.566667521601497359e+00	1.480079894124776843e+02
2.572955062237090473e+00	1.475908123925995881e+02
2.579233771797999175e+00	1.469019296625345419e+02
2.585520164300948220e+00	1.466164504564972617e+02
2.591805130332431872e+00	1.459927709980057955e+02
2.598084074692260881e+00	1.456761524828092433e+02
2.604360404197643586e+00	1.450525579903577125e+02
2.610647185140439142e+00	1.446630498880415132e+02
2.616931864059273138e+00	1.442863831755204842e+02
2.623206107911065565e+00	1.439650403863505517e+02
2.629491626543270844e+00	1.433170382050399780e+02
2.635778507982642349e+00	1.428977417470422324e+02
2.642061039325260818e+00	1.425117215451871004e+02
2.648343840729305843e+00	1.420747791442010453e+02
2.654631838974855551e+00	1.415773546353381107e+02
2.660919001246303761e+00	1.415998596136963954e+02
2.667198525130066056e+00	1.409275472985421231e+02
2.673484307038032526e+00	1.406836790138009690e+02
2.679773388053849459e+00	1.401660562884633237e+02
2.686058217632288692e+00	1.397124839959751341e+02
2.692338738200057868e+00	1.396045659163353605e+02
2.698618022887226964e+00	1.390501742698010901e+02
2.704895450708277860e+00	1.387775083297311198e+02
2.711175674923682166e+00	1.382989877860717058e+02
2.717459832966957922e+00	1.379214878364928722e+02
2.723745731959044569e+00	1.375910992242353643e+02
2.730038414850594730e+00	1.371921435914773895e+02
2.736317989800789441e+00	1.369054732221565587e+02
2.742591858549239703e+00	1.367970951201668868e+02
2.748879749010778362e+00	1.361808289332338404e+02
2.755163403825859447e+00	1.360411750798630237e+02
2.761446955625852073e+00	1.356606088392685479e+02
2.767732088935374701e+00	1.354433925389010938e+02
2.774015452421743966e+00	1.349524780686567169e+02
2.780298635700591436e+00	1.346796698858268257e+02
2.786577474762241380e+00	1.344384421701381029e+02
2.792857983210164541e+00	1.340881595263630288e+02
2.799143790920211483e+00	1.337753656186158366e+02
2.805430058399325244e+00	1.336883515297863312e+02
2.811715058209780072e+00	1.334475890801195703e+02
2.817989272498773623e+00	1.331756727704641037e+02
2.824269171595737760e+00	1.329561708469950077e+02
2.830563016441804081e+00	1.323612060156737584e+02
2.836848750951622034e+00	1.323177179424886560e+02
2.843130027866129783e+00	1.321149631921049661e+02
2.849413896912404986e+00	1.316303793535176681e+02
2.855697464522425566e+00	1.313669446845647428e+02
2.861978799810683594e+00	1.311602823115077001e+02
2.868262469415629567e+00	1.310626485682835778e+02
2.874547359206753860e+00	1.307633896439725447e+02
2.880831111471525041e+00	1.305843314953063157e+02
2.887113216972382546e+00	1.303267241817948729e+02
2.893394504725182781e+00	1.300366225686934172e+02
2.899673662137033592e+00	1.297840404747037439e+02
2.905953958587380814e+00	1.297932794558799685e+02
2.912241118105161064e+00	1.293548579414069195e+02
2.918525996366671205e+00	1.292902637522988982e+02
2.924809035425688819e+00	1.292147503578092085e+02
2.931095916293684933e+00	1.288342485031600404e+02
2.937378182606774413e+00	1.285417809325942073e+02
2.943659980254369923e+00	1.286335860634088135e+02
2.949946454403890250e+00	1.283128809502338470e+02
2.956227653702202307e+00	1.282912443563928377e+02
2.962510478867462993e+00	1.282042723452575785e+02
2.968796535179442309e+00	1.279605245986568036e+02
2.975077657376874907e+00	1.280062756931026513e+02
2.981359866759223376e+00	1.275922278365760860e+02
2.987646761575656562e+00	1.274354318134421078e+02
2.993929038370399365e+00	1.273785611374228779e+02
3.000206214840962726e+00	1.272541357744871675e+02
3.006486172402415669e+00	1.271714309538085388e+02
3.012769812211594456e+00	1.268734379162706318e+02
3.019053144326170113e+00	1.269041099733042302e+02
3.025337405144251424e+00	1.268167546233218559e+02
3.031623734799107961e+00	1.266329194225636599e+02
3.037908962055872575e+00	1.264111909194545831e+02
3.044195067146031608e+00	1.264914022108352611e+02
3.050475543482170426e+00	1.264878982079987821e+02
3.056754954538277502e+00	1.266300622560918612e+02
3.063040539557494668e+00	1.265487343526450559e+02
3.069323699454357346e+00	1.262970106572882685e+02
3.075610692642898769e+00	1.263208431380485308e+02
3.081893798009918584e+00	1.263490686426841592e+02
3.088174549548037717e+00	1.262920124091995433e+02
3.094458635632868493e+00	1.262509000148990879e+02
3.100743982931558840e+00	1.261378831450345501e+02
3.107028111748448396e+00	1.259975728279595160e+02
3.113309299655494300e+00	1.262648587214142992e+02
3.119590662867241626e+00	1.261806560277385358e+02
3.125874006820172912e+00	1.261114747843647166e+02
3.132159251154602586e+00	1.263907556236004694e+02
3.138439172765940643e+00	1.263161078124805101e+02
3.144723867719826593e+00	1.263132217950531100e+02
3.151003951258561031e+00	1.263518634994307206e+02
3.157283664131563139e+00	1.264658446408517136e+02
3.163569317183839935e+00	1.265051816744673800e+02
3.169851661717792091e+00	1.264724669029194644e+02
3.176137704316093657e+00	1.264121197356062822e+02
3.182420924828643916e+00	1.265923709882738848e+02
3.188702811875577581e+00	1.266534109631944887e+02
3.194990520008989865e+00	1.269183969293831353e+02
3.201275324656983834e+00	1.270312887091531167e+02
3.207551352179861759e+00	1.269192852402853333e+02
3.213835216737041645e+00	1.273301596781425076e+02
3.220122579819103770e+00	1.271510701221033344e+02
3.226406606618656525e+00	1.269181412874904566e+02
3.232687390085645429e+00	1.267252741928665785e+02
3.238969121280456331e+00	1.263663231558990532e+02
3.245254751548589667e+00	1.260377075455397033e+02
3.251534499036136783e+00	1.256962749113957329e+02
3.257817780791052442e+00	1.254194408058849604e+02
3.264102164154097263e+00	1.250998276319143088e+02
3.270384152138468892e+00	1.247852561232872972e+02
3.276669427476867735e+00	1.247035035309297513e+02
3.282954688864507808e+00	1.243303996330580219e+02
3.289237200334947264e+00	1.242406074179188380e+02
3.295519587088236779e+00	1.239061794149968705e+02
3.301805977329951958e+00	1.236621789465100250e+02
3.308087486222440088e+00	1.234024284472595809e+02
3.314367630234227313e+00	1.228609158532551646e+02
3.320651909732194262e+00	1.230822022672041527e+02
3.326931260376857047e+00	1.226601412565906770e+02
3.333216512447217728e+00	1.225222133465771890e+02
3.339504489419978128e+00	1.220517343340736289e+02
3.345786804809928405e+00	1.221432995171184928e+02
3.352071130016277767e+00	1.217147002659393564e+02
3.358351496304225581e+00	1.216231810434157268e+02
3.364630591073392019e+00	1.214980823865687398e+02
3.370916305215045483e+00	1.211086003097894945e+02
3.377197952029413752e+00	1.208829457934630653e+02
3.383483063818085501e+00	1.206596083300187559e+02
3.389769992424469969e+00	1.203637079263129266e+02
3.396051330885982100e+00	1.201853812965999140e+02
3.402330879139463971e+00	1.199141845741370673e+02
3.408610488352048495e+00	1.196503295281202952e+02
3.414897837696641236e+00	1.194109633337832719e+02
3.421180484052105619e+00	1.193774214967086635e+02
3.427461639653846870e+00	1.190549663796710860e+02
3.433749159643459059e+00	1.186632715767797777e+02
3.440032646656798310e+00	1.186764167503478689e+02
3.446313366033385339e+00	1.184662380414752505e+02
3.452600135384134905e+00	1.181644876440487621e+02
3.458883152815406703e+00	1.177635590373490828e+02
3.465163834403715448e+00	1.176891805376579185e+02
3.471449329786229221e+00	1.176103999719383921e+02
3.477734476754053894e+00	1.173176436737928157e+02
3.484019652467224226e+00	1.175491148775621895e+02
3.490297019369712928e+00	1.169802083116107525e+02
3.496582486484379970e+00	1.167794310366463577e+02
3.502868048046865024e+00	1.167612397268875952e+02
3.509144649545451244e+00	1.163579754510880520e+02
3.515428082003116295e+00	1.165565010603150711e+02
3.521711031624695565e+00	1.161815833500738080e+02
3.527991850954735664e+00	1.161197299614533165e+02
3.534275545726699885e+00	1.159529630948676697e+02
3.540562632020772149e+00	1.156508429220214396e+02
3.546844410757220789e+00	1.156770885154726898e+02
3.553131386753758836e+00	1.155230726696286752e+02
3.559419203211965144e+00	1.152923726852957316e+02
3.565697971577579839e+00	1.150392416060814753e+02
3.571979559134798254e+00	1.150344743503453486e+02
3.578265774595833726e+00	1.147540300611529460e+02
3.584548309769353125e+00	1.145778766628381504e+02
3.590826843920031486e+00	1.145708237420456470e+02
3.597107306745233934e+00	1.145399357396264435e+02
3.603392831792229245e+00	1.143142783775693232e+02
3.609673209822572559e+00	1.139298382255459359e+02
3.615955412133016189e+00	1.139277740090533086e+02
3.622241607772384686e+00	1.137834613844339771e+02
3.628520252736676444e+00	1.136248577835388147e+02
3.634804827569451113e+00	1.133997398182616791e+02
3.641094981788862928e+00	1.135242648810231429e+02
3.647383514928639325e+00	1.133126707150508423e+02
3.653663283927725658e+00	1.131322765833312189e+02
3.659943504072155296e+00	1.132808336921681303e+02
3.666232000281138603e+00	1.129708380807837642e+02
3.672514211678317597e+00	1.128601820634361559e+02
3.678794154686042539e+00	1.127037896340296612e+02
3.685078621861909820e+00	1.125909406917225226e+02
3.691359210097977961e+00	1.124003866154560001e+02
3.697642368173791105e+00	1.121739164767796666e+02
3.703925796735277665e+00	1.123832098547549947e+02
3.710208240364660348e+00	1.123083449924123158e+02
3.716494593122387169e+00	1.120925460764902795e+02
3.722775386659595398e+00	1.119511595340596273e+02
3.729058392883481510e+00	1.118536601773619736e+02
3.735339748210807720e+00	1.117366019601737150e+02
3.741620776392969638e+00	1.118209244106367350e+02
3.747904795418762980e+00	1.117765193523806602e+02
3.754190633281219380e+00	1.115665877902069809e+02
3.760478208018912749e+00	1.112982023651194226e+02
3.766755538573464346e+00	1.114953672566059026e+02
3.773032090135151506e+00	1.113524248709630768e+02
3.779322553012896879e+00	1.114777325074743572e+02
3.785609109731308930e+00	1.112188485010828174e+02
3.791889825936295200e+00	1.112553160346262189e+02
3.798174822702435893e+00	1.110605008976325934e+02
3.804458658753491651e+00	1.110982338709061565e+02
3.810738438095723435e+00	1.110063196708915854e+02
3.817018850285747167e+00	1.110949595510525540e+02
3.823305314209427763e+00	1.111058681002478892e+02
3.829591295197792178e+00	1.110290678550108083e+02
3.835872296070849341e+00	1.109441337532543486e+02
3.842156279590906109e+00	1.108760987693718505e+02
3.848441511099312429e+00	1.109739860876411655e+02
3.854723334376886079e+00	1.108743901501531894e+02
3.861004740704794713e+00	1.107568905800551704e+02
3.867284336650660848e+00	1.106732188454248984e+02
3.873567367678779849e+00	1.107567748017473122e+02
3.879850662830422792e+00	1.106599520799957332e+02
3.886137063198143338e+00	1.107668239209073420e+02
3.892419463049126005e+00	1.107601138201311954e+02
3.898703740328622658e+00	1.105097322158628685e+02
3.904991458788179326e+00	1.108009250655705245e+02
3.911270842222104083e+00	1.106292603423712819e+02
3.917549806479573071e+00	1.106594742965517213e+02
3.923836006203090587e+00	1.109353278086924917e+02
3.930121452497870926e+00	1.106588718757346044e+02
3.936398172858230460e+00	1.109978610509951835e+02
3.942683040425962293e+00	1.108206780699220531e+02
3.948974759704379611e+00	1.108740743384788487e+02
3.955259227995065352e+00	1.108106285495935595e+02
3.961537174921395454e+00	1.108030883656408321e+02
3.967820217617139544e+00	1.109064872850745758e+02
3.974105559832568968e+00	1.107669089260024435e+02
3.980384727931198352e+00	1.109167640351177937e+02
3.986664590839849698e+00	1.109747034769242902e+02
3.992949619150675034e+00	1.113199335084069901e+02
3.999235075769965952e+00	1.112762835979151532e+02
4.005515715515433506e+00	1.113587766757855917e+02
4.011798434346478537e+00	1.113745518734479276e+02
4.018083716245132386e+00	1.113491569758256787e+02
4.024365700052603856e+00	1.114749092872804681e+02
4.030643960839860540e+00	1.116470151869966116e+02
4.036928708926215137e+00	1.115405819150367108e+02
4.043218157412017177e+00	1.116903522496468781e+02
4.049503019487663558e+00	1.118936353917898998e+02
4.055781898960511000e+00	1.118849460320529516e+02
4.062060795621602161e+00	1.119455765108228320e+02
4.068347865354716042e+00	1.122361683879822749e+02
4.074631027173265529e+00	1.120833621600994263e+02
4.080910837526078971e+00	1.123955217129287973e+02
4.087201203341442657e+00	1.123337229361824683e+02
4.093486818591942189e+00	1.122717712649471480e+02
4.099764387336505500e+00	1.126789914828657828e+02
4.106049166937662420e+00	1.127563808675411252e+02
4.112334559041358695e+00	1.128948870879585940e+02
4.118618926059533614e+00	1.130155263178977521e+02
4.124898942031112625e+00	1.131217268038322459e+02
4.131175432561665417e+00	1.133366790697125452e+02
4.137461563786142271e+00	1.133175145898741221e+02
4.143746006210170307e+00	1.137432994574820384e+02
4.150029800482964326e+00	1.137035252439386710e+02
4.156313390684649001e+00	1.137980987065476768e+02
4.162596105843763716e+00	1.141162539055882945e+02
4.168881843141768684e+00	1.144177218247413066e+02
4.175162111073220217e+00	1.145657840253411592e+02
4.181448573417560155e+00	1.146434815609919724e+02
4.187738782464171194e+00	1.147142926890586523e+02
4.194017437180169061e+00	1.149821703363663232e+02
4.200293572701767175e+00	1.151462193242334280e+02
4.206580195481546269e+00	1.153476837315338912e+02
4.212860644652220543e+00	1.154254332787054693e+02
4.219138153430114002e+00	1.159269766791460796e+02
4.225426162098283811e+00	1.157872097758506413e+02
4.231713506719782636e+00	1.161119782446829731e+02
4.237990056577191744e+00	1.160458683520273411e+02
4.244267783646744618e+00	1.167060231385109574e+02
4.250560660182562955e+00	1.168556569511681289e+02
4.256847734842668096e+00	1.171963159736311866e+02
4.263127100734456221e+00	1.173273918770023414e+02
4.269406860432507500e+00	1.173520541377115904e+02
4.275691671482192646e+00	1.177000915528779359e+02
4.281972414189518794e+00	1.178560902319487838e+02
4.288253516806755705e+00	1.180527597667545336e+02
4.294540520160492925e+00	1.182649548744113872e+02
4.300825742921731809e+00	1.184514363803204589e+02
4.307109835491901961e+00	1.185163438180823618e+02
4.313390926478413157e+00	1.192436268887126261e+02
4.319667979480563247e+00	1.192538533551944937e+02
4.325952598143786076e+00	1.195253054880912771e+02
4.332241647035422361e+00	1.197343198069714560e+02
4.338524445619096781e+00	1.200871499847150545e+02
4.344809348131129845e+00	1.201749215484156679e+02
4.351090699193166600e+00	1.203441511487118021e+02
4.357369710808320029e+00	1.208184301699627383e+02
4.363659348967174445e+00	1.211850862728084053e+02
4.369947418280990981e+00	1.213975149541736442e+02
4.376226569265827315e+00	1.214760874199441076e+02
4.382499356631129217e+00	1.218139997884843666e+02
4.388784975178015024e+00	1.220529179332853573e+02
4.395068696309480494e+00	1.224660741623474252e+02
4.401347962382031298e+00	1.225177994074071535e+02
4.407628405096517099e+00	1.228621250897562760e+02
4.413915862185140426e+00	1.232566566203147573e+02
4.420203163534264235e+00	1.231953308351453416e+02
4.426480311003382795e+00	1.234238950886317241e+02
4.432765973643649104e+00	1.236952385493610649e+02
4.439053392023870614e+00	1.234288701032115370e+02
4.445336141335588742e+00	1.240020322695512220e+02
4.451617241414883352e+00	1.241215994986746978e+02
4.457901500730311106e+00	1.240021176879707525e+02
4.464189501093017043e+00	1.243599282063635769e+02
4.470470197548729985e+00	1.241193982133906957e+02
4.476748044268524573e+00	1.245878136896140518e+02
4.483035990164653484e+00	1.243376731704231730e+02
4.489323331650528104e+00	1.243735335310676646e+02
4.495599111667934800e+00	1.247391665330241324e+02
4.501870922878794090e+00	1.244162455819270008e+02
4.508155162877705457e+00	1.246809271197046343e+02
4.514446451153479423e+00	1.243976617926417134e+02
4.520723894043856994e+00	1.249805849389349817e+02
4.527003782460155890e+00	1.241181807488962789e+02
4.533293086610313161e+00	1.239944862822529359e+02
4.539578989864040182e+00	1.240565054410187287e+02
4.545857164866476730e+00	1.235320324675081736e+02
4.552138955546025656e+00	1.233265170271513966e+02
4.558432046889146605e+00	1.230750275490078707e+02
4.564713463378488711e+00	1.230151441366242580e+02
4.570987274133244682e+00	1.230441322327624363e+02
4.577274818151045643e+00	1.226676363477124738e+02
4.583563263889338657e+00	1.225555377165907061e+02
4.589844917004465508e+00	1.229883092686781083e+02
4.596126259982004747e+00	1.226146041454055506e+02
4.602409075598298926e+00	1.228456122300060684e+02
4.608696634867644804e+00	1.228604261291805102e+02
4.614977646498861219e+00	1.225370186482561508e+02
4.621258953029527383e+00	1.228061017616736166e+02
4.627547993978874175e+00	1.227402558243306885e+02
4.633830152730579854e+00	1.230039991139325508e+02
4.640104005367354567e+00	1.228295612635606773e+02
4.646382060386754276e+00	1.227259792772717475e+02
4.652674213731970987e+00	1.231901467595277495e+02
4.658958291796220230e+00	1.229556161394566374e+02
4.665233615070169648e+00	1.232610993825298209e+02
4.671520675710307380e+00	1.232719119954388560e+02
4.677814351732177300e+00	1.231164818665489804e+02
4.684093699744638073e+00	1.240301488769474645e+02
4.690368661472568590e+00	1.238146306381348580e+02
4.696663270746453733e+00	1.240790850432774306e+02
4.702945459248681459e+00	1.242364252859964182e+02
4.709209170841929470e+00	1.245555775711450508e+02
4.715491634753063543e+00	1.246740375096252791e+02
4.721784316284933780e+00	1.247286956207252047e+02
4.728063062331094635e+00	1.244732662954774298e+02
4.734337423381671073e+00	1.248310253939892220e+02
4.740627024094544062e+00	1.253237574839536137e+02
4.746914995664547554e+00	1.261792057181068998e+02
4.753194740071086777e+00	1.263188173441039623e+02
4.759478891864783456e+00	1.259643575646036879e+02
4.765762396877359031e+00	1.257864923143479245e+02
4.772049481246195768e+00	1.265611828630123483e+02
4.778335091022592351e+00	1.264972628966563661e+02
4.784610831402393849e+00	1.266243190369010421e+02
4.790907306208476157e+00	1.269078991038823574e+02
4.797204047706418173e+00	1.269975800453908192e+02
4.803470827697504220e+00	1.276068926216703687e+02
4.809748850577324042e+00	1.276131707374281490e+02
4.816045316586602176e+00	1.280200541982376876e+02
4.822329240673497885e+00	1.287176492838709407e+02
4.828596758226470165e+00	1.285557462412944005e+02
4.834890332961369275e+00	1.294430603131611974e+02
4.841191655056394261e+00	1.296385562671633238e+02
4.847460407468000554e+00	1.299446568409825034e+02
4.853732128521334843e+00	1.307766265843978317e+02
4.860029138783373170e+00	1.299964878833816044e+02
4.866314601732018019e+00	1.313587156159001381e+02
4.872587026269203925e+00	1.310557768243519945e+02
4.878874221748241702e+00	1.318464708608580338e+02
4.885171078138658807e+00	1.323602166236833853e+02
4.891450629931857641e+00	1.327504233589112346e+02
4.897716482750221978e+00	1.336664451570157439e+02
4.904002834596266069e+00	1.335181759442774592e+02
4.910295858205786068e+00	1.336661655308646175e+02
4.916575188115905881e+00	1.345527000836657123e+02
4.922847946197084212e+00	1.347425623818701013e+02
4.929131667457151700e+00	1.348174034286796825e+02
4.935434460144239033e+00	1.352614819957092607e+02
4.941718513303545279e+00	1.363435825496073051e+02
4.947978624761803168e+00	1.370469260413653956e+02
4.954274999209829389e+00	1.376799543865194551e+02
4.960571094729937514e+00	1.380851172304495549e+02
4.966823207626954506e+00	1.380119602273069290e+02
4.973097418390337587e+00	1.385032052414983355e+02
4.979415129936382023e+00	1.392297153008306054e+02
4.985702082330368157e+00	1.399613850892376661e+02
4.991949985828016523e+00	1.407921221834600090e+02
4.998241586316924057e+00	1.416015867424193573e+02
5.004556635606089543e+00	1.411613487059344720e+02
5.010828655701208945e+00	1.432364709874713924e+02
5.017077229702536556e+00	1.433861343340911674e+02
5.023374414758113637e+00	1.445650307424532173e+02
5.029688873569548413e+00	1.441155535386423878e+02
5.035958413584124216e+00	1.464611953463858356e+02
5.042232667658486989e+00	1.462824506068645576e+02
5.048528755870775875e+00	1.466782466494864821e+02
5.054821121427484520e+00	1.469449139445953278e+02
5.061069509814582368e+00	1.482585263164543221e+02
5.067347812754101177e+00	1.498025559412369034e+02
5.073675050630431116e+00	1.492422169780833201e+02
5.079945928388977627e+00	1.506843339908889163e+02
5.086192992546071601e+00	1.516287875229376141e+02
5.092484128970163226e+00	1.517461822748082341e+02
5.098802924706086870e+00	1.530392189638430409e+02
5.105078217426394005e+00	1.544103494034482651e+02
5.111325076574067872e+00	1.552442751097436826e+02
5.117628358851224135e+00	1.564685504183167666e+02
5.123935939383525984e+00	1.568760066860257609e+02
5.130199176325612065e+00	1.579574204148345871e+02
5.136469985878846956e+00	1.592419639047793680e+02
5.142797788696348071e+00	1.607259801653048328e+02
5.149090378043822192e+00	1.604532868440684865e+02
5.155289879840074363e+00	1.626146714070362975e+02
5.161564521234301317e+00	1.633261622072072043e+02
5.167916673496016244e+00	1.640211151273353494e+02
5.174205974602950064e+00	1.652801989143574986e+02
5.180434820793812456e+00	1.655110534748967837e+02
5.186729096569634656e+00	1.687138082968508002e+02
5.193058481037780894e+00	1.689701689718809803e+02
5.199319511444338460e+00	1.683981467484832422e+02
5.205574295584361799e+00	1.709562157562045570e+02
5.211894977074066126e+00	1.722881208548147640e+02
5.218201708336958511e+00	1.755254932119173077e+02
5.224411911780083351e+00	1.738131224033494675e+02
5.230677632666463239e+00	1.780162986972867998e+02
5.237056729559757429e+00	1.779386986375007211e+02
5.243336785035660697e+00	1.798874635750875939e+02
5.249493476178225038e+00	1.834125099057995101e+02
5.255787017738318134e+00	1.844390261763278431e+02
5.262205327426889845e+00	1.836576759378061183e+02
5.268477758348532269e+00	1.873427264321597647e+02
5.274632213654732560e+00	1.901112428640772691e+02
5.280950543314659740e+00	1.894934620848088400e+02
5.287327645024750389e+00	1.900110189183068030e+02
5.293582359180156516e+00	1.918250525422266719e+02
5.299789992649893478e+00	1.912276537154693017e+02
5.306111460381987222e+00	1.953584989785982771e+02
5.312452717892129250e+00	1.949461879651368292e+02
5.318650122853046724e+00	2.010059944176454110e+02
5.324923043129819789e+00	1.988619071656609378e+02
5.331330237158205421e+00	2.023626490029537308e+02
5.337586726886338617e+00	2.049837433385950192e+02
5.343685192440848830e+00	2.056413929555157267e+02
5.350070659715249199e+00	2.069161850184833611e+02
5.356556762554878226e+00	2.095151359574964260e+02
5.362691868684501095e+00	2.120047237232651298e+02
5.368769208912516966e+00	2.116682892527338993e+02
5.375270137997677722e+00	2.171485836597919388e+02
5.381769983045385786e+00	2.218585914053347494e+02
5.387701030372958222e+00	2.213305442855282479e+02
5.393786668001271600e+00	2.174718680948597580e+02
5.400446161099396569e+00	2.229032468183368110e+02
5.406957063684501463e+00	2.226315987951033151e+02
5.412655672453426270e+00	2.249065891397588643e+02
5.418821279260546575e+00	2.305145869855347769e+02
5.425690594366304076e+00	2.294793644849595751e+02
5.432217487502165376e+00	2.371811444011732135e+02
5.437649811577258241e+00	2.392050628365054479e+02
5.443914404015878006e+00	2.386499669275898157e+02
5.450953501686320202e+00	2.445644706153034633e+02
5.457483690405861232e+00	2.498274885778033081e+02
5.462715250135157241e+00	2.451536821424969332e+02
5.469033575551323523e+00	2.515286708786099439e+02
5.476177730420278778e+00	2.561170455098214802e+02
5.482708935702562236e+00	2.552688992453539072e+02
5.487722405008360838e+00	2.583662498709921351e+02
5.494194284996126498e+00	2.663693859298966231e+02
5.501391471009256406e+00	2.565543436548765044e+02
5.507128202673079009e+00	2.740152128921546932e+02
5.512278020050448646e+00	2.657145041158237291e+02
5.519395563377015534e+00	2.869299225170112777e+02
5.526598678609708770e+00	2.665032396850309624e+02
5.532162682462509196e+00	2.908982585293919101e+02
5.537397124017139127e+00	2.772600996135144555e+02
5.544582756485218589e+00	3.232281122130312383e+02
5.551739327507637434e+00	3.148694782152215339e+02
5.557493306674907707e+00	3.777999053991007372e+02
5.562281709102816940e+00	2.270169796988593873e+02
5.569272720323164449e+00	6.252969623067862130e+02
