8.899641224696953554e-03	1.904887338408616197e+05
1.507912216506557788e-02	1.959029468708963541e+05
2.144790186456836667e-02	1.346103952128707606e+05
2.783660776489276650e-02	8.880225572110660141e+04
3.435099785803411021e-02	5.420416551293077646e+04
4.047886761425745911e-02	3.519784536044736160e+04
4.676716683575679601e-02	2.623204610075619348e+04
5.308225101765951665e-02	2.304457895724230912e+04
5.945362440940590160e-02	2.301658614096532256e+04
6.576224814588792211e-02	2.262724846092602456e+04
7.196632906698736953e-02	2.077977652202345416e+04
7.827860915688347743e-02	1.714201002241677270e+04
8.470398945834539672e-02	1.456838240985460470e+04
9.096854620527369817e-02	1.186090764163300446e+04
9.720789776830213169e-02	1.037320048184618463e+04
1.034763038959366499e-01	9.338479409698880772e+03
1.097576444254559219e-01	8.706505481249292643e+03
1.160543084780093354e-01	8.348972577367654594e+03
1.223669666537485351e-01	7.880299927797164855e+03
1.286817263090294094e-01	7.537952907081492413e+03
1.349500801664080818e-01	6.828848909977181393e+03
1.411949558842147678e-01	6.431690567308382015e+03
1.475133575747468451e-01	6.020163232464728935e+03
1.537865074252268427e-01	5.415465065435386350e+03
1.600657544051110326e-01	5.178716369581671643e+03
1.663991168687080635e-01	4.882052414410984966e+03
1.727195645776442856e-01	4.618030181776490281e+03
1.789765213377084718e-01	4.532910782648668828e+03
1.852353690647852158e-01	4.360274076473561763e+03
1.914806787341157279e-01	3.994051318943555088e+03
1.977889868651535599e-01	3.818961275004581239e+03
2.040937735447724277e-01	3.721736430927617221e+03
2.103939302609846018e-01	3.555813318576968413e+03
2.166909709822301688e-01	3.412558944933122348e+03
2.229700281216152047e-01	3.334497359915503694e+03
2.292620027086341994e-01	3.193646619110472784e+03
2.355141508366812297e-01	3.039869795954090478e+03
2.417910583817859116e-01	2.939588049744065756e+03
2.480856539439619257e-01	2.904655143091389618e+03
2.543492256872954549e-01	2.798778891539666802e+03
2.606334251884805386e-01	2.695602399137411794e+03
2.669257370896960802e-01	2.639819754326450948e+03
2.732423343141155980e-01	2.616848634864613814e+03
2.795529680084415936e-01	2.487595079713372797e+03
2.858366292314493129e-01	2.414694807809041322e+03
2.920876271394311496e-01	2.348282791523648939e+03
2.983449844439822751e-01	2.284396489673870292e+03
3.046382639407197446e-01	2.226815147028160482e+03
3.109279127003197196e-01	2.164847965690010824e+03
3.172168171618398036e-01	2.138847491055555565e+03
3.235187567944423082e-01	2.081083306783249554e+03
3.298168217550395687e-01	2.035085548023746469e+03
3.361176429457156667e-01	2.012491652932714942e+03
3.423700375709273769e-01	1.953447527819351762e+03
3.486478192666269682e-01	1.924157782436205480e+03
3.549411614411318028e-01	1.855453289003516375e+03
3.611916935421040642e-01	1.860976425486194103e+03
3.674767089563572564e-01	1.802415134206760968e+03
3.737647795277591056e-01	1.779671505375398283e+03
3.800654031475132477e-01	1.746814394918596690e+03
3.863539861259823738e-01	1.724812693058393052e+03
3.926140181364449755e-01	1.677111610233376041e+03
3.989264500321934581e-01	1.656317986621345881e+03
4.052073244576828714e-01	1.628992840800360909e+03
4.114916477570477182e-01	1.602257292206322063e+03
4.177814272116491257e-01	1.572851764982679242e+03
4.240400648725131116e-01	1.563490578217924622e+03
4.303425690270192283e-01	1.526287786199332004e+03
4.366358560255625965e-01	1.510159315120935389e+03
4.428996183220763605e-01	1.480803955837320700e+03
4.491634418529859563e-01	1.461732957546195166e+03
4.554414146254732731e-01	1.426236075846801441e+03
4.617634470301058558e-01	1.418541873916075701e+03
4.680644242023710433e-01	1.398481317520412631e+03
4.743485242764365895e-01	1.383351972386272109e+03
4.806356136815400082e-01	1.363160498623303511e+03
4.869019258388697646e-01	1.354192796139211396e+03
4.931697099599955947e-01	1.320741111967440474e+03
4.994506747144535908e-01	1.305325639995575102e+03
5.057159051335421429e-01	1.309198492310464871e+03
5.119923996268095356e-01	1.281997658798052953e+03
5.183126097768406826e-01	1.258190671981932837e+03
5.246089638029100000e-01	1.245666156607415360e+03
5.308757308483337267e-01	1.238695712830377261e+03
5.371573527946726934e-01	1.215300985338422151e+03
5.434579563783791256e-01	1.204137247823465714e+03
5.497430652392217842e-01	1.192242181037641558e+03
5.559937427501778773e-01	1.173830131230583675e+03
5.622854676609657654e-01	1.164440716032594082e+03
5.686011537227265711e-01	1.153131578941343605e+03
5.748804589422079614e-01	1.131844448920734294e+03
5.811550210340560296e-01	1.126164910767819265e+03
5.874394496660968468e-01	1.114619609342931653e+03
5.937176220296899176e-01	1.100798013374136190e+03
5.999971954793682505e-01	1.085750277229899666e+03
6.062679115124277596e-01	1.065482135752070690e+03
6.125469576444534381e-01	1.070341390467679275e+03
6.188477733041515272e-01	1.054671227448128775e+03
6.251310567437898813e-01	1.041789710900963428e+03
6.314027450383210560e-01	1.037196323479096691e+03
6.377003562732055375e-01	1.022101589223110295e+03
6.439857783314556494e-01	1.012069330574637092e+03
6.502685417166111925e-01	9.990659305255863956e+02
6.565586117699038216e-01	9.892741625300444639e+02
6.628369282359254377e-01	9.816195737686982739e+02
6.691185444962194362e-01	9.733460556531874772e+02
6.754070198575605755e-01	9.624428882794783249e+02
6.816835514593204692e-01	9.502292124394911070e+02
6.879592533861698112e-01	9.422361208733291278e+02
6.942344317039531587e-01	9.327045021519272723e+02
7.005175402434737908e-01	9.238149962188791733e+02
7.068124956608716758e-01	9.135204718085263949e+02
7.131019009674921527e-01	9.065134055946260787e+02
7.193918251171427247e-01	9.005144224738612593e+02
7.256833807598113140e-01	8.852395697596026594e+02
7.319652682709349989e-01	8.845609276210316239e+02
7.382507990484923344e-01	8.758907533712445002e+02
7.445265842115937893e-01	8.623100896763503442e+02
7.507871101942712455e-01	8.637591629765247490e+02
7.570758465316046459e-01	8.487529024233645032e+02
7.633641233600957365e-01	8.420552089903649176e+02
7.696462959862266917e-01	8.356500234700480405e+02
7.759394865175414102e-01	8.278845918231643282e+02
7.822329141989586843e-01	8.236846822573025975e+02
7.885314936520240181e-01	8.130182371758536419e+02
7.947896566979522071e-01	8.080644866333266236e+02
8.010491096592354809e-01	8.001489549812122277e+02
8.073364061727361651e-01	7.918975345492915494e+02
8.136229488373866170e-01	7.819990203327034806e+02
8.199152998961036776e-01	7.813249586816888268e+02
8.261952636392789762e-01	7.740473016421458397e+02
8.324897070080405914e-01	7.627462655785307106e+02
8.387959309210778480e-01	7.643078877003184743e+02
8.450634639703045181e-01	7.522226123444595487e+02
8.513282867562648182e-01	7.483866921947860646e+02
8.576198263902009566e-01	7.412107925409278550e+02
8.639058477062415697e-01	7.309758335560144360e+02
8.701838745487597837e-01	7.319011769451883538e+02
8.764641096075268534e-01	7.259643838554050035e+02
8.827503873399735745e-01	7.184633194305120014e+02
8.890332768393869323e-01	7.100831086881039482e+02
8.953084247113127780e-01	7.053528569577239296e+02
9.015956521667095602e-01	7.025128275777786939e+02
9.078833328094829680e-01	6.972547836059749216e+02
9.141744106319863450e-01	6.898732680817370237e+02
9.204630817717615043e-01	6.855471685212053217e+02
9.267434415264711456e-01	6.768543696063137531e+02
9.330324197354928906e-01	6.740532267057332092e+02
9.393265785573878812e-01	6.640115871679515749e+02
9.455974810398196650e-01	6.619841843584661092e+02
9.518660018545171964e-01	6.560226013959567126e+02
9.581413255531838757e-01	6.527326137386291975e+02
9.644350945109106954e-01	6.457665885013666411e+02
9.707355633568249820e-01	6.405912358250709531e+02
9.770080768450029041e-01	6.385949899171647530e+02
9.832823325363413414e-01	6.325806479836998051e+02
9.895569691966674686e-01	6.279577801764000924e+02
9.958456301921106979e-01	6.226749900590621110e+02
1.002136210743837408e+00	6.195531158640274043e+02
1.008404825335135424e+00	6.138067925989025753e+02
1.014694149836243398e+00	6.076833443986206476e+02
1.020992555437297167e+00	6.025822379797516533e+02
1.027273980437394485e+00	5.972980815823088960e+02
1.033559181896017254e+00	5.974812376338294371e+02
1.039847557392594934e+00	5.918173617241257034e+02
1.046126974943305088e+00	5.895753444027902788e+02
1.052403436811028659e+00	5.831979599795597551e+02
1.058680704651608684e+00	5.802120051571981776e+02
1.064964333065789193e+00	5.721881327099185910e+02
1.071256777440835473e+00	5.696129769766994286e+02
1.077544048801078125e+00	5.619527269061036350e+02
1.083824820188043603e+00	5.595484961187098634e+02
1.090108023942816695e+00	5.568091492036779755e+02
1.096389665956643222e+00	5.527829978330063341e+02
1.102681132058841440e+00	5.472561561355264530e+02
1.108963047594879958e+00	5.438383069329025830e+02
1.115225428463759272e+00	5.399461508322934833e+02
1.121502127614767863e+00	5.356320153194745899e+02
1.127792573824792033e+00	5.318106183438954986e+02
1.134089552668382961e+00	5.270017642386089847e+02
1.140364049650405942e+00	5.242205351734952501e+02
1.146639180320979445e+00	5.190943071380845595e+02
1.152942412991649901e+00	5.177512892486855662e+02
1.159228906751078814e+00	5.135318300996309517e+02
1.165508721887268173e+00	5.088413943490583051e+02
1.171793076256210320e+00	5.062287635809644826e+02
1.178087436369658958e+00	4.994573108184436592e+02
1.184367654251526902e+00	4.989007485032512363e+02
1.190634642299266632e+00	4.972816964609960451e+02
1.196912208834400859e+00	4.901820485086082044e+02
1.203201577354146234e+00	4.884803226743599112e+02
1.209486844441705733e+00	4.857383774746723475e+02
1.215763902074809888e+00	4.817245667879542452e+02
1.222049755171146668e+00	4.784839085083729060e+02
1.228340616621486969e+00	4.734665031978158822e+02
1.234632986576932767e+00	4.723573560879120805e+02
1.240902247176856488e+00	4.687713501712829043e+02
1.247174839144687519e+00	4.638919199533515894e+02
1.253465459933442272e+00	4.621765772417157905e+02
1.259749951892178421e+00	4.599299516612946945e+02
1.266032143127253873e+00	4.555198612488105709e+02
1.272316288472006507e+00	4.541541810552841412e+02
1.278604155058621350e+00	4.503782392711951843e+02
1.284886588933593865e+00	4.479998698764811138e+02
1.291175420066583257e+00	4.435941120941307645e+02
1.297465726373772332e+00	4.398485004609501061e+02
1.303741827011944299e+00	4.381675882963196500e+02
1.310017322922761851e+00	4.352745468861667177e+02
1.316301447662886703e+00	4.319343370937434088e+02
1.322586760363303249e+00	4.280619652710780656e+02
1.328865492452874664e+00	4.257323129914133233e+02
1.335144804954555564e+00	4.224668891934552448e+02
1.341440516272275119e+00	4.191971164702438273e+02
1.347730868417094552e+00	4.162315953532084905e+02
1.354001589994877630e+00	4.131968963571185895e+02
1.360282609297778444e+00	4.112803621173130750e+02
1.366565686457597906e+00	4.087207828422885996e+02
1.372851498482432708e+00	4.059969196673070542e+02
1.379135372929401804e+00	4.040528913080063944e+02
1.385409567149057164e+00	4.016257698957720663e+02
1.391698641219299315e+00	3.982641820285765561e+02
1.397984451439470810e+00	3.959733906291303356e+02
1.404267883409181961e+00	3.936388779734580794e+02
1.410554779484869181e+00	3.901692379753129103e+02
1.416837833547465397e+00	3.882422759638877778e+02
1.423118177187137068e+00	3.848137867179897285e+02
1.429397801164240089e+00	3.834746240546079434e+02
1.435686921822787232e+00	3.816333452170946998e+02
1.441977121769299597e+00	3.782438668720806163e+02
1.448253667853332427e+00	3.764169371388433092e+02
1.454532348972172651e+00	3.740755602041170391e+02
1.460819319151879903e+00	3.726206586764613462e+02
1.467110364402026468e+00	3.707736892530441537e+02
1.473392908948962132e+00	3.663433830637217170e+02
1.479669965243598950e+00	3.641514540955303687e+02
1.485956144602843532e+00	3.639224340504093220e+02
1.492233610763115115e+00	3.607053467194975838e+02
1.498502470379980078e+00	3.588407202605492330e+02
1.504785752051182701e+00	3.550153492371415496e+02
1.511075991894575976e+00	3.537664035056627085e+02
1.517361634985162189e+00	3.513567203320261001e+02
1.523648570969130533e+00	3.489766826150706152e+02
1.529938035715892264e+00	3.471874470089779834e+02
1.536230176913891965e+00	3.449872466308322601e+02
1.542510718779388279e+00	3.431939855947714477e+02
1.548783963082980275e+00	3.410243345285336432e+02
1.555073069779651318e+00	3.390164076418246850e+02
1.561357324927233892e+00	3.365683815783782507e+02
1.567629121053141006e+00	3.345625984687166010e+02
1.573913697404382583e+00	3.322210392402286061e+02
1.580203545230874029e+00	3.306269477171598510e+02
1.586485393434537983e+00	3.279705957121606730e+02
1.592760014263005841e+00	3.264894347923801661e+02
1.599046436394670812e+00	3.238112512380656085e+02
1.605342136637478934e+00	3.228864411231498366e+02
1.611619860919608627e+00	3.203664151699654212e+02
1.617897597081673799e+00	3.188635284392732387e+02
1.624183235481122756e+00	3.159921216029708262e+02
1.630464598531913722e+00	3.147506367540053702e+02
1.636748985747638274e+00	3.134184049016631661e+02
1.643030923698886259e+00	3.108826885501720199e+02
1.649309176648513064e+00	3.104567891175802288e+02
1.655593633940351861e+00	3.078879725421645048e+02
1.661879571405086464e+00	3.057162907823263822e+02
1.668169361685170271e+00	3.046800588629899380e+02
1.674450151530487485e+00	3.015336529919238728e+02
1.680722718978495900e+00	3.008436188539926661e+02
1.687013891340952476e+00	2.989032708166912471e+02
1.693308984907921033e+00	2.964127623355859669e+02
1.699582147428448486e+00	2.960259699762258379e+02
1.705863747055134105e+00	2.938107690446984179e+02
1.712154434283889470e+00	2.915408454880789009e+02
1.718438381579399321e+00	2.906255223975614399e+02
1.724721264464063930e+00	2.875529918970122480e+02
1.730997441276920679e+00	2.861835897794317134e+02
1.737287073528269499e+00	2.859221234987305138e+02
1.743567991878527401e+00	2.836354979640042870e+02
1.749840680212231048e+00	2.812940200710231125e+02
1.756128549091961144e+00	2.793440068178153979e+02
1.762413535324792502e+00	2.788182101974567786e+02
1.768696187669963837e+00	2.762672158963533775e+02
1.774979359379055266e+00	2.745599511573691416e+02
1.781265555576432957e+00	2.732989560607080648e+02
1.787549427830244619e+00	2.720953876737444830e+02
1.793834120011633004e+00	2.701120446903308334e+02
1.800115051552487300e+00	2.692839281586259972e+02
1.806393904854530330e+00	2.673306471579562640e+02
1.812674089667083432e+00	2.656443536950076236e+02
1.818956920109354058e+00	2.643448192850874534e+02
1.825244164118212220e+00	2.631460103252694580e+02
1.831527256642196955e+00	2.618135580456641947e+02
1.837811294935716599e+00	2.604689500897497396e+02
1.844100717411196744e+00	2.590996433699293675e+02
1.850384816792487230e+00	2.577384775761051969e+02
1.856666059735203822e+00	2.560434668836812762e+02
1.862947728675613979e+00	2.546607630293975433e+02
1.869229324466858078e+00	2.538539973440449842e+02
1.875517616802973686e+00	2.521035698448638698e+02
1.881800769033795229e+00	2.513351804347206553e+02
1.888078863416442710e+00	2.493140856827526477e+02
1.894353975182237582e+00	2.474579614564258634e+02
1.900642716154182565e+00	2.469537433487000726e+02
1.906933494748685121e+00	2.459394829099740889e+02
1.913207568676573933e+00	2.444635030649905616e+02
1.919490884732178992e+00	2.429726498396157695e+02
1.925776855684274480e+00	2.414324311966464620e+02
1.932064452961978152e+00	2.406485077603121852e+02
1.938342610030488800e+00	2.393185603636192980e+02
1.944618341543410178e+00	2.377551570558573246e+02
1.950906260203513876e+00	2.370681954668223170e+02
1.957194556613796488e+00	2.355321118208132702e+02
1.963479614559011432e+00	2.336871409651246267e+02
1.969760361532916226e+00	2.327211140928454824e+02
1.976048367034604736e+00	2.315313999291490745e+02
1.982337990217652335e+00	2.304811986650374536e+02
1.988617489259562721e+00	2.292846193219657209e+02
1.994896320665194178e+00	2.283716971043108117e+02
2.001179596222827151e+00	2.271262293107488972e+02
2.007459756923499761e+00	2.257506207791665815e+02
2.013737397779169935e+00	2.245644130698101435e+02
2.020017234677497164e+00	2.231312272953666991e+02
2.026310251015072783e+00	2.218944225065220905e+02
2.032600542948020284e+00	2.207524783278312839e+02
2.038873863192099289e+00	2.197993642526680276e+02
2.045154087821675404e+00	2.188765253274471263e+02
2.051444704514288730e+00	2.176593176634822271e+02
2.057730430280644729e+00	2.167086279131843867e+02
2.064013940455224461e+00	2.154818681436381667e+02
2.070299891179459895e+00	2.143965718320555425e+02
2.076589719964883951e+00	2.130772305228517496e+02
2.082865483794470673e+00	2.127640386293385859e+02
2.089134494859368640e+00	2.115568997078492544e+02
2.095424211360070288e+00	2.097842043327917736e+02
2.101707116664804254e+00	2.094578398138834814e+02
2.107986473933564309e+00	2.082223702845030573e+02
2.114271806543862375e+00	2.074766840324933810e+02
2.120552717288892275e+00	2.063324536119561969e+02
2.126836933207161717e+00	2.048273272913717165e+02
2.133122044791171845e+00	2.043645572376904340e+02
2.139411711910842673e+00	2.031795153644484060e+02
2.145697076775292089e+00	2.023943690901794810e+02
2.151973548606471276e+00	2.013624740117047622e+02
2.158259913555724108e+00	2.004021821656069164e+02
2.164545396699105506e+00	1.993948241689901124e+02
2.170830700377734068e+00	1.984365704315844425e+02
2.177114138849150393e+00	1.976658670571428047e+02
2.183387647576827018e+00	1.965856489908022979e+02
2.189670273687676971e+00	1.958949875224973596e+02
2.195960147934207463e+00	1.944002839444700328e+02
2.202242556317716371e+00	1.937352936562533330e+02
2.208521655981037668e+00	1.930063811649139325e+02
2.214804637081333016e+00	1.919557014346406447e+02
2.221092583349425276e+00	1.909587318933095332e+02
2.227372893591468728e+00	1.904737263027709844e+02
2.233657161144248171e+00	1.892647373329590437e+02
2.239943485394438660e+00	1.883367816317658594e+02
2.246224175264620815e+00	1.875998698412926728e+02
2.252506378421252009e+00	1.865726922456227328e+02
2.258783417054270437e+00	1.859368836447654019e+02
2.265069077371457684e+00	1.849566305503235242e+02
2.271350377044131452e+00	1.841465687888791933e+02
2.277633995145353918e+00	1.834780150853975726e+02
2.283922419579920149e+00	1.826398265081735133e+02
2.290202874392252674e+00	1.820979086077414024e+02
2.296490779970905560e+00	1.809320158424748684e+02
2.302771769934229162e+00	1.803520163623179826e+02
2.309051364164305564e+00	1.796387627393662569e+02
2.315338502539088239e+00	1.788666767950094538e+02
2.321627336503874428e+00	1.776990518584973699e+02
2.327911878297218795e+00	1.765417050763008717e+02
2.334186238580297168e+00	1.762447430083848019e+02
2.340467971862688401e+00	1.754463967964570088e+02
2.346756940970738725e+00	1.745319230754238049e+02
2.353044444556199988e+00	1.741000873112131160e+02
2.359327653314069906e+00	1.732039282898807357e+02
2.365603048789861607e+00	1.724848884499851920e+02
2.371885911737665165e+00	1.714950683457956586e+02
2.378173303594019572e+00	1.709945950710566649e+02
2.384454016539381271e+00	1.703296251520997941e+02
2.390736447344785187e+00	1.696857107121342949e+02
2.397014133897952259e+00	1.690284759612627283e+02
2.403295490074321972e+00	1.683154595675298140e+02
2.409585049672506862e+00	1.675239789080702337e+02
2.415871703165322071e+00	1.667558246826506547e+02
2.422160652369088840e+00	1.660308439862149044e+02
2.428440167222748691e+00	1.651927570414996467e+02
2.434717472383889803e+00	1.646279842045023543e+02
2.441002456202044257e+00	1.643508123941412578e+02
2.447289980304530488e+00	1.635986881636245300e+02
2.453571844729242279e+00	1.631941634455663745e+02
2.459852705114058846e+00	1.619810845313795937e+02
2.466139233225018934e+00	1.615399489031595124e+02
2.472421963421291391e+00	1.611664370328557538e+02
2.478698519174224568e+00	1.600699902497134985e+02
2.484980841400355800e+00	1.597638766737857452e+02
2.491269319409339822e+00	1.591615204626128559e+02
2.497548505139029373e+00	1.583479866367262048e+02
2.503831667172610853e+00	1.576776473310609958e+02
2.510117938323931153e+00	1.569019038905755679e+02
2.516400733681277480e+00	1.565224265979555298e+02
2.522688226833368130e+00	1.558416583698986244e+02
2.528971695852665569e+00	1.553088837055858562e+02
2.535252039407670299e+00	1.546272754786554628e+02
2.541537514142774512e+00	1.543080362591614971e+02
2.547823008847572179e+00	1.536784187417156886e+02
2.554100666580690238e+00	1.531821091075233028e+02
2.560376788884177301e+00	1.523294263704151206e+02
2.566667521601497359e+00	1.518704493846806258e+02
2.572955062237090473e+00	1.511382278334647253e+02
2.579233771797999175e+00	1.505137321910110302e+02
2.585520164300948220e+00	1.502962136672482245e+02
2.591805130332431872e+00	1.496132595660386357e+02
2.598084074692260881e+00	1.489112390385491267e+02
2.604360404197643586e+00	1.486078030756523276e+02
2.610647185140439142e+00	1.479835742693617817e+02
2.616931864059273138e+00	1.473492507934637956e+02
2.623206107911065565e+00	1.468202039498971203e+02
2.629491626543270844e+00	1.465222755256043001e+02
2.635778507982642349e+00	1.461318191568796010e+02
2.642061039325260818e+00	1.455338136361161787e+02
2.648343840729305843e+00	1.448262662244926844e+02
2.654631838974855551e+00	1.445583789719530330e+02
2.660919001246303761e+00	1.442225780955660923e+02
2.667198525130066056e+00	1.434242681566432793e+02
2.673484307038032526e+00	1.431068993509095151e+02
2.679773388053849459e+00	1.426240427133151059e+02
2.686058217632288692e+00	1.420461926374700568e+02
2.692338738200057868e+00	1.417509191613260953e+02
2.698618022887226964e+00	1.410606467083005953e+02
2.704895450708277860e+00	1.408452947956874652e+02
2.711175674923682166e+00	1.402111448900704715e+02
2.717459832966957922e+00	1.399423797326485612e+02
2.723745731959044569e+00	1.394483037694692769e+02
2.730038414850594730e+00	1.391171322853891184e+02
2.736317989800789441e+00	1.384394442260799281e+02
2.742591858549239703e+00	1.383450153844468673e+02
2.748879749010778362e+00	1.378946298433007200e+02
2.755163403825859447e+00	1.373767148178236255e+02
2.761446955625852073e+00	1.366107930427675399e+02
2.767732088935374701e+00	1.365503382060683464e+02
2.774015452421743966e+00	1.359724456600304450e+02
2.780298635700591436e+00	1.356799708468095389e+02
2.786577474762241380e+00	1.354930729190632235e+02
2.792857983210164541e+00	1.350755211348556202e+02
2.799143790920211483e+00	1.344863964276464401e+02
2.805430058399325244e+00	1.342862662331056356e+02
2.811715058209780072e+00	1.340240596818773611e+02
2.817989272498773623e+00	1.336170551334666641e+02
2.824269171595737760e+00	1.332106082049374152e+02
2.830563016441804081e+00	1.329017919366370961e+02
2.836848750951622034e+00	1.325193816057283982e+02
2.843130027866129783e+00	1.321707053592087959e+02
2.849413896912404986e+00	1.319865213832950133e+02
2.855697464522425566e+00	1.316013707350543598e+02
2.861978799810683594e+00	1.312235475318538533e+02
2.868262469415629567e+00	1.310004303177158533e+02
2.874547359206753860e+00	1.305869697586776681e+02
2.880831111471525041e+00	1.304399165601963375e+02
2.887113216972382546e+00	1.299918650448734638e+02
2.893394504725182781e+00	1.299439556639056264e+02
2.899673662137033592e+00	1.294372959374572361e+02
2.905953958587380814e+00	1.294712593283162789e+02
2.912241118105161064e+00	1.289245702023798685e+02
2.918525996366671205e+00	1.286502075098850355e+02
2.924809035425688819e+00	1.285766541109009609e+02
2.931095916293684933e+00	1.282406151562195191e+02
2.937378182606774413e+00	1.280689558960276884e+02
2.943659980254369923e+00	1.280114176087897420e+02
2.949946454403890250e+00	1.274141837815092941e+02
2.956227653702202307e+00	1.273009072246023692e+02
2.962510478867462993e+00	1.270861147076821283e+02
2.968796535179442309e+00	1.270556767149957977e+02
2.975077657376874907e+00	1.266473884564180850e+02
2.981359866759223376e+00	1.266377649832887755e+02
2.987646761575656562e+00	1.261741852844808420e+02
2.993929038370399365e+00	1.262219022188994870e+02
3.000206214840962726e+00	1.259910605568259996e+02
3.006486172402415669e+00	1.258426842664748619e+02
3.012769812211594456e+00	1.258606709344147276e+02
3.019053144326170113e+00	1.253093159783004324e+02
3.025337405144251424e+00	1.254050774882423838e+02
3.031623734799107961e+00	1.252438506820623871e+02
3.037908962055872575e+00	1.252972853485922684e+02
3.044195067146031608e+00	1.250414216760113675e+02
3.050475543482170426e+00	1.248064698217959858e+02
3.056754954538277502e+00	1.247739115382179733e+02
3.063040539557494668e+00	1.246156687238389082e+02
3.069323699454357346e+00	1.244186273750334664e+02
3.075610692642898769e+00	1.245283027942728324e+02
3.081893798009918584e+00	1.242114579213095169e+02
3.088174549548037717e+00	1.241558381233463564e+02
3.094458635632868493e+00	1.243430667444603444e+02
3.100743982931558840e+00	1.242017551240156621e+02
3.107028111748448396e+00	1.243279635692813372e+02
3.113309299655494300e+00	1.239852059334405112e+02
3.119590662867241626e+00	1.238518185858789167e+02
3.125874006820172912e+00	1.238834199570170824e+02
3.132159251154602586e+00	1.238570813631640704e+02
3.138439172765940643e+00	1.239753926204578391e+02
3.144723867719826593e+00	1.237572535132247111e+02
3.151003951258561031e+00	1.240708174693056378e+02
3.157283664131563139e+00	1.240285678766047397e+02
3.163569317183839935e+00	1.240221621542353034e+02
3.169851661717792091e+00	1.240599872947048539e+02
3.176137704316093657e+00	1.240539968385683807e+02
3.182420924828643916e+00	1.240394709120409260e+02
3.188702811875577581e+00	1.238888229643728636e+02
3.194990520008989865e+00	1.240756134541201021e+02
3.201275324656983834e+00	1.241224386152414638e+02
3.207551352179861759e+00	1.244599675869872186e+02
3.213835216737041645e+00	1.244779297078603122e+02
3.220122579819103770e+00	1.242789401722684630e+02
3.226406606618656525e+00	1.241466092434004196e+02
3.232687390085645429e+00	1.236322826463014906e+02
3.238969121280456331e+00	1.234828186621498389e+02
3.245254751548589667e+00	1.229229109782892380e+02
3.251534499036136783e+00	1.225292586433268980e+02
3.257817780791052442e+00	1.223965270852197591e+02
3.264102164154097263e+00	1.221719830601828676e+02
3.270384152138468892e+00	1.218773624194898275e+02
3.276669427476867735e+00	1.215287393390345585e+02
3.282954688864507808e+00	1.213097384860853367e+02
3.289237200334947264e+00	1.209270965668059006e+02
3.295519587088236779e+00	1.207720538611794296e+02
3.301805977329951958e+00	1.204132456317624076e+02
3.308087486222440088e+00	1.200417505271308727e+02
3.314367630234227313e+00	1.198234243109384067e+02
3.320651909732194262e+00	1.194706514391745458e+02
3.326931260376857047e+00	1.193760618409616825e+02
3.333216512447217728e+00	1.191636702808106918e+02
3.339504489419978128e+00	1.187828191680921890e+02
3.345786804809928405e+00	1.184714374953805134e+02
3.352071130016277767e+00	1.180979682437435088e+02
3.358351496304225581e+00	1.181355339975187349e+02
3.364630591073392019e+00	1.178841976105112366e+02
3.370916305215045483e+00	1.175378942578132069e+02
3.377197952029413752e+00	1.172504493613202072e+02
3.383483063818085501e+00	1.168833101801277792e+02
3.389769992424469969e+00	1.166283894511620502e+02
3.396051330885982100e+00	1.165863589526195057e+02
3.402330879139463971e+00	1.162629665762944455e+02
3.408610488352048495e+00	1.159350890501871021e+02
3.414897837696641236e+00	1.157807602093716497e+02
3.421180484052105619e+00	1.155144010722540173e+02
3.427461639653846870e+00	1.150936773536496815e+02
3.433749159643459059e+00	1.149956105984458929e+02
3.440032646656798310e+00	1.148056956903300687e+02
3.446313366033385339e+00	1.145222997102655853e+02
3.452600135384134905e+00	1.143745069671419117e+02
3.458883152815406703e+00	1.139894035366692719e+02
3.465163834403715448e+00	1.137591194072389413e+02
3.471449329786229221e+00	1.136442602882687822e+02
3.477734476754053894e+00	1.135609019731715392e+02
3.484019652467224226e+00	1.131810797969147302e+02
3.490297019369712928e+00	1.130662021643262278e+02
3.496582486484379970e+00	1.127065620585112242e+02
3.502868048046865024e+00	1.127302410170671862e+02
3.509144649545451244e+00	1.125274171682740985e+02
3.515428082003116295e+00	1.122781838489306239e+02
3.521711031624695565e+00	1.119549546467780345e+02
3.527991850954735664e+00	1.119906926116175043e+02
3.534275545726699885e+00	1.116410993840700598e+02
3.540562632020772149e+00	1.114927197328459698e+02
3.546844410757220789e+00	1.112911997757557572e+02
3.553131386753758836e+00	1.110460674505957570e+02
3.559419203211965144e+00	1.109112097163187798e+02
3.565697971577579839e+00	1.107613442202777634e+02
3.571979559134798254e+00	1.106186394430331319e+02
3.578265774595833726e+00	1.103471468110062546e+02
3.584548309769353125e+00	1.102522099203697508e+02
3.590826843920031486e+00	1.099833003590458560e+02
3.597107306745233934e+00	1.098165712208213591e+02
3.603392831792229245e+00	1.096960810632546668e+02
3.609673209822572559e+00	1.096111536686716477e+02
3.615955412133016189e+00	1.094791875975914763e+02
3.622241607772384686e+00	1.091058730740438705e+02
3.628520252736676444e+00	1.092298772144358310e+02
3.634804827569451113e+00	1.089078315587636325e+02
3.641094981788862928e+00	1.088486245323840507e+02
3.647383514928639325e+00	1.085191207086649570e+02
3.653663283927725658e+00	1.083336251962236787e+02
3.659943504072155296e+00	1.082637710743368302e+02
3.666232000281138603e+00	1.082854480889368176e+02
3.672514211678317597e+00	1.080541506480324614e+02
3.678794154686042539e+00	1.082242489490414101e+02
3.685078621861909820e+00	1.078752965234594399e+02
3.691359210097977961e+00	1.076490998863411619e+02
3.697642368173791105e+00	1.075866255359966317e+02
3.703925796735277665e+00	1.073626876029075419e+02
3.710208240364660348e+00	1.072028999581394970e+02
3.716494593122387169e+00	1.071298571760604545e+02
3.722775386659595398e+00	1.070248622699752730e+02
3.729058392883481510e+00	1.069672412439605154e+02
3.735339748210807720e+00	1.067805283944701813e+02
3.741620776392969638e+00	1.068757253865717018e+02
3.747904795418762980e+00	1.067282110226147580e+02
3.754190633281219380e+00	1.065208656292183349e+02
3.760478208018912749e+00	1.064008573993614419e+02
3.766755538573464346e+00	1.061172511795142839e+02
3.773032090135151506e+00	1.061918805442344365e+02
3.779322553012896879e+00	1.061201564620045588e+02
3.785609109731308930e+00	1.059454244498699609e+02
3.791889825936295200e+00	1.057721554080696080e+02
3.798174822702435893e+00	1.058178845409091622e+02
3.804458658753491651e+00	1.057561470419762912e+02
3.810738438095723435e+00	1.056036420789591972e+02
3.817018850285747167e+00	1.056831437857413505e+02
3.823305314209427763e+00	1.056911681977862258e+02
3.829591295197792178e+00	1.054319218532738205e+02
3.835872296070849341e+00	1.051753886754859337e+02
3.842156279590906109e+00	1.054700966907231958e+02
3.848441511099312429e+00	1.051891313994405976e+02
3.854723334376886079e+00	1.053797453009225791e+02
3.861004740704794713e+00	1.053563723797690841e+02
3.867284336650660848e+00	1.050685938283081668e+02
3.873567367678779849e+00	1.052076763469442113e+02
3.879850662830422792e+00	1.050113204086087961e+02
3.886137063198143338e+00	1.050436960020686854e+02
3.892419463049126005e+00	1.048809408453841741e+02
3.898703740328622658e+00	1.050138454442162725e+02
3.904991458788179326e+00	1.050185358392265300e+02
3.911270842222104083e+00	1.049262132071879847e+02
3.917549806479573071e+00	1.048978652295536591e+02
3.923836006203090587e+00	1.048549095636417974e+02
3.930121452497870926e+00	1.048500269938180907e+02
3.936398172858230460e+00	1.048380778053566758e+02
3.942683040425962293e+00	1.049086574540194761e+02
3.948974759704379611e+00	1.048882610656116299e+02
3.955259227995065352e+00	1.049251532671260492e+02
3.961537174921395454e+00	1.047239515184687804e+02
3.967820217617139544e+00	1.047715665649523231e+02
3.974105559832568968e+00	1.049474219534632908e+02
3.980384727931198352e+00	1.050067230949003090e+02
3.986664590839849698e+00	1.049129926820319412e+02
3.992949619150675034e+00	1.050673431671237097e+02
3.999235075769965952e+00	1.050041016855193448e+02
4.005515715515433506e+00	1.051230364811236342e+02
4.011798434346478537e+00	1.049495171064146604e+02
4.018083716245132386e+00	1.050318061594334011e+02
4.024365700052603856e+00	1.052790818372059505e+02
4.030643960839860540e+00	1.051565858575630443e+02
4.036928708926215137e+00	1.053201792719828092e+02
4.043218157412017177e+00	1.053929342191216278e+02
4.049503019487663558e+00	1.054908298929699555e+02
4.055781898960511000e+00	1.053781268973553864e+02
4.062060795621602161e+00	1.057096339552999922e+02
4.068347865354716042e+00	1.057130748232208219e+02
4.074631027173265529e+00	1.055877003234678426e+02
4.080910837526078971e+00	1.058683853249465585e+02
4.087201203341442657e+00	1.057309230864648555e+02
4.093486818591942189e+00	1.058672245766408366e+02
4.099764387336505500e+00	1.059579376804462925e+02
4.106049166937662420e+00	1.061990978403453454e+02
4.112334559041358695e+00	1.061614671784200539e+02
4.118618926059533614e+00	1.063139534583851571e+02
4.124898942031112625e+00	1.064418518384268708e+02
4.131175432561665417e+00	1.065539533958749985e+02
4.137461563786142271e+00	1.066750746609950369e+02
4.143746006210170307e+00	1.067811851912253616e+02
4.150029800482964326e+00	1.068231148163256563e+02
4.156313390684649001e+00	1.070669975772341473e+02
4.162596105843763716e+00	1.072553185627195091e+02
4.168881843141768684e+00	1.072642106436549341e+02
4.175162111073220217e+00	1.073699596222691639e+02
4.181448573417560155e+00	1.075919545866542677e+02
4.187738782464171194e+00	1.077146435449608219e+02
4.194017437180169061e+00	1.081985618660156945e+02
4.200293572701767175e+00	1.078440347573034614e+02
4.206580195481546269e+00	1.080715380732127784e+02
4.212860644652220543e+00	1.084639552748533760e+02
4.219138153430114002e+00	1.086889364266514093e+02
4.225426162098283811e+00	1.086849623337959230e+02
4.231713506719782636e+00	1.086517832935548995e+02
4.237990056577191744e+00	1.090207554780826769e+02
4.244267783646744618e+00	1.092252313454009141e+02
4.250560660182562955e+00	1.094976541483911916e+02
4.256847734842668096e+00	1.097304747116676822e+02
4.263127100734456221e+00	1.099588871220770585e+02
4.269406860432507500e+00	1.099123963442179388e+02
4.275691671482192646e+00	1.103945923467895653e+02
4.281972414189518794e+00	1.104095289900924115e+02
4.288253516806755705e+00	1.106170587212767344e+02
4.294540520160492925e+00	1.108760094826781568e+02
4.300825742921731809e+00	1.108891657670171753e+02
4.307109835491901961e+00	1.110533721862055785e+02
4.313390926478413157e+00	1.112257154048414804e+02
4.319667979480563247e+00	1.112435420318008283e+02
4.325952598143786076e+00	1.117911863452859649e+02
4.332241647035422361e+00	1.120428980599493940e+02
4.338524445619096781e+00	1.120393139358256889e+02
4.344809348131129845e+00	1.124467669508322700e+02
4.351090699193166600e+00	1.123272805037223776e+02
4.357369710808320029e+00	1.131099679254319028e+02
4.363659348967174445e+00	1.130129164645349107e+02
4.369947418280990981e+00	1.134594116804871504e+02
4.376226569265827315e+00	1.137383843661839791e+02
4.382499356631129217e+00	1.139071007583506372e+02
4.388784975178015024e+00	1.141237280469131576e+02
4.395068696309480494e+00	1.141552058759583446e+02
4.401347962382031298e+00	1.145703897689339215e+02
4.407628405096517099e+00	1.146139577392212630e+02
4.413915862185140426e+00	1.148344175814195296e+02
4.420203163534264235e+00	1.152372961727203773e+02
4.426480311003382795e+00	1.151679077815463046e+02
4.432765973643649104e+00	1.156503619730706731e+02
4.439053392023870614e+00	1.153535705045155737e+02
4.445336141335588742e+00	1.157287225721225496e+02
4.451617241414883352e+00	1.157405522007802006e+02
4.457901500730311106e+00	1.155133255777728039e+02
4.464189501093017043e+00	1.161314538716583513e+02
4.470470197548729985e+00	1.156564597965938219e+02
4.476748044268524573e+00	1.162475898710302999e+02
4.483035990164653484e+00	1.159569237248225448e+02
4.489323331650528104e+00	1.162621583777053331e+02
4.495599111667934800e+00	1.162962770025407337e+02
4.501870922878794090e+00	1.160218262769157747e+02
4.508155162877705457e+00	1.162919594478632348e+02
4.514446451153479423e+00	1.160375310138389153e+02
4.520723894043856994e+00	1.161581994274496594e+02
4.527003782460155890e+00	1.157670576323889833e+02
4.533293086610313161e+00	1.157972526926885450e+02
4.539578989864040182e+00	1.152116425954112771e+02
4.545857164866476730e+00	1.148399567417697398e+02
4.552138955546025656e+00	1.148893012759762939e+02
4.558432046889146605e+00	1.142172323282096187e+02
4.564713463378488711e+00	1.144511590902860121e+02
4.570987274133244682e+00	1.143215842194804566e+02
4.577274818151045643e+00	1.142652829925015538e+02
4.583563263889338657e+00	1.142011286209549326e+02
4.589844917004465508e+00	1.140995041033689716e+02
4.596126259982004747e+00	1.139936184217272483e+02
4.602409075598298926e+00	1.143936343848423149e+02
4.608696634867644804e+00	1.141084515092780407e+02
4.614977646498861219e+00	1.141128436040777103e+02
4.621258953029527383e+00	1.139633450739164715e+02
4.627547993978874175e+00	1.143197231904705404e+02
4.633830152730579854e+00	1.140124719864699756e+02
4.640104005367354567e+00	1.137653598779099013e+02
4.646382060386754276e+00	1.141068211492413695e+02
4.652674213731970987e+00	1.140626307573462981e+02
4.658958291796220230e+00	1.144961286367316973e+02
4.665233615070169648e+00	1.140049520661077196e+02
4.671520675710307380e+00	1.144998325635424834e+02
4.677814351732177300e+00	1.147574142159026991e+02
4.684093699744638073e+00	1.146569381886942836e+02
4.690368661472568590e+00	1.151704889719583065e+02
4.696663270746453733e+00	1.148118910022845824e+02
4.702945459248681459e+00	1.148347309104491245e+02
4.709209170841929470e+00	1.153670545765357218e+02
4.715491634753063543e+00	1.150934193506297589e+02
4.721784316284933780e+00	1.155483150387096885e+02
4.728063062331094635e+00	1.156646186999204247e+02
4.734337423381671073e+00	1.163548913461602297e+02
4.740627024094544062e+00	1.161751047974520361e+02
4.746914995664547554e+00	1.162294649812042735e+02
4.753194740071086777e+00	1.166190774002992896e+02
4.759478891864783456e+00	1.163136863807709034e+02
4.765762396877359031e+00	1.169410879711957136e+02
4.772049481246195768e+00	1.168285733011026792e+02
4.778335091022592351e+00	1.173204062867192050e+02
4.784610831402393849e+00	1.172370724980610817e+02
4.790907306208476157e+00	1.170531934008764381e+02
4.797204047706418173e+00	1.177923088521710611e+02
4.803470827697504220e+00	1.180879602297107454e+02
4.809748850577324042e+00	1.185332231605961226e+02
4.816045316586602176e+00	1.183505675324824011e+02
4.822329240673497885e+00	1.181300968580390816e+02
4.828596758226470165e+00	1.189545042862084472e+02
4.834890332961369275e+00	1.194566072570341220e+02
4.841191655056394261e+00	1.197498446324413237e+02
4.847460407468000554e+00	1.200297280286225856e+02
4.853732128521334843e+00	1.206566177658754953e+02
4.860029138783373170e+00	1.204807403657002425e+02
4.866314601732018019e+00	1.213002664083123250e+02
4.872587026269203925e+00	1.212679529340330618e+02
4.878874221748241702e+00	1.211419928219559381e+02
4.885171078138658807e+00	1.219084148439981163e+02
4.891450629931857641e+00	1.222526780104993378e+02
4.897716482750221978e+00	1.228699463972564985e+02
4.904002834596266069e+00	1.229118237798784321e+02
4.910295858205786068e+00	1.232196925322163565e+02
4.916575188115905881e+00	1.238508224558290323e+02
4.922847946197084212e+00	1.240653483074023029e+02
4.929131667457151700e+00	1.250471067393744136e+02
4.935434460144239033e+00	1.254667339273611049e+02
4.941718513303545279e+00	1.253955392290908293e+02
4.947978624761803168e+00	1.253078713994436981e+02
4.954274999209829389e+00	1.265391127593212559e+02
4.960571094729937514e+00	1.267909555995491928e+02
4.966823207626954506e+00	1.270136031185048466e+02
4.973097418390337587e+00	1.279858851126387833e+02
4.979415129936382023e+00	1.285115002970504179e+02
4.985702082330368157e+00	1.291801609327824565e+02
4.991949985828016523e+00	1.294407091751713779e+02
4.998241586316924057e+00	1.297829973874183338e+02
5.004556635606089543e+00	1.307003463026541397e+02
5.010828655701208945e+00	1.309503204816872994e+02
5.017077229702536556e+00	1.322471589533680856e+02
5.023374414758113637e+00	1.332914834480522188e+02
5.029688873569548413e+00	1.336416345763647655e+02
5.035958413584124216e+00	1.339146943395194000e+02
5.042232667658486989e+00	1.345260588671758910e+02
5.048528755870775875e+00	1.350062281793975671e+02
5.054821121427484520e+00	1.357550647969077886e+02
5.061069509814582368e+00	1.361084458632507506e+02
5.067347812754101177e+00	1.370902661261673074e+02
5.073675050630431116e+00	1.376952480837030635e+02
5.079945928388977627e+00	1.386217553198726478e+02
5.086192992546071601e+00	1.386282466230776151e+02
5.092484128970163226e+00	1.389724649796170581e+02
5.098802924706086870e+00	1.415818166177568287e+02
5.105078217426394005e+00	1.418882402695764711e+02
5.111325076574067872e+00	1.425170610326988196e+02
5.117628358851224135e+00	1.422271940235926877e+02
5.123935939383525984e+00	1.452614170594183918e+02
5.130199176325612065e+00	1.457807198395121588e+02
5.136469985878846956e+00	1.453417591541297043e+02
5.142797788696348071e+00	1.475777938187280256e+02
5.149090378043822192e+00	1.482214855019253434e+02
5.155289879840074363e+00	1.498241386080570692e+02
5.161564521234301317e+00	1.508906907920848255e+02
5.167916673496016244e+00	1.508645762526443548e+02
5.174205974602950064e+00	1.515775480515254685e+02
5.180434820793812456e+00	1.529192377168666042e+02
5.186729096569634656e+00	1.544954353914633032e+02
5.193058481037780894e+00	1.562910156163666784e+02
5.199319511444338460e+00	1.571662947913379753e+02
5.205574295584361799e+00	1.568551976869278803e+02
5.211894977074066126e+00	1.584567127771724984e+02
5.218201708336958511e+00	1.608419554434261158e+02
5.224411911780083351e+00	1.633407911979410017e+02
5.230677632666463239e+00	1.610324178588211907e+02
5.237056729559757429e+00	1.629909006033101093e+02
5.243336785035660697e+00	1.649592794838204952e+02
5.249493476178225038e+00	1.676017322314123703e+02
5.255787017738318134e+00	1.681567022353596030e+02
5.262205327426889845e+00	1.685181554768072374e+02
5.268477758348532269e+00	1.713268075948128910e+02
5.274632213654732560e+00	1.730584006619691877e+02
5.280950543314659740e+00	1.721534085779661325e+02
5.287327645024750389e+00	1.743970409362044904e+02
5.293582359180156516e+00	1.765654147232626769e+02
5.299789992649893478e+00	1.768777615824023997e+02
5.306111460381987222e+00	1.764022501870389590e+02
5.312452717892129250e+00	1.787348599106128404e+02
5.318650122853046724e+00	1.799626731871331629e+02
5.324923043129819789e+00	1.829351471311462660e+02
5.331330237158205421e+00	1.838716663721561702e+02
5.337586726886338617e+00	1.857242192281947268e+02
5.343685192440848830e+00	1.889728384396732679e+02
5.350070659715249199e+00	1.885349043507513898e+02
5.356556762554878226e+00	1.955665798715137100e+02
5.362691868684501095e+00	1.939139329300138854e+02
5.368769208912516966e+00	1.939952551248446468e+02
5.375270137997677722e+00	1.961446749922403967e+02
5.381769983045385786e+00	2.009846641646376781e+02
5.387701030372958222e+00	2.028362738028993135e+02
5.393786668001271600e+00	2.006108840262403135e+02
5.400446161099396569e+00	2.042268475091762809e+02
5.406957063684501463e+00	2.055431852540566524e+02
5.412655672453426270e+00	2.092593191866139932e+02
5.418821279260546575e+00	2.093346701818734061e+02
5.425690594366304076e+00	2.114578033039154548e+02
5.432217487502165376e+00	2.204236291348268537e+02
5.437649811577258241e+00	2.248580390278560799e+02
5.443914404015878006e+00	2.231117062006693459e+02
5.450953501686320202e+00	2.312083023632210654e+02
5.457483690405861232e+00	2.291809652708299438e+02
5.462715250135157241e+00	2.291476432537479297e+02
5.469033575551323523e+00	2.352878716917844599e+02
5.476177730420278778e+00	2.350311900308043960e+02
5.482708935702562236e+00	2.513687572609094900e+02
5.487722405008360838e+00	2.471665340028741298e+02
5.494194284996126498e+00	2.365641205604394770e+02
5.501391471009256406e+00	2.477990272309430964e+02
5.507128202673079009e+00	2.492045912135222068e+02
5.512278020050448646e+00	2.503028550165054469e+02
5.519395563377015534e+00	2.433108990121394299e+02
5.526598678609708770e+00	2.595563108313802445e+02
5.532162682462509196e+00	2.517772477886560978e+02
5.537397124017139127e+00	2.591812233437258897e+02
5.544582756485218589e+00	2.813127007579850556e+02
5.551739327507637434e+00	2.728582767016790172e+02
5.557493306674907707e+00	2.748276336642089746e+02
5.562281709102816940e+00	2.316736773124340232e+02
5.569272720323164449e+00	2.788462964649166906e+02
