8.899641224696953554e-03	3.950515013953243852e+03
1.507912216506557788e-02	5.039809256660674691e+03
2.144790186456836667e-02	7.432750868139448357e+03
2.783660776489276650e-02	8.037143313414935619e+03
3.435099785803411021e-02	6.967642483576173618e+03
4.047886761425745911e-02	6.961571085396143644e+03
4.676716683575679601e-02	5.870323959712364740e+03
5.308225101765951665e-02	5.911953240633390124e+03
5.945362440940590160e-02	5.041687129438922057e+03
6.576224814588792211e-02	5.046823488725759489e+03
7.196632906698736953e-02	4.748607352712735519e+03
7.827860915688347743e-02	4.717278725332938848e+03
8.470398945834539672e-02	4.247306059147729684e+03
9.096854620527369817e-02	4.232461549531175478e+03
9.720789776830213169e-02	3.685475133058719621e+03
1.034763038959366499e-01	3.405886787156749506e+03
1.097576444254559219e-01	3.100769662433317080e+03
1.160543084780093354e-01	2.913567226838329134e+03
1.223669666537485351e-01	2.701095578203052810e+03
1.286817263090294094e-01	2.570201459617047021e+03
1.349500801664080818e-01	2.402668032939651766e+03
1.411949558842147678e-01	2.409764120162475592e+03
1.475133575747468451e-01	2.324688614722496368e+03
1.537865074252268427e-01	2.228071598321635975e+03
1.600657544051110326e-01	2.123839219256149590e+03
1.663991168687080635e-01	2.003163166484577005e+03
1.727195645776442856e-01	1.854405216680265539e+03
1.789765213377084718e-01	1.748876064660468273e+03
1.852353690647852158e-01	1.673078852664410761e+03
1.914806787341157279e-01	1.602907161918009024e+03
1.977889868651535599e-01	1.552960301544912909e+03
2.040937735447724277e-01	1.526067966851652955e+03
2.103939302609846018e-01	1.494176018395079836e+03
2.166909709822301688e-01	1.432718241103795663e+03
2.229700281216152047e-01	1.387654458761755222e+03
2.292620027086341994e-01	1.324377669765651717e+03
2.355141508366812297e-01	1.287700394942015009e+03
2.417910583817859116e-01	1.217643280487891843e+03
2.480856539439619257e-01	1.172905123815121442e+03
2.543492256872954549e-01	1.153797283739624163e+03
2.606334251884805386e-01	1.111153516623836367e+03
2.669257370896960802e-01	1.069589385772171681e+03
2.732423343141155980e-01	1.056079208456081687e+03
2.795529680084415936e-01	1.027208121620741622e+03
2.858366292314493129e-01	9.971714151837797999e+02
2.920876271394311496e-01	9.799606700981232734e+02
2.983449844439822751e-01	9.566318686073847175e+02
3.046382639407197446e-01	9.241748937848313972e+02
3.109279127003197196e-01	9.090433161804219253e+02
3.172168171618398036e-01	8.826604414466108892e+02
3.235187567944423082e-01	8.577126406485899679e+02
3.298168217550395687e-01	8.462333492226169938e+02
3.361176429457156667e-01	8.225920918454721686e+02
3.423700375709273769e-01	7.996595032817491528e+02
3.486478192666269682e-01	7.849695081844902234e+02
3.549411614411318028e-01	7.813281848245391075e+02
3.611916935421040642e-01	7.505761493834710336e+02
3.674767089563572564e-01	7.372058843309637268e+02
3.737647795277591056e-01	7.316079042243590038e+02
3.800654031475132477e-01	7.118409110264291257e+02
3.863539861259823738e-01	6.974869647033168576e+02
3.926140181364449755e-01	6.866401428852307163e+02
3.989264500321934581e-01	6.800580827376606976e+02
4.052073244576828714e-01	6.609033509358328047e+02
4.114916477570477182e-01	6.519052889123456680e+02
4.177814272116491257e-01	6.449377974708887677e+02
4.240400648725131116e-01	6.326238756369341445e+02
4.303425690270192283e-01	6.213199380129630072e+02
4.366358560255625965e-01	6.127779613740187870e+02
4.428996183220763605e-01	6.012003854373084550e+02
4.491634418529859563e-01	5.948571253545403579e+02
4.554414146254732731e-01	5.894419447595419115e+02
4.617634470301058558e-01	5.791901353714181369e+02
4.680644242023710433e-01	5.719565296748468199e+02
4.743485242764365895e-01	5.592917661077757430e+02
4.806356136815400082e-01	5.513333610598457426e+02
4.869019258388697646e-01	5.457789738203266552e+02
4.931697099599955947e-01	5.310767471553805308e+02
4.994506747144535908e-01	5.327297977784663772e+02
5.057159051335421429e-01	5.284430577110381364e+02
5.119923996268095356e-01	5.150693075035793527e+02
5.183126097768406826e-01	5.095883129402004670e+02
5.246089638029100000e-01	5.043017985380708410e+02
5.308757308483337267e-01	4.945918762000580386e+02
5.371573527946726934e-01	4.914420138006280467e+02
5.434579563783791256e-01	4.875648798443618830e+02
5.497430652392217842e-01	4.826349910564034076e+02
5.559937427501778773e-01	4.729314746863016126e+02
5.622854676609657654e-01	4.679834420000193518e+02
5.686011537227265711e-01	4.606375096891648013e+02
5.748804589422079614e-01	4.627721834069663487e+02
5.811550210340560296e-01	4.598181208526698924e+02
5.874394496660968468e-01	4.471335650593267701e+02
5.937176220296899176e-01	4.458836370060565173e+02
5.999971954793682505e-01	4.412837120889823268e+02
6.062679115124277596e-01	4.344563901346750185e+02
6.125469576444534381e-01	4.332770026648626640e+02
6.188477733041515272e-01	4.281391715817906629e+02
6.251310567437898813e-01	4.237230815377042745e+02
6.314027450383210560e-01	4.187945888566346184e+02
6.377003562732055375e-01	4.152920172408480539e+02
6.439857783314556494e-01	4.126712101194429465e+02
6.502685417166111925e-01	4.064959987495599307e+02
6.565586117699038216e-01	4.039050944397672538e+02
6.628369282359254377e-01	4.005262730596345477e+02
6.691185444962194362e-01	3.974151990685057854e+02
6.754070198575605755e-01	3.947005905518386726e+02
6.816835514593204692e-01	3.894447107521694420e+02
6.879592533861698112e-01	3.852092483893383701e+02
6.942344317039531587e-01	3.836315035561014497e+02
7.005175402434737908e-01	3.777349430014161271e+02
7.068124956608716758e-01	3.742570584908303886e+02
7.131019009674921527e-01	3.740850664293309364e+02
7.193918251171427247e-01	3.696427604450780109e+02
7.256833807598113140e-01	3.667097993556081974e+02
7.319652682709349989e-01	3.637482433258725791e+02
7.382507990484923344e-01	3.622252133665102178e+02
7.445265842115937893e-01	3.579857486022496005e+02
7.507871101942712455e-01	3.547730024751914470e+02
7.570758465316046459e-01	3.549387120885371019e+02
7.633641233600957365e-01	3.508575618763712782e+02
7.696462959862266917e-01	3.477259699082710540e+02
7.759394865175414102e-01	3.462757747729125413e+02
7.822329141989586843e-01	3.438551035200026718e+02
7.885314936520240181e-01	3.395695455148608630e+02
7.947896566979522071e-01	3.371510152087590768e+02
8.010491096592354809e-01	3.323623225691936796e+02
8.073364061727361651e-01	3.336970495427086121e+02
8.136229488373866170e-01	3.296513176618302623e+02
8.199152998961036776e-01	3.249344598207996455e+02
8.261952636392789762e-01	3.261373480078218563e+02
8.324897070080405914e-01	3.241069995146042970e+02
8.387959309210778480e-01	3.203715345721539052e+02
8.450634639703045181e-01	3.172952596234069347e+02
8.513282867562648182e-01	3.162998408908808869e+02
8.576198263902009566e-01	3.137272221418031108e+02
8.639058477062415697e-01	3.128953219589893138e+02
8.701838745487597837e-01	3.109109256301978235e+02
8.764641096075268534e-01	3.095733706034489501e+02
8.827503873399735745e-01	3.061316289513160882e+02
8.890332768393869323e-01	3.044103277367224223e+02
8.953084247113127780e-01	3.020501403819984034e+02
9.015956521667095602e-01	3.008171051943762109e+02
9.078833328094829680e-01	2.993304648570543804e+02
9.141744106319863450e-01	2.950992646398442503e+02
9.204630817717615043e-01	2.946570241504804812e+02
9.267434415264711456e-01	2.945614004418289937e+02
9.330324197354928906e-01	2.911753688309966037e+02
9.393265785573878812e-01	2.896519309800862629e+02
9.455974810398196650e-01	2.877101533532218696e+02
9.518660018545171964e-01	2.870154501153315323e+02
9.581413255531838757e-01	2.847772742056556012e+02
9.644350945109106954e-01	2.814269153184633296e+02
9.707355633568249820e-01	2.803507272565310586e+02
9.770080768450029041e-01	2.806615732189428627e+02
9.832823325363413414e-01	2.776878144623307776e+02
9.895569691966674686e-01	2.757646688602426934e+02
9.958456301921106979e-01	2.741703834701937126e+02
1.002136210743837408e+00	2.722805878939135482e+02
1.008404825335135424e+00	2.705451044100736340e+02
1.014694149836243398e+00	2.689864291338715248e+02
1.020992555437297167e+00	2.679513637891425901e+02
1.027273980437394485e+00	2.667371685012360558e+02
1.033559181896017254e+00	2.656212167263922197e+02
1.039847557392594934e+00	2.634713752382622829e+02
1.046126974943305088e+00	2.615138983547975613e+02
1.052403436811028659e+00	2.605425616527288071e+02
1.058680704651608684e+00	2.586032479090957850e+02
1.064964333065789193e+00	2.577020363785688346e+02
1.071256777440835473e+00	2.556703569884811884e+02
1.077544048801078125e+00	2.559928478259331541e+02
1.083824820188043603e+00	2.538219921246634954e+02
1.090108023942816695e+00	2.528448166137040971e+02
1.096389665956643222e+00	2.511513516152171235e+02
1.102681132058841440e+00	2.497980345238230484e+02
1.108963047594879958e+00	2.476014667514101575e+02
1.115225428463759272e+00	2.470303543229323395e+02
1.121502127614767863e+00	2.456545314876528039e+02
1.127792573824792033e+00	2.445139996409957917e+02
1.134089552668382961e+00	2.427085098251569093e+02
1.140364049650405942e+00	2.431233141150489132e+02
1.146639180320979445e+00	2.412556158857785249e+02
1.152942412991649901e+00	2.398657182730553359e+02
1.159228906751078814e+00	2.386727767095906358e+02
1.165508721887268173e+00	2.374111721738583753e+02
1.171793076256210320e+00	2.357403309320089022e+02
1.178087436369658958e+00	2.354213783138056613e+02
1.184367654251526902e+00	2.327007874847901121e+02
1.190634642299266632e+00	2.324349061154236438e+02
1.196912208834400859e+00	2.305945548707750845e+02
1.203201577354146234e+00	2.298001697309952078e+02
1.209486844441705733e+00	2.283475490665553878e+02
1.215763902074809888e+00	2.278308511005236028e+02
1.222049755171146668e+00	2.263671787104737518e+02
1.228340616621486969e+00	2.260578894890548156e+02
1.234632986576932767e+00	2.241876988660906420e+02
1.240902247176856488e+00	2.241563947198673930e+02
1.247174839144687519e+00	2.222583107791413397e+02
1.253465459933442272e+00	2.214476809394602981e+02
1.259749951892178421e+00	2.203636338525965925e+02
1.266032143127253873e+00	2.187597843938830238e+02
1.272316288472006507e+00	2.180361109384280667e+02
1.278604155058621350e+00	2.170259974354794110e+02
1.284886588933593865e+00	2.160007156283992913e+02
1.291175420066583257e+00	2.151090440718414527e+02
1.297465726373772332e+00	2.148541610719555877e+02
1.303741827011944299e+00	2.137973681402760917e+02
1.310017322922761851e+00	2.125281222150284464e+02
1.316301447662886703e+00	2.111375274539749114e+02
1.322586760363303249e+00	2.103839819243407874e+02
1.328865492452874664e+00	2.095608537629640580e+02
1.335144804954555564e+00	2.096803990802187343e+02
1.341440516272275119e+00	2.081489046227233359e+02
1.347730868417094552e+00	2.068526748407333571e+02
1.354001589994877630e+00	2.055599624188129155e+02
1.360282609297778444e+00	2.053625162762497780e+02
1.366565686457597906e+00	2.040077412349941710e+02
1.372851498482432708e+00	2.031404371232081303e+02
1.379135372929401804e+00	2.017447137676459761e+02
1.385409567149057164e+00	2.023034639486369031e+02
1.391698641219299315e+00	2.000628049047081163e+02
1.397984451439470810e+00	1.991643607682148058e+02
1.404267883409181961e+00	1.990970082155471061e+02
1.410554779484869181e+00	1.976501693362733079e+02
1.416837833547465397e+00	1.969244218444484318e+02
1.423118177187137068e+00	1.951479374985610207e+02
1.429397801164240089e+00	1.951762988833543488e+02
1.435686921822787232e+00	1.942336773289187590e+02
1.441977121769299597e+00	1.934222360780536292e+02
1.448253667853332427e+00	1.923770834771681280e+02
1.454532348972172651e+00	1.912781427386736368e+02
1.460819319151879903e+00	1.908294412465021708e+02
1.467110364402026468e+00	1.898839790962897780e+02
1.473392908948962132e+00	1.893971856510103180e+02
1.479669965243598950e+00	1.883092913816289240e+02
1.485956144602843532e+00	1.877829480524032135e+02
1.492233610763115115e+00	1.869590600317901021e+02
1.498502470379980078e+00	1.858923285698119230e+02
1.504785752051182701e+00	1.856479550585370362e+02
1.511075991894575976e+00	1.843684334349430571e+02
1.517361634985162189e+00	1.840343516193454434e+02
1.523648570969130533e+00	1.832689540582079815e+02
1.529938035715892264e+00	1.822883593315301312e+02
1.536230176913891965e+00	1.814001692563077199e+02
1.542510718779388279e+00	1.806082523470277010e+02
1.548783963082980275e+00	1.802724676075860657e+02
1.555073069779651318e+00	1.790653070747942195e+02
1.561357324927233892e+00	1.785792710663357639e+02
1.567629121053141006e+00	1.776433249269599912e+02
1.573913697404382583e+00	1.768950875659519397e+02
1.580203545230874029e+00	1.764509109124534518e+02
1.586485393434537983e+00	1.751179620085621309e+02
1.592760014263005841e+00	1.746766610236782640e+02
1.599046436394670812e+00	1.736701454796846917e+02
1.605342136637478934e+00	1.730976090928872964e+02
1.611619860919608627e+00	1.727260720416732624e+02
1.617897597081673799e+00	1.723713699223843037e+02
1.624183235481122756e+00	1.706622545597545297e+02
1.630464598531913722e+00	1.706095692855252537e+02
1.636748985747638274e+00	1.699538622646416286e+02
1.643030923698886259e+00	1.693408688223703393e+02
1.649309176648513064e+00	1.682407490114850077e+02
1.655593633940351861e+00	1.673874890926050512e+02
1.661879571405086464e+00	1.672872860038868339e+02
1.668169361685170271e+00	1.664134865040355464e+02
1.674450151530487485e+00	1.659119338552398517e+02
1.680722718978495900e+00	1.650574521087945357e+02
1.687013891340952476e+00	1.644562520258496932e+02
1.693308984907921033e+00	1.641270997985152178e+02
1.699582147428448486e+00	1.627676857576735188e+02
1.705863747055134105e+00	1.625180378120635680e+02
1.712154434283889470e+00	1.615156949273541613e+02
1.718438381579399321e+00	1.611519297844481571e+02
1.724721264464063930e+00	1.604241170041622695e+02
1.730997441276920679e+00	1.598303943843408206e+02
1.737287073528269499e+00	1.588487163960112696e+02
1.743567991878527401e+00	1.584480904515541226e+02
1.749840680212231048e+00	1.576778505808574380e+02
1.756128549091961144e+00	1.571712211811457394e+02
1.762413535324792502e+00	1.566501553646950526e+02
1.768696187669963837e+00	1.562654907727471709e+02
1.774979359379055266e+00	1.552870310439405728e+02
1.781265555576432957e+00	1.545618220480852187e+02
1.787549427830244619e+00	1.543361522788810589e+02
1.793834120011633004e+00	1.533011969805380090e+02
1.800115051552487300e+00	1.532970395548610156e+02
1.806393904854530330e+00	1.524911874544373234e+02
1.812674089667083432e+00	1.517257300940933646e+02
1.818956920109354058e+00	1.511643412781491804e+02
1.825244164118212220e+00	1.506975541586822089e+02
1.831527256642196955e+00	1.501994902847387721e+02
1.837811294935716599e+00	1.492952674944461933e+02
1.844100717411196744e+00	1.493871995194505757e+02
1.850384816792487230e+00	1.481659642454165748e+02
1.856666059735203822e+00	1.477489921346555946e+02
1.862947728675613979e+00	1.472768957355970656e+02
1.869229324466858078e+00	1.467239418532308832e+02
1.875517616802973686e+00	1.463695198906549990e+02
1.881800769033795229e+00	1.454935237027220865e+02
1.888078863416442710e+00	1.444558022559554900e+02
1.894353975182237582e+00	1.442645229707792680e+02
1.900642716154182565e+00	1.437283572758979915e+02
1.906933494748685121e+00	1.435728977539614561e+02
1.913207568676573933e+00	1.426656729090368856e+02
1.919490884732178992e+00	1.419043453664912136e+02
1.925776855684274480e+00	1.414753431603415379e+02
1.932064452961978152e+00	1.409079758887145317e+02
1.938342610030488800e+00	1.405365423161690046e+02
1.944618341543410178e+00	1.403450390567088846e+02
1.950906260203513876e+00	1.392513382627604699e+02
1.957194556613796488e+00	1.391702250870553144e+02
1.963479614559011432e+00	1.384982929627261399e+02
1.969760361532916226e+00	1.379671313756066411e+02
1.976048367034604736e+00	1.376127575409530550e+02
1.982337990217652335e+00	1.368325127173173428e+02
1.988617489259562721e+00	1.365870135809429655e+02
1.994896320665194178e+00	1.357369575157551651e+02
2.001179596222827151e+00	1.356329429877250448e+02
2.007459756923499761e+00	1.348331527221019144e+02
2.013737397779169935e+00	1.344316054954487925e+02
2.020017234677497164e+00	1.341076130733661387e+02
2.026310251015072783e+00	1.336562075282838578e+02
2.032600542948020284e+00	1.329549705220524913e+02
2.038873863192099289e+00	1.323851954445503907e+02
2.045154087821675404e+00	1.319757091814497301e+02
2.051444704514288730e+00	1.313623939388581618e+02
2.057730430280644729e+00	1.310450655788970664e+02
2.064013940455224461e+00	1.304589730434129820e+02
2.070299891179459895e+00	1.300290580809252958e+02
2.076589719964883951e+00	1.296569323807295575e+02
2.082865483794470673e+00	1.291991787116928379e+02
2.089134494859368640e+00	1.285674951271969348e+02
2.095424211360070288e+00	1.282887244690871569e+02
2.101707116664804254e+00	1.277614707956658151e+02
2.107986473933564309e+00	1.278022076342195987e+02
2.114271806543862375e+00	1.267194791514831422e+02
2.120552717288892275e+00	1.265336455888249816e+02
2.126836933207161717e+00	1.258730377149844060e+02
2.133122044791171845e+00	1.254112068359567047e+02
2.139411711910842673e+00	1.252399649816691323e+02
2.145697076775292089e+00	1.249043251351715327e+02
2.151973548606471276e+00	1.240430425179878426e+02
2.158259913555724108e+00	1.235043764028386022e+02
2.164545396699105506e+00	1.232061097271040353e+02
2.170830700377734068e+00	1.229637106459952349e+02
2.177114138849150393e+00	1.225953531897676783e+02
2.183387647576827018e+00	1.219829648019264425e+02
2.189670273687676971e+00	1.217026467521816215e+02
2.195960147934207463e+00	1.212320370862903758e+02
2.202242556317716371e+00	1.208835209972934877e+02
2.208521655981037668e+00	1.203776095327465896e+02
2.214804637081333016e+00	1.199614303883062121e+02
2.221092583349425276e+00	1.195659687040359103e+02
2.227372893591468728e+00	1.191835582453466174e+02
2.233657161144248171e+00	1.190056408721868451e+02
2.239943485394438660e+00	1.187098459641429002e+02
2.246224175264620815e+00	1.181672763173364729e+02
2.252506378421252009e+00	1.176136680075469343e+02
2.258783417054270437e+00	1.172408926188978029e+02
2.265069077371457684e+00	1.167040157808576453e+02
2.271350377044131452e+00	1.164838657195718810e+02
2.277633995145353918e+00	1.157859871193303718e+02
2.283922419579920149e+00	1.158669757281584083e+02
2.290202874392252674e+00	1.154857097031687942e+02
2.296490779970905560e+00	1.149575060054512505e+02
2.302771769934229162e+00	1.147426551846562290e+02
2.309051364164305564e+00	1.141706787320270138e+02
2.315338502539088239e+00	1.139325818118592650e+02
2.321627336503874428e+00	1.134608438777975863e+02
2.327911878297218795e+00	1.132042695637236989e+02
2.334186238580297168e+00	1.127806813403239232e+02
2.340467971862688401e+00	1.123019356952794254e+02
2.346756940970738725e+00	1.116676129662183286e+02
2.353044444556199988e+00	1.116473457168581263e+02
2.359327653314069906e+00	1.113444377903444291e+02
2.365603048789861607e+00	1.107926934227956934e+02
2.371885911737665165e+00	1.105677101526369484e+02
2.378173303594019572e+00	1.102231324467259981e+02
2.384454016539381271e+00	1.101114749416173026e+02
2.390736447344785187e+00	1.096264079777487126e+02
2.397014133897952259e+00	1.094534522071732994e+02
2.403295490074321972e+00	1.089420794169411550e+02
2.409585049672506862e+00	1.084591276744369850e+02
2.415871703165322071e+00	1.082279514282002424e+02
2.422160652369088840e+00	1.080364421655345524e+02
2.428440167222748691e+00	1.077412412276920151e+02
2.434717472383889803e+00	1.072129810163477828e+02
2.441002456202044257e+00	1.072532659918882700e+02
2.447289980304530488e+00	1.067654074076915833e+02
2.453571844729242279e+00	1.063462682233349028e+02
2.459852705114058846e+00	1.062099675092312054e+02
2.466139233225018934e+00	1.058152378618547971e+02
2.472421963421291391e+00	1.055327218341566891e+02
2.478698519174224568e+00	1.051515670822476665e+02
2.484980841400355800e+00	1.049678898961171001e+02
2.491269319409339822e+00	1.045311552494000154e+02
2.497548505139029373e+00	1.043294586989172927e+02
2.503831667172610853e+00	1.038924141038538949e+02
2.510117938323931153e+00	1.037987513142095395e+02
2.516400733681277480e+00	1.034067582586522036e+02
2.522688226833368130e+00	1.031558168722795301e+02
2.528971695852665569e+00	1.028565678974320150e+02
2.535252039407670299e+00	1.025402139953270506e+02
2.541537514142774512e+00	1.021908378909063941e+02
2.547823008847572179e+00	1.020403557121731524e+02
2.554100666580690238e+00	1.017593310981102661e+02
2.560376788884177301e+00	1.015256689563381087e+02
2.566667521601497359e+00	1.011414428765634597e+02
2.572955062237090473e+00	1.008744660166852753e+02
2.579233771797999175e+00	1.005267138619272487e+02
2.585520164300948220e+00	1.004119168144396923e+02
2.591805130332431872e+00	1.001439368382656028e+02
2.598084074692260881e+00	9.970930741537721076e+01
2.604360404197643586e+00	9.939108234157809818e+01
2.610647185140439142e+00	9.908616929047144595e+01
2.616931864059273138e+00	9.889949427933763104e+01
2.623206107911065565e+00	9.907007184842582603e+01
2.629491626543270844e+00	9.860020057073752753e+01
2.635778507982642349e+00	9.832076894370037223e+01
2.642061039325260818e+00	9.817214828261819548e+01
2.648343840729305843e+00	9.768619457703894682e+01
2.654631838974855551e+00	9.770600755924506586e+01
2.660919001246303761e+00	9.718799276001263365e+01
2.667198525130066056e+00	9.729267411966424106e+01
2.673484307038032526e+00	9.704382368030485395e+01
2.679773388053849459e+00	9.667922393548904836e+01
2.686058217632288692e+00	9.661300597783366584e+01
2.692338738200057868e+00	9.626470989076659635e+01
2.698618022887226964e+00	9.608717639853196602e+01
2.704895450708277860e+00	9.579977428065826928e+01
2.711175674923682166e+00	9.577474255282638183e+01
2.717459832966957922e+00	9.554473459995509188e+01
2.723745731959044569e+00	9.514160721713258795e+01
2.730038414850594730e+00	9.499626544730973876e+01
2.736317989800789441e+00	9.490089416709858483e+01
2.742591858549239703e+00	9.480094460208773910e+01
2.748879749010778362e+00	9.462293016627705811e+01
2.755163403825859447e+00	9.420082291675373654e+01
2.761446955625852073e+00	9.413167917946475427e+01
2.767732088935374701e+00	9.385220773679583317e+01
2.774015452421743966e+00	9.381716050696508091e+01
2.780298635700591436e+00	9.369750306238876192e+01
2.786577474762241380e+00	9.327220254718953640e+01
2.792857983210164541e+00	9.309101024629630672e+01
2.799143790920211483e+00	9.299485022649020038e+01
2.805430058399325244e+00	9.295456127264418456e+01
2.811715058209780072e+00	9.270829716736494674e+01
2.817989272498773623e+00	9.259684237516009375e+01
2.824269171595737760e+00	9.245641115198669979e+01
2.830563016441804081e+00	9.224242968628875872e+01
2.836848750951622034e+00	9.210784969206555672e+01
2.843130027866129783e+00	9.193907461306902462e+01
2.849413896912404986e+00	9.193529589289543935e+01
2.855697464522425566e+00	9.169471758705289233e+01
2.861978799810683594e+00	9.156436234206806546e+01
2.868262469415629567e+00	9.133961351888824254e+01
2.874547359206753860e+00	9.131513104484599808e+01
2.880831111471525041e+00	9.090957287498861206e+01
2.887113216972382546e+00	9.102701395019919062e+01
2.893394504725182781e+00	9.099638218279655177e+01
2.899673662137033592e+00	9.089754711827588096e+01
2.905953958587380814e+00	9.079175468268336147e+01
2.912241118105161064e+00	9.056754155396258454e+01
2.918525996366671205e+00	9.043719216138255490e+01
2.924809035425688819e+00	9.046643749608861640e+01
2.931095916293684933e+00	9.028942738292722936e+01
2.937378182606774413e+00	9.030791791688609749e+01
2.943659980254369923e+00	9.007197525917784731e+01
2.949946454403890250e+00	8.993504364321265143e+01
2.956227653702202307e+00	8.990096410564648011e+01
2.962510478867462993e+00	8.998597775073156413e+01
2.968796535179442309e+00	8.988374193695381109e+01
2.975077657376874907e+00	8.978402495708334641e+01
2.981359866759223376e+00	8.970280083541905469e+01
2.987646761575656562e+00	8.941257851713351101e+01
2.993929038370399365e+00	8.964654687297873181e+01
3.000206214840962726e+00	8.951946590769591694e+01
3.006486172402415669e+00	8.928701464079712480e+01
3.012769812211594456e+00	8.959212058760955699e+01
3.019053144326170113e+00	8.918761075374290215e+01
3.025337405144251424e+00	8.943671231482433370e+01
3.031623734799107961e+00	8.936168204361501921e+01
3.037908962055872575e+00	8.933948877107893338e+01
3.044195067146031608e+00	8.938400944160338213e+01
3.050475543482170426e+00	8.935927118753204468e+01
3.056754954538277502e+00	8.921495720790701967e+01
3.063040539557494668e+00	8.909084823272469578e+01
3.069323699454357346e+00	8.923965962087957848e+01
3.075610692642898769e+00	8.907091770978654210e+01
3.081893798009918584e+00	8.929731450757644495e+01
3.088174549548037717e+00	8.924870715279389799e+01
3.094458635632868493e+00	8.927536039395457124e+01
3.100743982931558840e+00	8.930963920568659375e+01
3.107028111748448396e+00	8.940227865658164319e+01
3.113309299655494300e+00	8.935087059560993339e+01
3.119590662867241626e+00	8.934065831303840355e+01
3.125874006820172912e+00	8.943076786278378165e+01
3.132159251154602586e+00	8.954786413452239913e+01
3.138439172765940643e+00	8.958496444055913344e+01
3.144723867719826593e+00	8.964311513777805374e+01
3.151003951258561031e+00	8.947807394074625620e+01
3.157283664131563139e+00	8.967793695619189975e+01
3.163569317183839935e+00	8.967908630634784117e+01
3.169851661717792091e+00	8.977730270332510543e+01
3.176137704316093657e+00	8.989397992347650757e+01
3.182420924828643916e+00	8.986915514415196071e+01
3.188702811875577581e+00	8.997551620443726961e+01
3.194990520008989865e+00	9.021637712344509907e+01
3.201275324656983834e+00	9.035865758268278114e+01
3.207551352179861759e+00	9.045361416247685327e+01
3.213835216737041645e+00	9.059519202056840470e+01
3.220122579819103770e+00	9.043866219746892909e+01
3.226406606618656525e+00	9.038395695316251022e+01
3.232687390085645429e+00	9.004807668314752789e+01
3.238969121280456331e+00	8.991201495378717823e+01
3.245254751548589667e+00	8.988020618356372893e+01
3.251534499036136783e+00	8.968237642954167654e+01
3.257817780791052442e+00	8.948519862991356888e+01
3.264102164154097263e+00	8.930647122980658992e+01
3.270384152138468892e+00	8.909439605438761589e+01
3.276669427476867735e+00	8.892841629487128330e+01
3.282954688864507808e+00	8.881720465906431627e+01
3.289237200334947264e+00	8.864508005706022686e+01
3.295519587088236779e+00	8.842956365642544370e+01
3.301805977329951958e+00	8.822785832212068158e+01
3.308087486222440088e+00	8.811079600030129200e+01
3.314367630234227313e+00	8.793958239466603288e+01
3.320651909732194262e+00	8.784529108576349188e+01
3.326931260376857047e+00	8.779166167695227330e+01
3.333216512447217728e+00	8.747344297984759010e+01
3.339504489419978128e+00	8.745512676940862207e+01
3.345786804809928405e+00	8.721429119824323095e+01
3.352071130016277767e+00	8.714327295720789834e+01
3.358351496304225581e+00	8.694149266568966539e+01
3.364630591073392019e+00	8.697572170266082026e+01
3.370916305215045483e+00	8.667027905671125154e+01
3.377197952029413752e+00	8.651494074849028948e+01
3.383483063818085501e+00	8.645803529109656438e+01
3.389769992424469969e+00	8.629774365417428328e+01
3.396051330885982100e+00	8.619895745224116013e+01
3.402330879139463971e+00	8.602127686461437861e+01
3.408610488352048495e+00	8.580031618855610986e+01
3.414897837696641236e+00	8.585480407483639453e+01
3.421180484052105619e+00	8.572863412867502575e+01
3.427461639653846870e+00	8.549423495563803499e+01
3.433749159643459059e+00	8.536460373328820594e+01
3.440032646656798310e+00	8.535950281435430043e+01
3.446313366033385339e+00	8.505572049206703866e+01
3.452600135384134905e+00	8.506725961212782749e+01
3.458883152815406703e+00	8.488183569785469729e+01
3.465163834403715448e+00	8.488100603188711091e+01
3.471449329786229221e+00	8.469389147385798822e+01
3.477734476754053894e+00	8.459973355344723700e+01
3.484019652467224226e+00	8.440614304765838938e+01
3.490297019369712928e+00	8.433542629373310717e+01
3.496582486484379970e+00	8.417109298744216517e+01
3.502868048046865024e+00	8.401803050384619098e+01
3.509144649545451244e+00	8.402547464834472635e+01
3.515428082003116295e+00	8.381581972151802518e+01
3.521711031624695565e+00	8.375890831835967276e+01
3.527991850954735664e+00	8.374774453371429672e+01
3.534275545726699885e+00	8.363428199631997018e+01
3.540562632020772149e+00	8.360522772153403537e+01
3.546844410757220789e+00	8.343263324894283528e+01
3.553131386753758836e+00	8.342379212334945748e+01
3.559419203211965144e+00	8.336544992060731829e+01
3.565697971577579839e+00	8.321299161829581692e+01
3.571979559134798254e+00	8.314224438185655686e+01
3.578265774595833726e+00	8.307755463256616224e+01
3.584548309769353125e+00	8.289783449651473290e+01
3.590826843920031486e+00	8.264533664123648293e+01
3.597107306745233934e+00	8.273507257889620803e+01
3.603392831792229245e+00	8.265697968485144997e+01
3.609673209822572559e+00	8.252503647928983810e+01
3.615955412133016189e+00	8.233644289986492026e+01
3.622241607772384686e+00	8.255502869052305925e+01
3.628520252736676444e+00	8.252009459877119468e+01
3.634804827569451113e+00	8.228621400701773325e+01
3.641094981788862928e+00	8.221674119895104127e+01
3.647383514928639325e+00	8.217414206798997611e+01
3.653663283927725658e+00	8.213330230880018235e+01
3.659943504072155296e+00	8.191282285806649099e+01
3.666232000281138603e+00	8.195927334012543497e+01
3.672514211678317597e+00	8.182189095900243103e+01
3.678794154686042539e+00	8.184900611065005194e+01
3.685078621861909820e+00	8.152774672113217491e+01
3.691359210097977961e+00	8.188286233922111990e+01
3.697642368173791105e+00	8.170618095579705198e+01
3.703925796735277665e+00	8.173516456509666739e+01
3.710208240364660348e+00	8.159519230706862913e+01
3.716494593122387169e+00	8.152115571314124054e+01
3.722775386659595398e+00	8.151642770456831499e+01
3.729058392883481510e+00	8.133854387720890600e+01
3.735339748210807720e+00	8.134599556775609130e+01
3.741620776392969638e+00	8.141897358774714633e+01
3.747904795418762980e+00	8.146687696792585598e+01
3.754190633281219380e+00	8.131896360651238354e+01
3.760478208018912749e+00	8.122448677102751446e+01
3.766755538573464346e+00	8.134185739605895549e+01
3.773032090135151506e+00	8.117957852730636148e+01
3.779322553012896879e+00	8.122384946528015348e+01
3.785609109731308930e+00	8.123324841769893112e+01
3.791889825936295200e+00	8.119479242572327848e+01
3.798174822702435893e+00	8.118379323495854294e+01
3.804458658753491651e+00	8.115874485546619610e+01
3.810738438095723435e+00	8.108274959908135315e+01
3.817018850285747167e+00	8.110103733896801259e+01
3.823305314209427763e+00	8.098204329927212086e+01
3.829591295197792178e+00	8.112328487540817434e+01
3.835872296070849341e+00	8.099833100220067195e+01
3.842156279590906109e+00	8.118070387557580148e+01
3.848441511099312429e+00	8.105684708949972617e+01
3.854723334376886079e+00	8.112362013742843203e+01
3.861004740704794713e+00	8.109830925994313588e+01
3.867284336650660848e+00	8.105783727665833283e+01
3.873567367678779849e+00	8.116666917413512294e+01
3.879850662830422792e+00	8.117889454121950621e+01
3.886137063198143338e+00	8.131171114908580932e+01
3.892419463049126005e+00	8.100108552803757789e+01
3.898703740328622658e+00	8.114022852395777363e+01
3.904991458788179326e+00	8.131548026566761678e+01
3.911270842222104083e+00	8.110067459955840263e+01
3.917549806479573071e+00	8.125253897292617467e+01
3.923836006203090587e+00	8.118510809818808127e+01
3.930121452497870926e+00	8.122168636238959039e+01
3.936398172858230460e+00	8.131758721152411340e+01
3.942683040425962293e+00	8.126290410299398559e+01
3.948974759704379611e+00	8.139117164808888560e+01
3.955259227995065352e+00	8.124555723325384804e+01
3.961537174921395454e+00	8.138542733026439180e+01
3.967820217617139544e+00	8.157392582457046615e+01
3.974105559832568968e+00	8.167515687615598097e+01
3.980384727931198352e+00	8.157912830717265251e+01
3.986664590839849698e+00	8.151252309068524937e+01
3.992949619150675034e+00	8.179224263213926349e+01
3.999235075769965952e+00	8.176939548384120826e+01
4.005515715515433506e+00	8.161066212933002362e+01
4.011798434346478537e+00	8.186512821902050518e+01
4.018083716245132386e+00	8.190317882932622240e+01
4.024365700052603856e+00	8.211327200550506689e+01
4.030643960839860540e+00	8.206295251860220219e+01
4.036928708926215137e+00	8.226748180439128078e+01
4.043218157412017177e+00	8.232055129748233924e+01
4.049503019487663558e+00	8.233389210043674211e+01
4.055781898960511000e+00	8.249638275744462135e+01
4.062060795621602161e+00	8.242945967294905074e+01
4.068347865354716042e+00	8.259268089931846646e+01
4.074631027173265529e+00	8.263123024292831076e+01
4.080910837526078971e+00	8.271570514680873032e+01
4.087201203341442657e+00	8.289306397223815281e+01
4.093486818591942189e+00	8.296193960229393838e+01
4.099764387336505500e+00	8.317588734541990902e+01
4.106049166937662420e+00	8.306918467569599329e+01
4.112334559041358695e+00	8.323443070854887083e+01
4.118618926059533614e+00	8.332921602943385153e+01
4.124898942031112625e+00	8.355558796409896161e+01
4.131175432561665417e+00	8.370029618541106231e+01
4.137461563786142271e+00	8.374607304228756277e+01
4.143746006210170307e+00	8.396508648497824367e+01
4.150029800482964326e+00	8.405473682013268899e+01
4.156313390684649001e+00	8.426047370131344394e+01
4.162596105843763716e+00	8.440829812696301815e+01
4.168881843141768684e+00	8.448679669926430336e+01
4.175162111073220217e+00	8.465554964220717693e+01
4.181448573417560155e+00	8.461501832139720136e+01
4.187738782464171194e+00	8.499587592181819673e+01
4.194017437180169061e+00	8.525878642989383138e+01
4.200293572701767175e+00	8.509198403831825885e+01
4.206580195481546269e+00	8.525062441522112522e+01
4.212860644652220543e+00	8.573483076167180172e+01
4.219138153430114002e+00	8.577653451711719867e+01
4.225426162098283811e+00	8.600814488689279358e+01
4.231713506719782636e+00	8.596702106510305441e+01
4.237990056577191744e+00	8.651648885137799994e+01
4.244267783646744618e+00	8.650483268776213208e+01
4.250560660182562955e+00	8.667995351809544502e+01
4.256847734842668096e+00	8.686075710945083017e+01
4.263127100734456221e+00	8.712352203781058790e+01
4.269406860432507500e+00	8.730878954551559445e+01
4.275691671482192646e+00	8.746358044756028960e+01
4.281972414189518794e+00	8.761361659919000999e+01
4.288253516806755705e+00	8.765386646764932266e+01
4.294540520160492925e+00	8.793006273228105840e+01
4.300825742921731809e+00	8.825592656012055670e+01
4.307109835491901961e+00	8.830945734051407214e+01
4.313390926478413157e+00	8.845681091550672193e+01
4.319667979480563247e+00	8.888125513997583482e+01
4.325952598143786076e+00	8.901405941402666144e+01
4.332241647035422361e+00	8.910127111081088458e+01
4.338524445619096781e+00	8.940678827339228008e+01
4.344809348131129845e+00	8.954961701283131958e+01
4.351090699193166600e+00	8.963058042530995806e+01
4.357369710808320029e+00	8.988810537862320871e+01
4.363659348967174445e+00	8.998770696481125242e+01
4.369947418280990981e+00	9.020847736873933798e+01
4.376226569265827315e+00	9.072395196289073738e+01
4.382499356631129217e+00	9.076609216378284373e+01
4.388784975178015024e+00	9.090741430099711806e+01
4.395068696309480494e+00	9.083672686234315563e+01
4.401347962382031298e+00	9.124035766006993242e+01
4.407628405096517099e+00	9.132155920275327787e+01
4.413915862185140426e+00	9.165220303593694950e+01
4.420203163534264235e+00	9.172582861815122612e+01
4.426480311003382795e+00	9.183971871986356916e+01
4.432765973643649104e+00	9.225068428304957990e+01
4.439053392023870614e+00	9.221093148824081709e+01
4.445336141335588742e+00	9.213200883197973212e+01
4.451617241414883352e+00	9.267363818538889575e+01
4.457901500730311106e+00	9.254485986679488008e+01
4.464189501093017043e+00	9.294038478100408440e+01
4.470470197548729985e+00	9.269957187383018038e+01
4.476748044268524573e+00	9.325574869472103501e+01
4.483035990164653484e+00	9.288302581090114529e+01
4.489323331650528104e+00	9.300175258214473217e+01
4.495599111667934800e+00	9.322009615070405175e+01
4.501870922878794090e+00	9.296336467871344666e+01
4.508155162877705457e+00	9.323321869567368481e+01
4.514446451153479423e+00	9.282438918700138686e+01
4.520723894043856994e+00	9.347997629671708353e+01
4.527003782460155890e+00	9.298217383301656014e+01
4.533293086610313161e+00	9.297100170841140709e+01
4.539578989864040182e+00	9.279074142496443756e+01
4.545857164866476730e+00	9.264092992250763814e+01
4.552138955546025656e+00	9.217569702300895074e+01
4.558432046889146605e+00	9.224907901435649649e+01
4.564713463378488711e+00	9.221046652086143069e+01
4.570987274133244682e+00	9.221224674274135680e+01
4.577274818151045643e+00	9.172150627585098448e+01
4.583563263889338657e+00	9.200452329456902589e+01
4.589844917004465508e+00	9.187275404033512416e+01
4.596126259982004747e+00	9.210738034081121839e+01
4.602409075598298926e+00	9.201175470178000637e+01
4.608696634867644804e+00	9.218740489833179197e+01
4.614977646498861219e+00	9.207331569275534378e+01
4.621258953029527383e+00	9.211601188675888352e+01
4.627547993978874175e+00	9.219778519481548074e+01
4.633830152730579854e+00	9.224358443137361974e+01
4.640104005367354567e+00	9.241761198439472480e+01
4.646382060386754276e+00	9.233646554034159237e+01
4.652674213731970987e+00	9.241525812934609974e+01
4.658958291796220230e+00	9.261643383351366765e+01
4.665233615070169648e+00	9.261237360364226845e+01
4.671520675710307380e+00	9.251806298946505080e+01
4.677814351732177300e+00	9.310465113573101803e+01
4.684093699744638073e+00	9.304116212821348597e+01
4.690368661472568590e+00	9.318525777764135398e+01
4.696663270746453733e+00	9.298353296335049833e+01
4.702945459248681459e+00	9.344834128289160446e+01
4.709209170841929470e+00	9.381973644667965573e+01
4.715491634753063543e+00	9.384398003725803505e+01
4.721784316284933780e+00	9.379075965327965037e+01
4.728063062331094635e+00	9.409374016872484958e+01
4.734337423381671073e+00	9.445056579815890530e+01
4.740627024094544062e+00	9.445911911510712855e+01
4.746914995664547554e+00	9.454344213856022350e+01
4.753194740071086777e+00	9.495086550342769272e+01
4.759478891864783456e+00	9.506582247226218385e+01
4.765762396877359031e+00	9.523802658759687745e+01
4.772049481246195768e+00	9.549132354835367664e+01
4.778335091022592351e+00	9.537808034107560218e+01
4.784610831402393849e+00	9.580010556492854334e+01
4.790907306208476157e+00	9.619802978239090407e+01
4.797204047706418173e+00	9.658969192221240974e+01
4.803470827697504220e+00	9.669454512043404293e+01
4.809748850577324042e+00	9.693808553870290723e+01
4.816045316586602176e+00	9.643159121035940018e+01
4.822329240673497885e+00	9.743038816088679255e+01
4.828596758226470165e+00	9.781147333165256441e+01
4.834890332961369275e+00	9.833433477182556715e+01
4.841191655056394261e+00	9.793656269891420152e+01
4.847460407468000554e+00	9.813463451996754827e+01
4.853732128521334843e+00	9.891351617107905270e+01
4.860029138783373170e+00	9.905636150719662680e+01
4.866314601732018019e+00	9.921308999286226538e+01
4.872587026269203925e+00	9.962365297131491104e+01
4.878874221748241702e+00	1.001335881553322196e+02
4.885171078138658807e+00	1.001991812415618739e+02
4.891450629931857641e+00	1.007090197221734229e+02
4.897716482750221978e+00	1.013481070417703052e+02
4.904002834596266069e+00	1.009909425557859777e+02
4.910295858205786068e+00	1.019224782032794536e+02
4.916575188115905881e+00	1.015302414864958678e+02
4.922847946197084212e+00	1.022367235803839378e+02
4.929131667457151700e+00	1.029224391536751710e+02
4.935434460144239033e+00	1.033533822356083220e+02
4.941718513303545279e+00	1.030132744905592546e+02
4.947978624761803168e+00	1.040070202512603572e+02
4.954274999209829389e+00	1.049213420363321347e+02
4.960571094729937514e+00	1.049397264858372836e+02
4.966823207626954506e+00	1.057422756172864098e+02
4.973097418390337587e+00	1.055909866103383905e+02
4.979415129936382023e+00	1.059739933794094071e+02
4.985702082330368157e+00	1.069853606708370251e+02
4.991949985828016523e+00	1.068414559985134957e+02
4.998241586316924057e+00	1.077239454770872413e+02
5.004556635606089543e+00	1.080883443813155083e+02
5.010828655701208945e+00	1.086176162500961055e+02
5.017077229702536556e+00	1.101109096525856756e+02
5.023374414758113637e+00	1.095597825890466908e+02
5.029688873569548413e+00	1.105382958124071564e+02
5.035958413584124216e+00	1.109291944471919891e+02
5.042232667658486989e+00	1.114890027387773301e+02
5.048528755870775875e+00	1.118308605353521585e+02
5.054821121427484520e+00	1.128740812095693826e+02
5.061069509814582368e+00	1.131921453233683081e+02
5.067347812754101177e+00	1.140766072512888485e+02
5.073675050630431116e+00	1.153431264518014387e+02
5.079945928388977627e+00	1.150596092387583269e+02
5.086192992546071601e+00	1.158784919181646131e+02
5.092484128970163226e+00	1.165310439433713015e+02
5.098802924706086870e+00	1.175669823322696317e+02
5.105078217426394005e+00	1.176610432282500369e+02
5.111325076574067872e+00	1.187447253457563505e+02
5.117628358851224135e+00	1.189035165945572032e+02
5.123935939383525984e+00	1.207441674445146731e+02
5.130199176325612065e+00	1.212124989812387668e+02
5.136469985878846956e+00	1.222255924164974630e+02
5.142797788696348071e+00	1.229023730181306604e+02
5.149090378043822192e+00	1.238688489199194009e+02
5.155289879840074363e+00	1.231171867325566183e+02
5.161564521234301317e+00	1.237555063130156441e+02
5.167916673496016244e+00	1.259486392198001283e+02
5.174205974602950064e+00	1.262841145748097489e+02
5.180434820793812456e+00	1.269193400929430027e+02
5.186729096569634656e+00	1.296537335926902017e+02
5.193058481037780894e+00	1.287213225292125003e+02
5.199319511444338460e+00	1.302929783445739531e+02
5.205574295584361799e+00	1.325285792616367075e+02
5.211894977074066126e+00	1.326501235767586309e+02
5.218201708336958511e+00	1.335298930033347062e+02
5.224411911780083351e+00	1.331446804097072913e+02
5.230677632666463239e+00	1.361304995567974458e+02
5.237056729559757429e+00	1.357314931203472383e+02
5.243336785035660697e+00	1.382275588538892919e+02
5.249493476178225038e+00	1.390683574283588086e+02
5.255787017738318134e+00	1.393895354673284999e+02
5.262205327426889845e+00	1.423579919071417521e+02
5.268477758348532269e+00	1.426631245857766146e+02
5.274632213654732560e+00	1.446093901095554202e+02
5.280950543314659740e+00	1.439047920897650386e+02
5.287327645024750389e+00	1.463197895558527080e+02
5.293582359180156516e+00	1.466570348844800833e+02
5.299789992649893478e+00	1.461931328657816209e+02
5.306111460381987222e+00	1.498700641630798032e+02
5.312452717892129250e+00	1.523894279612501066e+02
5.318650122853046724e+00	1.526395584000041197e+02
5.324923043129819789e+00	1.526140240064420937e+02
5.331330237158205421e+00	1.542136128962306714e+02
5.337586726886338617e+00	1.563071095073347294e+02
5.343685192440848830e+00	1.567075549162697428e+02
5.350070659715249199e+00	1.599181311199272955e+02
5.356556762554878226e+00	1.603654647141113969e+02
5.362691868684501095e+00	1.647845671239410308e+02
5.368769208912516966e+00	1.651372852180092536e+02
5.375270137997677722e+00	1.669878352562344048e+02
5.381769983045385786e+00	1.654911690707665173e+02
5.387701030372958222e+00	1.713528664498595049e+02
5.393786668001271600e+00	1.710973143450172529e+02
5.400446161099396569e+00	1.736124280611302595e+02
5.406957063684501463e+00	1.734987776986125994e+02
5.412655672453426270e+00	1.740928365330293275e+02
5.418821279260546575e+00	1.779634213652501273e+02
5.425690594366304076e+00	1.806516395617961166e+02
5.432217487502165376e+00	1.832026201864222799e+02
5.437649811577258241e+00	1.842499479828204869e+02
5.443914404015878006e+00	1.814390680015226565e+02
5.450953501686320202e+00	1.853437679115179719e+02
5.457483690405861232e+00	1.925797019796478651e+02
5.462715250135157241e+00	1.955351775385475719e+02
5.469033575551323523e+00	1.956919617297625109e+02
5.476177730420278778e+00	2.020790283764297612e+02
5.482708935702562236e+00	2.039890212711892161e+02
5.487722405008360838e+00	1.987273799210247205e+02
5.494194284996126498e+00	2.019515538586193770e+02
5.501391471009256406e+00	2.020481573611997703e+02
5.507128202673079009e+00	2.200228087617286974e+02
5.512278020050448646e+00	1.987588588843149466e+02
5.519395563377015534e+00	2.194637605295206697e+02
5.526598678609708770e+00	2.186341583067760723e+02
5.532162682462509196e+00	1.988694484992106482e+02
5.537397124017139127e+00	2.341005309942623853e+02
5.544582756485218589e+00	2.303705289885810998e+02
5.551739327507637434e+00	2.332281667326722072e+02
5.557493306674907707e+00	2.547725361608121943e+02
5.562281709102816940e+00	2.699900316569103893e+02
5.569272720323164449e+00	9.839086760098284401e+01
