8.899641224696953554e-03	1.712734163696991745e+05
1.507912216506557788e-02	1.408430159527835494e+05
2.144790186456836667e-02	8.709169325911201304e+04
2.783660776489276650e-02	7.397222357376097352e+04
3.435099785803411021e-02	3.792186687447773147e+04
4.047886761425745911e-02	2.797195701347684735e+04
4.676716683575679601e-02	2.251402522222181142e+04
5.308225101765951665e-02	2.197792847802157848e+04
5.945362440940590160e-02	2.153131753918445247e+04
6.576224814588792211e-02	1.812881468105552995e+04
7.196632906698736953e-02	1.599036127174782632e+04
7.827860915688347743e-02	1.243863707984728717e+04
8.470398945834539672e-02	1.066214134971136446e+04
9.096854620527369817e-02	8.617569748113963215e+03
9.720789776830213169e-02	7.294461338073943807e+03
1.034763038959366499e-01	7.089020742106651596e+03
1.097576444254559219e-01	7.209817712541370383e+03
1.160543084780093354e-01	6.665836754787274003e+03
1.223669666537485351e-01	6.298328460555347192e+03
1.286817263090294094e-01	5.726718700337843984e+03
1.349500801664080818e-01	5.244744079131683975e+03
1.411949558842147678e-01	4.598794313816762042e+03
1.475133575747468451e-01	4.151236913093866860e+03
1.537865074252268427e-01	3.996629901471741505e+03
1.600657544051110326e-01	3.899138101248885960e+03
1.663991168687080635e-01	3.759496713690995875e+03
1.727195645776442856e-01	3.498307160944979842e+03
1.789765213377084718e-01	3.262178919232044791e+03
1.852353690647852158e-01	3.122371355023089109e+03
1.914806787341157279e-01	3.002880452280096961e+03
1.977889868651535599e-01	2.861763454805633955e+03
2.040937735447724277e-01	2.710205132652586144e+03
2.103939302609846018e-01	2.586831893236706946e+03
2.166909709822301688e-01	2.490199355051831390e+03
2.229700281216152047e-01	2.399963844269414949e+03
2.292620027086341994e-01	2.314892985101306294e+03
2.355141508366812297e-01	2.238594309295611765e+03
2.417910583817859116e-01	2.127911077465623748e+03
2.480856539439619257e-01	2.100799557878292035e+03
2.543492256872954549e-01	2.025684807283897499e+03
2.606334251884805386e-01	1.929896720597371086e+03
2.669257370896960802e-01	1.875959852195549956e+03
2.732423343141155980e-01	1.835787502079853994e+03
2.795529680084415936e-01	1.784277263269353170e+03
2.858366292314493129e-01	1.721921917164960632e+03
2.920876271394311496e-01	1.668060166730913579e+03
2.983449844439822751e-01	1.614705356488700772e+03
3.046382639407197446e-01	1.577538701067649754e+03
3.109279127003197196e-01	1.564843628473491435e+03
3.172168171618398036e-01	1.512878302864938178e+03
3.235187567944423082e-01	1.445789850095551856e+03
3.298168217550395687e-01	1.430781690216730794e+03
3.361176429457156667e-01	1.414502953498068337e+03
3.423700375709273769e-01	1.367571407022780477e+03
3.486478192666269682e-01	1.335448658611000610e+03
3.549411614411318028e-01	1.295503544807473645e+03
3.611916935421040642e-01	1.275138925844210007e+03
3.674767089563572564e-01	1.281951790189270469e+03
3.737647795277591056e-01	1.228966391138932295e+03
3.800654031475132477e-01	1.206206589769188213e+03
3.863539861259823738e-01	1.190403224480092149e+03
3.926140181364449755e-01	1.165550884468891809e+03
3.989264500321934581e-01	1.151898608365872860e+03
4.052073244576828714e-01	1.118423562840964905e+03
4.114916477570477182e-01	1.110121909097610342e+03
4.177814272116491257e-01	1.093298049066946078e+03
4.240400648725131116e-01	1.059859162877244671e+03
4.303425690270192283e-01	1.054118143136990284e+03
4.366358560255625965e-01	1.036361374284748990e+03
4.428996183220763605e-01	1.019937902955569825e+03
4.491634418529859563e-01	1.006131910915694220e+03
4.554414146254732731e-01	9.896752531858423936e+02
4.617634470301058558e-01	9.725071885420524040e+02
4.680644242023710433e-01	9.510571657519599285e+02
4.743485242764365895e-01	9.364822394533562147e+02
4.806356136815400082e-01	9.402809285829929422e+02
4.869019258388697646e-01	9.250325211641461465e+02
4.931697099599955947e-01	9.123227228842000613e+02
4.994506747144535908e-01	9.013725109897238781e+02
5.057159051335421429e-01	8.860235870373300031e+02
5.119923996268095356e-01	8.763943879868101021e+02
5.183126097768406826e-01	8.607062653549282913e+02
5.246089638029100000e-01	8.445816345170128443e+02
5.308757308483337267e-01	8.416400724031914251e+02
5.371573527946726934e-01	8.195832757439432044e+02
5.434579563783791256e-01	8.105935054157740751e+02
5.497430652392217842e-01	8.094881127313251454e+02
5.559937427501778773e-01	7.921839595200161739e+02
5.622854676609657654e-01	7.869709761931550247e+02
5.686011537227265711e-01	7.814505536648480302e+02
5.748804589422079614e-01	7.677751001379735953e+02
5.811550210340560296e-01	7.583474743780020617e+02
5.874394496660968468e-01	7.518609014606247456e+02
5.937176220296899176e-01	7.514696694140529871e+02
5.999971954793682505e-01	7.370436242290442124e+02
6.062679115124277596e-01	7.276683474505640561e+02
6.125469576444534381e-01	7.229073985618964571e+02
6.188477733041515272e-01	7.126955004000766394e+02
6.251310567437898813e-01	7.065140021629730427e+02
6.314027450383210560e-01	6.972207293234574763e+02
6.377003562732055375e-01	6.907374951347338765e+02
6.439857783314556494e-01	6.752192602744293026e+02
6.502685417166111925e-01	6.731044816084108788e+02
6.565586117699038216e-01	6.671747726662681544e+02
6.628369282359254377e-01	6.625983023495414272e+02
6.691185444962194362e-01	6.544957657155458719e+02
6.754070198575605755e-01	6.504401523747588953e+02
6.816835514593204692e-01	6.410199256532894196e+02
6.879592533861698112e-01	6.342304061137957660e+02
6.942344317039531587e-01	6.329804059824839442e+02
7.005175402434737908e-01	6.226254744091463635e+02
7.068124956608716758e-01	6.165738005534234389e+02
7.131019009674921527e-01	6.137337931978029246e+02
7.193918251171427247e-01	6.094361448399256460e+02
7.256833807598113140e-01	6.013589170458354829e+02
7.319652682709349989e-01	5.980329087014650895e+02
7.382507990484923344e-01	5.891161018189927745e+02
7.445265842115937893e-01	5.862682096587371916e+02
7.507871101942712455e-01	5.786401716946969600e+02
7.570758465316046459e-01	5.724730877253172139e+02
7.633641233600957365e-01	5.695766627855092565e+02
7.696462959862266917e-01	5.656804514279127716e+02
7.759394865175414102e-01	5.631165945928514702e+02
7.822329141989586843e-01	5.559334377073819269e+02
7.885314936520240181e-01	5.511194711343670178e+02
7.947896566979522071e-01	5.459613145634540388e+02
8.010491096592354809e-01	5.396107243625745014e+02
8.073364061727361651e-01	5.370609717677726849e+02
8.136229488373866170e-01	5.347345515840313510e+02
8.199152998961036776e-01	5.287292866398728393e+02
8.261952636392789762e-01	5.219810238309696615e+02
8.324897070080405914e-01	5.167576028152352592e+02
8.387959309210778480e-01	5.158241058438374012e+02
8.450634639703045181e-01	5.108396576572155254e+02
8.513282867562648182e-01	5.065542484517114303e+02
8.576198263902009566e-01	5.006781984802142347e+02
8.639058477062415697e-01	4.999878567250069068e+02
8.701838745487597837e-01	4.931917627133797737e+02
8.764641096075268534e-01	4.894044178140937902e+02
8.827503873399735745e-01	4.846635033826166818e+02
8.890332768393869323e-01	4.818683215982253500e+02
8.953084247113127780e-01	4.775275581198891359e+02
9.015956521667095602e-01	4.757715127198624145e+02
9.078833328094829680e-01	4.715049759263549163e+02
9.141744106319863450e-01	4.689018311868635465e+02
9.204630817717615043e-01	4.663613381577018799e+02
9.267434415264711456e-01	4.613366788364884883e+02
9.330324197354928906e-01	4.570288642639252430e+02
9.393265785573878812e-01	4.550473344296587470e+02
9.455974810398196650e-01	4.490188372161881034e+02
9.518660018545171964e-01	4.463639165231438710e+02
9.581413255531838757e-01	4.436675336850030931e+02
9.644350945109106954e-01	4.393315677315713401e+02
9.707355633568249820e-01	4.380633973934840242e+02
9.770080768450029041e-01	4.343557472579328760e+02
9.832823325363413414e-01	4.288774134836557437e+02
9.895569691966674686e-01	4.263481265956294237e+02
9.958456301921106979e-01	4.236384648083883917e+02
1.002136210743837408e+00	4.218210898015337307e+02
1.008404825335135424e+00	4.189265204559565063e+02
1.014694149836243398e+00	4.156080483055239938e+02
1.020992555437297167e+00	4.122177629827327223e+02
1.027273980437394485e+00	4.084728478422766784e+02
1.033559181896017254e+00	4.042498748714826320e+02
1.039847557392594934e+00	4.023074560195466347e+02
1.046126974943305088e+00	3.984446932538364763e+02
1.052403436811028659e+00	3.985168905940721515e+02
1.058680704651608684e+00	3.934999369799036231e+02
1.064964333065789193e+00	3.910416983826904698e+02
1.071256777440835473e+00	3.876994077386901836e+02
1.077544048801078125e+00	3.858411358975622534e+02
1.083824820188043603e+00	3.862079059276251201e+02
1.090108023942816695e+00	3.805965336290238383e+02
1.096389665956643222e+00	3.770278006433618430e+02
1.102681132058841440e+00	3.763073317281622963e+02
1.108963047594879958e+00	3.726750259048611156e+02
1.115225428463759272e+00	3.712361494493783880e+02
1.121502127614767863e+00	3.686097742539790829e+02
1.127792573824792033e+00	3.657600193122026440e+02
1.134089552668382961e+00	3.625536091586058092e+02
1.140364049650405942e+00	3.611924955754324174e+02
1.146639180320979445e+00	3.583268307274503286e+02
1.152942412991649901e+00	3.563149645901085023e+02
1.159228906751078814e+00	3.532102653267554615e+02
1.165508721887268173e+00	3.508136206791493237e+02
1.171793076256210320e+00	3.483961248441731868e+02
1.178087436369658958e+00	3.450518346093502373e+02
1.184367654251526902e+00	3.438815114811678768e+02
1.190634642299266632e+00	3.413451824914985195e+02
1.196912208834400859e+00	3.384119749836291362e+02
1.203201577354146234e+00	3.359533679132201769e+02
1.209486844441705733e+00	3.341283173983832171e+02
1.215763902074809888e+00	3.321961165790195878e+02
1.222049755171146668e+00	3.294008496339966428e+02
1.228340616621486969e+00	3.286827869003680007e+02
1.234632986576932767e+00	3.256247653315946877e+02
1.240902247176856488e+00	3.222113735388156215e+02
1.247174839144687519e+00	3.212457239926052353e+02
1.253465459933442272e+00	3.189885063857362866e+02
1.259749951892178421e+00	3.171939377402602531e+02
1.266032143127253873e+00	3.141933947189316427e+02
1.272316288472006507e+00	3.129048895074668621e+02
1.278604155058621350e+00	3.109839474275330531e+02
1.284886588933593865e+00	3.106561282327407412e+02
1.291175420066583257e+00	3.080110065851920922e+02
1.297465726373772332e+00	3.049547515197706957e+02
1.303741827011944299e+00	3.043385091525822190e+02
1.310017322922761851e+00	3.016309123413702196e+02
1.316301447662886703e+00	2.999798607895343139e+02
1.322586760363303249e+00	2.966723312075016565e+02
1.328865492452874664e+00	2.964920687606643241e+02
1.335144804954555564e+00	2.939454943384968146e+02
1.341440516272275119e+00	2.915459622574515492e+02
1.347730868417094552e+00	2.906751592295276510e+02
1.354001589994877630e+00	2.886738318125012484e+02
1.360282609297778444e+00	2.865468761574263112e+02
1.366565686457597906e+00	2.844313799996989474e+02
1.372851498482432708e+00	2.832090736624163583e+02
1.379135372929401804e+00	2.816601754872002061e+02
1.385409567149057164e+00	2.794862963300473666e+02
1.391698641219299315e+00	2.780819732758691316e+02
1.397984451439470810e+00	2.761825081659384864e+02
1.404267883409181961e+00	2.745681055686434888e+02
1.410554779484869181e+00	2.728857847526036267e+02
1.416837833547465397e+00	2.712578041586160111e+02
1.423118177187137068e+00	2.700008042763261074e+02
1.429397801164240089e+00	2.682861012008041257e+02
1.435686921822787232e+00	2.665794882733976010e+02
1.441977121769299597e+00	2.664942561564225230e+02
1.448253667853332427e+00	2.635936144326302042e+02
1.454532348972172651e+00	2.612064187609753390e+02
1.460819319151879903e+00	2.602115032559700580e+02
1.467110364402026468e+00	2.577469448639182588e+02
1.473392908948962132e+00	2.570347286691434761e+02
1.479669965243598950e+00	2.553272267218846139e+02
1.485956144602843532e+00	2.545196425842776193e+02
1.492233610763115115e+00	2.524882368817724796e+02
1.498502470379980078e+00	2.516912809961893345e+02
1.504785752051182701e+00	2.501125993553000058e+02
1.511075991894575976e+00	2.491508172624238568e+02
1.517361634985162189e+00	2.474127478109921014e+02
1.523648570969130533e+00	2.457075409035606697e+02
1.529938035715892264e+00	2.441300734979320168e+02
1.536230176913891965e+00	2.424712991640957682e+02
1.542510718779388279e+00	2.413582955675693427e+02
1.548783963082980275e+00	2.392009216463610812e+02
1.555073069779651318e+00	2.382113605646810015e+02
1.561357324927233892e+00	2.373995511080451308e+02
1.567629121053141006e+00	2.362396088153333551e+02
1.573913697404382583e+00	2.351350972635102323e+02
1.580203545230874029e+00	2.340630653481551349e+02
1.586485393434537983e+00	2.316428965387267169e+02
1.592760014263005841e+00	2.311166447712085983e+02
1.599046436394670812e+00	2.295128203194883554e+02
1.605342136637478934e+00	2.286573919178825633e+02
1.611619860919608627e+00	2.277917456161449650e+02
1.617897597081673799e+00	2.257468292542567951e+02
1.624183235481122756e+00	2.249367221082539459e+02
1.630464598531913722e+00	2.239350164404805525e+02
1.636748985747638274e+00	2.219870170628333597e+02
1.643030923698886259e+00	2.208638239107983452e+02
1.649309176648513064e+00	2.200969037150922247e+02
1.655593633940351861e+00	2.189662372679257487e+02
1.661879571405086464e+00	2.183543121913394316e+02
1.668169361685170271e+00	2.169179647109433517e+02
1.674450151530487485e+00	2.156010098752376223e+02
1.680722718978495900e+00	2.145426320109945095e+02
1.687013891340952476e+00	2.134943582640302395e+02
1.693308984907921033e+00	2.121967036401755990e+02
1.699582147428448486e+00	2.109056605477210837e+02
1.705863747055134105e+00	2.091142056754207204e+02
1.712154434283889470e+00	2.085819010755268437e+02
1.718438381579399321e+00	2.072702450310879954e+02
1.724721264464063930e+00	2.055142714724028110e+02
1.730997441276920679e+00	2.047923645269220287e+02
1.737287073528269499e+00	2.042211851497187638e+02
1.743567991878527401e+00	2.025335752526719091e+02
1.749840680212231048e+00	2.013850790959882886e+02
1.756128549091961144e+00	2.013373040996693248e+02
1.762413535324792502e+00	1.996874213769253004e+02
1.768696187669963837e+00	1.982332596689119271e+02
1.774979359379055266e+00	1.979802776053737432e+02
1.781265555576432957e+00	1.965748563871729857e+02
1.787549427830244619e+00	1.952040215340082057e+02
1.793834120011633004e+00	1.948428096190815495e+02
1.800115051552487300e+00	1.938132122965790245e+02
1.806393904854530330e+00	1.926362171078968117e+02
1.812674089667083432e+00	1.914994864975996052e+02
1.818956920109354058e+00	1.904805263837388907e+02
1.825244164118212220e+00	1.896613304054932598e+02
1.831527256642196955e+00	1.882040120266186705e+02
1.837811294935716599e+00	1.870920586837406177e+02
1.844100717411196744e+00	1.865530522891023963e+02
1.850384816792487230e+00	1.858281189263300348e+02
1.856666059735203822e+00	1.850521473697471322e+02
1.862947728675613979e+00	1.836178814664007177e+02
1.869229324466858078e+00	1.832396792660048277e+02
1.875517616802973686e+00	1.816003716980971490e+02
1.881800769033795229e+00	1.810837332988691060e+02
1.888078863416442710e+00	1.800174402959448798e+02
1.894353975182237582e+00	1.792274577145414867e+02
1.900642716154182565e+00	1.785157380018757465e+02
1.906933494748685121e+00	1.777341998449564642e+02
1.913207568676573933e+00	1.766602940859801834e+02
1.919490884732178992e+00	1.759099563732635545e+02
1.925776855684274480e+00	1.747378409673756607e+02
1.932064452961978152e+00	1.742894660346806859e+02
1.938342610030488800e+00	1.729350847628590770e+02
1.944618341543410178e+00	1.725179556150721396e+02
1.950906260203513876e+00	1.709326736452428861e+02
1.957194556613796488e+00	1.705749401878907463e+02
1.963479614559011432e+00	1.696152245119032500e+02
1.969760361532916226e+00	1.686960930012544395e+02
1.976048367034604736e+00	1.677461460708839809e+02
1.982337990217652335e+00	1.671202926432125651e+02
1.988617489259562721e+00	1.662119859923529361e+02
1.994896320665194178e+00	1.655801582963997589e+02
2.001179596222827151e+00	1.647639728800964747e+02
2.007459756923499761e+00	1.642543519250535269e+02
2.013737397779169935e+00	1.633204798203730945e+02
2.020017234677497164e+00	1.629470015582621727e+02
2.026310251015072783e+00	1.616564831670866909e+02
2.032600542948020284e+00	1.609341213293106705e+02
2.038873863192099289e+00	1.601054379297201535e+02
2.045154087821675404e+00	1.595575910213441944e+02
2.051444704514288730e+00	1.589910779904851097e+02
2.057730430280644729e+00	1.577423936850363191e+02
2.064013940455224461e+00	1.571448350568635703e+02
2.070299891179459895e+00	1.568610255566875367e+02
2.076589719964883951e+00	1.556145460619821392e+02
2.082865483794470673e+00	1.550891116447616866e+02
2.089134494859368640e+00	1.546134350820353802e+02
2.095424211360070288e+00	1.534653174673642013e+02
2.101707116664804254e+00	1.528339676383124299e+02
2.107986473933564309e+00	1.523538580937940026e+02
2.114271806543862375e+00	1.517338825012536745e+02
2.120552717288892275e+00	1.509819228748562523e+02
2.126836933207161717e+00	1.503880063649734780e+02
2.133122044791171845e+00	1.497559448072752559e+02
2.139411711910842673e+00	1.491450510251794412e+02
2.145697076775292089e+00	1.482782947465240397e+02
2.151973548606471276e+00	1.478605498923992343e+02
2.158259913555724108e+00	1.472305910267496643e+02
2.164545396699105506e+00	1.466069528471448677e+02
2.170830700377734068e+00	1.456675686282815718e+02
2.177114138849150393e+00	1.450055996403986569e+02
2.183387647576827018e+00	1.443917486249873434e+02
2.189670273687676971e+00	1.440733508936133376e+02
2.195960147934207463e+00	1.429440142222020711e+02
2.202242556317716371e+00	1.424730588970760721e+02
2.208521655981037668e+00	1.416988921696465979e+02
2.214804637081333016e+00	1.410707527760889946e+02
2.221092583349425276e+00	1.406869173689878494e+02
2.227372893591468728e+00	1.403525748644705970e+02
2.233657161144248171e+00	1.393513332606702306e+02
2.239943485394438660e+00	1.387677957379604265e+02
2.246224175264620815e+00	1.382376230913039308e+02
2.252506378421252009e+00	1.374854167322068861e+02
2.258783417054270437e+00	1.368269823824640810e+02
2.265069077371457684e+00	1.365856190134006738e+02
2.271350377044131452e+00	1.355926706776313893e+02
2.277633995145353918e+00	1.351904546229753805e+02
2.283922419579920149e+00	1.348877170612240377e+02
2.290202874392252674e+00	1.340145760134220438e+02
2.296490779970905560e+00	1.334650408597122464e+02
2.302771769934229162e+00	1.330391515541668923e+02
2.309051364164305564e+00	1.327347132473639419e+02
2.315338502539088239e+00	1.317321738639194564e+02
2.321627336503874428e+00	1.314496273781449531e+02
2.327911878297218795e+00	1.307919729843706307e+02
2.334186238580297168e+00	1.300943852325055161e+02
2.340467971862688401e+00	1.298083216166283194e+02
2.346756940970738725e+00	1.291758235464559164e+02
2.353044444556199988e+00	1.287441511327391197e+02
2.359327653314069906e+00	1.281235818433314648e+02
2.365603048789861607e+00	1.277116338044658050e+02
2.371885911737665165e+00	1.271746620277052244e+02
2.378173303594019572e+00	1.265934965271941763e+02
2.384454016539381271e+00	1.260723195876439888e+02
2.390736447344785187e+00	1.257136046246489798e+02
2.397014133897952259e+00	1.251734001425851091e+02
2.403295490074321972e+00	1.246145866664856356e+02
2.409585049672506862e+00	1.241547786003417571e+02
2.415871703165322071e+00	1.237241409219894734e+02
2.422160652369088840e+00	1.232415908880557680e+02
2.428440167222748691e+00	1.229374857432376587e+02
2.434717472383889803e+00	1.223593642827223249e+02
2.441002456202044257e+00	1.219406799763098945e+02
2.447289980304530488e+00	1.214793600302974994e+02
2.453571844729242279e+00	1.210147393060261010e+02
2.459852705114058846e+00	1.206115636952421539e+02
2.466139233225018934e+00	1.199403409007797734e+02
2.472421963421291391e+00	1.196908632686243976e+02
2.478698519174224568e+00	1.194216991899136957e+02
2.484980841400355800e+00	1.190592940309971794e+02
2.491269319409339822e+00	1.183375634302856696e+02
2.497548505139029373e+00	1.176231036237312111e+02
2.503831667172610853e+00	1.176736099871007610e+02
2.510117938323931153e+00	1.170761484337104719e+02
2.516400733681277480e+00	1.165863901176628872e+02
2.522688226833368130e+00	1.162207420452702280e+02
2.528971695852665569e+00	1.157997806693909411e+02
2.535252039407670299e+00	1.153573429556110028e+02
2.541537514142774512e+00	1.150002504678077173e+02
2.547823008847572179e+00	1.145119144202583357e+02
2.554100666580690238e+00	1.141142249136565425e+02
2.560376788884177301e+00	1.138025583782100369e+02
2.566667521601497359e+00	1.131552681586432101e+02
2.572955062237090473e+00	1.130836691540717140e+02
2.579233771797999175e+00	1.123435247798047527e+02
2.585520164300948220e+00	1.122399175787576553e+02
2.591805130332431872e+00	1.118844101714981605e+02
2.598084074692260881e+00	1.115174181420127155e+02
2.604360404197643586e+00	1.113848444412864609e+02
2.610647185140439142e+00	1.109799585223434235e+02
2.616931864059273138e+00	1.105200705941261532e+02
2.623206107911065565e+00	1.099155245924670510e+02
2.629491626543270844e+00	1.096622690926985229e+02
2.635778507982642349e+00	1.093403461742566662e+02
2.642061039325260818e+00	1.089604927270202950e+02
2.648343840729305843e+00	1.087450513097148530e+02
2.654631838974855551e+00	1.083491631818011740e+02
2.660919001246303761e+00	1.079506732302277214e+02
2.667198525130066056e+00	1.075250635981791447e+02
2.673484307038032526e+00	1.072528346498384479e+02
2.679773388053849459e+00	1.069029077082406758e+02
2.686058217632288692e+00	1.067178341341544154e+02
2.692338738200057868e+00	1.062338914072619787e+02
2.698618022887226964e+00	1.061611531419854231e+02
2.704895450708277860e+00	1.057473169594427986e+02
2.711175674923682166e+00	1.053917396535220234e+02
2.717459832966957922e+00	1.050228897027591870e+02
2.723745731959044569e+00	1.048870609079555720e+02
2.730038414850594730e+00	1.045715564956524872e+02
2.736317989800789441e+00	1.042167661070869826e+02
2.742591858549239703e+00	1.038871378812419408e+02
2.748879749010778362e+00	1.038162795612865352e+02
2.755163403825859447e+00	1.033681752918038512e+02
2.761446955625852073e+00	1.031596050015333219e+02
2.767732088935374701e+00	1.028716430595160887e+02
2.774015452421743966e+00	1.026067422357529466e+02
2.780298635700591436e+00	1.022793912586327139e+02
2.786577474762241380e+00	1.021409051445229323e+02
2.792857983210164541e+00	1.017678700647954457e+02
2.799143790920211483e+00	1.015848930542589841e+02
2.805430058399325244e+00	1.011529821538390195e+02
2.811715058209780072e+00	1.010963885847795609e+02
2.817989272498773623e+00	1.009462629851404074e+02
2.824269171595737760e+00	1.005119686891205930e+02
2.830563016441804081e+00	1.005510290214335498e+02
2.836848750951622034e+00	1.000719623934740810e+02
2.843130027866129783e+00	9.998315342442901965e+01
2.849413896912404986e+00	9.976845178011215864e+01
2.855697464522425566e+00	9.958219836527456437e+01
2.861978799810683594e+00	9.931530720710313176e+01
2.868262469415629567e+00	9.907639772317941151e+01
2.874547359206753860e+00	9.898647801498518106e+01
2.880831111471525041e+00	9.860389648017819297e+01
2.887113216972382546e+00	9.848281371748021229e+01
2.893394504725182781e+00	9.827533261444160928e+01
2.899673662137033592e+00	9.799313386237876955e+01
2.905953958587380814e+00	9.792335308510831737e+01
2.912241118105161064e+00	9.777731385492789684e+01
2.918525996366671205e+00	9.763794231055256034e+01
2.924809035425688819e+00	9.743744133322434209e+01
2.931095916293684933e+00	9.726163907613630499e+01
2.937378182606774413e+00	9.705034061554904667e+01
2.943659980254369923e+00	9.676535037259063188e+01
2.949946454403890250e+00	9.666794841601053179e+01
2.956227653702202307e+00	9.664337311609068593e+01
2.962510478867462993e+00	9.650421860923808026e+01
2.968796535179442309e+00	9.621241795131496133e+01
2.975077657376874907e+00	9.625260590946989225e+01
2.981359866759223376e+00	9.609996832176913983e+01
2.987646761575656562e+00	9.597907320544140930e+01
2.993929038370399365e+00	9.589821220691487724e+01
3.000206214840962726e+00	9.565994212389647089e+01
3.006486172402415669e+00	9.558251453246386120e+01
3.012769812211594456e+00	9.553189440678208655e+01
3.019053144326170113e+00	9.556827128667087834e+01
3.025337405144251424e+00	9.530311264683138006e+01
3.031623734799107961e+00	9.525966741293537154e+01
3.037908962055872575e+00	9.519595843918436628e+01
3.044195067146031608e+00	9.517003121292162859e+01
3.050475543482170426e+00	9.499918320435637042e+01
3.056754954538277502e+00	9.499454351069290681e+01
3.063040539557494668e+00	9.498676603320321021e+01
3.069323699454357346e+00	9.474579959361777526e+01
3.075610692642898769e+00	9.484681607789040925e+01
3.081893798009918584e+00	9.465869182996965492e+01
3.088174549548037717e+00	9.466271805582282184e+01
3.094458635632868493e+00	9.463837454397965132e+01
3.100743982931558840e+00	9.473752589343614261e+01
3.107028111748448396e+00	9.457956598811375670e+01
3.113309299655494300e+00	9.452177070544429682e+01
3.119590662867241626e+00	9.468677323623271036e+01
3.125874006820172912e+00	9.461310565897984759e+01
3.132159251154602586e+00	9.446231735010121611e+01
3.138439172765940643e+00	9.458024851581157577e+01
3.144723867719826593e+00	9.459373707047505775e+01
3.151003951258561031e+00	9.457717735911981549e+01
3.157283664131563139e+00	9.467123680087115645e+01
3.163569317183839935e+00	9.471496012581148705e+01
3.169851661717792091e+00	9.472293680887867140e+01
3.176137704316093657e+00	9.475459083128977511e+01
3.182420924828643916e+00	9.484588009004326636e+01
3.188702811875577581e+00	9.482437363243739981e+01
3.194990520008989865e+00	9.493113743476372690e+01
3.201275324656983834e+00	9.499440472544108616e+01
3.207551352179861759e+00	9.501815104573368842e+01
3.213835216737041645e+00	9.509671020009334086e+01
3.220122579819103770e+00	9.500713895374038032e+01
3.226406606618656525e+00	9.480778070316597450e+01
3.232687390085645429e+00	9.458127423162157754e+01
3.238969121280456331e+00	9.453836135527221529e+01
3.245254751548589667e+00	9.415347046896356176e+01
3.251534499036136783e+00	9.383093983576816299e+01
3.257817780791052442e+00	9.378675493716987432e+01
3.264102164154097263e+00	9.348750926570174613e+01
3.270384152138468892e+00	9.329618542972805528e+01
3.276669427476867735e+00	9.314239320062563365e+01
3.282954688864507808e+00	9.280947874052051816e+01
3.289237200334947264e+00	9.275607126131900770e+01
3.295519587088236779e+00	9.255559070470927452e+01
3.301805977329951958e+00	9.230013048336834913e+01
3.308087486222440088e+00	9.202262843101796363e+01
3.314367630234227313e+00	9.191930449196499353e+01
3.320651909732194262e+00	9.152715283441575878e+01
3.326931260376857047e+00	9.141383707684664728e+01
3.333216512447217728e+00	9.121808075355886558e+01
3.339504489419978128e+00	9.101902598184130966e+01
3.345786804809928405e+00	9.084102229190079925e+01
3.352071130016277767e+00	9.052059632806195566e+01
3.358351496304225581e+00	9.044883241187658030e+01
3.364630591073392019e+00	9.023432101809081018e+01
3.370916305215045483e+00	9.000287316390297576e+01
3.377197952029413752e+00	8.981483572535293547e+01
3.383483063818085501e+00	8.967208345588677787e+01
3.389769992424469969e+00	8.967018614088307515e+01
3.396051330885982100e+00	8.932296789346453636e+01
3.402330879139463971e+00	8.910112805960513072e+01
3.408610488352048495e+00	8.902535202276587256e+01
3.414897837696641236e+00	8.892196205859264069e+01
3.421180484052105619e+00	8.867238786451567023e+01
3.427461639653846870e+00	8.845343840293507753e+01
3.433749159643459059e+00	8.834807398827688019e+01
3.440032646656798310e+00	8.818730383566368403e+01
3.446313366033385339e+00	8.785537500188152649e+01
3.452600135384134905e+00	8.781738220903737613e+01
3.458883152815406703e+00	8.771399452476906333e+01
3.465163834403715448e+00	8.748698137142831399e+01
3.471449329786229221e+00	8.739605344972956402e+01
3.477734476754053894e+00	8.710756983498593797e+01
3.484019652467224226e+00	8.703802030624095210e+01
3.490297019369712928e+00	8.692680482577181067e+01
3.496582486484379970e+00	8.675484460084665272e+01
3.502868048046865024e+00	8.665249648375362312e+01
3.509144649545451244e+00	8.626913889027711946e+01
3.515428082003116295e+00	8.636762264257731658e+01
3.521711031624695565e+00	8.619266521050754193e+01
3.527991850954735664e+00	8.597520213991047910e+01
3.534275545726699885e+00	8.572480924793349288e+01
3.540562632020772149e+00	8.567178792625617234e+01
3.546844410757220789e+00	8.563705782990506066e+01
3.553131386753758836e+00	8.544739310761259787e+01
3.559419203211965144e+00	8.529300083043666802e+01
3.565697971577579839e+00	8.534802501767164529e+01
3.571979559134798254e+00	8.513365348943248989e+01
3.578265774595833726e+00	8.498691388743415587e+01
3.584548309769353125e+00	8.500134697697538400e+01
3.590826843920031486e+00	8.470725487114700059e+01
3.597107306745233934e+00	8.453291691948447806e+01
3.603392831792229245e+00	8.452680785129469143e+01
3.609673209822572559e+00	8.447768245185071123e+01
3.615955412133016189e+00	8.427380175483561686e+01
3.622241607772384686e+00	8.425366037498613991e+01
3.628520252736676444e+00	8.416623130447676715e+01
3.634804827569451113e+00	8.388354712812784442e+01
3.641094981788862928e+00	8.390949540966444431e+01
3.647383514928639325e+00	8.383811095889915066e+01
3.653663283927725658e+00	8.378605426686482360e+01
3.659943504072155296e+00	8.373265325757282085e+01
3.666232000281138603e+00	8.356573787038247758e+01
3.672514211678317597e+00	8.345028775577249291e+01
3.678794154686042539e+00	8.332874973447439970e+01
3.685078621861909820e+00	8.331713600491724492e+01
3.691359210097977961e+00	8.321918009236169667e+01
3.697642368173791105e+00	8.308196176734774951e+01
3.703925796735277665e+00	8.287969108404028873e+01
3.710208240364660348e+00	8.303497056523012532e+01
3.716494593122387169e+00	8.282064882151739482e+01
3.722775386659595398e+00	8.266609498764164243e+01
3.729058392883481510e+00	8.264117204200847766e+01
3.735339748210807720e+00	8.257418736863714059e+01
3.741620776392969638e+00	8.252530712329473772e+01
3.747904795418762980e+00	8.219312790227195364e+01
3.754190633281219380e+00	8.252545146466636083e+01
3.760478208018912749e+00	8.248513211548809920e+01
3.766755538573464346e+00	8.231063292174710000e+01
3.773032090135151506e+00	8.225893848904115657e+01
3.779322553012896879e+00	8.218716322609418512e+01
3.785609109731308930e+00	8.223895226648919277e+01
3.791889825936295200e+00	8.230788890733457208e+01
3.798174822702435893e+00	8.207789527058427836e+01
3.804458658753491651e+00	8.185959890908718251e+01
3.810738438095723435e+00	8.203012852350622097e+01
3.817018850285747167e+00	8.211645127973930869e+01
3.823305314209427763e+00	8.193164465855520007e+01
3.829591295197792178e+00	8.192101069522607304e+01
3.835872296070849341e+00	8.180390719926172949e+01
3.842156279590906109e+00	8.187307850897663286e+01
3.848441511099312429e+00	8.166172992015343368e+01
3.854723334376886079e+00	8.168637704296318702e+01
3.861004740704794713e+00	8.177701068259680994e+01
3.867284336650660848e+00	8.175653891057049805e+01
3.873567367678779849e+00	8.161240597665683083e+01
3.879850662830422792e+00	8.172488646387230915e+01
3.886137063198143338e+00	8.175498279540818203e+01
3.892419463049126005e+00	8.167820064555822057e+01
3.898703740328622658e+00	8.180692166122605613e+01
3.904991458788179326e+00	8.172786048198750564e+01
3.911270842222104083e+00	8.165839357176511726e+01
3.917549806479573071e+00	8.159746565845506439e+01
3.923836006203090587e+00	8.165754574525854537e+01
3.930121452497870926e+00	8.147606259197800682e+01
3.936398172858230460e+00	8.158314100738238039e+01
3.942683040425962293e+00	8.161645121270477432e+01
3.948974759704379611e+00	8.170947787725623357e+01
3.955259227995065352e+00	8.161503112745857891e+01
3.961537174921395454e+00	8.159042371013181594e+01
3.967820217617139544e+00	8.169221644045701680e+01
3.974105559832568968e+00	8.164687411007137996e+01
3.980384727931198352e+00	8.177678780376359668e+01
3.986664590839849698e+00	8.168987295008879812e+01
3.992949619150675034e+00	8.190110289007363065e+01
3.999235075769965952e+00	8.185698887897351028e+01
4.005515715515433506e+00	8.194358123337690358e+01
4.011798434346478537e+00	8.188735249981135667e+01
4.018083716245132386e+00	8.189142510749179849e+01
4.024365700052603856e+00	8.202869056971262296e+01
4.030643960839860540e+00	8.200421486618490974e+01
4.036928708926215137e+00	8.214413063664437686e+01
4.043218157412017177e+00	8.221395877243097061e+01
4.049503019487663558e+00	8.213985035996657302e+01
4.055781898960511000e+00	8.223474170602460731e+01
4.062060795621602161e+00	8.229885800973649168e+01
4.068347865354716042e+00	8.236796518030257630e+01
4.074631027173265529e+00	8.240476477779719744e+01
4.080910837526078971e+00	8.248068540820341354e+01
4.087201203341442657e+00	8.275479882243092788e+01
4.093486818591942189e+00	8.273022218105937498e+01
4.099764387336505500e+00	8.287927977360600096e+01
4.106049166937662420e+00	8.286671925624949608e+01
4.112334559041358695e+00	8.287105851077181740e+01
4.118618926059533614e+00	8.298375011596469619e+01
4.124898942031112625e+00	8.320000793736637945e+01
4.131175432561665417e+00	8.326444276667909605e+01
4.137461563786142271e+00	8.341242618429215838e+01
4.143746006210170307e+00	8.345576523085927079e+01
4.150029800482964326e+00	8.360664877369310943e+01
4.156313390684649001e+00	8.381448294467537607e+01
4.162596105843763716e+00	8.387907997655946701e+01
4.168881843141768684e+00	8.385500874506261937e+01
4.175162111073220217e+00	8.405399914589906984e+01
4.181448573417560155e+00	8.419063039317848052e+01
4.187738782464171194e+00	8.448338702519700405e+01
4.194017437180169061e+00	8.451436167457544002e+01
4.200293572701767175e+00	8.472804686076588609e+01
4.206580195481546269e+00	8.470319144395111266e+01
4.212860644652220543e+00	8.492321653130578341e+01
4.219138153430114002e+00	8.511265516106556106e+01
4.225426162098283811e+00	8.513370061146331125e+01
4.231713506719782636e+00	8.522872598908308817e+01
4.237990056577191744e+00	8.561043762396370482e+01
4.244267783646744618e+00	8.551410173919187230e+01
4.250560660182562955e+00	8.573365113138069660e+01
4.256847734842668096e+00	8.587602463869362168e+01
4.263127100734456221e+00	8.628626113094138361e+01
4.269406860432507500e+00	8.606973006830504858e+01
4.275691671482192646e+00	8.642943790529807302e+01
4.281972414189518794e+00	8.663029944961922979e+01
4.288253516806755705e+00	8.660079604321910551e+01
4.294540520160492925e+00	8.677003812023777130e+01
4.300825742921731809e+00	8.704070350285294921e+01
4.307109835491901961e+00	8.704899809243030973e+01
4.313390926478413157e+00	8.763101680150326445e+01
4.319667979480563247e+00	8.765564777956764431e+01
4.325952598143786076e+00	8.792064993678214080e+01
4.332241647035422361e+00	8.815962688350472831e+01
4.338524445619096781e+00	8.820567077739617901e+01
4.344809348131129845e+00	8.841229898063376424e+01
4.351090699193166600e+00	8.872304518680792285e+01
4.357369710808320029e+00	8.877428860012528844e+01
4.363659348967174445e+00	8.876377700766097689e+01
4.369947418280990981e+00	8.892028823794959180e+01
4.376226569265827315e+00	8.937160514739753125e+01
4.382499356631129217e+00	8.951157013055377831e+01
4.388784975178015024e+00	8.954840301372968270e+01
4.395068696309480494e+00	8.970039815717336751e+01
4.401347962382031298e+00	8.992927577583806453e+01
4.407628405096517099e+00	8.994995004200494293e+01
4.413915862185140426e+00	9.009152845344664229e+01
4.420203163534264235e+00	9.056291196694876078e+01
4.426480311003382795e+00	9.039170349127304860e+01
4.432765973643649104e+00	9.104283906613753174e+01
4.439053392023870614e+00	9.083712039795203452e+01
4.445336141335588742e+00	9.095334653421971893e+01
4.451617241414883352e+00	9.124543034515347983e+01
4.457901500730311106e+00	9.100474016793707221e+01
4.464189501093017043e+00	9.135018785864572521e+01
4.470470197548729985e+00	9.107759912018195791e+01
4.476748044268524573e+00	9.187013661643668172e+01
4.483035990164653484e+00	9.146493761404187239e+01
4.489323331650528104e+00	9.152178349261005508e+01
4.495599111667934800e+00	9.168935281975575435e+01
4.501870922878794090e+00	9.146012378903337492e+01
4.508155162877705457e+00	9.165981378656539391e+01
4.514446451153479423e+00	9.138312815408362155e+01
4.520723894043856994e+00	9.151596691586254906e+01
4.527003782460155890e+00	9.094671639217462200e+01
4.533293086610313161e+00	9.115634605398169299e+01
4.539578989864040182e+00	9.103195695517580077e+01
4.545857164866476730e+00	9.083666307129998074e+01
4.552138955546025656e+00	9.057796788672654031e+01
4.558432046889146605e+00	9.039054725897126730e+01
4.564713463378488711e+00	9.022179328423476363e+01
4.570987274133244682e+00	9.021260497245371823e+01
4.577274818151045643e+00	9.006132759339850224e+01
4.583563263889338657e+00	8.986144674858859105e+01
4.589844917004465508e+00	8.988223056016380497e+01
4.596126259982004747e+00	9.016685116100691744e+01
4.602409075598298926e+00	9.003213916236700243e+01
4.608696634867644804e+00	9.009179265893357069e+01
4.614977646498861219e+00	9.017925138718113942e+01
4.621258953029527383e+00	9.015981147845013766e+01
4.627547993978874175e+00	8.996541935729304384e+01
4.633830152730579854e+00	9.000753912667515522e+01
4.640104005367354567e+00	9.033083568752954307e+01
4.646382060386754276e+00	9.028040280253014771e+01
4.652674213731970987e+00	9.036726090392104993e+01
4.658958291796220230e+00	9.047328263130380321e+01
4.665233615070169648e+00	9.046406800956691541e+01
4.671520675710307380e+00	9.051055366498046340e+01
4.677814351732177300e+00	9.092957697286389873e+01
4.684093699744638073e+00	9.108916978953413945e+01
4.690368661472568590e+00	9.113829334154044659e+01
4.696663270746453733e+00	9.120447869127697516e+01
4.702945459248681459e+00	9.130954034868749147e+01
4.709209170841929470e+00	9.117771425883522340e+01
4.715491634753063543e+00	9.143822085859902415e+01
4.721784316284933780e+00	9.131107286842758697e+01
4.728063062331094635e+00	9.151621191002571720e+01
4.734337423381671073e+00	9.181882490295899402e+01
4.740627024094544062e+00	9.190302457556346383e+01
4.746914995664547554e+00	9.208543202401082794e+01
4.753194740071086777e+00	9.218757290783601377e+01
4.759478891864783456e+00	9.260372636010302472e+01
4.765762396877359031e+00	9.264980208224896785e+01
4.772049481246195768e+00	9.270814814750087862e+01
4.778335091022592351e+00	9.295456133250817743e+01
4.784610831402393849e+00	9.305172008436362319e+01
4.790907306208476157e+00	9.363622948392483636e+01
4.797204047706418173e+00	9.353740158793715409e+01
4.803470827697504220e+00	9.365856253438363410e+01
4.809748850577324042e+00	9.395886749490867373e+01
4.816045316586602176e+00	9.405698596251892241e+01
4.822329240673497885e+00	9.436209019361361072e+01
4.828596758226470165e+00	9.482632720732581788e+01
4.834890332961369275e+00	9.487892786871248063e+01
4.841191655056394261e+00	9.486334147476777900e+01
4.847460407468000554e+00	9.562021155255952465e+01
4.853732128521334843e+00	9.560652231892285613e+01
4.860029138783373170e+00	9.584717643893881700e+01
4.866314601732018019e+00	9.609947847095374129e+01
4.872587026269203925e+00	9.622968906829407842e+01
4.878874221748241702e+00	9.688191909224406118e+01
4.885171078138658807e+00	9.728557461867342226e+01
4.891450629931857641e+00	9.800950997199838355e+01
4.897716482750221978e+00	9.750542866602179970e+01
4.904002834596266069e+00	9.773485819060745428e+01
4.910295858205786068e+00	9.846299370964759134e+01
4.916575188115905881e+00	9.849742240708307861e+01
4.922847946197084212e+00	9.928860945554434636e+01
4.929131667457151700e+00	9.945059446586323304e+01
4.935434460144239033e+00	9.999986597724054604e+01
4.941718513303545279e+00	1.004700726000739621e+02
4.947978624761803168e+00	1.006973636992041037e+02
4.954274999209829389e+00	1.013613972422279517e+02
4.960571094729937514e+00	1.014177162605150357e+02
4.966823207626954506e+00	1.011248687465371887e+02
4.973097418390337587e+00	1.024720123569151582e+02
4.979415129936382023e+00	1.023459020452269783e+02
4.985702082330368157e+00	1.028388468036319665e+02
4.991949985828016523e+00	1.033259202855229262e+02
4.998241586316924057e+00	1.034938577453061441e+02
5.004556635606089543e+00	1.040741586321115335e+02
5.010828655701208945e+00	1.047740114111107061e+02
5.017077229702536556e+00	1.043107355994661276e+02
5.023374414758113637e+00	1.057782850590798631e+02
5.029688873569548413e+00	1.059783288566994486e+02
5.035958413584124216e+00	1.061806298257088343e+02
5.042232667658486989e+00	1.072867176919588559e+02
5.048528755870775875e+00	1.075927299431072015e+02
5.054821121427484520e+00	1.078622131738487298e+02
5.061069509814582368e+00	1.087868101496432587e+02
5.067347812754101177e+00	1.091528115110035628e+02
5.073675050630431116e+00	1.099211352946249036e+02
5.079945928388977627e+00	1.103803647449476699e+02
5.086192992546071601e+00	1.110747548957602788e+02
5.092484128970163226e+00	1.111410982680383341e+02
5.098802924706086870e+00	1.124481701326192820e+02
5.105078217426394005e+00	1.126484788145163236e+02
5.111325076574067872e+00	1.142148270117611304e+02
5.117628358851224135e+00	1.146913887227232181e+02
5.123935939383525984e+00	1.147250907449949437e+02
5.130199176325612065e+00	1.158471322650241291e+02
5.136469985878846956e+00	1.155483093292687471e+02
5.142797788696348071e+00	1.168058997450264371e+02
5.149090378043822192e+00	1.178106970045415665e+02
5.155289879840074363e+00	1.194535081437479107e+02
5.161564521234301317e+00	1.186009191357680663e+02
5.167916673496016244e+00	1.200763285625450152e+02
5.174205974602950064e+00	1.203130707999644500e+02
5.180434820793812456e+00	1.215040967277089550e+02
5.186729096569634656e+00	1.221396005868479193e+02
5.193058481037780894e+00	1.236334713454668019e+02
5.199319511444338460e+00	1.238515405229643278e+02
5.205574295584361799e+00	1.252315463717233541e+02
5.211894977074066126e+00	1.268121892916949918e+02
5.218201708336958511e+00	1.270511655467984440e+02
5.224411911780083351e+00	1.278694699238247949e+02
5.230677632666463239e+00	1.280670744831600700e+02
5.237056729559757429e+00	1.287081298177677127e+02
5.243336785035660697e+00	1.296593622265740180e+02
5.249493476178225038e+00	1.316058256971848834e+02
5.255787017738318134e+00	1.331934230870992337e+02
5.262205327426889845e+00	1.347149765982565839e+02
5.268477758348532269e+00	1.350496741077649006e+02
5.274632213654732560e+00	1.362485415206918731e+02
5.280950543314659740e+00	1.374728489384883687e+02
5.287327645024750389e+00	1.382191742050853520e+02
5.293582359180156516e+00	1.398157159626316002e+02
5.299789992649893478e+00	1.408284043509375749e+02
5.306111460381987222e+00	1.407099116694145948e+02
5.312452717892129250e+00	1.427345915967580368e+02
5.318650122853046724e+00	1.466162754466264175e+02
5.324923043129819789e+00	1.471916954439149947e+02
5.331330237158205421e+00	1.468617500561113616e+02
5.337586726886338617e+00	1.488212680887657768e+02
5.343685192440848830e+00	1.497536381103703320e+02
5.350070659715249199e+00	1.505704845634411413e+02
5.356556762554878226e+00	1.527979107784912003e+02
5.362691868684501095e+00	1.559890202349290860e+02
5.368769208912516966e+00	1.560395586538784016e+02
5.375270137997677722e+00	1.530995228276470357e+02
5.381769983045385786e+00	1.585729407541648470e+02
5.387701030372958222e+00	1.577495594807570569e+02
5.393786668001271600e+00	1.609669972516115592e+02
5.400446161099396569e+00	1.639582820601568756e+02
5.406957063684501463e+00	1.663381930492220135e+02
5.412655672453426270e+00	1.671950089087494291e+02
5.418821279260546575e+00	1.673590198108534537e+02
5.425690594366304076e+00	1.692485329340689191e+02
5.432217487502165376e+00	1.668294904389677811e+02
5.437649811577258241e+00	1.735201663244958183e+02
5.443914404015878006e+00	1.731536153480363680e+02
5.450953501686320202e+00	1.798884258587478939e+02
5.457483690405861232e+00	1.847447430164784521e+02
5.462715250135157241e+00	1.808569445631431165e+02
5.469033575551323523e+00	1.846786079671575465e+02
5.476177730420278778e+00	1.898370297034389012e+02
5.482708935702562236e+00	1.829015012426606575e+02
5.487722405008360838e+00	1.950933006168224892e+02
5.494194284996126498e+00	1.869798426740588297e+02
5.501391471009256406e+00	2.008838064344599843e+02
5.507128202673079009e+00	1.925373936327879392e+02
5.512278020050448646e+00	2.046203052184254148e+02
5.519395563377015534e+00	1.992348346720091286e+02
5.526598678609708770e+00	2.105474840628111224e+02
5.532162682462509196e+00	2.053139406707752812e+02
5.537397124017139127e+00	2.253982906022096415e+02
5.544582756485218589e+00	2.123800113042376267e+02
5.551739327507637434e+00	1.928025927179722032e+02
5.557493306674907707e+00	2.052019947293694599e+02
5.562281709102816940e+00	1.944677173248292377e+02
5.569272720323164449e+00	1.144550651621364494e+02
