8.899641224696953554e-03	2.825007681766258975e+04
1.507912216506557788e-02	4.170871358347404021e+04
2.144790186456836667e-02	2.581095649530777882e+04
2.783660776489276650e-02	2.591953175766342974e+04
3.435099785803411021e-02	2.250688207527230770e+04
4.047886761425745911e-02	1.720773507145248732e+04
4.676716683575679601e-02	1.390347120804857877e+04
5.308225101765951665e-02	1.357951615323851365e+04
5.945362440940590160e-02	1.171264819598982649e+04
6.576224814588792211e-02	1.030221123855713813e+04
7.196632906698736953e-02	9.539259327104318800e+03
7.827860915688347743e-02	8.623138935831661001e+03
8.470398945834539672e-02	7.376301954256803583e+03
9.096854620527369817e-02	6.917142261480799789e+03
9.720789776830213169e-02	6.016193504022030538e+03
1.034763038959366499e-01	5.396539310375187597e+03
1.097576444254559219e-01	4.999404105977479048e+03
1.160543084780093354e-01	4.591426203673484451e+03
1.223669666537485351e-01	4.288698413905327470e+03
1.286817263090294094e-01	4.082328692540459542e+03
1.349500801664080818e-01	3.749534906753794530e+03
1.411949558842147678e-01	3.710358051071374121e+03
1.475133575747468451e-01	3.407788983848502085e+03
1.537865074252268427e-01	3.324290429094883166e+03
1.600657544051110326e-01	3.030430501950698272e+03
1.663991168687080635e-01	2.910123656177735484e+03
1.727195645776442856e-01	2.684835799657836105e+03
1.789765213377084718e-01	2.552980260192412516e+03
1.852353690647852158e-01	2.364922219809413036e+03
1.914806787341157279e-01	2.316217497182507941e+03
1.977889868651535599e-01	2.259622772422206708e+03
2.040937735447724277e-01	2.113598726698617156e+03
2.103939302609846018e-01	2.022043443124318628e+03
2.166909709822301688e-01	1.971259775034655831e+03
2.229700281216152047e-01	1.892739840523867542e+03
2.292620027086341994e-01	1.851678205771280545e+03
2.355141508366812297e-01	1.776985083679805712e+03
2.417910583817859116e-01	1.679625433196122231e+03
2.480856539439619257e-01	1.632931591349566361e+03
2.543492256872954549e-01	1.571143195054102762e+03
2.606334251884805386e-01	1.534453120876714138e+03
2.669257370896960802e-01	1.487438516802597860e+03
2.732423343141155980e-01	1.430586806292348683e+03
2.795529680084415936e-01	1.393389242170710531e+03
2.858366292314493129e-01	1.371505719464470531e+03
2.920876271394311496e-01	1.325151261780964887e+03
2.983449844439822751e-01	1.284604303264116197e+03
3.046382639407197446e-01	1.249576893145066379e+03
3.109279127003197196e-01	1.231323793913586087e+03
3.172168171618398036e-01	1.172807403076806168e+03
3.235187567944423082e-01	1.166879987816297216e+03
3.298168217550395687e-01	1.139760710959887319e+03
3.361176429457156667e-01	1.114533270842458023e+03
3.423700375709273769e-01	1.096721715516934637e+03
3.486478192666269682e-01	1.059988221087221518e+03
3.549411614411318028e-01	1.046476776974827544e+03
3.611916935421040642e-01	1.015088533288664394e+03
3.674767089563572564e-01	1.002037839035998672e+03
3.737647795277591056e-01	9.780180512343928285e+02
3.800654031475132477e-01	9.535833548419878980e+02
3.863539861259823738e-01	9.348820242824598381e+02
3.926140181364449755e-01	9.183974697046002120e+02
3.989264500321934581e-01	9.093569234290068835e+02
4.052073244576828714e-01	8.841033194427665194e+02
4.114916477570477182e-01	8.723342783624672165e+02
4.177814272116491257e-01	8.550842534940535415e+02
4.240400648725131116e-01	8.439527781995525402e+02
4.303425690270192283e-01	8.303706143316385351e+02
4.366358560255625965e-01	8.130925101988887036e+02
4.428996183220763605e-01	7.992699089332793392e+02
4.491634418529859563e-01	7.899033429014743888e+02
4.554414146254732731e-01	7.837313639904905358e+02
4.617634470301058558e-01	7.655559459858867513e+02
4.680644242023710433e-01	7.522810245173985777e+02
4.743485242764365895e-01	7.420164099258875012e+02
4.806356136815400082e-01	7.379660632852712752e+02
4.869019258388697646e-01	7.166889438050029639e+02
4.931697099599955947e-01	7.100308960243989986e+02
4.994506747144535908e-01	7.076824627218784372e+02
5.057159051335421429e-01	6.912540159927171999e+02
5.119923996268095356e-01	6.852413171001641103e+02
5.183126097768406826e-01	6.760245497194684958e+02
5.246089638029100000e-01	6.691555437715245489e+02
5.308757308483337267e-01	6.598656814355143752e+02
5.371573527946726934e-01	6.493088069305630370e+02
5.434579563783791256e-01	6.442973982759036744e+02
5.497430652392217842e-01	6.345330974760652225e+02
5.559937427501778773e-01	6.295593244961308983e+02
5.622854676609657654e-01	6.218175764449485996e+02
5.686011537227265711e-01	6.120040175936877631e+02
5.748804589422079614e-01	6.055996755372264033e+02
5.811550210340560296e-01	5.978223064542266911e+02
5.874394496660968468e-01	5.905879238357188115e+02
5.937176220296899176e-01	5.861528008426585075e+02
5.999971954793682505e-01	5.794083539248530315e+02
6.062679115124277596e-01	5.693593342665536738e+02
6.125469576444534381e-01	5.647062630484310830e+02
6.188477733041515272e-01	5.632674694419068828e+02
6.251310567437898813e-01	5.540156032875981964e+02
6.314027450383210560e-01	5.516344970545404749e+02
6.377003562732055375e-01	5.473388709494510067e+02
6.439857783314556494e-01	5.367785994216858398e+02
6.502685417166111925e-01	5.351197855017117035e+02
6.565586117699038216e-01	5.288999607762076494e+02
6.628369282359254377e-01	5.271329546628363687e+02
6.691185444962194362e-01	5.187245841873756262e+02
6.754070198575605755e-01	5.127291853735173390e+02
6.816835514593204692e-01	5.092889421899104718e+02
6.879592533861698112e-01	5.029137137290804844e+02
6.942344317039531587e-01	5.009399803142613905e+02
7.005175402434737908e-01	4.940757364086896359e+02
7.068124956608716758e-01	4.885997590291694337e+02
7.131019009674921527e-01	4.858569434194265568e+02
7.193918251171427247e-01	4.833992781794451048e+02
7.256833807598113140e-01	4.778590517330699754e+02
7.319652682709349989e-01	4.731639542042826179e+02
7.382507990484923344e-01	4.674558486957137120e+02
7.445265842115937893e-01	4.640670991197478088e+02
7.507871101942712455e-01	4.583751118678400758e+02
7.570758465316046459e-01	4.538534604942638566e+02
7.633641233600957365e-01	4.519297859318483006e+02
7.696462959862266917e-01	4.489274128037623655e+02
7.759394865175414102e-01	4.447002826824936506e+02
7.822329141989586843e-01	4.437071173210167103e+02
7.885314936520240181e-01	4.373046639579410453e+02
7.947896566979522071e-01	4.359080176417098187e+02
8.010491096592354809e-01	4.323911934226620133e+02
8.073364061727361651e-01	4.278125782920198503e+02
8.136229488373866170e-01	4.248766648133936314e+02
8.199152998961036776e-01	4.221317589203733860e+02
8.261952636392789762e-01	4.165569781574266699e+02
8.324897070080405914e-01	4.172280076341123163e+02
8.387959309210778480e-01	4.113549349290916552e+02
8.450634639703045181e-01	4.072313229971915689e+02
8.513282867562648182e-01	4.052408720084955007e+02
8.576198263902009566e-01	4.005215026810100767e+02
8.639058477062415697e-01	3.997681536120772421e+02
8.701838745487597837e-01	3.935038132469306333e+02
8.764641096075268534e-01	3.913592698080953483e+02
8.827503873399735745e-01	3.888587791126568050e+02
8.890332768393869323e-01	3.855838719264754104e+02
8.953084247113127780e-01	3.840524222591612329e+02
9.015956521667095602e-01	3.818066006512279387e+02
9.078833328094829680e-01	3.788572983672418104e+02
9.141744106319863450e-01	3.742953461144714993e+02
9.204630817717615043e-01	3.735235203907602113e+02
9.267434415264711456e-01	3.727298267743892666e+02
9.330324197354928906e-01	3.672440232387672836e+02
9.393265785573878812e-01	3.660071805329093309e+02
9.455974810398196650e-01	3.634560536516267462e+02
9.518660018545171964e-01	3.605862805217905134e+02
9.581413255531838757e-01	3.586742963264649688e+02
9.644350945109106954e-01	3.560527799388611925e+02
9.707355633568249820e-01	3.529639302960556506e+02
9.770080768450029041e-01	3.496052668778130510e+02
9.832823325363413414e-01	3.477985012277715668e+02
9.895569691966674686e-01	3.463688686194242905e+02
9.958456301921106979e-01	3.434649652390215806e+02
1.002136210743837408e+00	3.403822116930309107e+02
1.008404825335135424e+00	3.399095518969363638e+02
1.014694149836243398e+00	3.370877842403355089e+02
1.020992555437297167e+00	3.342554790750196503e+02
1.027273980437394485e+00	3.317924935455097284e+02
1.033559181896017254e+00	3.312115597005292784e+02
1.039847557392594934e+00	3.276577120980794007e+02
1.046126974943305088e+00	3.254185686399937936e+02
1.052403436811028659e+00	3.233747321276912317e+02
1.058680704651608684e+00	3.225185393544943508e+02
1.064964333065789193e+00	3.191221674872616632e+02
1.071256777440835473e+00	3.173124668007458240e+02
1.077544048801078125e+00	3.152120342372580808e+02
1.083824820188043603e+00	3.122051637533370467e+02
1.090108023942816695e+00	3.110212254936603813e+02
1.096389665956643222e+00	3.092252360218785725e+02
1.102681132058841440e+00	3.071324921607097735e+02
1.108963047594879958e+00	3.057574353510001401e+02
1.115225428463759272e+00	3.033557072589925951e+02
1.121502127614767863e+00	3.033491478917505901e+02
1.127792573824792033e+00	2.995506249734264088e+02
1.134089552668382961e+00	2.989024424384189729e+02
1.140364049650405942e+00	2.969403902770778814e+02
1.146639180320979445e+00	2.938978564695137834e+02
1.152942412991649901e+00	2.921646308787865678e+02
1.159228906751078814e+00	2.897598929709419622e+02
1.165508721887268173e+00	2.893559079614144594e+02
1.171793076256210320e+00	2.876745923302378856e+02
1.178087436369658958e+00	2.861686877216411062e+02
1.184367654251526902e+00	2.830331760606648004e+02
1.190634642299266632e+00	2.822723663211582448e+02
1.196912208834400859e+00	2.805869511737901689e+02
1.203201577354146234e+00	2.787464727011891910e+02
1.209486844441705733e+00	2.772400647772104207e+02
1.215763902074809888e+00	2.764958597425964513e+02
1.222049755171146668e+00	2.747369243264694774e+02
1.228340616621486969e+00	2.736626896375819911e+02
1.234632986576932767e+00	2.708861876610129116e+02
1.240902247176856488e+00	2.695077245067719787e+02
1.247174839144687519e+00	2.674685815055345302e+02
1.253465459933442272e+00	2.658235701924676846e+02
1.259749951892178421e+00	2.640917510531472772e+02
1.266032143127253873e+00	2.639047155983113839e+02
1.272316288472006507e+00	2.613599689969940414e+02
1.278604155058621350e+00	2.585753989964605921e+02
1.284886588933593865e+00	2.586873957784026175e+02
1.291175420066583257e+00	2.569805105381127532e+02
1.297465726373772332e+00	2.558715003718562286e+02
1.303741827011944299e+00	2.540910947336849688e+02
1.310017322922761851e+00	2.532988909991823618e+02
1.316301447662886703e+00	2.512449734474099614e+02
1.322586760363303249e+00	2.503694701070256485e+02
1.328865492452874664e+00	2.482590562644750207e+02
1.335144804954555564e+00	2.470945202985513731e+02
1.341440516272275119e+00	2.456573449701451466e+02
1.347730868417094552e+00	2.442707701269812901e+02
1.354001589994877630e+00	2.430694088875620196e+02
1.360282609297778444e+00	2.424673265493332224e+02
1.366565686457597906e+00	2.404997733159890174e+02
1.372851498482432708e+00	2.398674237898484876e+02
1.379135372929401804e+00	2.374487516710159127e+02
1.385409567149057164e+00	2.360665552149429516e+02
1.391698641219299315e+00	2.343773245816527151e+02
1.397984451439470810e+00	2.342099417209896899e+02
1.404267883409181961e+00	2.318665645105439239e+02
1.410554779484869181e+00	2.309573975718184045e+02
1.416837833547465397e+00	2.302253374473574183e+02
1.423118177187137068e+00	2.290065571787281442e+02
1.429397801164240089e+00	2.266580757033770510e+02
1.435686921822787232e+00	2.263338656451551003e+02
1.441977121769299597e+00	2.249719278255280415e+02
1.448253667853332427e+00	2.239047068773901970e+02
1.454532348972172651e+00	2.217541052512139004e+02
1.460819319151879903e+00	2.212422431348652765e+02
1.467110364402026468e+00	2.207300116472843570e+02
1.473392908948962132e+00	2.191617937050932881e+02
1.479669965243598950e+00	2.182653156235752476e+02
1.485956144602843532e+00	2.162758460916715535e+02
1.492233610763115115e+00	2.154038344301487200e+02
1.498502470379980078e+00	2.144265592840491195e+02
1.504785752051182701e+00	2.127647781506748004e+02
1.511075991894575976e+00	2.124238719657499246e+02
1.517361634985162189e+00	2.110453941587835800e+02
1.523648570969130533e+00	2.102867255889233888e+02
1.529938035715892264e+00	2.092971986590881386e+02
1.536230176913891965e+00	2.077032547527713007e+02
1.542510718779388279e+00	2.065641357965451448e+02
1.548783963082980275e+00	2.061702560554210208e+02
1.555073069779651318e+00	2.045190999756849521e+02
1.561357324927233892e+00	2.039216916569719729e+02
1.567629121053141006e+00	2.027387857451030868e+02
1.573913697404382583e+00	2.015392680381356456e+02
1.580203545230874029e+00	2.008755733252876894e+02
1.586485393434537983e+00	1.993562440637319071e+02
1.592760014263005841e+00	1.983928923818996566e+02
1.599046436394670812e+00	1.975880378002835300e+02
1.605342136637478934e+00	1.961068643459969678e+02
1.611619860919608627e+00	1.955853457515067362e+02
1.617897597081673799e+00	1.938049780992559192e+02
1.624183235481122756e+00	1.933360287797935939e+02
1.630464598531913722e+00	1.921633237986713141e+02
1.636748985747638274e+00	1.913690375009718423e+02
1.643030923698886259e+00	1.906311144255028580e+02
1.649309176648513064e+00	1.894688166765599249e+02
1.655593633940351861e+00	1.883886661083232070e+02
1.661879571405086464e+00	1.880240369595292407e+02
1.668169361685170271e+00	1.866941810705303908e+02
1.674450151530487485e+00	1.858325136498011432e+02
1.680722718978495900e+00	1.848612923224030737e+02
1.687013891340952476e+00	1.840419981213618428e+02
1.693308984907921033e+00	1.832135991391138248e+02
1.699582147428448486e+00	1.824801572103111482e+02
1.705863747055134105e+00	1.813640028511429989e+02
1.712154434283889470e+00	1.797988173641034848e+02
1.718438381579399321e+00	1.794129053330426871e+02
1.724721264464063930e+00	1.785362734667208997e+02
1.730997441276920679e+00	1.781927436586057638e+02
1.737287073528269499e+00	1.765347432960301433e+02
1.743567991878527401e+00	1.761603714905419338e+02
1.749840680212231048e+00	1.752168780400686501e+02
1.756128549091961144e+00	1.744125423622992628e+02
1.762413535324792502e+00	1.733139556518553945e+02
1.768696187669963837e+00	1.729547584666936757e+02
1.774979359379055266e+00	1.720137311852317055e+02
1.781265555576432957e+00	1.711359976792166719e+02
1.787549427830244619e+00	1.697990162297371910e+02
1.793834120011633004e+00	1.692392873186462623e+02
1.800115051552487300e+00	1.685105219913380665e+02
1.806393904854530330e+00	1.684037569065362447e+02
1.812674089667083432e+00	1.667143970580174539e+02
1.818956920109354058e+00	1.663853869513864936e+02
1.825244164118212220e+00	1.653515046005373961e+02
1.831527256642196955e+00	1.648659056532551119e+02
1.837811294935716599e+00	1.638437304671719517e+02
1.844100717411196744e+00	1.632455479921809740e+02
1.850384816792487230e+00	1.622237677735292039e+02
1.856666059735203822e+00	1.618264912560240703e+02
1.862947728675613979e+00	1.611675116414452305e+02
1.869229324466858078e+00	1.601793543613156885e+02
1.875517616802973686e+00	1.593978204395114631e+02
1.881800769033795229e+00	1.586220537488504192e+02
1.888078863416442710e+00	1.576419175880627108e+02
1.894353975182237582e+00	1.572519706429547171e+02
1.900642716154182565e+00	1.565639077933520298e+02
1.906933494748685121e+00	1.555493059680827344e+02
1.913207568676573933e+00	1.547361342435279425e+02
1.919490884732178992e+00	1.541855235240119271e+02
1.925776855684274480e+00	1.537157810741194623e+02
1.932064452961978152e+00	1.528824570524728301e+02
1.938342610030488800e+00	1.521178931151613938e+02
1.944618341543410178e+00	1.515657863428612870e+02
1.950906260203513876e+00	1.508208961520003299e+02
1.957194556613796488e+00	1.500567643409968355e+02
1.963479614559011432e+00	1.492394650445514799e+02
1.969760361532916226e+00	1.485668694978729150e+02
1.976048367034604736e+00	1.481013062287486832e+02
1.982337990217652335e+00	1.472780636821103712e+02
1.988617489259562721e+00	1.465481213791536845e+02
1.994896320665194178e+00	1.460241941761665601e+02
2.001179596222827151e+00	1.456059217237696259e+02
2.007459756923499761e+00	1.449487607388354604e+02
2.013737397779169935e+00	1.443426668365148657e+02
2.020017234677497164e+00	1.437228275241640461e+02
2.026310251015072783e+00	1.427504311337171146e+02
2.032600542948020284e+00	1.421169274773369295e+02
2.038873863192099289e+00	1.414089238172423677e+02
2.045154087821675404e+00	1.409050166451479527e+02
2.051444704514288730e+00	1.402369919598050103e+02
2.057730430280644729e+00	1.396740489702831098e+02
2.064013940455224461e+00	1.390784548835837313e+02
2.070299891179459895e+00	1.382839345699642877e+02
2.076589719964883951e+00	1.376070665949593206e+02
2.082865483794470673e+00	1.375762076467694328e+02
2.089134494859368640e+00	1.366477183473619448e+02
2.095424211360070288e+00	1.362620812249310802e+02
2.101707116664804254e+00	1.356579853095222177e+02
2.107986473933564309e+00	1.349582505162074995e+02
2.114271806543862375e+00	1.345316886086430372e+02
2.120552717288892275e+00	1.336912872078439136e+02
2.126836933207161717e+00	1.332354479476930180e+02
2.133122044791171845e+00	1.324247611716090773e+02
2.139411711910842673e+00	1.322013391100571766e+02
2.145697076775292089e+00	1.315009016844510086e+02
2.151973548606471276e+00	1.306675041453845267e+02
2.158259913555724108e+00	1.304214728869229702e+02
2.164545396699105506e+00	1.298654931065092910e+02
2.170830700377734068e+00	1.294721613136221094e+02
2.177114138849150393e+00	1.289491603444327836e+02
2.183387647576827018e+00	1.280880177847168682e+02
2.189670273687676971e+00	1.277643516964014623e+02
2.195960147934207463e+00	1.274287855096618785e+02
2.202242556317716371e+00	1.267707211743224605e+02
2.208521655981037668e+00	1.260901068843745776e+02
2.214804637081333016e+00	1.253454376828538130e+02
2.221092583349425276e+00	1.250476691599310044e+02
2.227372893591468728e+00	1.247857134966938872e+02
2.233657161144248171e+00	1.241249604233879040e+02
2.239943485394438660e+00	1.237250403218611581e+02
2.246224175264620815e+00	1.229113654268711002e+02
2.252506378421252009e+00	1.225982310929450136e+02
2.258783417054270437e+00	1.224870891385393179e+02
2.265069077371457684e+00	1.217333605295587091e+02
2.271350377044131452e+00	1.212917220411759871e+02
2.277633995145353918e+00	1.205879975279335383e+02
2.283922419579920149e+00	1.205450982697925042e+02
2.290202874392252674e+00	1.198734049334982927e+02
2.296490779970905560e+00	1.192307816310433282e+02
2.302771769934229162e+00	1.189207290630770615e+02
2.309051364164305564e+00	1.184761109491628019e+02
2.315338502539088239e+00	1.177457794755113127e+02
2.321627336503874428e+00	1.173941262917368107e+02
2.327911878297218795e+00	1.168914133846130596e+02
2.334186238580297168e+00	1.165025874236225292e+02
2.340467971862688401e+00	1.160931562430222641e+02
2.346756940970738725e+00	1.156020380861537831e+02
2.353044444556199988e+00	1.150127471889818054e+02
2.359327653314069906e+00	1.146946979884225328e+02
2.365603048789861607e+00	1.145123421205977223e+02
2.371885911737665165e+00	1.140391239241296262e+02
2.378173303594019572e+00	1.135759605309702778e+02
2.384454016539381271e+00	1.131781325983217101e+02
2.390736447344785187e+00	1.126616624517677394e+02
2.397014133897952259e+00	1.123277041045271574e+02
2.403295490074321972e+00	1.115615538551403034e+02
2.409585049672506862e+00	1.113614975087698582e+02
2.415871703165322071e+00	1.108438318054689802e+02
2.422160652369088840e+00	1.105399415927098232e+02
2.428440167222748691e+00	1.102138072865514573e+02
2.434717472383889803e+00	1.097886580550068061e+02
2.441002456202044257e+00	1.094610645910747309e+02
2.447289980304530488e+00	1.091686402702059411e+02
2.453571844729242279e+00	1.086459035002015838e+02
2.459852705114058846e+00	1.082260871409720977e+02
2.466139233225018934e+00	1.080957264594671869e+02
2.472421963421291391e+00	1.074918322686673946e+02
2.478698519174224568e+00	1.070087013575556938e+02
2.484980841400355800e+00	1.066368853741777087e+02
2.491269319409339822e+00	1.063579539696652745e+02
2.497548505139029373e+00	1.062524722987698738e+02
2.503831667172610853e+00	1.057147178800821337e+02
2.510117938323931153e+00	1.054666529013988026e+02
2.516400733681277480e+00	1.051726148651763992e+02
2.522688226833368130e+00	1.045093355291272985e+02
2.528971695852665569e+00	1.042484340688009894e+02
2.535252039407670299e+00	1.038081798027419609e+02
2.541537514142774512e+00	1.035277230240774600e+02
2.547823008847572179e+00	1.033880251627180087e+02
2.554100666580690238e+00	1.028727463991169770e+02
2.560376788884177301e+00	1.026399930047060707e+02
2.566667521601497359e+00	1.023465308294074561e+02
2.572955062237090473e+00	1.019895824761630934e+02
2.579233771797999175e+00	1.014104056122713331e+02
2.585520164300948220e+00	1.012452696729941692e+02
2.591805130332431872e+00	1.007421517425067776e+02
2.598084074692260881e+00	1.006856463609536831e+02
2.604360404197643586e+00	1.001651703072372754e+02
2.610647185140439142e+00	1.001081875993031787e+02
2.616931864059273138e+00	9.970772691734849502e+01
2.623206107911065565e+00	9.936438439950656232e+01
2.629491626543270844e+00	9.903575560510027742e+01
2.635778507982642349e+00	9.877952621195481697e+01
2.642061039325260818e+00	9.864732724232526095e+01
2.648343840729305843e+00	9.822919425010528016e+01
2.654631838974855551e+00	9.793146197189783209e+01
2.660919001246303761e+00	9.776935534189081523e+01
2.667198525130066056e+00	9.725066938530400762e+01
2.673484307038032526e+00	9.708033324699916022e+01
2.679773388053849459e+00	9.691728586295482728e+01
2.686058217632288692e+00	9.650704572234606360e+01
2.692338738200057868e+00	9.642947396060229437e+01
2.698618022887226964e+00	9.598667999684690244e+01
2.704895450708277860e+00	9.568984872165047761e+01
2.711175674923682166e+00	9.553292914160709870e+01
2.717459832966957922e+00	9.540871530176443116e+01
2.723745731959044569e+00	9.519980517748204818e+01
2.730038414850594730e+00	9.472248123378507501e+01
2.736317989800789441e+00	9.449136469941639405e+01
2.742591858549239703e+00	9.426649316667040068e+01
2.748879749010778362e+00	9.398247481642438572e+01
2.755163403825859447e+00	9.362856060969308203e+01
2.761446955625852073e+00	9.363468943541779765e+01
2.767732088935374701e+00	9.353217601707599727e+01
2.774015452421743966e+00	9.327973987447268200e+01
2.780298635700591436e+00	9.304759858164410957e+01
2.786577474762241380e+00	9.284099935279738247e+01
2.792857983210164541e+00	9.251158312194760924e+01
2.799143790920211483e+00	9.234850744828133884e+01
2.805430058399325244e+00	9.219455520384360625e+01
2.811715058209780072e+00	9.199175654163228444e+01
2.817989272498773623e+00	9.170928738194962193e+01
2.824269171595737760e+00	9.141718538652585835e+01
2.830563016441804081e+00	9.129413709607894134e+01
2.836848750951622034e+00	9.108352847672910002e+01
2.843130027866129783e+00	9.081486378293645600e+01
2.849413896912404986e+00	9.093053883193162790e+01
2.855697464522425566e+00	9.045014440642782461e+01
2.861978799810683594e+00	9.037921741298934819e+01
2.868262469415629567e+00	9.021726217907844614e+01
2.874547359206753860e+00	8.983691240882122031e+01
2.880831111471525041e+00	8.993711499728324554e+01
2.887113216972382546e+00	8.977360512990460961e+01
2.893394504725182781e+00	8.963669527884498223e+01
2.899673662137033592e+00	8.940324415147647130e+01
2.905953958587380814e+00	8.919065176072891177e+01
2.912241118105161064e+00	8.913559694312398562e+01
2.918525996366671205e+00	8.903363242720885751e+01
2.924809035425688819e+00	8.885763441664090578e+01
2.931095916293684933e+00	8.852016090785548386e+01
2.937378182606774413e+00	8.862996256390590588e+01
2.943659980254369923e+00	8.842568007350588744e+01
2.949946454403890250e+00	8.840710100287253681e+01
2.956227653702202307e+00	8.808170008421326713e+01
2.962510478867462993e+00	8.824918432794342493e+01
2.968796535179442309e+00	8.792441204117184839e+01
2.975077657376874907e+00	8.779566078741552815e+01
2.981359866759223376e+00	8.776956102525842596e+01
2.987646761575656562e+00	8.758712568206361482e+01
2.993929038370399365e+00	8.764632031884372054e+01
3.000206214840962726e+00	8.758747042183333065e+01
3.006486172402415669e+00	8.738721944791384999e+01
3.012769812211594456e+00	8.730432985883970787e+01
3.019053144326170113e+00	8.732706777762278705e+01
3.025337405144251424e+00	8.704861829116357796e+01
3.031623734799107961e+00	8.720864475154719742e+01
3.037908962055872575e+00	8.697940496263414900e+01
3.044195067146031608e+00	8.696515626759514817e+01
3.050475543482170426e+00	8.692409082240368434e+01
3.056754954538277502e+00	8.686428908515483727e+01
3.063040539557494668e+00	8.681926125307127506e+01
3.069323699454357346e+00	8.689247239284982527e+01
3.075610692642898769e+00	8.675276865161029605e+01
3.081893798009918584e+00	8.679002442289180408e+01
3.088174549548037717e+00	8.662366269575868216e+01
3.094458635632868493e+00	8.675632450928175388e+01
3.100743982931558840e+00	8.668832221898283308e+01
3.107028111748448396e+00	8.665850918324410657e+01
3.113309299655494300e+00	8.660651337605874289e+01
3.119590662867241626e+00	8.669779295935248342e+01
3.125874006820172912e+00	8.668094279686556547e+01
3.132159251154602586e+00	8.671392303833331994e+01
3.138439172765940643e+00	8.660455637763962500e+01
3.144723867719826593e+00	8.660540219835863240e+01
3.151003951258561031e+00	8.686938940047562596e+01
3.157283664131563139e+00	8.670866575186124692e+01
3.163569317183839935e+00	8.684687175765311906e+01
3.169851661717792091e+00	8.686360585412836599e+01
3.176137704316093657e+00	8.687445544378476825e+01
3.182420924828643916e+00	8.705823327233059672e+01
3.188702811875577581e+00	8.709678994208631764e+01
3.194990520008989865e+00	8.723366411306561474e+01
3.201275324656983834e+00	8.726562065985291383e+01
3.207551352179861759e+00	8.728847914082474801e+01
3.213835216737041645e+00	8.731708254475461217e+01
3.220122579819103770e+00	8.733667136291118993e+01
3.226406606618656525e+00	8.721543453278067659e+01
3.232687390085645429e+00	8.688972406150348604e+01
3.238969121280456331e+00	8.676131152427637971e+01
3.245254751548589667e+00	8.646778642004271376e+01
3.251534499036136783e+00	8.623890473660212308e+01
3.257817780791052442e+00	8.603228750537537906e+01
3.264102164154097263e+00	8.585991517251154903e+01
3.270384152138468892e+00	8.570475107099484546e+01
3.276669427476867735e+00	8.550142133779230846e+01
3.282954688864507808e+00	8.543772560010837935e+01
3.289237200334947264e+00	8.512088188564193558e+01
3.295519587088236779e+00	8.491573132256876022e+01
3.301805977329951958e+00	8.483689029016616701e+01
3.308087486222440088e+00	8.460292977323243235e+01
3.314367630234227313e+00	8.443425186640533298e+01
3.320651909732194262e+00	8.427340594189824685e+01
3.326931260376857047e+00	8.408550161199406148e+01
3.333216512447217728e+00	8.390215415685206324e+01
3.339504489419978128e+00	8.377148780476660761e+01
3.345786804809928405e+00	8.354343700065155076e+01
3.352071130016277767e+00	8.346635042636586377e+01
3.358351496304225581e+00	8.331289721352402466e+01
3.364630591073392019e+00	8.308731713271885155e+01
3.370916305215045483e+00	8.296466403618840957e+01
3.377197952029413752e+00	8.275691580230339639e+01
3.383483063818085501e+00	8.258551863020151984e+01
3.389769992424469969e+00	8.246321306125956596e+01
3.396051330885982100e+00	8.240370222744672901e+01
3.402330879139463971e+00	8.216396908449932823e+01
3.408610488352048495e+00	8.194415118710409729e+01
3.414897837696641236e+00	8.171568943099539695e+01
3.421180484052105619e+00	8.166215720826671998e+01
3.427461639653846870e+00	8.146943242314893041e+01
3.433749159643459059e+00	8.138464332170184434e+01
3.440032646656798310e+00	8.129498052065774516e+01
3.446313366033385339e+00	8.111480291210776272e+01
3.452600135384134905e+00	8.104561226859833312e+01
3.458883152815406703e+00	8.080062094865192535e+01
3.465163834403715448e+00	8.070038605923967623e+01
3.471449329786229221e+00	8.059962279075236324e+01
3.477734476754053894e+00	8.049242644158753990e+01
3.484019652467224226e+00	8.040699651394434966e+01
3.490297019369712928e+00	8.011931879356676234e+01
3.496582486484379970e+00	8.006345049303057237e+01
3.502868048046865024e+00	8.000460352415865373e+01
3.509144649545451244e+00	7.987756597170235295e+01
3.515428082003116295e+00	7.969199416449070839e+01
3.521711031624695565e+00	7.961325324561973105e+01
3.527991850954735664e+00	7.947444328182919548e+01
3.534275545726699885e+00	7.939225210526623755e+01
3.540562632020772149e+00	7.925674551266763501e+01
3.546844410757220789e+00	7.914214179155095508e+01
3.553131386753758836e+00	7.896700016559508128e+01
3.559419203211965144e+00	7.895899683641351885e+01
3.565697971577579839e+00	7.876865342202893316e+01
3.571979559134798254e+00	7.862626187705254210e+01
3.578265774595833726e+00	7.853886327793263433e+01
3.584548309769353125e+00	7.850143810040636083e+01
3.590826843920031486e+00	7.843307777244331191e+01
3.597107306745233934e+00	7.823424886277548751e+01
3.603392831792229245e+00	7.829641167482186859e+01
3.609673209822572559e+00	7.802318276720281176e+01
3.615955412133016189e+00	7.800551067889036005e+01
3.622241607772384686e+00	7.793030316230311882e+01
3.628520252736676444e+00	7.768232521279324487e+01
3.634804827569451113e+00	7.774787447821948660e+01
3.641094981788862928e+00	7.774827666195210440e+01
3.647383514928639325e+00	7.753681258196891690e+01
3.653663283927725658e+00	7.736258522884561728e+01
3.659943504072155296e+00	7.745222631136944358e+01
3.666232000281138603e+00	7.738996059866566668e+01
3.672514211678317597e+00	7.723057972884132028e+01
3.678794154686042539e+00	7.723425612324886913e+01
3.685078621861909820e+00	7.716866970339395948e+01
3.691359210097977961e+00	7.695686281931672568e+01
3.697642368173791105e+00	7.688216301556327892e+01
3.703925796735277665e+00	7.691449649388924570e+01
3.710208240364660348e+00	7.676645470756466239e+01
3.716494593122387169e+00	7.671601740162367378e+01
3.722775386659595398e+00	7.674732763074067066e+01
3.729058392883481510e+00	7.670797891627378817e+01
3.735339748210807720e+00	7.667410034554548304e+01
3.741620776392969638e+00	7.659090120740052043e+01
3.747904795418762980e+00	7.643991443342063974e+01
3.754190633281219380e+00	7.638704643768640778e+01
3.760478208018912749e+00	7.645652935206017276e+01
3.766755538573464346e+00	7.636753597334946164e+01
3.773032090135151506e+00	7.630384666716197728e+01
3.779322553012896879e+00	7.626222896182953548e+01
3.785609109731308930e+00	7.619873209483799315e+01
3.791889825936295200e+00	7.610308781405977641e+01
3.798174822702435893e+00	7.610937077312283350e+01
3.804458658753491651e+00	7.609888464079155312e+01
3.810738438095723435e+00	7.606930869943761309e+01
3.817018850285747167e+00	7.591891808756201954e+01
3.823305314209427763e+00	7.590550366844036034e+01
3.829591295197792178e+00	7.602305480862614218e+01
3.835872296070849341e+00	7.591469111279722881e+01
3.842156279590906109e+00	7.589278566740598819e+01
3.848441511099312429e+00	7.583942011426431407e+01
3.854723334376886079e+00	7.589041643056712871e+01
3.861004740704794713e+00	7.574540922031202683e+01
3.867284336650660848e+00	7.580756978888561548e+01
3.873567367678779849e+00	7.588452241934257358e+01
3.879850662830422792e+00	7.577165118526201582e+01
3.886137063198143338e+00	7.574165740299564220e+01
3.892419463049126005e+00	7.580493024608072972e+01
3.898703740328622658e+00	7.586948587454321569e+01
3.904991458788179326e+00	7.584170730332502330e+01
3.911270842222104083e+00	7.582380518574119321e+01
3.917549806479573071e+00	7.600221843344999684e+01
3.923836006203090587e+00	7.571946521636317584e+01
3.930121452497870926e+00	7.581657157328466212e+01
3.936398172858230460e+00	7.585651394882206944e+01
3.942683040425962293e+00	7.583907288132834879e+01
3.948974759704379611e+00	7.600329368944446173e+01
3.955259227995065352e+00	7.592696579061441753e+01
3.961537174921395454e+00	7.580966390421859558e+01
3.967820217617139544e+00	7.597028932409322977e+01
3.974105559832568968e+00	7.604512669821275495e+01
3.980384727931198352e+00	7.603291761778210400e+01
3.986664590839849698e+00	7.604574155054665141e+01
3.992949619150675034e+00	7.602862341584484795e+01
3.999235075769965952e+00	7.609481008694434934e+01
4.005515715515433506e+00	7.619065694625443541e+01
4.011798434346478537e+00	7.612335778931162622e+01
4.018083716245132386e+00	7.604417432127348775e+01
4.024365700052603856e+00	7.631910617849959522e+01
4.030643960839860540e+00	7.640662833874309001e+01
4.036928708926215137e+00	7.639881319347064448e+01
4.043218157412017177e+00	7.657119079120914762e+01
4.049503019487663558e+00	7.654166201700758165e+01
4.055781898960511000e+00	7.669168181198857326e+01
4.062060795621602161e+00	7.667358039264659908e+01
4.068347865354716042e+00	7.679578741505036987e+01
4.074631027173265529e+00	7.691204017596010090e+01
4.080910837526078971e+00	7.683886574568249728e+01
4.087201203341442657e+00	7.693827432243770659e+01
4.093486818591942189e+00	7.717821469685243585e+01
4.099764387336505500e+00	7.723411964475759817e+01
4.106049166937662420e+00	7.711037668775345821e+01
4.112334559041358695e+00	7.734573970186450254e+01
4.118618926059533614e+00	7.746551553274026958e+01
4.124898942031112625e+00	7.751425307018429578e+01
4.131175432561665417e+00	7.764230563772950688e+01
4.137461563786142271e+00	7.789828038052853287e+01
4.143746006210170307e+00	7.792455295522584890e+01
4.150029800482964326e+00	7.782318492947295852e+01
4.156313390684649001e+00	7.803016404528901262e+01
4.162596105843763716e+00	7.811513012560254765e+01
4.168881843141768684e+00	7.841076454110319105e+01
4.175162111073220217e+00	7.846052718241578816e+01
4.181448573417560155e+00	7.839002067814756458e+01
4.187738782464171194e+00	7.872697017791547580e+01
4.194017437180169061e+00	7.875730077983541833e+01
4.200293572701767175e+00	7.883669284205494421e+01
4.206580195481546269e+00	7.929268037156090543e+01
4.212860644652220543e+00	7.904362301132465518e+01
4.219138153430114002e+00	7.924419549705056909e+01
4.225426162098283811e+00	7.933356619621793016e+01
4.231713506719782636e+00	7.966203364513810925e+01
4.237990056577191744e+00	7.975209609532161892e+01
4.244267783646744618e+00	7.989773563938356915e+01
4.250560660182562955e+00	8.015153713749671738e+01
4.256847734842668096e+00	8.029372596408123286e+01
4.263127100734456221e+00	8.021032383805798816e+01
4.269406860432507500e+00	8.048861134758450930e+01
4.275691671482192646e+00	8.071302712187491579e+01
4.281972414189518794e+00	8.091906443772199964e+01
4.288253516806755705e+00	8.091816734780047682e+01
4.294540520160492925e+00	8.118225603505764809e+01
4.300825742921731809e+00	8.148440583980372764e+01
4.307109835491901961e+00	8.171297469810735947e+01
4.313390926478413157e+00	8.165588822822176951e+01
4.319667979480563247e+00	8.180796635123587635e+01
4.325952598143786076e+00	8.212509506805284332e+01
4.332241647035422361e+00	8.231986405910366500e+01
4.338524445619096781e+00	8.260450630735292066e+01
4.344809348131129845e+00	8.256768118954335023e+01
4.351090699193166600e+00	8.272059541808290817e+01
4.357369710808320029e+00	8.309581521576538421e+01
4.363659348967174445e+00	8.313267963896399237e+01
4.369947418280990981e+00	8.342547912702208635e+01
4.376226569265827315e+00	8.358667993640383997e+01
4.382499356631129217e+00	8.357524713102907299e+01
4.388784975178015024e+00	8.387230903789442493e+01
4.395068696309480494e+00	8.376664230770491315e+01
4.401347962382031298e+00	8.428631493431197441e+01
4.407628405096517099e+00	8.421864672380003469e+01
4.413915862185140426e+00	8.421024828764561221e+01
4.420203163534264235e+00	8.462402028654408070e+01
4.426480311003382795e+00	8.449180001873482126e+01
4.432765973643649104e+00	8.495866329760737301e+01
4.439053392023870614e+00	8.508594106389440981e+01
4.445336141335588742e+00	8.498381832535764602e+01
4.451617241414883352e+00	8.501227219804310664e+01
4.457901500730311106e+00	8.530855241494980135e+01
4.464189501093017043e+00	8.571551718537912734e+01
4.470470197548729985e+00	8.533172691524306686e+01
4.476748044268524573e+00	8.570908526949641271e+01
4.483035990164653484e+00	8.542306309984292056e+01
4.489323331650528104e+00	8.584007263970194401e+01
4.495599111667934800e+00	8.563629278585963789e+01
4.501870922878794090e+00	8.539420626917542734e+01
4.508155162877705457e+00	8.572405607632806834e+01
4.514446451153479423e+00	8.558466557281417408e+01
4.520723894043856994e+00	8.568068757960641335e+01
4.527003782460155890e+00	8.525547644727312502e+01
4.533293086610313161e+00	8.528007393467940744e+01
4.539578989864040182e+00	8.543100917530729532e+01
4.545857164866476730e+00	8.524374033749286639e+01
4.552138955546025656e+00	8.474953173284298202e+01
4.558432046889146605e+00	8.464322566787959090e+01
4.564713463378488711e+00	8.460767783067663572e+01
4.570987274133244682e+00	8.452331365391228246e+01
4.577274818151045643e+00	8.471629880450385031e+01
4.583563263889338657e+00	8.467357919523398380e+01
4.589844917004465508e+00	8.463003156393597237e+01
4.596126259982004747e+00	8.459714061796486817e+01
4.602409075598298926e+00	8.449590719298414854e+01
4.608696634867644804e+00	8.452645125776481905e+01
4.614977646498861219e+00	8.452608347831240110e+01
4.621258953029527383e+00	8.467875940782155908e+01
4.627547993978874175e+00	8.451464744351460467e+01
4.633830152730579854e+00	8.446560524691408034e+01
4.640104005367354567e+00	8.457988853381002059e+01
4.646382060386754276e+00	8.476067093198648195e+01
4.652674213731970987e+00	8.455307008426507309e+01
4.658958291796220230e+00	8.501563917298815909e+01
4.665233615070169648e+00	8.512263397908481011e+01
4.671520675710307380e+00	8.497978924467396666e+01
4.677814351732177300e+00	8.487950264127559308e+01
4.684093699744638073e+00	8.532107083493013988e+01
4.690368661472568590e+00	8.538645269953576644e+01
4.696663270746453733e+00	8.545969794029565492e+01
4.702945459248681459e+00	8.559708690885832993e+01
4.709209170841929470e+00	8.595680163455284628e+01
4.715491634753063543e+00	8.616837078382830839e+01
4.721784316284933780e+00	8.580627374464094714e+01
4.728063062331094635e+00	8.609777358291287896e+01
4.734337423381671073e+00	8.617888585784194788e+01
4.740627024094544062e+00	8.632499018733064133e+01
4.746914995664547554e+00	8.670453324732400802e+01
4.753194740071086777e+00	8.686243321890670188e+01
4.759478891864783456e+00	8.701067487964949976e+01
4.765762396877359031e+00	8.691788577545275984e+01
4.772049481246195768e+00	8.735348235302463138e+01
4.778335091022592351e+00	8.762051628849664553e+01
4.784610831402393849e+00	8.756326177945159372e+01
4.790907306208476157e+00	8.775721934262784885e+01
4.797204047706418173e+00	8.809883426061598755e+01
4.803470827697504220e+00	8.814601454576094852e+01
4.809748850577324042e+00	8.847291871874348601e+01
4.816045316586602176e+00	8.896167605141999957e+01
4.822329240673497885e+00	8.828850311657998873e+01
4.828596758226470165e+00	8.907016238342805536e+01
4.834890332961369275e+00	8.892891999328320196e+01
4.841191655056394261e+00	8.975715004212680981e+01
4.847460407468000554e+00	8.967920257149550878e+01
4.853732128521334843e+00	8.989861482860288788e+01
4.860029138783373170e+00	8.998192590346671693e+01
4.866314601732018019e+00	9.086598303703628687e+01
4.872587026269203925e+00	9.071291846733754483e+01
4.878874221748241702e+00	9.082226390895098689e+01
4.885171078138658807e+00	9.108942627968646377e+01
4.891450629931857641e+00	9.184262198638502639e+01
4.897716482750221978e+00	9.265702808436894600e+01
4.904002834596266069e+00	9.212186143392274573e+01
4.910295858205786068e+00	9.265570051032506171e+01
4.916575188115905881e+00	9.319552612081965037e+01
4.922847946197084212e+00	9.287502395904246555e+01
4.929131667457151700e+00	9.340139376221819134e+01
4.935434460144239033e+00	9.375454027410381741e+01
4.941718513303545279e+00	9.434623351147966730e+01
4.947978624761803168e+00	9.410940412030127789e+01
4.954274999209829389e+00	9.475259930599156633e+01
4.960571094729937514e+00	9.592703889605616041e+01
4.966823207626954506e+00	9.591934017922477551e+01
4.973097418390337587e+00	9.625721209047621585e+01
4.979415129936382023e+00	9.670789064280498337e+01
4.985702082330368157e+00	9.739570126150559304e+01
4.991949985828016523e+00	9.760053579041134242e+01
4.998241586316924057e+00	9.756652955981191155e+01
5.004556635606089543e+00	9.817376258744025108e+01
5.010828655701208945e+00	9.868887770839806706e+01
5.017077229702536556e+00	9.886116761985852008e+01
5.023374414758113637e+00	9.927093492188355128e+01
5.029688873569548413e+00	1.006444656847704238e+02
5.035958413584124216e+00	1.008575425337978118e+02
5.042232667658486989e+00	1.018671928308295804e+02
5.048528755870775875e+00	1.016489133896806578e+02
5.054821121427484520e+00	1.024895165042075718e+02
5.061069509814582368e+00	1.029931857702604532e+02
5.067347812754101177e+00	1.039502143378020946e+02
5.073675050630431116e+00	1.042444957809098582e+02
5.079945928388977627e+00	1.050324803050727240e+02
5.086192992546071601e+00	1.056914860452093592e+02
5.092484128970163226e+00	1.051118963527720069e+02
5.098802924706086870e+00	1.055396280129030941e+02
5.105078217426394005e+00	1.065582900938013751e+02
5.111325076574067872e+00	1.077061105741274218e+02
5.117628358851224135e+00	1.075652162430722569e+02
5.123935939383525984e+00	1.086073187256531014e+02
5.130199176325612065e+00	1.107897376084230245e+02
5.136469985878846956e+00	1.103678191211160993e+02
5.142797788696348071e+00	1.108476861697092062e+02
5.149090378043822192e+00	1.119910291601165113e+02
5.155289879840074363e+00	1.131717604201708838e+02
5.161564521234301317e+00	1.129451077611736025e+02
5.167916673496016244e+00	1.148967945279484013e+02
5.174205974602950064e+00	1.146328053713843360e+02
5.180434820793812456e+00	1.151604384163817798e+02
5.186729096569634656e+00	1.164672813196112031e+02
5.193058481037780894e+00	1.180426642302017513e+02
5.199319511444338460e+00	1.175599014839901884e+02
5.205574295584361799e+00	1.188853334479912718e+02
5.211894977074066126e+00	1.198552768005093299e+02
5.218201708336958511e+00	1.207761742270967744e+02
5.224411911780083351e+00	1.209482351307442087e+02
5.230677632666463239e+00	1.224014262275812541e+02
5.237056729559757429e+00	1.236462889199592894e+02
5.243336785035660697e+00	1.252365141998513423e+02
5.249493476178225038e+00	1.260776352119288646e+02
5.255787017738318134e+00	1.262229345063275474e+02
5.262205327426889845e+00	1.288289455791236264e+02
5.268477758348532269e+00	1.290616680498500273e+02
5.274632213654732560e+00	1.306488810352883831e+02
5.280950543314659740e+00	1.313510847007297571e+02
5.287327645024750389e+00	1.325984439178270122e+02
5.293582359180156516e+00	1.316341117027579912e+02
5.299789992649893478e+00	1.353542724355762630e+02
5.306111460381987222e+00	1.348295645039281112e+02
5.312452717892129250e+00	1.371609926126265293e+02
5.318650122853046724e+00	1.365158542650619324e+02
5.324923043129819789e+00	1.402858376538554808e+02
5.331330237158205421e+00	1.434020819525313186e+02
5.337586726886338617e+00	1.425540054713019060e+02
5.343685192440848830e+00	1.427946891993197767e+02
5.350070659715249199e+00	1.448017005868510410e+02
5.356556762554878226e+00	1.454782513829693755e+02
5.362691868684501095e+00	1.484226055985337211e+02
5.368769208912516966e+00	1.490761848584288600e+02
5.375270137997677722e+00	1.516994479580676796e+02
5.381769983045385786e+00	1.507238022921628442e+02
5.387701030372958222e+00	1.549842525085803970e+02
5.393786668001271600e+00	1.549558590652444821e+02
5.400446161099396569e+00	1.521181754349322262e+02
5.406957063684501463e+00	1.567815441407045114e+02
5.412655672453426270e+00	1.544224852087273234e+02
5.418821279260546575e+00	1.608328497027833635e+02
5.425690594366304076e+00	1.590875402431419161e+02
5.432217487502165376e+00	1.661904283556168309e+02
5.437649811577258241e+00	1.671038825638489982e+02
5.443914404015878006e+00	1.682038680142051987e+02
5.450953501686320202e+00	1.730395786224345613e+02
5.457483690405861232e+00	1.706244337348796023e+02
5.462715250135157241e+00	1.734423021353049137e+02
5.469033575551323523e+00	1.803420005054098851e+02
5.476177730420278778e+00	1.817835285836244168e+02
5.482708935702562236e+00	1.768646342737558541e+02
5.487722405008360838e+00	1.843429597247946106e+02
5.494194284996126498e+00	1.938520871636224001e+02
5.501391471009256406e+00	1.889777079084510660e+02
5.507128202673079009e+00	1.933136493049606486e+02
5.512278020050448646e+00	1.860013688820990581e+02
5.519395563377015534e+00	1.890124494192781128e+02
5.526598678609708770e+00	2.040779195448826044e+02
5.532162682462509196e+00	1.812310016193976310e+02
5.537397124017139127e+00	2.026210142390339115e+02
5.544582756485218589e+00	2.179125436553974566e+02
5.551739327507637434e+00	1.901450678983982527e+02
5.557493306674907707e+00	2.531080865691808981e+02
5.562281709102816940e+00	1.626798733956329670e+02
5.569272720323164449e+00	5.170143730475654564e+01
