8.899641224696953554e-03	7.346664510509005595e+03
1.507912216506557788e-02	2.238205388209756347e+04
2.144790186456836667e-02	1.616697756183190540e+04
2.783660776489276650e-02	1.310566566901187798e+04
3.435099785803411021e-02	1.335970408838385993e+04
4.047886761425745911e-02	1.154370213374323612e+04
4.676716683575679601e-02	8.902104989926590861e+03
5.308225101765951665e-02	9.669037803121675097e+03
5.945362440940590160e-02	8.211301089742377371e+03
6.576224814588792211e-02	7.844713936482725330e+03
7.196632906698736953e-02	7.017417410199553160e+03
7.827860915688347743e-02	6.650480184541374001e+03
8.470398945834539672e-02	6.245249004884129135e+03
9.096854620527369817e-02	5.624544427829314373e+03
9.720789776830213169e-02	5.401608228762084764e+03
1.034763038959366499e-01	4.812738645102735063e+03
1.097576444254559219e-01	4.196304168104183191e+03
1.160543084780093354e-01	4.027145915743824389e+03
1.223669666537485351e-01	3.713282534097170355e+03
1.286817263090294094e-01	3.485176468912291966e+03
1.349500801664080818e-01	3.374345124571075758e+03
1.411949558842147678e-01	3.232046351463269730e+03
1.475133575747468451e-01	3.082935082402353146e+03
1.537865074252268427e-01	2.860825121266706446e+03
1.600657544051110326e-01	2.802191721116337249e+03
1.663991168687080635e-01	2.559254774269626523e+03
1.727195645776442856e-01	2.431150108856581483e+03
1.789765213377084718e-01	2.299924868748436438e+03
1.852353690647852158e-01	2.188440526687657439e+03
1.914806787341157279e-01	2.117611010453904328e+03
1.977889868651535599e-01	2.009323739390964874e+03
2.040937735447724277e-01	1.915281646276150695e+03
2.103939302609846018e-01	1.839314806220625314e+03
2.166909709822301688e-01	1.789785631066136375e+03
2.229700281216152047e-01	1.707655650612434101e+03
2.292620027086341994e-01	1.673912652094456234e+03
2.355141508366812297e-01	1.624996937456742216e+03
2.417910583817859116e-01	1.545392405701763209e+03
2.480856539439619257e-01	1.474378982312352946e+03
2.543492256872954549e-01	1.459119684588571772e+03
2.606334251884805386e-01	1.416489774848079151e+03
2.669257370896960802e-01	1.367071017654550587e+03
2.732423343141155980e-01	1.336028247030614921e+03
2.795529680084415936e-01	1.286028571636526976e+03
2.858366292314493129e-01	1.237201760090775906e+03
2.920876271394311496e-01	1.207920524083097234e+03
2.983449844439822751e-01	1.205479918221975822e+03
3.046382639407197446e-01	1.163207736234294771e+03
3.109279127003197196e-01	1.140708098919783652e+03
3.172168171618398036e-01	1.101011281307486342e+03
3.235187567944423082e-01	1.081054421551139967e+03
3.298168217550395687e-01	1.062019884863280822e+03
3.361176429457156667e-01	1.021634839298046927e+03
3.423700375709273769e-01	1.003898070175863950e+03
3.486478192666269682e-01	9.988930661643507847e+02
3.549411614411318028e-01	9.553047922624896273e+02
3.611916935421040642e-01	9.361561344388478574e+02
3.674767089563572564e-01	9.250174725698706197e+02
3.737647795277591056e-01	9.005626088309790021e+02
3.800654031475132477e-01	8.890847940456186507e+02
3.863539861259823738e-01	8.677788731036264380e+02
3.926140181364449755e-01	8.538879901526714775e+02
3.989264500321934581e-01	8.398469471030631439e+02
4.052073244576828714e-01	8.246645504568134584e+02
4.114916477570477182e-01	8.051851661500768387e+02
4.177814272116491257e-01	8.031697903101189695e+02
4.240400648725131116e-01	7.870057943344678506e+02
4.303425690270192283e-01	7.726071742817589438e+02
4.366358560255625965e-01	7.647866354287365311e+02
4.428996183220763605e-01	7.553412673374173210e+02
4.491634418529859563e-01	7.438121092380318942e+02
4.554414146254732731e-01	7.268542155217187428e+02
4.617634470301058558e-01	7.203979340808411962e+02
4.680644242023710433e-01	7.119636560356134396e+02
4.743485242764365895e-01	6.977339579267885483e+02
4.806356136815400082e-01	6.864313488717068594e+02
4.869019258388697646e-01	6.726286877563599091e+02
4.931697099599955947e-01	6.651055225673120503e+02
4.994506747144535908e-01	6.678346427993964198e+02
5.057159051335421429e-01	6.521998544664274959e+02
5.119923996268095356e-01	6.439190452839951604e+02
5.183126097768406826e-01	6.326443583919149205e+02
5.246089638029100000e-01	6.216077752904942599e+02
5.308757308483337267e-01	6.233178141313148899e+02
5.371573527946726934e-01	6.086064489128857531e+02
5.434579563783791256e-01	6.090193771465487771e+02
5.497430652392217842e-01	5.960687276547574811e+02
5.559937427501778773e-01	5.924355615155993746e+02
5.622854676609657654e-01	5.793321010742594126e+02
5.686011537227265711e-01	5.803475114888206008e+02
5.748804589422079614e-01	5.694211959367422651e+02
5.811550210340560296e-01	5.646359036303887251e+02
5.874394496660968468e-01	5.599324319569755062e+02
5.937176220296899176e-01	5.483650258577964678e+02
5.999971954793682505e-01	5.443659423913459250e+02
6.062679115124277596e-01	5.415772551338286576e+02
6.125469576444534381e-01	5.350362275169184159e+02
6.188477733041515272e-01	5.299213635574500358e+02
6.251310567437898813e-01	5.235192788658094969e+02
6.314027450383210560e-01	5.198716409557550833e+02
6.377003562732055375e-01	5.127036095310455721e+02
6.439857783314556494e-01	5.102135963197750357e+02
6.502685417166111925e-01	4.996098206044675862e+02
6.565586117699038216e-01	4.999059388333768084e+02
6.628369282359254377e-01	4.971540294841441892e+02
6.691185444962194362e-01	4.921037650859747146e+02
6.754070198575605755e-01	4.851801145342009249e+02
6.816835514593204692e-01	4.840805394047899313e+02
6.879592533861698112e-01	4.768950763064588045e+02
6.942344317039531587e-01	4.698221647203607745e+02
7.005175402434737908e-01	4.678851803187142764e+02
7.068124956608716758e-01	4.626684341057988377e+02
7.131019009674921527e-01	4.620896885717754117e+02
7.193918251171427247e-01	4.590546147691597412e+02
7.256833807598113140e-01	4.536211377858526816e+02
7.319652682709349989e-01	4.497383084933883310e+02
7.382507990484923344e-01	4.462748976822425107e+02
7.445265842115937893e-01	4.434477361320860496e+02
7.507871101942712455e-01	4.385103274031746992e+02
7.570758465316046459e-01	4.367439055942449500e+02
7.633641233600957365e-01	4.329185620237345802e+02
7.696462959862266917e-01	4.290986343072897284e+02
7.759394865175414102e-01	4.269174059300696626e+02
7.822329141989586843e-01	4.212520080413627284e+02
7.885314936520240181e-01	4.207014663958761957e+02
7.947896566979522071e-01	4.179742920994010547e+02
8.010491096592354809e-01	4.116195729583424736e+02
8.073364061727361651e-01	4.070456819059413078e+02
8.136229488373866170e-01	4.047630895908891944e+02
8.199152998961036776e-01	4.041405567426137395e+02
8.261952636392789762e-01	3.993395555268904786e+02
8.324897070080405914e-01	3.970350743597670089e+02
8.387959309210778480e-01	3.940214963556139764e+02
8.450634639703045181e-01	3.933918757404420603e+02
8.513282867562648182e-01	3.874598405075811343e+02
8.576198263902009566e-01	3.863739945541385623e+02
8.639058477062415697e-01	3.835054019211668219e+02
8.701838745487597837e-01	3.810393695960741525e+02
8.764641096075268534e-01	3.802098912959831978e+02
8.827503873399735745e-01	3.748029341316306500e+02
8.890332768393869323e-01	3.706476668673251993e+02
8.953084247113127780e-01	3.679454828262003048e+02
9.015956521667095602e-01	3.695308765005611349e+02
9.078833328094829680e-01	3.653100821841891275e+02
9.141744106319863450e-01	3.645138309428016328e+02
9.204630817717615043e-01	3.600891395108447455e+02
9.267434415264711456e-01	3.568365024670399634e+02
9.330324197354928906e-01	3.565842568258581764e+02
9.393265785573878812e-01	3.528569192808562889e+02
9.455974810398196650e-01	3.486452934826060073e+02
9.518660018545171964e-01	3.473591196800528564e+02
9.581413255531838757e-01	3.456096921195674554e+02
9.644350945109106954e-01	3.437365648766038362e+02
9.707355633568249820e-01	3.427746225766105113e+02
9.770080768450029041e-01	3.407253877590891875e+02
9.832823325363413414e-01	3.369637327497396200e+02
9.895569691966674686e-01	3.336097465472966519e+02
9.958456301921106979e-01	3.330202307250871741e+02
1.002136210743837408e+00	3.309403304157830235e+02
1.008404825335135424e+00	3.288723122358521209e+02
1.014694149836243398e+00	3.263785130443479829e+02
1.020992555437297167e+00	3.242087315320098924e+02
1.027273980437394485e+00	3.234956926161501656e+02
1.033559181896017254e+00	3.211048481154658134e+02
1.039847557392594934e+00	3.197383556471529573e+02
1.046126974943305088e+00	3.162281563045386861e+02
1.052403436811028659e+00	3.140984245746134320e+02
1.058680704651608684e+00	3.125994636797993849e+02
1.064964333065789193e+00	3.112967880223192765e+02
1.071256777440835473e+00	3.089328790208477926e+02
1.077544048801078125e+00	3.064914389061488578e+02
1.083824820188043603e+00	3.045474259847309781e+02
1.090108023942816695e+00	3.043781645275008714e+02
1.096389665956643222e+00	3.012074950735889729e+02
1.102681132058841440e+00	3.002306628058195201e+02
1.108963047594879958e+00	2.979924127790250168e+02
1.115225428463759272e+00	2.963937413536355052e+02
1.121502127614767863e+00	2.945123339194535674e+02
1.127792573824792033e+00	2.934454229076985143e+02
1.134089552668382961e+00	2.903032899493074410e+02
1.140364049650405942e+00	2.894055322700893385e+02
1.146639180320979445e+00	2.889887894329674509e+02
1.152942412991649901e+00	2.858728766791821272e+02
1.159228906751078814e+00	2.847950857681902903e+02
1.165508721887268173e+00	2.838536046888469855e+02
1.171793076256210320e+00	2.818054616333710101e+02
1.178087436369658958e+00	2.807525944297547653e+02
1.184367654251526902e+00	2.790604587799600154e+02
1.190634642299266632e+00	2.773140058447950764e+02
1.196912208834400859e+00	2.761931106881576170e+02
1.203201577354146234e+00	2.743060190150785047e+02
1.209486844441705733e+00	2.728790888347869554e+02
1.215763902074809888e+00	2.707164853605386838e+02
1.222049755171146668e+00	2.697692451067286470e+02
1.228340616621486969e+00	2.664955438572123398e+02
1.234632986576932767e+00	2.667872387040805506e+02
1.240902247176856488e+00	2.656208028302161779e+02
1.247174839144687519e+00	2.646712432370977695e+02
1.253465459933442272e+00	2.619992158056863900e+02
1.259749951892178421e+00	2.604974311041955843e+02
1.266032143127253873e+00	2.588690544785071097e+02
1.272316288472006507e+00	2.580312768473618803e+02
1.278604155058621350e+00	2.567563727215306244e+02
1.284886588933593865e+00	2.553537403622519832e+02
1.291175420066583257e+00	2.532538732859965478e+02
1.297465726373772332e+00	2.532253602387163198e+02
1.303741827011944299e+00	2.510128655188198366e+02
1.310017322922761851e+00	2.498678821376659869e+02
1.316301447662886703e+00	2.481724956723989806e+02
1.322586760363303249e+00	2.473578301478663093e+02
1.328865492452874664e+00	2.466328777197171007e+02
1.335144804954555564e+00	2.438998431852857891e+02
1.341440516272275119e+00	2.438478740632144479e+02
1.347730868417094552e+00	2.425283286841138874e+02
1.354001589994877630e+00	2.407529850028989813e+02
1.360282609297778444e+00	2.398732245137253756e+02
1.366565686457597906e+00	2.382964422042239505e+02
1.372851498482432708e+00	2.371626086063799619e+02
1.379135372929401804e+00	2.359307937653835836e+02
1.385409567149057164e+00	2.352555891939554726e+02
1.391698641219299315e+00	2.339717868145740454e+02
1.397984451439470810e+00	2.326994707481675846e+02
1.404267883409181961e+00	2.310444602849650835e+02
1.410554779484869181e+00	2.296949482894258665e+02
1.416837833547465397e+00	2.290395255042266456e+02
1.423118177187137068e+00	2.279175944637995030e+02
1.429397801164240089e+00	2.267459626104977986e+02
1.435686921822787232e+00	2.256645944520801663e+02
1.441977121769299597e+00	2.245879733073586806e+02
1.448253667853332427e+00	2.230513130773058208e+02
1.454532348972172651e+00	2.217543998065530388e+02
1.460819319151879903e+00	2.209210272262551200e+02
1.467110364402026468e+00	2.196178397494709600e+02
1.473392908948962132e+00	2.193136262704326498e+02
1.479669965243598950e+00	2.176501830567829927e+02
1.485956144602843532e+00	2.163253150054355274e+02
1.492233610763115115e+00	2.158968749647459333e+02
1.498502470379980078e+00	2.150949439467175353e+02
1.504785752051182701e+00	2.134013422251938152e+02
1.511075991894575976e+00	2.118826696334172937e+02
1.517361634985162189e+00	2.122411950916920489e+02
1.523648570969130533e+00	2.096897337426116508e+02
1.529938035715892264e+00	2.093055244775960944e+02
1.536230176913891965e+00	2.081739857754795935e+02
1.542510718779388279e+00	2.069264679986702617e+02
1.548783963082980275e+00	2.064873886616870777e+02
1.555073069779651318e+00	2.053298979790764633e+02
1.561357324927233892e+00	2.040882787001392558e+02
1.567629121053141006e+00	2.039736762698397570e+02
1.573913697404382583e+00	2.027506936850558930e+02
1.580203545230874029e+00	2.014996503980482601e+02
1.586485393434537983e+00	2.002933002893969956e+02
1.592760014263005841e+00	1.992557455822206975e+02
1.599046436394670812e+00	1.991169854007406741e+02
1.605342136637478934e+00	1.979796770228933553e+02
1.611619860919608627e+00	1.970442449016537694e+02
1.617897597081673799e+00	1.961105851809132048e+02
1.624183235481122756e+00	1.952004502179509586e+02
1.630464598531913722e+00	1.939054250090503899e+02
1.636748985747638274e+00	1.929824683381420698e+02
1.643030923698886259e+00	1.925428091871559673e+02
1.649309176648513064e+00	1.915862677122990760e+02
1.655593633940351861e+00	1.909601306037970687e+02
1.661879571405086464e+00	1.903726005661108900e+02
1.668169361685170271e+00	1.885981205157366958e+02
1.674450151530487485e+00	1.878680799212486932e+02
1.680722718978495900e+00	1.871089990529575005e+02
1.687013891340952476e+00	1.861396364526672187e+02
1.693308984907921033e+00	1.852512507875541701e+02
1.699582147428448486e+00	1.848697508053625427e+02
1.705863747055134105e+00	1.835579637845777938e+02
1.712154434283889470e+00	1.830026684377806987e+02
1.718438381579399321e+00	1.817333177930330805e+02
1.724721264464063930e+00	1.814611587801362305e+02
1.730997441276920679e+00	1.803060315665503879e+02
1.737287073528269499e+00	1.798399581626731560e+02
1.743567991878527401e+00	1.790123540992472897e+02
1.749840680212231048e+00	1.778540021783795453e+02
1.756128549091961144e+00	1.772735248235638039e+02
1.762413535324792502e+00	1.761965096939618718e+02
1.768696187669963837e+00	1.756439525368972738e+02
1.774979359379055266e+00	1.745408344783656673e+02
1.781265555576432957e+00	1.738599510684982192e+02
1.787549427830244619e+00	1.730638749649152714e+02
1.793834120011633004e+00	1.721927434086014443e+02
1.800115051552487300e+00	1.720954758927130968e+02
1.806393904854530330e+00	1.709291330907452391e+02
1.812674089667083432e+00	1.702882899048963736e+02
1.818956920109354058e+00	1.691347963415147433e+02
1.825244164118212220e+00	1.679713244318652983e+02
1.831527256642196955e+00	1.676672746011050492e+02
1.837811294935716599e+00	1.671846407472069131e+02
1.844100717411196744e+00	1.665081973037041507e+02
1.850384816792487230e+00	1.656190768982657744e+02
1.856666059735203822e+00	1.648418557981049162e+02
1.862947728675613979e+00	1.643240592563040252e+02
1.869229324466858078e+00	1.633553652919480612e+02
1.875517616802973686e+00	1.627120934326117094e+02
1.881800769033795229e+00	1.620299447484979680e+02
1.888078863416442710e+00	1.616641860157055817e+02
1.894353975182237582e+00	1.604491799194532575e+02
1.900642716154182565e+00	1.598484071959483117e+02
1.906933494748685121e+00	1.590364448957642480e+02
1.913207568676573933e+00	1.585021482988979926e+02
1.919490884732178992e+00	1.579650655599699576e+02
1.925776855684274480e+00	1.571047719902095707e+02
1.932064452961978152e+00	1.563492588638668792e+02
1.938342610030488800e+00	1.557699590256937938e+02
1.944618341543410178e+00	1.553050968235617972e+02
1.950906260203513876e+00	1.544710867020075966e+02
1.957194556613796488e+00	1.540460407373336977e+02
1.963479614559011432e+00	1.531619475763459377e+02
1.969760361532916226e+00	1.523142866863489928e+02
1.976048367034604736e+00	1.522114197002623541e+02
1.982337990217652335e+00	1.514441379080803074e+02
1.988617489259562721e+00	1.506371787706371208e+02
1.994896320665194178e+00	1.498292084186509783e+02
2.001179596222827151e+00	1.491029525931929527e+02
2.007459756923499761e+00	1.482867666443510757e+02
2.013737397779169935e+00	1.480663291725349211e+02
2.020017234677497164e+00	1.474068680373679285e+02
2.026310251015072783e+00	1.469257746038753680e+02
2.032600542948020284e+00	1.462589122592272588e+02
2.038873863192099289e+00	1.457525655509712408e+02
2.045154087821675404e+00	1.454086876899735046e+02
2.051444704514288730e+00	1.443426652464209781e+02
2.057730430280644729e+00	1.440083939304276157e+02
2.064013940455224461e+00	1.435175533643568713e+02
2.070299891179459895e+00	1.426826526461631772e+02
2.076589719964883951e+00	1.420165840446013590e+02
2.082865483794470673e+00	1.411119194554086675e+02
2.089134494859368640e+00	1.411323395770110949e+02
2.095424211360070288e+00	1.402610630314589457e+02
2.101707116664804254e+00	1.398510722308791117e+02
2.107986473933564309e+00	1.392590280428360074e+02
2.114271806543862375e+00	1.384432501285637613e+02
2.120552717288892275e+00	1.384642968149769047e+02
2.126836933207161717e+00	1.373025718134359465e+02
2.133122044791171845e+00	1.370119146926048757e+02
2.139411711910842673e+00	1.361485074324768902e+02
2.145697076775292089e+00	1.357174415374763328e+02
2.151973548606471276e+00	1.351610349133432578e+02
2.158259913555724108e+00	1.348625441432907053e+02
2.164545396699105506e+00	1.343431692616285034e+02
2.170830700377734068e+00	1.333944069823305085e+02
2.177114138849150393e+00	1.331631362084710020e+02
2.183387647576827018e+00	1.329183711805177097e+02
2.189670273687676971e+00	1.322492711671353334e+02
2.195960147934207463e+00	1.315271435924889261e+02
2.202242556317716371e+00	1.311947437949966968e+02
2.208521655981037668e+00	1.304902656273830246e+02
2.214804637081333016e+00	1.300395144802357663e+02
2.221092583349425276e+00	1.293773535509542114e+02
2.227372893591468728e+00	1.289828980373318643e+02
2.233657161144248171e+00	1.284940460779208422e+02
2.239943485394438660e+00	1.283709450650429176e+02
2.246224175264620815e+00	1.277255067597860574e+02
2.252506378421252009e+00	1.271535976064021582e+02
2.258783417054270437e+00	1.267194871266732719e+02
2.265069077371457684e+00	1.262009933214107917e+02
2.271350377044131452e+00	1.257154889387320509e+02
2.277633995145353918e+00	1.251277727281978827e+02
2.283922419579920149e+00	1.248694158716084388e+02
2.290202874392252674e+00	1.243406642393637895e+02
2.296490779970905560e+00	1.237469773063470626e+02
2.302771769934229162e+00	1.234691644281212746e+02
2.309051364164305564e+00	1.227192039150510965e+02
2.315338502539088239e+00	1.224051420601159208e+02
2.321627336503874428e+00	1.220126931998374857e+02
2.327911878297218795e+00	1.216120218430817346e+02
2.334186238580297168e+00	1.210971048616657839e+02
2.340467971862688401e+00	1.206958261588350041e+02
2.346756940970738725e+00	1.202416279804465375e+02
2.353044444556199988e+00	1.197591994495916765e+02
2.359327653314069906e+00	1.195670578309723027e+02
2.365603048789861607e+00	1.189388209775171106e+02
2.371885911737665165e+00	1.185293782681672070e+02
2.378173303594019572e+00	1.179919239362456409e+02
2.384454016539381271e+00	1.176977890493477048e+02
2.390736447344785187e+00	1.172819327799480646e+02
2.397014133897952259e+00	1.169911588542319549e+02
2.403295490074321972e+00	1.165814521997038469e+02
2.409585049672506862e+00	1.159681276718340825e+02
2.415871703165322071e+00	1.156711123986408865e+02
2.422160652369088840e+00	1.151175699901535125e+02
2.428440167222748691e+00	1.148853286147194979e+02
2.434717472383889803e+00	1.144004276480463602e+02
2.441002456202044257e+00	1.140307057990867747e+02
2.447289980304530488e+00	1.137107597445823046e+02
2.453571844729242279e+00	1.133034157923796243e+02
2.459852705114058846e+00	1.129790196599331864e+02
2.466139233225018934e+00	1.126804204648000223e+02
2.472421963421291391e+00	1.122786812203782745e+02
2.478698519174224568e+00	1.118023836537060021e+02
2.484980841400355800e+00	1.115735705088556102e+02
2.491269319409339822e+00	1.111301709771331758e+02
2.497548505139029373e+00	1.110670161505004074e+02
2.503831667172610853e+00	1.104578171074120405e+02
2.510117938323931153e+00	1.101732634352488702e+02
2.516400733681277480e+00	1.098110038360666181e+02
2.522688226833368130e+00	1.093614083370597712e+02
2.528971695852665569e+00	1.092328264277352474e+02
2.535252039407670299e+00	1.087701713952708502e+02
2.541537514142774512e+00	1.084314984700038167e+02
2.547823008847572179e+00	1.080478952356534421e+02
2.554100666580690238e+00	1.075971219526348790e+02
2.560376788884177301e+00	1.073147890912729281e+02
2.566667521601497359e+00	1.071056471955427014e+02
2.572955062237090473e+00	1.066351329294143113e+02
2.579233771797999175e+00	1.064129654449799034e+02
2.585520164300948220e+00	1.061066106711933656e+02
2.591805130332431872e+00	1.057696992983708100e+02
2.598084074692260881e+00	1.053832547297995461e+02
2.604360404197643586e+00	1.050752564648856122e+02
2.610647185140439142e+00	1.047729891860648479e+02
2.616931864059273138e+00	1.045896450384804837e+02
2.623206107911065565e+00	1.040982489750417841e+02
2.629491626543270844e+00	1.038286202698661356e+02
2.635778507982642349e+00	1.036871249700277104e+02
2.642061039325260818e+00	1.032101692613466923e+02
2.648343840729305843e+00	1.029618616739879826e+02
2.654631838974855551e+00	1.027861295314354493e+02
2.660919001246303761e+00	1.022635233686692118e+02
2.667198525130066056e+00	1.022045068475343470e+02
2.673484307038032526e+00	1.019090030729071970e+02
2.679773388053849459e+00	1.017233862804997102e+02
2.686058217632288692e+00	1.012158857150074311e+02
2.692338738200057868e+00	1.012099079748729622e+02
2.698618022887226964e+00	1.009085408454724160e+02
2.704895450708277860e+00	1.005934330514489545e+02
2.711175674923682166e+00	1.002177682104187255e+02
2.717459832966957922e+00	9.986813514948777026e+01
2.723745731959044569e+00	9.969483006030307592e+01
2.730038414850594730e+00	9.956224504073095716e+01
2.736317989800789441e+00	9.903876406631557927e+01
2.742591858549239703e+00	9.917655385531547552e+01
2.748879749010778362e+00	9.892681282210912741e+01
2.755163403825859447e+00	9.857634782046403643e+01
2.761446955625852073e+00	9.828140259426432124e+01
2.767732088935374701e+00	9.817852935701044714e+01
2.774015452421743966e+00	9.803142555324258467e+01
2.780298635700591436e+00	9.759651564951862213e+01
2.786577474762241380e+00	9.749629089113582836e+01
2.792857983210164541e+00	9.722342719495118502e+01
2.799143790920211483e+00	9.715108289952721066e+01
2.805430058399325244e+00	9.689020486359244444e+01
2.811715058209780072e+00	9.651102373113413080e+01
2.817989272498773623e+00	9.660055056208484814e+01
2.824269171595737760e+00	9.645657311283743240e+01
2.830563016441804081e+00	9.596893397339736964e+01
2.836848750951622034e+00	9.584036576045811273e+01
2.843130027866129783e+00	9.568655555878693519e+01
2.849413896912404986e+00	9.545588308255970844e+01
2.855697464522425566e+00	9.531372115937455192e+01
2.861978799810683594e+00	9.529891779727191192e+01
2.868262469415629567e+00	9.490404101325894715e+01
2.874547359206753860e+00	9.493619946157630807e+01
2.880831111471525041e+00	9.453908787367768696e+01
2.887113216972382546e+00	9.452324146322689558e+01
2.893394504725182781e+00	9.426370979399204941e+01
2.899673662137033592e+00	9.438254971224172607e+01
2.905953958587380814e+00	9.414975530099738421e+01
2.912241118105161064e+00	9.399668988990286778e+01
2.918525996366671205e+00	9.370340095101846600e+01
2.924809035425688819e+00	9.370526977522257539e+01
2.931095916293684933e+00	9.357080415882150248e+01
2.937378182606774413e+00	9.346274222751327443e+01
2.943659980254369923e+00	9.314595780698425642e+01
2.949946454403890250e+00	9.317098844686616133e+01
2.956227653702202307e+00	9.305738218243408255e+01
2.962510478867462993e+00	9.292443014084456365e+01
2.968796535179442309e+00	9.282645484963913418e+01
2.975077657376874907e+00	9.273612825338021537e+01
2.981359866759223376e+00	9.262934097913984033e+01
2.987646761575656562e+00	9.262093249986794774e+01
2.993929038370399365e+00	9.262913501549739692e+01
3.000206214840962726e+00	9.241810937515532487e+01
3.006486172402415669e+00	9.235133507988079771e+01
3.012769812211594456e+00	9.213349570875266181e+01
3.019053144326170113e+00	9.209398027968444467e+01
3.025337405144251424e+00	9.205557217482649435e+01
3.031623734799107961e+00	9.211074653465340134e+01
3.037908962055872575e+00	9.210621915503422485e+01
3.044195067146031608e+00	9.186586521217323309e+01
3.050475543482170426e+00	9.180898222504346506e+01
3.056754954538277502e+00	9.172970889088857405e+01
3.063040539557494668e+00	9.176065102466816370e+01
3.069323699454357346e+00	9.189660944850032820e+01
3.075610692642898769e+00	9.186159347525334340e+01
3.081893798009918584e+00	9.169511445112671311e+01
3.088174549548037717e+00	9.176437121267557018e+01
3.094458635632868493e+00	9.158847490931894697e+01
3.100743982931558840e+00	9.169420716413148398e+01
3.107028111748448396e+00	9.177132496226624880e+01
3.113309299655494300e+00	9.174885093637627165e+01
3.119590662867241626e+00	9.180133685608595329e+01
3.125874006820172912e+00	9.178718138969752260e+01
3.132159251154602586e+00	9.175521426347431486e+01
3.138439172765940643e+00	9.177514717218919316e+01
3.144723867719826593e+00	9.192443123047813458e+01
3.151003951258561031e+00	9.187286006414380779e+01
3.157283664131563139e+00	9.189450961633947657e+01
3.163569317183839935e+00	9.193943181917171614e+01
3.169851661717792091e+00	9.201005108208573802e+01
3.176137704316093657e+00	9.193390769526659767e+01
3.182420924828643916e+00	9.226204465502758012e+01
3.188702811875577581e+00	9.214931497774641400e+01
3.194990520008989865e+00	9.227948475334295608e+01
3.201275324656983834e+00	9.225186579943387244e+01
3.207551352179861759e+00	9.232320758122921234e+01
3.213835216737041645e+00	9.259114314673556123e+01
3.220122579819103770e+00	9.246204264875474621e+01
3.226406606618656525e+00	9.232889010914679773e+01
3.232687390085645429e+00	9.215187148167305509e+01
3.238969121280456331e+00	9.180147004711442094e+01
3.245254751548589667e+00	9.178798030641628714e+01
3.251534499036136783e+00	9.149501334148844478e+01
3.257817780791052442e+00	9.130256478303103052e+01
3.264102164154097263e+00	9.110205048477862988e+01
3.270384152138468892e+00	9.106749943145808857e+01
3.276669427476867735e+00	9.077779898148364168e+01
3.282954688864507808e+00	9.063870358925868231e+01
3.289237200334947264e+00	9.049618824422041996e+01
3.295519587088236779e+00	9.019983090756319655e+01
3.301805977329951958e+00	9.003879925710408827e+01
3.308087486222440088e+00	8.979172124279864420e+01
3.314367630234227313e+00	8.969652319825006259e+01
3.320651909732194262e+00	8.964957307709482848e+01
3.326931260376857047e+00	8.928476772091180180e+01
3.333216512447217728e+00	8.915117534462166304e+01
3.339504489419978128e+00	8.895201782214356001e+01
3.345786804809928405e+00	8.885001353899474452e+01
3.352071130016277767e+00	8.860447042347992408e+01
3.358351496304225581e+00	8.850148703892860169e+01
3.364630591073392019e+00	8.816359329794461530e+01
3.370916305215045483e+00	8.820239362601650157e+01
3.377197952029413752e+00	8.794455325799110312e+01
3.383483063818085501e+00	8.782446166671985566e+01
3.389769992424469969e+00	8.764381275937046212e+01
3.396051330885982100e+00	8.750067290868784653e+01
3.402330879139463971e+00	8.748492014617882262e+01
3.408610488352048495e+00	8.733297069113936573e+01
3.414897837696641236e+00	8.710863119368210050e+01
3.421180484052105619e+00	8.688284798609969073e+01
3.427461639653846870e+00	8.671106043675479214e+01
3.433749159643459059e+00	8.669063302763780143e+01
3.440032646656798310e+00	8.648454172598017919e+01
3.446313366033385339e+00	8.623527066991876211e+01
3.452600135384134905e+00	8.620434842378179496e+01
3.458883152815406703e+00	8.605523052998869105e+01
3.465163834403715448e+00	8.592993246875349200e+01
3.471449329786229221e+00	8.579561833456527609e+01
3.477734476754053894e+00	8.569674217195151300e+01
3.484019652467224226e+00	8.542203962202204082e+01
3.490297019369712928e+00	8.539961183258705546e+01
3.496582486484379970e+00	8.518057078553698602e+01
3.502868048046865024e+00	8.509102167331936073e+01
3.509144649545451244e+00	8.489859009332063522e+01
3.515428082003116295e+00	8.470976742615444266e+01
3.521711031624695565e+00	8.470599024311404435e+01
3.527991850954735664e+00	8.450909164169755172e+01
3.534275545726699885e+00	8.445043852227661318e+01
3.540562632020772149e+00	8.440894494614455823e+01
3.546844410757220789e+00	8.439186650500563758e+01
3.553131386753758836e+00	8.427675772926481557e+01
3.559419203211965144e+00	8.414292120877890113e+01
3.565697971577579839e+00	8.378382456417645585e+01
3.571979559134798254e+00	8.389102144339815936e+01
3.578265774595833726e+00	8.366383127756364502e+01
3.584548309769353125e+00	8.378557803263153403e+01
3.590826843920031486e+00	8.342058906952253494e+01
3.597107306745233934e+00	8.340071772737670130e+01
3.603392831792229245e+00	8.346030788230588371e+01
3.609673209822572559e+00	8.312165200451333646e+01
3.615955412133016189e+00	8.304688180835970002e+01
3.622241607772384686e+00	8.303279540985336382e+01
3.628520252736676444e+00	8.290381773056132886e+01
3.634804827569451113e+00	8.285269942015320055e+01
3.641094981788862928e+00	8.271879101887870434e+01
3.647383514928639325e+00	8.273878778707241111e+01
3.653663283927725658e+00	8.258353843948526674e+01
3.659943504072155296e+00	8.249337788624035284e+01
3.666232000281138603e+00	8.245378742312206555e+01
3.672514211678317597e+00	8.225761797792273455e+01
3.678794154686042539e+00	8.228341289240671586e+01
3.685078621861909820e+00	8.221679071320529886e+01
3.691359210097977961e+00	8.212881910178440137e+01
3.697642368173791105e+00	8.195246845560448890e+01
3.703925796735277665e+00	8.190592769038531173e+01
3.710208240364660348e+00	8.193743558838323793e+01
3.716494593122387169e+00	8.193026799419119754e+01
3.722775386659595398e+00	8.188412587653128583e+01
3.729058392883481510e+00	8.194699214686492894e+01
3.735339748210807720e+00	8.190322449646488678e+01
3.741620776392969638e+00	8.165214642791794120e+01
3.747904795418762980e+00	8.151983928937507073e+01
3.754190633281219380e+00	8.150945261885749460e+01
3.760478208018912749e+00	8.147797906523020117e+01
3.766755538573464346e+00	8.136187990381043278e+01
3.773032090135151506e+00	8.137889609943671587e+01
3.779322553012896879e+00	8.140259747030756898e+01
3.785609109731308930e+00	8.133313346062023186e+01
3.791889825936295200e+00	8.130606882663327895e+01
3.798174822702435893e+00	8.126468747565860440e+01
3.804458658753491651e+00	8.104557829939983549e+01
3.810738438095723435e+00	8.132474909392708184e+01
3.817018850285747167e+00	8.118500233107913289e+01
3.823305314209427763e+00	8.123288544451229143e+01
3.829591295197792178e+00	8.119758098441613470e+01
3.835872296070849341e+00	8.104282024391457639e+01
3.842156279590906109e+00	8.100395631409406860e+01
3.848441511099312429e+00	8.107944965938722248e+01
3.854723334376886079e+00	8.111430250543419618e+01
3.861004740704794713e+00	8.120297066886922721e+01
3.867284336650660848e+00	8.102818872432393960e+01
3.873567367678779849e+00	8.116357302706457233e+01
3.879850662830422792e+00	8.097125372939500210e+01
3.886137063198143338e+00	8.105884847243602565e+01
3.892419463049126005e+00	8.094558559110508611e+01
3.898703740328622658e+00	8.098252592380249837e+01
3.904991458788179326e+00	8.105241239570005973e+01
3.911270842222104083e+00	8.098746420066187568e+01
3.917549806479573071e+00	8.116213458849628637e+01
3.923836006203090587e+00	8.107375698996121116e+01
3.930121452497870926e+00	8.101166749541394552e+01
3.936398172858230460e+00	8.102490951695114063e+01
3.942683040425962293e+00	8.105600739573887381e+01
3.948974759704379611e+00	8.118991023147518149e+01
3.955259227995065352e+00	8.107352594368595078e+01
3.961537174921395454e+00	8.121550270490646994e+01
3.967820217617139544e+00	8.125480098565060416e+01
3.974105559832568968e+00	8.118774828699632451e+01
3.980384727931198352e+00	8.131966209624231112e+01
3.986664590839849698e+00	8.129943339143123637e+01
3.992949619150675034e+00	8.129999790451083186e+01
3.999235075769965952e+00	8.144691407175284326e+01
4.005515715515433506e+00	8.132228798377985868e+01
4.011798434346478537e+00	8.137978857549387612e+01
4.018083716245132386e+00	8.157313192597094087e+01
4.024365700052603856e+00	8.148062779146891899e+01
4.030643960839860540e+00	8.163343385701352872e+01
4.036928708926215137e+00	8.172169837795925673e+01
4.043218157412017177e+00	8.181402365917658415e+01
4.049503019487663558e+00	8.181966771208679745e+01
4.055781898960511000e+00	8.197261931003055224e+01
4.062060795621602161e+00	8.203120315150621877e+01
4.068347865354716042e+00	8.215427644074247837e+01
4.074631027173265529e+00	8.202365341702062551e+01
4.080910837526078971e+00	8.226579777211320277e+01
4.087201203341442657e+00	8.238055080575855982e+01
4.093486818591942189e+00	8.235255943574922810e+01
4.099764387336505500e+00	8.252720179727668892e+01
4.106049166937662420e+00	8.244261379544843749e+01
4.112334559041358695e+00	8.268999697449756070e+01
4.118618926059533614e+00	8.289275594084463705e+01
4.124898942031112625e+00	8.282052988681873273e+01
4.131175432561665417e+00	8.295206930754235941e+01
4.137461563786142271e+00	8.306861529374725706e+01
4.143746006210170307e+00	8.332470647675066289e+01
4.150029800482964326e+00	8.318818089073310773e+01
4.156313390684649001e+00	8.345450641298008065e+01
4.162596105843763716e+00	8.371617740061608970e+01
4.168881843141768684e+00	8.383297103314495757e+01
4.175162111073220217e+00	8.374521154936849143e+01
4.181448573417560155e+00	8.399958693206227167e+01
4.187738782464171194e+00	8.405648166976412483e+01
4.194017437180169061e+00	8.421147468914054457e+01
4.200293572701767175e+00	8.433068093662387810e+01
4.206580195481546269e+00	8.466433630916016284e+01
4.212860644652220543e+00	8.457999168054377037e+01
4.219138153430114002e+00	8.474811584915455853e+01
4.225426162098283811e+00	8.483138060879869613e+01
4.231713506719782636e+00	8.510949007314319203e+01
4.237990056577191744e+00	8.522797482711062855e+01
4.244267783646744618e+00	8.546409825335582866e+01
4.250560660182562955e+00	8.561413192185906951e+01
4.256847734842668096e+00	8.581553146100607421e+01
4.263127100734456221e+00	8.589008041470573573e+01
4.269406860432507500e+00	8.606582854177781883e+01
4.275691671482192646e+00	8.634139524154872447e+01
4.281972414189518794e+00	8.657287542556268534e+01
4.288253516806755705e+00	8.685719229828983146e+01
4.294540520160492925e+00	8.703011288185707883e+01
4.300825742921731809e+00	8.697334202345602705e+01
4.307109835491901961e+00	8.718984446852226711e+01
4.313390926478413157e+00	8.746677327168045224e+01
4.319667979480563247e+00	8.734031689488774930e+01
4.325952598143786076e+00	8.792898809983871899e+01
4.332241647035422361e+00	8.804476534853837677e+01
4.338524445619096781e+00	8.820114165790074878e+01
4.344809348131129845e+00	8.843645086992067661e+01
4.351090699193166600e+00	8.843168309841232144e+01
4.357369710808320029e+00	8.878396299075569686e+01
4.363659348967174445e+00	8.880797245283406482e+01
4.369947418280990981e+00	8.899048675282790555e+01
4.376226569265827315e+00	8.939353768132774292e+01
4.382499356631129217e+00	8.955505409900395364e+01
4.388784975178015024e+00	8.980967890178857260e+01
4.395068696309480494e+00	8.982529282064334097e+01
4.401347962382031298e+00	9.007093753278519443e+01
4.407628405096517099e+00	9.027884860165069369e+01
4.413915862185140426e+00	9.050134534756480775e+01
4.420203163534264235e+00	9.044067035419173806e+01
4.426480311003382795e+00	9.036921338231309164e+01
4.432765973643649104e+00	9.105512579359348990e+01
4.439053392023870614e+00	9.073465600875812243e+01
4.445336141335588742e+00	9.118826859382595273e+01
4.451617241414883352e+00	9.093760726215786860e+01
4.457901500730311106e+00	9.127510910688732793e+01
4.464189501093017043e+00	9.164495089494943159e+01
4.470470197548729985e+00	9.148841164067006559e+01
4.476748044268524573e+00	9.149079944662442188e+01
4.483035990164653484e+00	9.155183597077346747e+01
4.489323331650528104e+00	9.178457271295508235e+01
4.495599111667934800e+00	9.165319968519493443e+01
4.501870922878794090e+00	9.184013928161897411e+01
4.508155162877705457e+00	9.181648015996070455e+01
4.514446451153479423e+00	9.167055205732964396e+01
4.520723894043856994e+00	9.199394752429849120e+01
4.527003782460155890e+00	9.131278750505086350e+01
4.533293086610313161e+00	9.132421638002834641e+01
4.539578989864040182e+00	9.119473727589311807e+01
4.545857164866476730e+00	9.107009635478735277e+01
4.552138955546025656e+00	9.081696869472055766e+01
4.558432046889146605e+00	9.068607288020335488e+01
4.564713463378488711e+00	9.049510118814001203e+01
4.570987274133244682e+00	9.041573390592061799e+01
4.577274818151045643e+00	9.031696564179405584e+01
4.583563263889338657e+00	9.057641127535116254e+01
4.589844917004465508e+00	9.039396132548883145e+01
4.596126259982004747e+00	9.030055386019826358e+01
4.602409075598298926e+00	9.035981640143086224e+01
4.608696634867644804e+00	9.068915208309348941e+01
4.614977646498861219e+00	9.042078199308485864e+01
4.621258953029527383e+00	9.034846646107311585e+01
4.627547993978874175e+00	9.030039486493207335e+01
4.633830152730579854e+00	9.052994288190824079e+01
4.640104005367354567e+00	9.086027951829730398e+01
4.646382060386754276e+00	9.083159247222545218e+01
4.652674213731970987e+00	9.084372838826719487e+01
4.658958291796220230e+00	9.106584339195110545e+01
4.665233615070169648e+00	9.087723908355508229e+01
4.671520675710307380e+00	9.111102657457676912e+01
4.677814351732177300e+00	9.124587228970514730e+01
4.684093699744638073e+00	9.137460629216907648e+01
4.690368661472568590e+00	9.137892463497298934e+01
4.696663270746453733e+00	9.140147884177480364e+01
4.702945459248681459e+00	9.185269259394915764e+01
4.709209170841929470e+00	9.170976596350071475e+01
4.715491634753063543e+00	9.189068424660345613e+01
4.721784316284933780e+00	9.185860241903047552e+01
4.728063062331094635e+00	9.244895563905291169e+01
4.734337423381671073e+00	9.234273579550435329e+01
4.740627024094544062e+00	9.265719611080103846e+01
4.746914995664547554e+00	9.262984610401234420e+01
4.753194740071086777e+00	9.295757688975609767e+01
4.759478891864783456e+00	9.286418368241825760e+01
4.765762396877359031e+00	9.285733276536103631e+01
4.772049481246195768e+00	9.347636144641505496e+01
4.778335091022592351e+00	9.345500906924186779e+01
4.784610831402393849e+00	9.371937760260449579e+01
4.790907306208476157e+00	9.376305398668341695e+01
4.797204047706418173e+00	9.433936853975667702e+01
4.803470827697504220e+00	9.444660733101312644e+01
4.809748850577324042e+00	9.494165763116183143e+01
4.816045316586602176e+00	9.498660391848618190e+01
4.822329240673497885e+00	9.540287092622560294e+01
4.828596758226470165e+00	9.484534983850355161e+01
4.834890332961369275e+00	9.569911775109748930e+01
4.841191655056394261e+00	9.578750150850370915e+01
4.847460407468000554e+00	9.619395638665770321e+01
4.853732128521334843e+00	9.696281676183912168e+01
4.860029138783373170e+00	9.657519707534007125e+01
4.866314601732018019e+00	9.677937097598680793e+01
4.872587026269203925e+00	9.777960850932605297e+01
4.878874221748241702e+00	9.779086238719051494e+01
4.885171078138658807e+00	9.797136702348548454e+01
4.891450629931857641e+00	9.857419450654805360e+01
4.897716482750221978e+00	9.855262972441431657e+01
4.904002834596266069e+00	9.887607347395564261e+01
4.910295858205786068e+00	9.918754727945666616e+01
4.916575188115905881e+00	9.997839137831456924e+01
4.922847946197084212e+00	9.970035842134139159e+01
4.929131667457151700e+00	1.006707047252019294e+02
4.935434460144239033e+00	1.007257311422718971e+02
4.941718513303545279e+00	1.012990586183360193e+02
4.947978624761803168e+00	1.015693831755341989e+02
4.954274999209829389e+00	1.023101644054156480e+02
4.960571094729937514e+00	1.024800165383409478e+02
4.966823207626954506e+00	1.026008227684591958e+02
4.973097418390337587e+00	1.028081066081830244e+02
4.979415129936382023e+00	1.033996824269140689e+02
4.985702082330368157e+00	1.044340750027169094e+02
4.991949985828016523e+00	1.041994300132711260e+02
4.998241586316924057e+00	1.046508915288539043e+02
5.004556635606089543e+00	1.058186410030716473e+02
5.010828655701208945e+00	1.050693088377614401e+02
5.017077229702536556e+00	1.065313995574244217e+02
5.023374414758113637e+00	1.060411947603944327e+02
5.029688873569548413e+00	1.070481994646096524e+02
5.035958413584124216e+00	1.088449481746558689e+02
5.042232667658486989e+00	1.086705244221120239e+02
5.048528755870775875e+00	1.087302777680598638e+02
5.054821121427484520e+00	1.098750040667809884e+02
5.061069509814582368e+00	1.099035544945051441e+02
5.067347812754101177e+00	1.102804009414743120e+02
5.073675050630431116e+00	1.111739915991906997e+02
5.079945928388977627e+00	1.123280481383713294e+02
5.086192992546071601e+00	1.128498035700467739e+02
5.092484128970163226e+00	1.130593916514726516e+02
5.098802924706086870e+00	1.141178237384486636e+02
5.105078217426394005e+00	1.153943388489257842e+02
5.111325076574067872e+00	1.153966724838772535e+02
5.117628358851224135e+00	1.160064542888746359e+02
5.123935939383525984e+00	1.163261949894618397e+02
5.130199176325612065e+00	1.176177835383579691e+02
5.136469985878846956e+00	1.175339303269651907e+02
5.142797788696348071e+00	1.179593018958242823e+02
5.149090378043822192e+00	1.212786416050936396e+02
5.155289879840074363e+00	1.194964324131349542e+02
5.161564521234301317e+00	1.210698189994417646e+02
5.167916673496016244e+00	1.226585089559757904e+02
5.174205974602950064e+00	1.222664305538496592e+02
5.180434820793812456e+00	1.233582555051119840e+02
5.186729096569634656e+00	1.250149041123834905e+02
5.193058481037780894e+00	1.250754173171691832e+02
5.199319511444338460e+00	1.255839902997092850e+02
5.205574295584361799e+00	1.274680674656780326e+02
5.211894977074066126e+00	1.280411086088807338e+02
5.218201708336958511e+00	1.289421674686851134e+02
5.224411911780083351e+00	1.295503213239795457e+02
5.230677632666463239e+00	1.307777525009904025e+02
5.237056729559757429e+00	1.328139523191497915e+02
5.243336785035660697e+00	1.336132537459795628e+02
5.249493476178225038e+00	1.336476472932457682e+02
5.255787017738318134e+00	1.343918634285440987e+02
5.262205327426889845e+00	1.357344204672066894e+02
5.268477758348532269e+00	1.381543855230156623e+02
5.274632213654732560e+00	1.397064094402943795e+02
5.280950543314659740e+00	1.404967152510063784e+02
5.287327645024750389e+00	1.403323995478181985e+02
5.293582359180156516e+00	1.434986912848842451e+02
5.299789992649893478e+00	1.436963239843076963e+02
5.306111460381987222e+00	1.448611282334048838e+02
5.312452717892129250e+00	1.470209287381177887e+02
5.318650122853046724e+00	1.443871575456338121e+02
5.324923043129819789e+00	1.487171259769021390e+02
5.331330237158205421e+00	1.507750511698475009e+02
5.337586726886338617e+00	1.515651800475341417e+02
5.343685192440848830e+00	1.560505110141818363e+02
5.350070659715249199e+00	1.552635283665458417e+02
5.356556762554878226e+00	1.591314012733975289e+02
5.362691868684501095e+00	1.550378594195427979e+02
5.368769208912516966e+00	1.602088663555453536e+02
5.375270137997677722e+00	1.615278254657252432e+02
5.381769983045385786e+00	1.643573697807316307e+02
5.387701030372958222e+00	1.635273424641274289e+02
5.393786668001271600e+00	1.643211867643976518e+02
5.400446161099396569e+00	1.675615255014569129e+02
5.406957063684501463e+00	1.707888699195389108e+02
5.412655672453426270e+00	1.786872714393213073e+02
5.418821279260546575e+00	1.732920385171748592e+02
5.425690594366304076e+00	1.743715679924996778e+02
5.432217487502165376e+00	1.790316382249036735e+02
5.437649811577258241e+00	1.793465126558318445e+02
5.443914404015878006e+00	1.816381101400066314e+02
5.450953501686320202e+00	1.860574407090746263e+02
5.457483690405861232e+00	1.817279735763935662e+02
5.462715250135157241e+00	1.861870211915840230e+02
5.469033575551323523e+00	1.864158821658780028e+02
5.476177730420278778e+00	1.872691971327333249e+02
5.482708935702562236e+00	1.883222215347973361e+02
5.487722405008360838e+00	1.935730034189944888e+02
5.494194284996126498e+00	1.991239067816370607e+02
5.501391471009256406e+00	1.999360461481682307e+02
5.507128202673079009e+00	1.977197535079268107e+02
5.512278020050448646e+00	2.141328610490203914e+02
5.519395563377015534e+00	2.196696601355423013e+02
5.526598678609708770e+00	2.055108753163871711e+02
5.532162682462509196e+00	2.264405005986526191e+02
5.537397124017139127e+00	2.059722710995643808e+02
5.544582756485218589e+00	2.198255459797192373e+02
5.551739327507637434e+00	2.313499990934884636e+02
5.557493306674907707e+00	2.564330389945064326e+02
5.562281709102816940e+00	2.285894418569994286e+02
5.569272720323164449e+00	4.360771024857239695e+02
