8.899641224696953554e-03	9.317346214948150737e+04
1.507912216506557788e-02	1.283414225247122959e+05
2.144790186456836667e-02	8.601794062949116051e+04
2.783660776489276650e-02	6.200935221760632703e+04
3.435099785803411021e-02	3.686597689670595719e+04
4.047886761425745911e-02	2.571914059962922693e+04
4.676716683575679601e-02	1.786811593666403860e+04
5.308225101765951665e-02	1.757207099505614315e+04
5.945362440940590160e-02	1.883555313782054145e+04
6.576224814588792211e-02	1.810227295696459259e+04
7.196632906698736953e-02	1.629598767477912952e+04
7.827860915688347743e-02	1.445720023296853833e+04
8.470398945834539672e-02	1.060522082468755798e+04
9.096854620527369817e-02	9.551224601696707396e+03
9.720789776830213169e-02	8.000838786460520168e+03
1.034763038959366499e-01	7.342548553986176557e+03
1.097576444254559219e-01	6.653566438630771700e+03
1.160543084780093354e-01	6.517492403225111957e+03
1.223669666537485351e-01	6.180265742667014820e+03
1.286817263090294094e-01	6.001438931214999684e+03
1.349500801664080818e-01	5.515046206798506319e+03
1.411949558842147678e-01	5.138648517881301814e+03
1.475133575747468451e-01	4.717538283620275251e+03
1.537865074252268427e-01	4.376776911310214018e+03
1.600657544051110326e-01	4.158254730729151561e+03
1.663991168687080635e-01	3.812943353537735675e+03
1.727195645776442856e-01	3.632017369019768921e+03
1.789765213377084718e-01	3.512503345717376305e+03
1.852353690647852158e-01	3.337251645812684274e+03
1.914806787341157279e-01	3.223361617231897981e+03
1.977889868651535599e-01	3.067937725940468681e+03
2.040937735447724277e-01	2.989317097685672707e+03
2.103939302609846018e-01	2.817920689112361742e+03
2.166909709822301688e-01	2.736794326775238915e+03
2.229700281216152047e-01	2.608292625496312212e+03
2.292620027086341994e-01	2.499871031229613891e+03
2.355141508366812297e-01	2.459326132011436130e+03
2.417910583817859116e-01	2.321342263206262487e+03
2.480856539439619257e-01	2.294662647838079920e+03
2.543492256872954549e-01	2.191263254824373689e+03
2.606334251884805386e-01	2.118916639579819730e+03
2.669257370896960802e-01	2.064848393219113404e+03
2.732423343141155980e-01	2.015753558269801715e+03
2.795529680084415936e-01	1.943468882276601335e+03
2.858366292314493129e-01	1.897049112504579853e+03
2.920876271394311496e-01	1.864313165679252506e+03
2.983449844439822751e-01	1.807612563035610037e+03
3.046382639407197446e-01	1.758494817278850405e+03
3.109279127003197196e-01	1.723531939653247946e+03
3.172168171618398036e-01	1.667470074770341625e+03
3.235187567944423082e-01	1.635699939505024759e+03
3.298168217550395687e-01	1.605185752841551221e+03
3.361176429457156667e-01	1.585034152336510488e+03
3.423700375709273769e-01	1.533086629999630986e+03
3.486478192666269682e-01	1.524504870979564885e+03
3.549411614411318028e-01	1.468145301197427898e+03
3.611916935421040642e-01	1.443174811181746918e+03
3.674767089563572564e-01	1.432775964959808562e+03
3.737647795277591056e-01	1.407201917626649674e+03
3.800654031475132477e-01	1.363048279501911111e+03
3.863539861259823738e-01	1.332615325830906386e+03
3.926140181364449755e-01	1.315272998179709020e+03
3.989264500321934581e-01	1.286324061719987640e+03
4.052073244576828714e-01	1.282399395868600323e+03
4.114916477570477182e-01	1.248521577592265203e+03
4.177814272116491257e-01	1.232524658519309014e+03
4.240400648725131116e-01	1.201639947681364902e+03
4.303425690270192283e-01	1.195166728614418162e+03
4.366358560255625965e-01	1.167003565067240970e+03
4.428996183220763605e-01	1.144714750221822442e+03
4.491634418529859563e-01	1.151951232164990415e+03
4.554414146254732731e-01	1.138015948182113561e+03
4.617634470301058558e-01	1.111451193749069489e+03
4.680644242023710433e-01	1.093925350099331808e+03
4.743485242764365895e-01	1.078074170962021071e+03
4.806356136815400082e-01	1.067925112223082351e+03
4.869019258388697646e-01	1.048179010590774169e+03
4.931697099599955947e-01	1.032312488977658631e+03
4.994506747144535908e-01	1.020753182774575635e+03
5.057159051335421429e-01	1.012511200777913587e+03
5.119923996268095356e-01	9.980755253971676666e+02
5.183126097768406826e-01	9.900190640791827263e+02
5.246089638029100000e-01	9.789288173488857865e+02
5.308757308483337267e-01	9.586927502247004895e+02
5.371573527946726934e-01	9.465683002478966728e+02
5.434579563783791256e-01	9.408008023776109212e+02
5.497430652392217842e-01	9.224838653649150046e+02
5.559937427501778773e-01	9.203544057065045081e+02
5.622854676609657654e-01	9.052982111934799150e+02
5.686011537227265711e-01	8.983086589522852137e+02
5.748804589422079614e-01	8.901848529725917842e+02
5.811550210340560296e-01	8.786416501800449623e+02
5.874394496660968468e-01	8.720212335435292061e+02
5.937176220296899176e-01	8.597732095622718589e+02
5.999971954793682505e-01	8.538889277418222719e+02
6.062679115124277596e-01	8.372254958373550835e+02
6.125469576444534381e-01	8.315341205019768722e+02
6.188477733041515272e-01	8.185174011098437177e+02
6.251310567437898813e-01	8.117238602696962744e+02
6.314027450383210560e-01	8.042471406103396703e+02
6.377003562732055375e-01	7.912896823781297826e+02
6.439857783314556494e-01	7.903844029781042764e+02
6.502685417166111925e-01	7.792790889966623809e+02
6.565586117699038216e-01	7.734599350581773933e+02
6.628369282359254377e-01	7.663279308905645166e+02
6.691185444962194362e-01	7.573962226110568281e+02
6.754070198575605755e-01	7.565637590934752552e+02
6.816835514593204692e-01	7.420636376133371641e+02
6.879592533861698112e-01	7.368255243480584795e+02
6.942344317039531587e-01	7.316043488505770256e+02
7.005175402434737908e-01	7.300139934775036181e+02
7.068124956608716758e-01	7.130475365288041303e+02
7.131019009674921527e-01	7.125890151115357867e+02
7.193918251171427247e-01	7.078479764006350479e+02
7.256833807598113140e-01	7.051149665115794960e+02
7.319652682709349989e-01	6.957962662294975189e+02
7.382507990484923344e-01	6.890088689902095211e+02
7.445265842115937893e-01	6.832479415444340702e+02
7.507871101942712455e-01	6.762455672142758658e+02
7.570758465316046459e-01	6.691049029313981009e+02
7.633641233600957365e-01	6.640944973920157963e+02
7.696462959862266917e-01	6.604663027799986139e+02
7.759394865175414102e-01	6.580453736998916838e+02
7.822329141989586843e-01	6.520841628066373232e+02
7.885314936520240181e-01	6.438099038397875802e+02
7.947896566979522071e-01	6.413115857095109504e+02
8.010491096592354809e-01	6.370218647622043591e+02
8.073364061727361651e-01	6.292467594085070459e+02
8.136229488373866170e-01	6.278028531437763604e+02
8.199152998961036776e-01	6.198084030533185569e+02
8.261952636392789762e-01	6.130836919569453585e+02
8.324897070080405914e-01	6.097634982989608261e+02
8.387959309210778480e-01	6.061876415633493025e+02
8.450634639703045181e-01	6.002507459557366474e+02
8.513282867562648182e-01	5.963257524098262365e+02
8.576198263902009566e-01	5.919833246181674440e+02
8.639058477062415697e-01	5.894644233588360294e+02
8.701838745487597837e-01	5.813084122508430482e+02
8.764641096075268534e-01	5.784098048381722492e+02
8.827503873399735745e-01	5.759874112044805088e+02
8.890332768393869323e-01	5.703946986558802337e+02
8.953084247113127780e-01	5.664810460868234259e+02
9.015956521667095602e-01	5.635272621473247909e+02
9.078833328094829680e-01	5.591345055827717943e+02
9.141744106319863450e-01	5.511461485396370108e+02
9.204630817717615043e-01	5.484694774575555130e+02
9.267434415264711456e-01	5.424226245536708575e+02
9.330324197354928906e-01	5.419125884139076561e+02
9.393265785573878812e-01	5.373972357288604371e+02
9.455974810398196650e-01	5.339054328213928784e+02
9.518660018545171964e-01	5.308265328417801356e+02
9.581413255531838757e-01	5.260757035706054694e+02
9.644350945109106954e-01	5.237990679860271257e+02
9.707355633568249820e-01	5.194318618789567381e+02
9.770080768450029041e-01	5.178580335488067021e+02
9.832823325363413414e-01	5.129481018543865503e+02
9.895569691966674686e-01	5.086592552037553787e+02
9.958456301921106979e-01	5.032402514882476794e+02
1.002136210743837408e+00	5.030848235964008950e+02
1.008404825335135424e+00	4.977131523082321678e+02
1.014694149836243398e+00	4.938667852106791543e+02
1.020992555437297167e+00	4.899025895508548842e+02
1.027273980437394485e+00	4.868128857565727685e+02
1.033559181896017254e+00	4.841843891925604453e+02
1.039847557392594934e+00	4.780655499806045441e+02
1.046126974943305088e+00	4.780790739299691268e+02
1.052403436811028659e+00	4.742258515192689288e+02
1.058680704651608684e+00	4.712475766439467861e+02
1.064964333065789193e+00	4.680564833232936621e+02
1.071256777440835473e+00	4.634195164137788083e+02
1.077544048801078125e+00	4.623228565025981425e+02
1.083824820188043603e+00	4.583698910232607773e+02
1.090108023942816695e+00	4.556224542547262217e+02
1.096389665956643222e+00	4.524557143090041222e+02
1.102681132058841440e+00	4.491982996132399535e+02
1.108963047594879958e+00	4.476439479911522312e+02
1.115225428463759272e+00	4.428283118248987762e+02
1.121502127614767863e+00	4.400843944740581719e+02
1.127792573824792033e+00	4.359287633601156244e+02
1.134089552668382961e+00	4.346013292498913074e+02
1.140364049650405942e+00	4.302739931046573361e+02
1.146639180320979445e+00	4.295247159378693027e+02
1.152942412991649901e+00	4.269934668902687349e+02
1.159228906751078814e+00	4.232449114718275496e+02
1.165508721887268173e+00	4.202860548379567263e+02
1.171793076256210320e+00	4.172120137589500928e+02
1.178087436369658958e+00	4.154142529042470642e+02
1.184367654251526902e+00	4.125164540195217455e+02
1.190634642299266632e+00	4.100466670363111916e+02
1.196912208834400859e+00	4.063406749957909483e+02
1.203201577354146234e+00	4.050178316703734822e+02
1.209486844441705733e+00	4.030177903992948245e+02
1.215763902074809888e+00	3.990893779565663522e+02
1.222049755171146668e+00	3.981401372276213806e+02
1.228340616621486969e+00	3.956606053904451983e+02
1.234632986576932767e+00	3.915900709907188002e+02
1.240902247176856488e+00	3.899849299814835035e+02
1.247174839144687519e+00	3.861259516435245018e+02
1.253465459933442272e+00	3.839045970374957619e+02
1.259749951892178421e+00	3.829424621629416947e+02
1.266032143127253873e+00	3.800604186713075592e+02
1.272316288472006507e+00	3.763792177673268498e+02
1.278604155058621350e+00	3.751764709558000845e+02
1.284886588933593865e+00	3.732470104050972282e+02
1.291175420066583257e+00	3.710067743384796017e+02
1.297465726373772332e+00	3.685339817766173951e+02
1.303741827011944299e+00	3.672797882433934546e+02
1.310017322922761851e+00	3.653341095919270174e+02
1.316301447662886703e+00	3.624385496140046143e+02
1.322586760363303249e+00	3.609346007648516093e+02
1.328865492452874664e+00	3.592304338178332159e+02
1.335144804954555564e+00	3.552877619482142109e+02
1.341440516272275119e+00	3.538598220282248690e+02
1.347730868417094552e+00	3.518333037387956779e+02
1.354001589994877630e+00	3.489115513346777675e+02
1.360282609297778444e+00	3.479528375903160509e+02
1.366565686457597906e+00	3.456285682763676732e+02
1.372851498482432708e+00	3.440512438311230312e+02
1.379135372929401804e+00	3.416822482315511138e+02
1.385409567149057164e+00	3.399732849354816722e+02
1.391698641219299315e+00	3.371037876443106711e+02
1.397984451439470810e+00	3.347750456698647668e+02
1.404267883409181961e+00	3.333251903778028691e+02
1.410554779484869181e+00	3.314757369136377179e+02
1.416837833547465397e+00	3.289649597440009074e+02
1.423118177187137068e+00	3.281262558445201876e+02
1.429397801164240089e+00	3.256099419556144881e+02
1.435686921822787232e+00	3.253150614624710784e+02
1.441977121769299597e+00	3.220562479160481075e+02
1.448253667853332427e+00	3.214788963553371559e+02
1.454532348972172651e+00	3.190025172293240416e+02
1.460819319151879903e+00	3.166788673356280128e+02
1.467110364402026468e+00	3.152724951392606272e+02
1.473392908948962132e+00	3.134146392364365852e+02
1.479669965243598950e+00	3.123707406244047888e+02
1.485956144602843532e+00	3.096032169549948776e+02
1.492233610763115115e+00	3.081007944475468321e+02
1.498502470379980078e+00	3.064307157915537800e+02
1.504785752051182701e+00	3.049001151298445507e+02
1.511075991894575976e+00	3.027727303223838931e+02
1.517361634985162189e+00	3.017721055942172370e+02
1.523648570969130533e+00	3.000555391329142481e+02
1.529938035715892264e+00	2.973234080810060505e+02
1.536230176913891965e+00	2.966309038512777079e+02
1.542510718779388279e+00	2.948423393756092423e+02
1.548783963082980275e+00	2.926626606329010656e+02
1.555073069779651318e+00	2.922448801282213822e+02
1.561357324927233892e+00	2.906905606611948087e+02
1.567629121053141006e+00	2.885751748972438122e+02
1.573913697404382583e+00	2.875007021021032187e+02
1.580203545230874029e+00	2.862654107329713042e+02
1.586485393434537983e+00	2.842030872747161538e+02
1.592760014263005841e+00	2.824398058323920964e+02
1.599046436394670812e+00	2.806108339357510886e+02
1.605342136637478934e+00	2.799715424910252182e+02
1.611619860919608627e+00	2.781286496658503324e+02
1.617897597081673799e+00	2.761623566172966662e+02
1.624183235481122756e+00	2.750613780566061450e+02
1.630464598531913722e+00	2.733008935419390468e+02
1.636748985747638274e+00	2.718380926139831217e+02
1.643030923698886259e+00	2.697819435356515214e+02
1.649309176648513064e+00	2.694196732256041287e+02
1.655593633940351861e+00	2.675570080547142311e+02
1.661879571405086464e+00	2.666121254326191092e+02
1.668169361685170271e+00	2.647875938105590308e+02
1.674450151530487485e+00	2.638025094304915683e+02
1.680722718978495900e+00	2.626209911515317117e+02
1.687013891340952476e+00	2.610594450474848713e+02
1.693308984907921033e+00	2.603151303261129215e+02
1.699582147428448486e+00	2.578548377338163959e+02
1.705863747055134105e+00	2.565294638585439770e+02
1.712154434283889470e+00	2.555760693123139617e+02
1.718438381579399321e+00	2.549121895723477849e+02
1.724721264464063930e+00	2.532555644417494705e+02
1.730997441276920679e+00	2.512989035618358571e+02
1.737287073528269499e+00	2.501839742971766896e+02
1.743567991878527401e+00	2.488330022164202262e+02
1.749840680212231048e+00	2.477594025814394456e+02
1.756128549091961144e+00	2.458043784681152886e+02
1.762413535324792502e+00	2.446690387641550046e+02
1.768696187669963837e+00	2.438962855347884613e+02
1.774979359379055266e+00	2.421443118774071763e+02
1.781265555576432957e+00	2.413121751567065303e+02
1.787549427830244619e+00	2.400814293582683092e+02
1.793834120011633004e+00	2.386377499811355278e+02
1.800115051552487300e+00	2.377066256369629684e+02
1.806393904854530330e+00	2.368396289737387406e+02
1.812674089667083432e+00	2.353370168118866275e+02
1.818956920109354058e+00	2.344542604723149566e+02
1.825244164118212220e+00	2.327443246303027138e+02
1.831527256642196955e+00	2.321896132556031205e+02
1.837811294935716599e+00	2.304453431361173443e+02
1.844100717411196744e+00	2.295683279027907702e+02
1.850384816792487230e+00	2.290381495143730888e+02
1.856666059735203822e+00	2.273671947428401836e+02
1.862947728675613979e+00	2.261517014927400737e+02
1.869229324466858078e+00	2.254315294281730360e+02
1.875517616802973686e+00	2.239691607736903052e+02
1.881800769033795229e+00	2.228499666203264269e+02
1.888078863416442710e+00	2.220524579297093908e+02
1.894353975182237582e+00	2.210160834812333519e+02
1.900642716154182565e+00	2.198656914537735076e+02
1.906933494748685121e+00	2.186801188590099514e+02
1.913207568676573933e+00	2.182006279809592115e+02
1.919490884732178992e+00	2.160298948592392776e+02
1.925776855684274480e+00	2.156078186900098785e+02
1.932064452961978152e+00	2.146006452908075062e+02
1.938342610030488800e+00	2.135596022930540698e+02
1.944618341543410178e+00	2.123974417123916396e+02
1.950906260203513876e+00	2.115068671851329327e+02
1.957194556613796488e+00	2.105543044624747040e+02
1.963479614559011432e+00	2.095570353873919203e+02
1.969760361532916226e+00	2.085882186317559501e+02
1.976048367034604736e+00	2.071418673401374519e+02
1.982337990217652335e+00	2.065390117073433203e+02
1.988617489259562721e+00	2.055009990317159918e+02
1.994896320665194178e+00	2.047412861693613877e+02
2.001179596222827151e+00	2.037840628589115113e+02
2.007459756923499761e+00	2.024196472482118736e+02
2.013737397779169935e+00	2.019784772773270447e+02
2.020017234677497164e+00	2.012551312354353001e+02
2.026310251015072783e+00	1.997266211515822079e+02
2.032600542948020284e+00	1.993150670227331887e+02
2.038873863192099289e+00	1.981265163407718148e+02
2.045154087821675404e+00	1.975255447765354688e+02
2.051444704514288730e+00	1.966785041087941011e+02
2.057730430280644729e+00	1.957817136070178492e+02
2.064013940455224461e+00	1.947723301332425194e+02
2.070299891179459895e+00	1.937901548167503734e+02
2.076589719964883951e+00	1.928822920589159082e+02
2.082865483794470673e+00	1.915930016411975885e+02
2.089134494859368640e+00	1.904584819201945436e+02
2.095424211360070288e+00	1.903383524680517098e+02
2.101707116664804254e+00	1.890291225663633554e+02
2.107986473933564309e+00	1.886621456015951139e+02
2.114271806543862375e+00	1.873462186366163564e+02
2.120552717288892275e+00	1.867805199426919387e+02
2.126836933207161717e+00	1.862854792063650393e+02
2.133122044791171845e+00	1.851588449727506145e+02
2.139411711910842673e+00	1.842571205820544549e+02
2.145697076775292089e+00	1.834247299001088152e+02
2.151973548606471276e+00	1.829640092495949091e+02
2.158259913555724108e+00	1.819661638491622284e+02
2.164545396699105506e+00	1.810391734456562745e+02
2.170830700377734068e+00	1.801361476524103011e+02
2.177114138849150393e+00	1.797169461635309915e+02
2.183387647576827018e+00	1.789306679809478453e+02
2.189670273687676971e+00	1.777974965993068395e+02
2.195960147934207463e+00	1.773020385165393122e+02
2.202242556317716371e+00	1.763352940485118836e+02
2.208521655981037668e+00	1.756673119924834907e+02
2.214804637081333016e+00	1.750240993314683635e+02
2.221092583349425276e+00	1.742642265283447216e+02
2.227372893591468728e+00	1.736533283585490324e+02
2.233657161144248171e+00	1.728225852034632055e+02
2.239943485394438660e+00	1.720322974333889476e+02
2.246224175264620815e+00	1.710620907783649329e+02
2.252506378421252009e+00	1.706162075279553392e+02
2.258783417054270437e+00	1.697588303661673024e+02
2.265069077371457684e+00	1.694854033670565343e+02
2.271350377044131452e+00	1.684647180355586329e+02
2.277633995145353918e+00	1.674754460402795360e+02
2.283922419579920149e+00	1.672140523793032969e+02
2.290202874392252674e+00	1.662555469707700126e+02
2.296490779970905560e+00	1.656839322917574009e+02
2.302771769934229162e+00	1.650061718359368967e+02
2.309051364164305564e+00	1.643708072293035514e+02
2.315338502539088239e+00	1.640640149926327922e+02
2.321627336503874428e+00	1.633647562429540585e+02
2.327911878297218795e+00	1.625654290616813000e+02
2.334186238580297168e+00	1.617815784230920144e+02
2.340467971862688401e+00	1.611308286417080069e+02
2.346756940970738725e+00	1.605454862124001352e+02
2.353044444556199988e+00	1.597588779243743318e+02
2.359327653314069906e+00	1.593711568616705847e+02
2.365603048789861607e+00	1.586918198048480804e+02
2.371885911737665165e+00	1.578716724046342677e+02
2.378173303594019572e+00	1.576445675660439463e+02
2.384454016539381271e+00	1.564754869376523061e+02
2.390736447344785187e+00	1.564572213548138677e+02
2.397014133897952259e+00	1.555526368821356016e+02
2.403295490074321972e+00	1.548820827285715040e+02
2.409585049672506862e+00	1.546405591878972530e+02
2.415871703165322071e+00	1.538498987173217074e+02
2.422160652369088840e+00	1.533341812274011886e+02
2.428440167222748691e+00	1.527976012194738757e+02
2.434717472383889803e+00	1.523242022215772522e+02
2.441002456202044257e+00	1.515105477147787667e+02
2.447289980304530488e+00	1.510934632270790416e+02
2.453571844729242279e+00	1.503133442605535777e+02
2.459852705114058846e+00	1.501540368455329997e+02
2.466139233225018934e+00	1.495163352420392471e+02
2.472421963421291391e+00	1.491153112556846168e+02
2.478698519174224568e+00	1.485515541053819391e+02
2.484980841400355800e+00	1.479165501858489336e+02
2.491269319409339822e+00	1.473814804004549615e+02
2.497548505139029373e+00	1.467339449049638063e+02
2.503831667172610853e+00	1.461850128626010985e+02
2.510117938323931153e+00	1.458709392425684541e+02
2.516400733681277480e+00	1.452988155316758991e+02
2.522688226833368130e+00	1.447930594403728151e+02
2.528971695852665569e+00	1.444382525658446923e+02
2.535252039407670299e+00	1.437445690828708678e+02
2.541537514142774512e+00	1.430307646966745381e+02
2.547823008847572179e+00	1.426135990373907703e+02
2.554100666580690238e+00	1.421886462267918034e+02
2.560376788884177301e+00	1.419476433312937331e+02
2.566667521601497359e+00	1.415752641586759921e+02
2.572955062237090473e+00	1.411402627398235268e+02
2.579233771797999175e+00	1.403110126963311757e+02
2.585520164300948220e+00	1.399141456477408383e+02
2.591805130332431872e+00	1.396558574140726137e+02
2.598084074692260881e+00	1.391863334500092719e+02
2.604360404197643586e+00	1.386410176334744051e+02
2.610647185140439142e+00	1.383316900128124871e+02
2.616931864059273138e+00	1.380395515918307296e+02
2.623206107911065565e+00	1.374961580579351050e+02
2.629491626543270844e+00	1.372131890493618300e+02
2.635778507982642349e+00	1.365810512633511564e+02
2.642061039325260818e+00	1.360874663211561142e+02
2.648343840729305843e+00	1.357558020013183580e+02
2.654631838974855551e+00	1.352517458227175666e+02
2.660919001246303761e+00	1.346762491653774134e+02
2.667198525130066056e+00	1.344954028223164357e+02
2.673484307038032526e+00	1.343568576098543019e+02
2.679773388053849459e+00	1.339310333876765355e+02
2.686058217632288692e+00	1.333022768947226098e+02
2.692338738200057868e+00	1.328999546785689745e+02
2.698618022887226964e+00	1.327284763156023075e+02
2.704895450708277860e+00	1.322342284063682030e+02
2.711175674923682166e+00	1.320232760072919405e+02
2.717459832966957922e+00	1.315598063442791386e+02
2.723745731959044569e+00	1.312254454475235832e+02
2.730038414850594730e+00	1.306353304220394023e+02
2.736317989800789441e+00	1.302826610141641765e+02
2.742591858549239703e+00	1.299244817213616159e+02
2.748879749010778362e+00	1.298267116315539624e+02
2.755163403825859447e+00	1.294138013764844288e+02
2.761446955625852073e+00	1.289251339466511865e+02
2.767732088935374701e+00	1.288387000393618962e+02
2.774015452421743966e+00	1.283753728017878473e+02
2.780298635700591436e+00	1.281442291975582464e+02
2.786577474762241380e+00	1.278218695016399238e+02
2.792857983210164541e+00	1.275827749644326019e+02
2.799143790920211483e+00	1.272417795008028492e+02
2.805430058399325244e+00	1.269415847395599997e+02
2.811715058209780072e+00	1.266646360987607380e+02
2.817989272498773623e+00	1.263061525433035115e+02
2.824269171595737760e+00	1.260768680042870926e+02
2.830563016441804081e+00	1.257932905602018252e+02
2.836848750951622034e+00	1.257831068183209595e+02
2.843130027866129783e+00	1.251936039622807471e+02
2.849413896912404986e+00	1.249825293755618532e+02
2.855697464522425566e+00	1.248310382295639727e+02
2.861978799810683594e+00	1.247034809707310927e+02
2.868262469415629567e+00	1.242898033621866176e+02
2.874547359206753860e+00	1.239166132909811893e+02
2.880831111471525041e+00	1.237727592778526144e+02
2.887113216972382546e+00	1.235881644932971000e+02
2.893394504725182781e+00	1.234038145137172506e+02
2.899673662137033592e+00	1.230530057460630502e+02
2.905953958587380814e+00	1.229250485801889994e+02
2.912241118105161064e+00	1.227094347709224280e+02
2.918525996366671205e+00	1.223612614477723071e+02
2.924809035425688819e+00	1.221365456142629995e+02
2.931095916293684933e+00	1.221207876448304717e+02
2.937378182606774413e+00	1.220986755923367610e+02
2.943659980254369923e+00	1.215265434118517760e+02
2.949946454403890250e+00	1.214544545310580332e+02
2.956227653702202307e+00	1.214309622085346660e+02
2.962510478867462993e+00	1.211046704997051222e+02
2.968796535179442309e+00	1.210911562072366081e+02
2.975077657376874907e+00	1.207833045530710336e+02
2.981359866759223376e+00	1.205966168658100344e+02
2.987646761575656562e+00	1.203843741018382758e+02
2.993929038370399365e+00	1.205178754073458407e+02
3.000206214840962726e+00	1.202312177564121782e+02
3.006486172402415669e+00	1.200992669039387977e+02
3.012769812211594456e+00	1.200082234104335868e+02
3.019053144326170113e+00	1.198236587245844618e+02
3.025337405144251424e+00	1.198354089601373147e+02
3.031623734799107961e+00	1.197959457617933339e+02
3.037908962055872575e+00	1.195203076753899012e+02
3.044195067146031608e+00	1.193993834507881076e+02
3.050475543482170426e+00	1.191748039961764078e+02
3.056754954538277502e+00	1.195892664187564236e+02
3.063040539557494668e+00	1.194593405838984808e+02
3.069323699454357346e+00	1.192306455734732822e+02
3.075610692642898769e+00	1.194901109500052314e+02
3.081893798009918584e+00	1.189833698027981370e+02
3.088174549548037717e+00	1.190540565021820640e+02
3.094458635632868493e+00	1.190445423312442870e+02
3.100743982931558840e+00	1.189481452553549730e+02
3.107028111748448396e+00	1.190137186683648594e+02
3.113309299655494300e+00	1.189131537122281657e+02
3.119590662867241626e+00	1.188757982514194822e+02
3.125874006820172912e+00	1.189728995213979204e+02
3.132159251154602586e+00	1.188835073333367660e+02
3.138439172765940643e+00	1.189777153418098408e+02
3.144723867719826593e+00	1.191602997880504518e+02
3.151003951258561031e+00	1.189785994110518317e+02
3.157283664131563139e+00	1.191407197945570715e+02
3.163569317183839935e+00	1.191660422669636858e+02
3.169851661717792091e+00	1.193779752341638556e+02
3.176137704316093657e+00	1.193214920653942528e+02
3.182420924828643916e+00	1.191965959484130195e+02
3.188702811875577581e+00	1.194273617660752933e+02
3.194990520008989865e+00	1.194506335428629882e+02
3.201275324656983834e+00	1.197565884800974203e+02
3.207551352179861759e+00	1.196785646486524541e+02
3.213835216737041645e+00	1.199427605273534283e+02
3.220122579819103770e+00	1.198106341383520714e+02
3.226406606618656525e+00	1.194447297220111608e+02
3.232687390085645429e+00	1.192047570190538295e+02
3.238969121280456331e+00	1.189114419761005479e+02
3.245254751548589667e+00	1.186596301568610556e+02
3.251534499036136783e+00	1.182712112965110407e+02
3.257817780791052442e+00	1.179618945125460527e+02
3.264102164154097263e+00	1.177650415485196191e+02
3.270384152138468892e+00	1.176625757997937001e+02
3.276669427476867735e+00	1.172567660867978958e+02
3.282954688864507808e+00	1.172135869208889858e+02
3.289237200334947264e+00	1.167725753438590885e+02
3.295519587088236779e+00	1.164927199168689782e+02
3.301805977329951958e+00	1.163259596274100147e+02
3.308087486222440088e+00	1.157986029354075441e+02
3.314367630234227313e+00	1.157206715352111388e+02
3.320651909732194262e+00	1.154832743802064243e+02
3.326931260376857047e+00	1.154230698589493329e+02
3.333216512447217728e+00	1.150938606891403992e+02
3.339504489419978128e+00	1.148833785300679295e+02
3.345786804809928405e+00	1.143570599870100892e+02
3.352071130016277767e+00	1.143747709313247043e+02
3.358351496304225581e+00	1.139958190650058327e+02
3.364630591073392019e+00	1.138217623626841686e+02
3.370916305215045483e+00	1.137108094443074009e+02
3.377197952029413752e+00	1.134333379136825215e+02
3.383483063818085501e+00	1.131293642858940132e+02
3.389769992424469969e+00	1.128811621832316803e+02
3.396051330885982100e+00	1.126611423753489873e+02
3.402330879139463971e+00	1.124466489800737179e+02
3.408610488352048495e+00	1.124199210623563090e+02
3.414897837696641236e+00	1.121444510102221983e+02
3.421180484052105619e+00	1.116507689549128628e+02
3.427461639653846870e+00	1.115406539823670613e+02
3.433749159643459059e+00	1.115304647435183938e+02
3.440032646656798310e+00	1.113712731410445969e+02
3.446313366033385339e+00	1.111082054750768435e+02
3.452600135384134905e+00	1.109445460956726208e+02
3.458883152815406703e+00	1.107051285526839592e+02
3.465163834403715448e+00	1.104734616463712626e+02
3.471449329786229221e+00	1.103826703419584732e+02
3.477734476754053894e+00	1.102007681137579027e+02
3.484019652467224226e+00	1.099901447190285637e+02
3.490297019369712928e+00	1.097331482357442241e+02
3.496582486484379970e+00	1.094987746042949084e+02
3.502868048046865024e+00	1.092015783808264615e+02
3.509144649545451244e+00	1.091303199895423717e+02
3.515428082003116295e+00	1.090784691667627015e+02
3.521711031624695565e+00	1.089325997784964102e+02
3.527991850954735664e+00	1.085789384140736331e+02
3.534275545726699885e+00	1.086519353643505781e+02
3.540562632020772149e+00	1.082573114479278331e+02
3.546844410757220789e+00	1.081125196811956641e+02
3.553131386753758836e+00	1.080092713083629832e+02
3.559419203211965144e+00	1.077485453249901752e+02
3.565697971577579839e+00	1.077214618577918230e+02
3.571979559134798254e+00	1.075371402324197874e+02
3.578265774595833726e+00	1.074360233794344737e+02
3.584548309769353125e+00	1.071483937694866029e+02
3.590826843920031486e+00	1.073019773852366399e+02
3.597107306745233934e+00	1.068872134227495536e+02
3.603392831792229245e+00	1.068970797144503848e+02
3.609673209822572559e+00	1.066645959012739553e+02
3.615955412133016189e+00	1.064542807442464465e+02
3.622241607772384686e+00	1.063504188915364495e+02
3.628520252736676444e+00	1.063923010445426769e+02
3.634804827569451113e+00	1.061351659676762154e+02
3.641094981788862928e+00	1.059140109211859624e+02
3.647383514928639325e+00	1.060180870036108161e+02
3.653663283927725658e+00	1.057178989952483334e+02
3.659943504072155296e+00	1.058467134339949780e+02
3.666232000281138603e+00	1.055781447814855341e+02
3.672514211678317597e+00	1.053307570482906357e+02
3.678794154686042539e+00	1.051316219666854721e+02
3.685078621861909820e+00	1.052038044840599440e+02
3.691359210097977961e+00	1.052340911176802507e+02
3.697642368173791105e+00	1.049502871977584988e+02
3.703925796735277665e+00	1.048445847554734485e+02
3.710208240364660348e+00	1.048245835050378361e+02
3.716494593122387169e+00	1.046636610038903683e+02
3.722775386659595398e+00	1.047143255587849069e+02
3.729058392883481510e+00	1.045588993481872677e+02
3.735339748210807720e+00	1.045700299842469008e+02
3.741620776392969638e+00	1.043102176807685879e+02
3.747904795418762980e+00	1.043252922626156618e+02
3.754190633281219380e+00	1.040467271615836893e+02
3.760478208018912749e+00	1.040465714221918603e+02
3.766755538573464346e+00	1.039285820551192927e+02
3.773032090135151506e+00	1.039136026386155862e+02
3.779322553012896879e+00	1.038064518416934590e+02
3.785609109731308930e+00	1.038443962253408301e+02
3.791889825936295200e+00	1.038882708140248639e+02
3.798174822702435893e+00	1.036884376897623952e+02
3.804458658753491651e+00	1.036067703305363636e+02
3.810738438095723435e+00	1.034149565906617738e+02
3.817018850285747167e+00	1.037942015495476085e+02
3.823305314209427763e+00	1.033336125055239876e+02
3.829591295197792178e+00	1.033704015519465713e+02
3.835872296070849341e+00	1.031721579467458412e+02
3.842156279590906109e+00	1.032941063260055756e+02
3.848441511099312429e+00	1.032004368095740432e+02
3.854723334376886079e+00	1.030441737810410388e+02
3.861004740704794713e+00	1.031839147658743485e+02
3.867284336650660848e+00	1.032118695056644668e+02
3.873567367678779849e+00	1.032811257899688258e+02
3.879850662830422792e+00	1.028981673188033596e+02
3.886137063198143338e+00	1.030834551645500596e+02
3.892419463049126005e+00	1.031095313654025460e+02
3.898703740328622658e+00	1.031639577012308706e+02
3.904991458788179326e+00	1.031213114356193898e+02
3.911270842222104083e+00	1.031326122248896269e+02
3.917549806479573071e+00	1.031896155123287571e+02
3.923836006203090587e+00	1.029689104520519436e+02
3.930121452497870926e+00	1.032003954782427968e+02
3.936398172858230460e+00	1.033969141785998715e+02
3.942683040425962293e+00	1.032352332808936239e+02
3.948974759704379611e+00	1.032932426288162020e+02
3.955259227995065352e+00	1.032505643179551527e+02
3.961537174921395454e+00	1.033104897407132228e+02
3.967820217617139544e+00	1.032261344494601474e+02
3.974105559832568968e+00	1.033560550442115584e+02
3.980384727931198352e+00	1.033963458175082621e+02
3.986664590839849698e+00	1.031871840659008939e+02
3.992949619150675034e+00	1.034212725815875018e+02
3.999235075769965952e+00	1.034263763529914399e+02
4.005515715515433506e+00	1.034237164267570819e+02
4.011798434346478537e+00	1.033870449480941431e+02
4.018083716245132386e+00	1.035426332536344205e+02
4.024365700052603856e+00	1.036241177422573543e+02
4.030643960839860540e+00	1.036667608529683378e+02
4.036928708926215137e+00	1.036803486338854157e+02
4.043218157412017177e+00	1.038521216790890520e+02
4.049503019487663558e+00	1.038722226507919402e+02
4.055781898960511000e+00	1.041745792343153738e+02
4.062060795621602161e+00	1.040502632410985910e+02
4.068347865354716042e+00	1.040329215801017142e+02
4.074631027173265529e+00	1.042536327174095732e+02
4.080910837526078971e+00	1.044713409445211738e+02
4.087201203341442657e+00	1.043173197720758623e+02
4.093486818591942189e+00	1.046332536776632196e+02
4.099764387336505500e+00	1.044945782365198141e+02
4.106049166937662420e+00	1.048338847962820779e+02
4.112334559041358695e+00	1.049067458435331446e+02
4.118618926059533614e+00	1.048708212195781471e+02
4.124898942031112625e+00	1.048716913894060525e+02
4.131175432561665417e+00	1.053333005066625390e+02
4.137461563786142271e+00	1.052351438947522126e+02
4.143746006210170307e+00	1.056038713533149718e+02
4.150029800482964326e+00	1.055648901511844855e+02
4.156313390684649001e+00	1.058124040490887552e+02
4.162596105843763716e+00	1.059713900004329190e+02
4.168881843141768684e+00	1.060866645342251076e+02
4.175162111073220217e+00	1.066185221346482876e+02
4.181448573417560155e+00	1.064488851228713742e+02
4.187738782464171194e+00	1.064657762588999361e+02
4.194017437180169061e+00	1.067979651265019214e+02
4.200293572701767175e+00	1.066257037056959405e+02
4.206580195481546269e+00	1.071229254319300708e+02
4.212860644652220543e+00	1.072172080599138440e+02
4.219138153430114002e+00	1.073044203797663982e+02
4.225426162098283811e+00	1.076246620792133797e+02
4.231713506719782636e+00	1.077700042588811016e+02
4.237990056577191744e+00	1.078412518176601367e+02
4.244267783646744618e+00	1.081086492365237319e+02
4.250560660182562955e+00	1.084959086329170361e+02
4.256847734842668096e+00	1.086577177252966635e+02
4.263127100734456221e+00	1.088943874372589136e+02
4.269406860432507500e+00	1.089733882631683315e+02
4.275691671482192646e+00	1.090327282683348074e+02
4.281972414189518794e+00	1.092698748482688842e+02
4.288253516806755705e+00	1.096972341235399284e+02
4.294540520160492925e+00	1.097974543724204608e+02
4.300825742921731809e+00	1.101246770823825898e+02
4.307109835491901961e+00	1.102023642553844098e+02
4.313390926478413157e+00	1.105105809285347362e+02
4.319667979480563247e+00	1.104408451208651485e+02
4.325952598143786076e+00	1.108830464788391197e+02
4.332241647035422361e+00	1.110758254041043642e+02
4.338524445619096781e+00	1.113102114048213878e+02
4.344809348131129845e+00	1.119028007454182045e+02
4.351090699193166600e+00	1.116330331653129093e+02
4.357369710808320029e+00	1.120053529533611254e+02
4.363659348967174445e+00	1.120807190679645373e+02
4.369947418280990981e+00	1.123679926866981731e+02
4.376226569265827315e+00	1.121139787661548013e+02
4.382499356631129217e+00	1.127751122341834957e+02
4.388784975178015024e+00	1.130760832265189322e+02
4.395068696309480494e+00	1.131519465007163632e+02
4.401347962382031298e+00	1.137442012629500994e+02
4.407628405096517099e+00	1.133616843097274796e+02
4.413915862185140426e+00	1.136255556453762807e+02
4.420203163534264235e+00	1.140135152028379935e+02
4.426480311003382795e+00	1.140925646142878094e+02
4.432765973643649104e+00	1.145494161181835153e+02
4.439053392023870614e+00	1.141641820259146272e+02
4.445336141335588742e+00	1.148934713377712313e+02
4.451617241414883352e+00	1.147973126324145028e+02
4.457901500730311106e+00	1.151616467321227617e+02
4.464189501093017043e+00	1.152319347272490120e+02
4.470470197548729985e+00	1.149470196575773002e+02
4.476748044268524573e+00	1.155304200875967098e+02
4.483035990164653484e+00	1.154675910453425587e+02
4.489323331650528104e+00	1.156861435485859460e+02
4.495599111667934800e+00	1.152642728107257284e+02
4.501870922878794090e+00	1.152900379798751089e+02
4.508155162877705457e+00	1.154619187905033044e+02
4.514446451153479423e+00	1.149742503899246628e+02
4.520723894043856994e+00	1.151590716477535494e+02
4.527003782460155890e+00	1.148819902565451372e+02
4.533293086610313161e+00	1.149139218082274994e+02
4.539578989864040182e+00	1.146609710754016334e+02
4.545857164866476730e+00	1.144100752989634060e+02
4.552138955546025656e+00	1.141813386374495565e+02
4.558432046889146605e+00	1.138593629756378078e+02
4.564713463378488711e+00	1.137333497547430312e+02
4.570987274133244682e+00	1.137399698494417493e+02
4.577274818151045643e+00	1.133621097624837262e+02
4.583563263889338657e+00	1.136740197637795404e+02
4.589844917004465508e+00	1.132737603952997887e+02
4.596126259982004747e+00	1.131828756572372896e+02
4.602409075598298926e+00	1.130984933811814841e+02
4.608696634867644804e+00	1.131299587950511238e+02
4.614977646498861219e+00	1.133766741926488208e+02
4.621258953029527383e+00	1.136717673208859480e+02
4.627547993978874175e+00	1.137259767538379975e+02
4.633830152730579854e+00	1.130055098555954345e+02
4.640104005367354567e+00	1.135864036569346780e+02
4.646382060386754276e+00	1.135091092403420134e+02
4.652674213731970987e+00	1.129806656606678104e+02
4.658958291796220230e+00	1.137687280032235009e+02
4.665233615070169648e+00	1.137407438622747264e+02
4.671520675710307380e+00	1.142270358428717856e+02
4.677814351732177300e+00	1.137876053648116397e+02
4.684093699744638073e+00	1.140985515978659208e+02
4.690368661472568590e+00	1.148908591317943433e+02
4.696663270746453733e+00	1.142098457728873200e+02
4.702945459248681459e+00	1.145914507014751820e+02
4.709209170841929470e+00	1.148743324774279984e+02
4.715491634753063543e+00	1.147751629000314892e+02
4.721784316284933780e+00	1.149462301265716491e+02
4.728063062331094635e+00	1.153849459361867531e+02
4.734337423381671073e+00	1.157398700796928210e+02
4.740627024094544062e+00	1.155158865398283012e+02
4.746914995664547554e+00	1.159054804553353506e+02
4.753194740071086777e+00	1.159158841709650147e+02
4.759478891864783456e+00	1.162584232954240093e+02
4.765762396877359031e+00	1.158091034633926455e+02
4.772049481246195768e+00	1.168761875911300763e+02
4.778335091022592351e+00	1.167476718013626424e+02
4.784610831402393849e+00	1.170546815040503077e+02
4.790907306208476157e+00	1.168921569590862788e+02
4.797204047706418173e+00	1.177296877861496824e+02
4.803470827697504220e+00	1.170192358865697457e+02
4.809748850577324042e+00	1.182513144184697325e+02
4.816045316586602176e+00	1.183574600245343618e+02
4.822329240673497885e+00	1.189107398749833919e+02
4.828596758226470165e+00	1.189074262353343414e+02
4.834890332961369275e+00	1.193284251331183441e+02
4.841191655056394261e+00	1.194304790310127515e+02
4.847460407468000554e+00	1.197423288230583012e+02
4.853732128521334843e+00	1.201632492987972398e+02
4.860029138783373170e+00	1.204168289466028057e+02
4.866314601732018019e+00	1.213506427657235065e+02
4.872587026269203925e+00	1.220188943471330134e+02
4.878874221748241702e+00	1.216936793000751891e+02
4.885171078138658807e+00	1.214099420786589718e+02
4.891450629931857641e+00	1.221832804896296096e+02
4.897716482750221978e+00	1.223714200049805214e+02
4.904002834596266069e+00	1.222221886953589802e+02
4.910295858205786068e+00	1.231774246247965436e+02
4.916575188115905881e+00	1.242871342248212017e+02
4.922847946197084212e+00	1.241740494859689790e+02
4.929131667457151700e+00	1.243691322810260687e+02
4.935434460144239033e+00	1.246866880099542385e+02
4.941718513303545279e+00	1.254554987884536672e+02
4.947978624761803168e+00	1.252435919151588593e+02
4.954274999209829389e+00	1.266104700477075511e+02
4.960571094729937514e+00	1.273093236371611852e+02
4.966823207626954506e+00	1.272433031149150082e+02
4.973097418390337587e+00	1.277288239027100758e+02
4.979415129936382023e+00	1.281194286250474192e+02
4.985702082330368157e+00	1.283300029966575266e+02
4.991949985828016523e+00	1.298582927368072149e+02
4.998241586316924057e+00	1.294333030599369749e+02
5.004556635606089543e+00	1.303854315950939338e+02
5.010828655701208945e+00	1.310114120356588785e+02
5.017077229702536556e+00	1.320779924812871400e+02
5.023374414758113637e+00	1.318419400170538154e+02
5.029688873569548413e+00	1.329687900509690337e+02
5.035958413584124216e+00	1.334193326357444960e+02
5.042232667658486989e+00	1.348196076103499479e+02
5.048528755870775875e+00	1.352527474553717468e+02
5.054821121427484520e+00	1.363707165702582529e+02
5.061069509814582368e+00	1.352252818886854300e+02
5.067347812754101177e+00	1.363713915804858061e+02
5.073675050630431116e+00	1.373099144801097111e+02
5.079945928388977627e+00	1.398791961509444093e+02
5.086192992546071601e+00	1.399320954403085295e+02
5.092484128970163226e+00	1.399359324268431806e+02
5.098802924706086870e+00	1.406585845738161424e+02
5.105078217426394005e+00	1.410811516758813013e+02
5.111325076574067872e+00	1.430772906144089518e+02
5.117628358851224135e+00	1.443229686656491708e+02
5.123935939383525984e+00	1.444103644072747556e+02
5.130199176325612065e+00	1.459291121372251610e+02
5.136469985878846956e+00	1.457365131925358526e+02
5.142797788696348071e+00	1.457660473299198429e+02
5.149090378043822192e+00	1.489190923611027983e+02
5.155289879840074363e+00	1.497742552338881978e+02
5.161564521234301317e+00	1.501801940481151689e+02
5.167916673496016244e+00	1.514151928730955774e+02
5.174205974602950064e+00	1.515294086772526327e+02
5.180434820793812456e+00	1.526413700615557332e+02
5.186729096569634656e+00	1.528366751777867591e+02
5.193058481037780894e+00	1.550672117730101718e+02
5.199319511444338460e+00	1.567488922626978365e+02
5.205574295584361799e+00	1.581122901981181315e+02
5.211894977074066126e+00	1.582985109637517382e+02
5.218201708336958511e+00	1.598817638018439879e+02
5.224411911780083351e+00	1.619835628958653899e+02
5.230677632666463239e+00	1.618756453451154300e+02
5.237056729559757429e+00	1.632963856804279885e+02
5.243336785035660697e+00	1.651631538789982585e+02
5.249493476178225038e+00	1.641333290341946167e+02
5.255787017738318134e+00	1.655684700979046795e+02
5.262205327426889845e+00	1.688505577938664715e+02
5.268477758348532269e+00	1.702700016206296709e+02
5.274632213654732560e+00	1.707237405004086668e+02
5.280950543314659740e+00	1.728059164479040533e+02
5.287327645024750389e+00	1.751242610061302969e+02
5.293582359180156516e+00	1.748100091130493752e+02
5.299789992649893478e+00	1.778081313436227902e+02
5.306111460381987222e+00	1.765370763117848583e+02
5.312452717892129250e+00	1.819920990751067507e+02
5.318650122853046724e+00	1.842518193456199924e+02
5.324923043129819789e+00	1.836761714639740148e+02
5.331330237158205421e+00	1.832398649287798094e+02
5.337586726886338617e+00	1.877128560460059532e+02
5.343685192440848830e+00	1.874796135145030291e+02
5.350070659715249199e+00	1.910678471099829210e+02
5.356556762554878226e+00	1.939299528189973785e+02
5.362691868684501095e+00	1.949372324079926955e+02
5.368769208912516966e+00	1.974905690665748921e+02
5.375270137997677722e+00	1.976457901043784773e+02
5.381769983045385786e+00	1.986869832952448007e+02
5.387701030372958222e+00	2.025265927442991654e+02
5.393786668001271600e+00	2.022563757058244960e+02
5.400446161099396569e+00	2.064454768084659406e+02
5.406957063684501463e+00	2.098951965484323807e+02
5.412655672453426270e+00	2.069046043907060550e+02
5.418821279260546575e+00	2.142181616662372221e+02
5.425690594366304076e+00	2.178709213062209642e+02
5.432217487502165376e+00	2.223945206904607801e+02
5.437649811577258241e+00	2.253988266680551362e+02
5.443914404015878006e+00	2.218544991838046201e+02
5.450953501686320202e+00	2.295549447530520126e+02
5.457483690405861232e+00	2.315121988856965345e+02
5.462715250135157241e+00	2.360758335395054246e+02
5.469033575551323523e+00	2.242082375721266203e+02
5.476177730420278778e+00	2.357004459743501457e+02
5.482708935702562236e+00	2.363722097156088751e+02
5.487722405008360838e+00	2.421208770754838895e+02
5.494194284996126498e+00	2.474001081772552766e+02
5.501391471009256406e+00	2.383014262389319526e+02
5.507128202673079009e+00	2.623945425179553581e+02
5.512278020050448646e+00	2.645765285020124793e+02
5.519395563377015534e+00	2.580049977166411850e+02
5.526598678609708770e+00	2.484971811630718719e+02
5.532162682462509196e+00	2.508154714515157195e+02
5.537397124017139127e+00	2.597670477567571652e+02
5.544582756485218589e+00	2.603414454096534314e+02
5.551739327507637434e+00	2.639775755179763905e+02
5.557493306674907707e+00	2.655211294409336915e+02
5.562281709102816940e+00	3.079362828933988112e+02
5.569272720323164449e+00	7.863181171849716122e+01
