8.899641224696953554e-03	2.182488360624114284e+04
1.507912216506557788e-02	2.388921137280267794e+04
2.144790186456836667e-02	1.942224157982277393e+04
2.783660776489276650e-02	1.941703563324954303e+04
3.435099785803411021e-02	1.602622497577533977e+04
4.047886761425745911e-02	1.510584371763007402e+04
4.676716683575679601e-02	1.244866893474804965e+04
5.308225101765951665e-02	1.167770580384982895e+04
5.945362440940590160e-02	9.606133253085499746e+03
6.576224814588792211e-02	9.431122812957504721e+03
7.196632906698736953e-02	8.065713508329864453e+03
7.827860915688347743e-02	7.011777220095433222e+03
8.470398945834539672e-02	6.562372091600843305e+03
9.096854620527369817e-02	5.621320047132235231e+03
9.720789776830213169e-02	5.372121513297695856e+03
1.034763038959366499e-01	4.805248466705784267e+03
1.097576444254559219e-01	4.352065404360801040e+03
1.160543084780093354e-01	4.198038080733806964e+03
1.223669666537485351e-01	3.857062557051493059e+03
1.286817263090294094e-01	3.647222446992139794e+03
1.349500801664080818e-01	3.441495315439903607e+03
1.411949558842147678e-01	3.232808095825878809e+03
1.475133575747468451e-01	3.001938752256736279e+03
1.537865074252268427e-01	2.792812944902805611e+03
1.600657544051110326e-01	2.629168381330911870e+03
1.663991168687080635e-01	2.491242844195454381e+03
1.727195645776442856e-01	2.351443602258289957e+03
1.789765213377084718e-01	2.209498177116774514e+03
1.852353690647852158e-01	2.149545511030551552e+03
1.914806787341157279e-01	2.075987120272366155e+03
1.977889868651535599e-01	2.000549978817648480e+03
2.040937735447724277e-01	1.887675619214537392e+03
2.103939302609846018e-01	1.810193457787927173e+03
2.166909709822301688e-01	1.686045734112427226e+03
2.229700281216152047e-01	1.702023985719707980e+03
2.292620027086341994e-01	1.612685160497322158e+03
2.355141508366812297e-01	1.535498144117245829e+03
2.417910583817859116e-01	1.487401010746609700e+03
2.480856539439619257e-01	1.437313286630418588e+03
2.543492256872954549e-01	1.424438690120108276e+03
2.606334251884805386e-01	1.352045014963178573e+03
2.669257370896960802e-01	1.292622318781526701e+03
2.732423343141155980e-01	1.259433622361093057e+03
2.795529680084415936e-01	1.210759242756635558e+03
2.858366292314493129e-01	1.205814273626074964e+03
2.920876271394311496e-01	1.168506173125736723e+03
2.983449844439822751e-01	1.122652142623693408e+03
3.046382639407197446e-01	1.114915425317120253e+03
3.109279127003197196e-01	1.071223968189125117e+03
3.172168171618398036e-01	1.049442638188627143e+03
3.235187567944423082e-01	1.021305997354065653e+03
3.298168217550395687e-01	1.000928406803585176e+03
3.361176429457156667e-01	9.836067394911514157e+02
3.423700375709273769e-01	9.546844824932157962e+02
3.486478192666269682e-01	9.297547638996716159e+02
3.549411614411318028e-01	9.180986373716889375e+02
3.611916935421040642e-01	8.916817837624765843e+02
3.674767089563572564e-01	8.735147198951967766e+02
3.737647795277591056e-01	8.613046257712095439e+02
3.800654031475132477e-01	8.370498323273945971e+02
3.863539861259823738e-01	8.252763228398864612e+02
3.926140181364449755e-01	8.069529244526453340e+02
3.989264500321934581e-01	7.915690610402386937e+02
4.052073244576828714e-01	7.831513689311429971e+02
4.114916477570477182e-01	7.622951631858226165e+02
4.177814272116491257e-01	7.571420859486048585e+02
4.240400648725131116e-01	7.364308513329008292e+02
4.303425690270192283e-01	7.315350476296154056e+02
4.366358560255625965e-01	7.181296838523365977e+02
4.428996183220763605e-01	7.087521071899360550e+02
4.491634418529859563e-01	6.959007087934871834e+02
4.554414146254732731e-01	6.815351688758069031e+02
4.617634470301058558e-01	6.677522250428356756e+02
4.680644242023710433e-01	6.673667234771687617e+02
4.743485242764365895e-01	6.579688767935064106e+02
4.806356136815400082e-01	6.398782841466257878e+02
4.869019258388697646e-01	6.369597289656965131e+02
4.931697099599955947e-01	6.212738880502570282e+02
4.994506747144535908e-01	6.153401291916369473e+02
5.057159051335421429e-01	6.081831344670691806e+02
5.119923996268095356e-01	6.004434018535716859e+02
5.183126097768406826e-01	5.932494908539759990e+02
5.246089638029100000e-01	5.845290295362490269e+02
5.308757308483337267e-01	5.836864043515636240e+02
5.371573527946726934e-01	5.726822271144606020e+02
5.434579563783791256e-01	5.559014696692762527e+02
5.497430652392217842e-01	5.601724789549685966e+02
5.559937427501778773e-01	5.452671336105909177e+02
5.622854676609657654e-01	5.466519833148679481e+02
5.686011537227265711e-01	5.349241574978767630e+02
5.748804589422079614e-01	5.301216727337910015e+02
5.811550210340560296e-01	5.257366862780249903e+02
5.874394496660968468e-01	5.194408331664162688e+02
5.937176220296899176e-01	5.174836780302001671e+02
5.999971954793682505e-01	5.078572861542301666e+02
6.062679115124277596e-01	5.000827589811354414e+02
6.125469576444534381e-01	5.012274056101713313e+02
6.188477733041515272e-01	4.930862131018665764e+02
6.251310567437898813e-01	4.864799103481014981e+02
6.314027450383210560e-01	4.843720760106253920e+02
6.377003562732055375e-01	4.807693287073781221e+02
6.439857783314556494e-01	4.729724835899386903e+02
6.502685417166111925e-01	4.674533047172362785e+02
6.565586117699038216e-01	4.655820775131435880e+02
6.628369282359254377e-01	4.610020872795323612e+02
6.691185444962194362e-01	4.552923345899902188e+02
6.754070198575605755e-01	4.507563675708458391e+02
6.816835514593204692e-01	4.494268881582645463e+02
6.879592533861698112e-01	4.407299289948403498e+02
6.942344317039531587e-01	4.406024109483490747e+02
7.005175402434737908e-01	4.332266663129568656e+02
7.068124956608716758e-01	4.325121418811773424e+02
7.131019009674921527e-01	4.270654191390640335e+02
7.193918251171427247e-01	4.216226023973292740e+02
7.256833807598113140e-01	4.188289940569391661e+02
7.319652682709349989e-01	4.166912270208257496e+02
7.382507990484923344e-01	4.141622358262080752e+02
7.445265842115937893e-01	4.093859371137211269e+02
7.507871101942712455e-01	4.064082036101480639e+02
7.570758465316046459e-01	4.031814882027320550e+02
7.633641233600957365e-01	3.993464321319066244e+02
7.696462959862266917e-01	3.956788901982249627e+02
7.759394865175414102e-01	3.920346069180069435e+02
7.822329141989586843e-01	3.864301619981055751e+02
7.885314936520240181e-01	3.867333907851843264e+02
7.947896566979522071e-01	3.828603526072033674e+02
8.010491096592354809e-01	3.780037933920159503e+02
8.073364061727361651e-01	3.788128553657354587e+02
8.136229488373866170e-01	3.735041777269036061e+02
8.199152998961036776e-01	3.741937184784406440e+02
8.261952636392789762e-01	3.707935341119286932e+02
8.324897070080405914e-01	3.657660930133907300e+02
8.387959309210778480e-01	3.640427628786683840e+02
8.450634639703045181e-01	3.613528505789474821e+02
8.513282867562648182e-01	3.599328752248297292e+02
8.576198263902009566e-01	3.563690571000404361e+02
8.639058477062415697e-01	3.526026084536747476e+02
8.701838745487597837e-01	3.515374918926120813e+02
8.764641096075268534e-01	3.484085616845003983e+02
8.827503873399735745e-01	3.445609967126098923e+02
8.890332768393869323e-01	3.424227783333691377e+02
8.953084247113127780e-01	3.405631033075450205e+02
9.015956521667095602e-01	3.383266557845182660e+02
9.078833328094829680e-01	3.372037527585106318e+02
9.141744106319863450e-01	3.345627489490141215e+02
9.204630817717615043e-01	3.307605899950742696e+02
9.267434415264711456e-01	3.283798990639525641e+02
9.330324197354928906e-01	3.268701960519251202e+02
9.393265785573878812e-01	3.240361370743934231e+02
9.455974810398196650e-01	3.234151197348552955e+02
9.518660018545171964e-01	3.190690396832144415e+02
9.581413255531838757e-01	3.183915220156272312e+02
9.644350945109106954e-01	3.156328447296592685e+02
9.707355633568249820e-01	3.148759793531743867e+02
9.770080768450029041e-01	3.119920120053382107e+02
9.832823325363413414e-01	3.094106896786782954e+02
9.895569691966674686e-01	3.076969537453119869e+02
9.958456301921106979e-01	3.060851696763945142e+02
1.002136210743837408e+00	3.034796989337673381e+02
1.008404825335135424e+00	3.023058791102010332e+02
1.014694149836243398e+00	3.001749830773360941e+02
1.020992555437297167e+00	2.991297167841927944e+02
1.027273980437394485e+00	2.959489765460487547e+02
1.033559181896017254e+00	2.954307365581418594e+02
1.039847557392594934e+00	2.928186542784168296e+02
1.046126974943305088e+00	2.913994143585234724e+02
1.052403436811028659e+00	2.898165888460139854e+02
1.058680704651608684e+00	2.880752472268263773e+02
1.064964333065789193e+00	2.863501308705701263e+02
1.071256777440835473e+00	2.841180902567328417e+02
1.077544048801078125e+00	2.810946849118701039e+02
1.083824820188043603e+00	2.806583523144868195e+02
1.090108023942816695e+00	2.792835429855265374e+02
1.096389665956643222e+00	2.770301248456462986e+02
1.102681132058841440e+00	2.752582462559112173e+02
1.108963047594879958e+00	2.741483021954127253e+02
1.115225428463759272e+00	2.733012678508774798e+02
1.121502127614767863e+00	2.715834154465701431e+02
1.127792573824792033e+00	2.686189865145756812e+02
1.134089552668382961e+00	2.676861744539131678e+02
1.140364049650405942e+00	2.658314844933154291e+02
1.146639180320979445e+00	2.643422120503723249e+02
1.152942412991649901e+00	2.640090701758219893e+02
1.159228906751078814e+00	2.611454247046788737e+02
1.165508721887268173e+00	2.591010718100968120e+02
1.171793076256210320e+00	2.586573910855749432e+02
1.178087436369658958e+00	2.569276023503524584e+02
1.184367654251526902e+00	2.552716566521006598e+02
1.190634642299266632e+00	2.549545560949252376e+02
1.196912208834400859e+00	2.531201993071327365e+02
1.203201577354146234e+00	2.517770834805869526e+02
1.209486844441705733e+00	2.507245547186643648e+02
1.215763902074809888e+00	2.497575116391552399e+02
1.222049755171146668e+00	2.468951837494411166e+02
1.228340616621486969e+00	2.465016417302613831e+02
1.234632986576932767e+00	2.452874535556105400e+02
1.240902247176856488e+00	2.432441285190207054e+02
1.247174839144687519e+00	2.422934917250102274e+02
1.253465459933442272e+00	2.418067922463865216e+02
1.259749951892178421e+00	2.398920417450276261e+02
1.266032143127253873e+00	2.387530941858258302e+02
1.272316288472006507e+00	2.368898719095863612e+02
1.278604155058621350e+00	2.354623890185277162e+02
1.284886588933593865e+00	2.347593163348175835e+02
1.291175420066583257e+00	2.338650348859439134e+02
1.297465726373772332e+00	2.331237171674272304e+02
1.303741827011944299e+00	2.316580173304344896e+02
1.310017322922761851e+00	2.298638762511468769e+02
1.316301447662886703e+00	2.277587669621568693e+02
1.322586760363303249e+00	2.268626007042150832e+02
1.328865492452874664e+00	2.263642494811149959e+02
1.335144804954555564e+00	2.257851948477149620e+02
1.341440516272275119e+00	2.240214795318648839e+02
1.347730868417094552e+00	2.223286718773635187e+02
1.354001589994877630e+00	2.214548935017724034e+02
1.360282609297778444e+00	2.197933665567179844e+02
1.366565686457597906e+00	2.203894536014501853e+02
1.372851498482432708e+00	2.183225707611189819e+02
1.379135372929401804e+00	2.172521899066601918e+02
1.385409567149057164e+00	2.156464105766263799e+02
1.391698641219299315e+00	2.147673975141506446e+02
1.397984451439470810e+00	2.138447320993286951e+02
1.404267883409181961e+00	2.118207935536800619e+02
1.410554779484869181e+00	2.127359044901364484e+02
1.416837833547465397e+00	2.112232416511874078e+02
1.423118177187137068e+00	2.092580790012073351e+02
1.429397801164240089e+00	2.087351654632364273e+02
1.435686921822787232e+00	2.074104813612821090e+02
1.441977121769299597e+00	2.063011895074886866e+02
1.448253667853332427e+00	2.050766228676410208e+02
1.454532348972172651e+00	2.045966149598891093e+02
1.460819319151879903e+00	2.032743496658307549e+02
1.467110364402026468e+00	2.029132673339551616e+02
1.473392908948962132e+00	2.012964254980722671e+02
1.479669965243598950e+00	2.009827434594448619e+02
1.485956144602843532e+00	1.992035059396897054e+02
1.492233610763115115e+00	1.982624868622573899e+02
1.498502470379980078e+00	1.971941963960174462e+02
1.504785752051182701e+00	1.964747026330522885e+02
1.511075991894575976e+00	1.956782792864240434e+02
1.517361634985162189e+00	1.939639661113216675e+02
1.523648570969130533e+00	1.937952545935367255e+02
1.529938035715892264e+00	1.922102686449515545e+02
1.536230176913891965e+00	1.918202269335089625e+02
1.542510718779388279e+00	1.909299223590188603e+02
1.548783963082980275e+00	1.900850057771690444e+02
1.555073069779651318e+00	1.891173855465664815e+02
1.561357324927233892e+00	1.887631357391188658e+02
1.567629121053141006e+00	1.870867150882430963e+02
1.573913697404382583e+00	1.869920615322453159e+02
1.580203545230874029e+00	1.847169069738221765e+02
1.586485393434537983e+00	1.851638049567157509e+02
1.592760014263005841e+00	1.835578679146258025e+02
1.599046436394670812e+00	1.834308670596102786e+02
1.605342136637478934e+00	1.825181646019983361e+02
1.611619860919608627e+00	1.812173849515166353e+02
1.617897597081673799e+00	1.805218503049055414e+02
1.624183235481122756e+00	1.799810066324318143e+02
1.630464598531913722e+00	1.789106272638391602e+02
1.636748985747638274e+00	1.782602740878818679e+02
1.643030923698886259e+00	1.775121653972496460e+02
1.649309176648513064e+00	1.769678579796681959e+02
1.655593633940351861e+00	1.759153867801349236e+02
1.661879571405086464e+00	1.747056117233375119e+02
1.668169361685170271e+00	1.739758584080146022e+02
1.674450151530487485e+00	1.732145691302931994e+02
1.680722718978495900e+00	1.723326859187385764e+02
1.687013891340952476e+00	1.714422853379424510e+02
1.693308984907921033e+00	1.712472348900975874e+02
1.699582147428448486e+00	1.700474317257650796e+02
1.705863747055134105e+00	1.693283600955705595e+02
1.712154434283889470e+00	1.687965965057520066e+02
1.718438381579399321e+00	1.681942188649987600e+02
1.724721264464063930e+00	1.671704611753365270e+02
1.730997441276920679e+00	1.666360390692214821e+02
1.737287073528269499e+00	1.655505510938988891e+02
1.743567991878527401e+00	1.646913856783963013e+02
1.749840680212231048e+00	1.635448532985611791e+02
1.756128549091961144e+00	1.636413522593582286e+02
1.762413535324792502e+00	1.624250714122671297e+02
1.768696187669963837e+00	1.620420863858472558e+02
1.774979359379055266e+00	1.609088965346539339e+02
1.781265555576432957e+00	1.604133704976898116e+02
1.787549427830244619e+00	1.597958420451849122e+02
1.793834120011633004e+00	1.592727036268885570e+02
1.800115051552487300e+00	1.584376815358465365e+02
1.806393904854530330e+00	1.576576371525263482e+02
1.812674089667083432e+00	1.571618166590556598e+02
1.818956920109354058e+00	1.563599903262156658e+02
1.825244164118212220e+00	1.552829207733897761e+02
1.831527256642196955e+00	1.547496669271089615e+02
1.837811294935716599e+00	1.542568568339694082e+02
1.844100717411196744e+00	1.534735247548590849e+02
1.850384816792487230e+00	1.530681371935503137e+02
1.856666059735203822e+00	1.523506533098722002e+02
1.862947728675613979e+00	1.515634187992234558e+02
1.869229324466858078e+00	1.513248753204553054e+02
1.875517616802973686e+00	1.502096937421037808e+02
1.881800769033795229e+00	1.495146033105218351e+02
1.888078863416442710e+00	1.489160657517235222e+02
1.894353975182237582e+00	1.483266342539859295e+02
1.900642716154182565e+00	1.478315278731564320e+02
1.906933494748685121e+00	1.473132732336771937e+02
1.913207568676573933e+00	1.466954955964066016e+02
1.919490884732178992e+00	1.460775245424239017e+02
1.925776855684274480e+00	1.453415472385382543e+02
1.932064452961978152e+00	1.447384137625147105e+02
1.938342610030488800e+00	1.442756949639695279e+02
1.944618341543410178e+00	1.435718140990603331e+02
1.950906260203513876e+00	1.429118684609208572e+02
1.957194556613796488e+00	1.425219537471466538e+02
1.963479614559011432e+00	1.417870815940003695e+02
1.969760361532916226e+00	1.412345213993954474e+02
1.976048367034604736e+00	1.408396618269091221e+02
1.982337990217652335e+00	1.401893361171727861e+02
1.988617489259562721e+00	1.394015659114701862e+02
1.994896320665194178e+00	1.388997714709240938e+02
2.001179596222827151e+00	1.382730678875023784e+02
2.007459756923499761e+00	1.378516484439104488e+02
2.013737397779169935e+00	1.370973000543333455e+02
2.020017234677497164e+00	1.365964206124474458e+02
2.026310251015072783e+00	1.359854073741737182e+02
2.032600542948020284e+00	1.354360506623734750e+02
2.038873863192099289e+00	1.351698343741393558e+02
2.045154087821675404e+00	1.344770500313622961e+02
2.051444704514288730e+00	1.340670491656222794e+02
2.057730430280644729e+00	1.336674902335021216e+02
2.064013940455224461e+00	1.326645079455855694e+02
2.070299891179459895e+00	1.321562474394455933e+02
2.076589719964883951e+00	1.319009776027621115e+02
2.082865483794470673e+00	1.311383974214007253e+02
2.089134494859368640e+00	1.309424668951560307e+02
2.095424211360070288e+00	1.305789170593176891e+02
2.101707116664804254e+00	1.298176672856024823e+02
2.107986473933564309e+00	1.292040223967055397e+02
2.114271806543862375e+00	1.286435170285197387e+02
2.120552717288892275e+00	1.282515145847349629e+02
2.126836933207161717e+00	1.278618513249395789e+02
2.133122044791171845e+00	1.270349084580805652e+02
2.139411711910842673e+00	1.266751784171180333e+02
2.145697076775292089e+00	1.262780111632880278e+02
2.151973548606471276e+00	1.258268320189232838e+02
2.158259913555724108e+00	1.253438708818018483e+02
2.164545396699105506e+00	1.246423603832643039e+02
2.170830700377734068e+00	1.243843425804172966e+02
2.177114138849150393e+00	1.240955182224632551e+02
2.183387647576827018e+00	1.235255092179308463e+02
2.189670273687676971e+00	1.229929693143309208e+02
2.195960147934207463e+00	1.222272346909128089e+02
2.202242556317716371e+00	1.221202277062477748e+02
2.208521655981037668e+00	1.215421933883574042e+02
2.214804637081333016e+00	1.209601623454554726e+02
2.221092583349425276e+00	1.206722198742121748e+02
2.227372893591468728e+00	1.202095887712932694e+02
2.233657161144248171e+00	1.198900069480439186e+02
2.239943485394438660e+00	1.190641063307048739e+02
2.246224175264620815e+00	1.185121742153322799e+02
2.252506378421252009e+00	1.184263668443769149e+02
2.258783417054270437e+00	1.181305635811682464e+02
2.265069077371457684e+00	1.177407400467260459e+02
2.271350377044131452e+00	1.171138311926131621e+02
2.277633995145353918e+00	1.163456611254285065e+02
2.283922419579920149e+00	1.161072284692698844e+02
2.290202874392252674e+00	1.159553310008238327e+02
2.296490779970905560e+00	1.154295614189256014e+02
2.302771769934229162e+00	1.148990879342626954e+02
2.309051364164305564e+00	1.143351787333948408e+02
2.315338502539088239e+00	1.139400538900256237e+02
2.321627336503874428e+00	1.138710704027892859e+02
2.327911878297218795e+00	1.132692089407663758e+02
2.334186238580297168e+00	1.130126384389159426e+02
2.340467971862688401e+00	1.125883256627439977e+02
2.346756940970738725e+00	1.122402390336592504e+02
2.353044444556199988e+00	1.116789362394084577e+02
2.359327653314069906e+00	1.113048928934042721e+02
2.365603048789861607e+00	1.109686093542788257e+02
2.371885911737665165e+00	1.106291679348180423e+02
2.378173303594019572e+00	1.101794200559483983e+02
2.384454016539381271e+00	1.099275375929535841e+02
2.390736447344785187e+00	1.091321074814649847e+02
2.397014133897952259e+00	1.090877481579119319e+02
2.403295490074321972e+00	1.088767933204239284e+02
2.409585049672506862e+00	1.083125673342712219e+02
2.415871703165322071e+00	1.080457216423245939e+02
2.422160652369088840e+00	1.074906552783262015e+02
2.428440167222748691e+00	1.070929967551321056e+02
2.434717472383889803e+00	1.068852331620033880e+02
2.441002456202044257e+00	1.065012654743521949e+02
2.447289980304530488e+00	1.061799391284136789e+02
2.453571844729242279e+00	1.058105802811138147e+02
2.459852705114058846e+00	1.056349560020282041e+02
2.466139233225018934e+00	1.050801674917860566e+02
2.472421963421291391e+00	1.048088811940856431e+02
2.478698519174224568e+00	1.045368188505288600e+02
2.484980841400355800e+00	1.040513731407359614e+02
2.491269319409339822e+00	1.036969253510875433e+02
2.497548505139029373e+00	1.033891901103912261e+02
2.503831667172610853e+00	1.030256232584781060e+02
2.510117938323931153e+00	1.028009712554747779e+02
2.516400733681277480e+00	1.025491413156646416e+02
2.522688226833368130e+00	1.022601354627883836e+02
2.528971695852665569e+00	1.018355266716226879e+02
2.535252039407670299e+00	1.015534459225027888e+02
2.541537514142774512e+00	1.011003874607703636e+02
2.547823008847572179e+00	1.007306347885086808e+02
2.554100666580690238e+00	1.005509981596036369e+02
2.560376788884177301e+00	1.003011823233351407e+02
2.566667521601497359e+00	1.000408729614585326e+02
2.572955062237090473e+00	9.967420880577225262e+01
2.579233771797999175e+00	9.931218568348525366e+01
2.585520164300948220e+00	9.917300368695953239e+01
2.591805130332431872e+00	9.887306744822124926e+01
2.598084074692260881e+00	9.849222578208642176e+01
2.604360404197643586e+00	9.828719778005294927e+01
2.610647185140439142e+00	9.811887096092371507e+01
2.616931864059273138e+00	9.765952521812764076e+01
2.623206107911065565e+00	9.736697309952791102e+01
2.629491626543270844e+00	9.705093313186755211e+01
2.635778507982642349e+00	9.705411385320027762e+01
2.642061039325260818e+00	9.665508698229838558e+01
2.648343840729305843e+00	9.645116670973303030e+01
2.654631838974855551e+00	9.614654983526094156e+01
2.660919001246303761e+00	9.586803203398233109e+01
2.667198525130066056e+00	9.570569392448499002e+01
2.673484307038032526e+00	9.525853684992510750e+01
2.679773388053849459e+00	9.520049367903583004e+01
2.686058217632288692e+00	9.486576625343562341e+01
2.692338738200057868e+00	9.461223207310607108e+01
2.698618022887226964e+00	9.440524382088835864e+01
2.704895450708277860e+00	9.420734841765803935e+01
2.711175674923682166e+00	9.397374324439955728e+01
2.717459832966957922e+00	9.367303234527886957e+01
2.723745731959044569e+00	9.350630381407044922e+01
2.730038414850594730e+00	9.327098764358059668e+01
2.736317989800789441e+00	9.293788151004532949e+01
2.742591858549239703e+00	9.263410545036465749e+01
2.748879749010778362e+00	9.268787974826059894e+01
2.755163403825859447e+00	9.265834156027109714e+01
2.761446955625852073e+00	9.226396139392385010e+01
2.767732088935374701e+00	9.191827158922060903e+01
2.774015452421743966e+00	9.195483214641068059e+01
2.780298635700591436e+00	9.181030050907276063e+01
2.786577474762241380e+00	9.149369974077367829e+01
2.792857983210164541e+00	9.120688593793863674e+01
2.799143790920211483e+00	9.109047284369867725e+01
2.805430058399325244e+00	9.102727074342689662e+01
2.811715058209780072e+00	9.062226787895774294e+01
2.817989272498773623e+00	9.049627302894242575e+01
2.824269171595737760e+00	9.039005336444499505e+01
2.830563016441804081e+00	9.023160121608965767e+01
2.836848750951622034e+00	8.999079627703852680e+01
2.843130027866129783e+00	8.991523470879192814e+01
2.849413896912404986e+00	8.977105289568950752e+01
2.855697464522425566e+00	8.953341544359022919e+01
2.861978799810683594e+00	8.938416940597387850e+01
2.868262469415629567e+00	8.934413982398405096e+01
2.874547359206753860e+00	8.912733482594242673e+01
2.880831111471525041e+00	8.898276389251213914e+01
2.887113216972382546e+00	8.878652992273970312e+01
2.893394504725182781e+00	8.863194369485586321e+01
2.899673662137033592e+00	8.852482034092898289e+01
2.905953958587380814e+00	8.843665758770097796e+01
2.912241118105161064e+00	8.834494843740303338e+01
2.918525996366671205e+00	8.815887489436471469e+01
2.924809035425688819e+00	8.817053610272787978e+01
2.931095916293684933e+00	8.796911743744728085e+01
2.937378182606774413e+00	8.789552005267529466e+01
2.943659980254369923e+00	8.773252001328931726e+01
2.949946454403890250e+00	8.763441411487956145e+01
2.956227653702202307e+00	8.756330076652098171e+01
2.962510478867462993e+00	8.758893563852338104e+01
2.968796535179442309e+00	8.718525915814061023e+01
2.975077657376874907e+00	8.728311666962439119e+01
2.981359866759223376e+00	8.735572719476385828e+01
2.987646761575656562e+00	8.713412985153793500e+01
2.993929038370399365e+00	8.714207569387227181e+01
3.000206214840962726e+00	8.695193403697638246e+01
3.006486172402415669e+00	8.680502618427753703e+01
3.012769812211594456e+00	8.676302584265803830e+01
3.019053144326170113e+00	8.678050166478220717e+01
3.025337405144251424e+00	8.668325952966085879e+01
3.031623734799107961e+00	8.666062201616567506e+01
3.037908962055872575e+00	8.648523991535897437e+01
3.044195067146031608e+00	8.645994179620606701e+01
3.050475543482170426e+00	8.634017139454667245e+01
3.056754954538277502e+00	8.657858976973366794e+01
3.063040539557494668e+00	8.645309851788169908e+01
3.069323699454357346e+00	8.652549948573327754e+01
3.075610692642898769e+00	8.641980324768032062e+01
3.081893798009918584e+00	8.637576574941131469e+01
3.088174549548037717e+00	8.639218658473126311e+01
3.094458635632868493e+00	8.644073779774842592e+01
3.100743982931558840e+00	8.657577948255745071e+01
3.107028111748448396e+00	8.643932605033114669e+01
3.113309299655494300e+00	8.655900989259762923e+01
3.119590662867241626e+00	8.638291333900653513e+01
3.125874006820172912e+00	8.630956518288611790e+01
3.132159251154602586e+00	8.647832975831178715e+01
3.138439172765940643e+00	8.667630731384264209e+01
3.144723867719826593e+00	8.659241086306825252e+01
3.151003951258561031e+00	8.652326958942465751e+01
3.157283664131563139e+00	8.656244586144737241e+01
3.163569317183839935e+00	8.669175080909778330e+01
3.169851661717792091e+00	8.667207312168399369e+01
3.176137704316093657e+00	8.687671497910935159e+01
3.182420924828643916e+00	8.701814382186576324e+01
3.188702811875577581e+00	8.699927764688958121e+01
3.194990520008989865e+00	8.706579306882265712e+01
3.201275324656983834e+00	8.727533650057300463e+01
3.207551352179861759e+00	8.721484261508786062e+01
3.213835216737041645e+00	8.741936432076390417e+01
3.220122579819103770e+00	8.742893444838404093e+01
3.226406606618656525e+00	8.714756783348296665e+01
3.232687390085645429e+00	8.670157737392324293e+01
3.238969121280456331e+00	8.675237558735089749e+01
3.245254751548589667e+00	8.654081789996592988e+01
3.251534499036136783e+00	8.632192220006830041e+01
3.257817780791052442e+00	8.622415987798690651e+01
3.264102164154097263e+00	8.587218555383023499e+01
3.270384152138468892e+00	8.579327588007014072e+01
3.276669427476867735e+00	8.564123062791922791e+01
3.282954688864507808e+00	8.544363194282955476e+01
3.289237200334947264e+00	8.526529393818324820e+01
3.295519587088236779e+00	8.513232261493287467e+01
3.301805977329951958e+00	8.498775502838982732e+01
3.308087486222440088e+00	8.480057983041155012e+01
3.314367630234227313e+00	8.458120183731105612e+01
3.320651909732194262e+00	8.445361785997910431e+01
3.326931260376857047e+00	8.424416952623136012e+01
3.333216512447217728e+00	8.433794868207091611e+01
3.339504489419978128e+00	8.398713597278795362e+01
3.345786804809928405e+00	8.389964305384708609e+01
3.352071130016277767e+00	8.372307431633564079e+01
3.358351496304225581e+00	8.348903675940704261e+01
3.364630591073392019e+00	8.338489162575613989e+01
3.370916305215045483e+00	8.323321790931004216e+01
3.377197952029413752e+00	8.312209611062547765e+01
3.383483063818085501e+00	8.291341785799801301e+01
3.389769992424469969e+00	8.273206446931521896e+01
3.396051330885982100e+00	8.256219879221968938e+01
3.402330879139463971e+00	8.251644559483732166e+01
3.408610488352048495e+00	8.245071767596053292e+01
3.414897837696641236e+00	8.222406747303568864e+01
3.421180484052105619e+00	8.213620250044253623e+01
3.427461639653846870e+00	8.202145263020241828e+01
3.433749159643459059e+00	8.189289534556040451e+01
3.440032646656798310e+00	8.162977908478640643e+01
3.446313366033385339e+00	8.174935124021037325e+01
3.452600135384134905e+00	8.144480956783409908e+01
3.458883152815406703e+00	8.123424722852304569e+01
3.465163834403715448e+00	8.113393284105814018e+01
3.471449329786229221e+00	8.118441953860573790e+01
3.477734476754053894e+00	8.094631555032225378e+01
3.484019652467224226e+00	8.076774925167981678e+01
3.490297019369712928e+00	8.073111380272973747e+01
3.496582486484379970e+00	8.065797271450861672e+01
3.502868048046865024e+00	8.039546225296099635e+01
3.509144649545451244e+00	8.024099122802205386e+01
3.515428082003116295e+00	8.021125289809664594e+01
3.521711031624695565e+00	8.007256987538659132e+01
3.527991850954735664e+00	7.996148966027757865e+01
3.534275545726699885e+00	8.006355732528248836e+01
3.540562632020772149e+00	7.986371439215876933e+01
3.546844410757220789e+00	7.982209024113021201e+01
3.553131386753758836e+00	7.953645852341527700e+01
3.559419203211965144e+00	7.958367020563747474e+01
3.565697971577579839e+00	7.957416956247189432e+01
3.571979559134798254e+00	7.937457440693736999e+01
3.578265774595833726e+00	7.927008557387779319e+01
3.584548309769353125e+00	7.926544964377264080e+01
3.590826843920031486e+00	7.910483726918054970e+01
3.597107306745233934e+00	7.899785216061606263e+01
3.603392831792229245e+00	7.893077479432277244e+01
3.609673209822572559e+00	7.869160632548809531e+01
3.615955412133016189e+00	7.874098719562476845e+01
3.622241607772384686e+00	7.860315308430659798e+01
3.628520252736676444e+00	7.853294065270090130e+01
3.634804827569451113e+00	7.851195059572181378e+01
3.641094981788862928e+00	7.839301443734534303e+01
3.647383514928639325e+00	7.835424555155744031e+01
3.653663283927725658e+00	7.831877148842637837e+01
3.659943504072155296e+00	7.821125272240163895e+01
3.666232000281138603e+00	7.837701648382130770e+01
3.672514211678317597e+00	7.808343640258570417e+01
3.678794154686042539e+00	7.795926265950618017e+01
3.685078621861909820e+00	7.811460254777220769e+01
3.691359210097977961e+00	7.791272615420635361e+01
3.697642368173791105e+00	7.791882446144087737e+01
3.703925796735277665e+00	7.789007436083332436e+01
3.710208240364660348e+00	7.766630356832928328e+01
3.716494593122387169e+00	7.769154921630234867e+01
3.722775386659595398e+00	7.773720290757232476e+01
3.729058392883481510e+00	7.736349676749048854e+01
3.735339748210807720e+00	7.741439143944857904e+01
3.741620776392969638e+00	7.736147425469404482e+01
3.747904795418762980e+00	7.745838757501368832e+01
3.754190633281219380e+00	7.737054006284084551e+01
3.760478208018912749e+00	7.722871196779145464e+01
3.766755538573464346e+00	7.730613603499264741e+01
3.773032090135151506e+00	7.737087840621541091e+01
3.779322553012896879e+00	7.723887324901286888e+01
3.785609109731308930e+00	7.724186192515328742e+01
3.791889825936295200e+00	7.711098162217234631e+01
3.798174822702435893e+00	7.709700948110345564e+01
3.804458658753491651e+00	7.715491690870076980e+01
3.810738438095723435e+00	7.704055424948134601e+01
3.817018850285747167e+00	7.700377563677123760e+01
3.823305314209427763e+00	7.703326574625550904e+01
3.829591295197792178e+00	7.695185334177472214e+01
3.835872296070849341e+00	7.705834102055771950e+01
3.842156279590906109e+00	7.699326118216318093e+01
3.848441511099312429e+00	7.701234788037940859e+01
3.854723334376886079e+00	7.683168793210482761e+01
3.861004740704794713e+00	7.690189496456466145e+01
3.867284336650660848e+00	7.684787706280782515e+01
3.873567367678779849e+00	7.685738059599390226e+01
3.879850662830422792e+00	7.694972417882785010e+01
3.886137063198143338e+00	7.692050516861277742e+01
3.892419463049126005e+00	7.693519009708532508e+01
3.898703740328622658e+00	7.711443075583946438e+01
3.904991458788179326e+00	7.690865700065768351e+01
3.911270842222104083e+00	7.697503818154009991e+01
3.917549806479573071e+00	7.703028972972064992e+01
3.923836006203090587e+00	7.707636081825616259e+01
3.930121452497870926e+00	7.710406930063238917e+01
3.936398172858230460e+00	7.715818657774237010e+01
3.942683040425962293e+00	7.716413250725389616e+01
3.948974759704379611e+00	7.718694360619561223e+01
3.955259227995065352e+00	7.718432037047617200e+01
3.961537174921395454e+00	7.724287766470614258e+01
3.967820217617139544e+00	7.721822641652825325e+01
3.974105559832568968e+00	7.734571826196665256e+01
3.980384727931198352e+00	7.743289644039182917e+01
3.986664590839849698e+00	7.731179048760384376e+01
3.992949619150675034e+00	7.731045628403417425e+01
3.999235075769965952e+00	7.748021618958082968e+01
4.005515715515433506e+00	7.752417746046832292e+01
4.011798434346478537e+00	7.767027840382810666e+01
4.018083716245132386e+00	7.758198163475047693e+01
4.024365700052603856e+00	7.766448291283649041e+01
4.030643960839860540e+00	7.778866542624359681e+01
4.036928708926215137e+00	7.778107071880150158e+01
4.043218157412017177e+00	7.794398704656445886e+01
4.049503019487663558e+00	7.800495139194811145e+01
4.055781898960511000e+00	7.811767668372218054e+01
4.062060795621602161e+00	7.808874657403919173e+01
4.068347865354716042e+00	7.825244048574596434e+01
4.074631027173265529e+00	7.828622325712642294e+01
4.080910837526078971e+00	7.841273412468648019e+01
4.087201203341442657e+00	7.855130912420577260e+01
4.093486818591942189e+00	7.849628268973381751e+01
4.099764387336505500e+00	7.860855683800619431e+01
4.106049166937662420e+00	7.872018690199354296e+01
4.112334559041358695e+00	7.885922998122134686e+01
4.118618926059533614e+00	7.892234847031961920e+01
4.124898942031112625e+00	7.896599103272961884e+01
4.131175432561665417e+00	7.918323432518303662e+01
4.137461563786142271e+00	7.932480459699935693e+01
4.143746006210170307e+00	7.938556232962879733e+01
4.150029800482964326e+00	7.942932462445543251e+01
4.156313390684649001e+00	7.963955438998280556e+01
4.162596105843763716e+00	7.969543539072266469e+01
4.168881843141768684e+00	7.993237737371654816e+01
4.175162111073220217e+00	8.013579194076538670e+01
4.181448573417560155e+00	7.996836187703013366e+01
4.187738782464171194e+00	8.012221111846884014e+01
4.194017437180169061e+00	8.056677167365381820e+01
4.200293572701767175e+00	8.066667198549608031e+01
4.206580195481546269e+00	8.070743853597008410e+01
4.212860644652220543e+00	8.083669125002641920e+01
4.219138153430114002e+00	8.116740180208266509e+01
4.225426162098283811e+00	8.106006335825236420e+01
4.231713506719782636e+00	8.123241858448702146e+01
4.237990056577191744e+00	8.140174985615527703e+01
4.244267783646744618e+00	8.162775725320983611e+01
4.250560660182562955e+00	8.182485882729204718e+01
4.256847734842668096e+00	8.196048879696674305e+01
4.263127100734456221e+00	8.206175838918150589e+01
4.269406860432507500e+00	8.239019938757711259e+01
4.275691671482192646e+00	8.230304512542653583e+01
4.281972414189518794e+00	8.272644968853532532e+01
4.288253516806755705e+00	8.286440176009780600e+01
4.294540520160492925e+00	8.298948654115726242e+01
4.300825742921731809e+00	8.319253292776103592e+01
4.307109835491901961e+00	8.338765916424071634e+01
4.313390926478413157e+00	8.356032276706319806e+01
4.319667979480563247e+00	8.365649583310488424e+01
4.325952598143786076e+00	8.386519616969857793e+01
4.332241647035422361e+00	8.410899566053709009e+01
4.338524445619096781e+00	8.441198935403943437e+01
4.344809348131129845e+00	8.445379579145364346e+01
4.351090699193166600e+00	8.478232731699249314e+01
4.357369710808320029e+00	8.484893655523917744e+01
4.363659348967174445e+00	8.485169952629054535e+01
4.369947418280990981e+00	8.520782811922367728e+01
4.376226569265827315e+00	8.549818344508894086e+01
4.382499356631129217e+00	8.559495752297898719e+01
4.388784975178015024e+00	8.571376347996033473e+01
4.395068696309480494e+00	8.552798035879189342e+01
4.401347962382031298e+00	8.629914404302992637e+01
4.407628405096517099e+00	8.600329354909852952e+01
4.413915862185140426e+00	8.643429589421043602e+01
4.420203163534264235e+00	8.669093908587028352e+01
4.426480311003382795e+00	8.659208395151757998e+01
4.432765973643649104e+00	8.697010598894077305e+01
4.439053392023870614e+00	8.705332041362849793e+01
4.445336141335588742e+00	8.711597689273153833e+01
4.451617241414883352e+00	8.724662787254207785e+01
4.457901500730311106e+00	8.739774493808417333e+01
4.464189501093017043e+00	8.770907478923092526e+01
4.470470197548729985e+00	8.725745890030107432e+01
4.476748044268524573e+00	8.763903805369909605e+01
4.483035990164653484e+00	8.792625334521362390e+01
4.489323331650528104e+00	8.779357776532778246e+01
4.495599111667934800e+00	8.783855258057958793e+01
4.501870922878794090e+00	8.783508583968887251e+01
4.508155162877705457e+00	8.776280777214036277e+01
4.514446451153479423e+00	8.778463192134734072e+01
4.520723894043856994e+00	8.805180739738923990e+01
4.527003782460155890e+00	8.721961810207919541e+01
4.533293086610313161e+00	8.748189964063475088e+01
4.539578989864040182e+00	8.745999373189010839e+01
4.545857164866476730e+00	8.741365013748811919e+01
4.552138955546025656e+00	8.701512704630616213e+01
4.558432046889146605e+00	8.699006553173292389e+01
4.564713463378488711e+00	8.675583558237543969e+01
4.570987274133244682e+00	8.680067845544681404e+01
4.577274818151045643e+00	8.677767851103585883e+01
4.583563263889338657e+00	8.673926631285621625e+01
4.589844917004465508e+00	8.686344643115107544e+01
4.596126259982004747e+00	8.653253548544185492e+01
4.602409075598298926e+00	8.643161688704967105e+01
4.608696634867644804e+00	8.686987597034709552e+01
4.614977646498861219e+00	8.673555020405960647e+01
4.621258953029527383e+00	8.646359662579422434e+01
4.627547993978874175e+00	8.650106014464873283e+01
4.633830152730579854e+00	8.663747017675622430e+01
4.640104005367354567e+00	8.698554379334576936e+01
4.646382060386754276e+00	8.688249657476319499e+01
4.652674213731970987e+00	8.717781284590815005e+01
4.658958291796220230e+00	8.752880392705611712e+01
4.665233615070169648e+00	8.701044454898853076e+01
4.671520675710307380e+00	8.716637773901391029e+01
4.677814351732177300e+00	8.750687534056403649e+01
4.684093699744638073e+00	8.756534645228809666e+01
4.690368661472568590e+00	8.778298763166399965e+01
4.696663270746453733e+00	8.740291460909784860e+01
4.702945459248681459e+00	8.773215016515861464e+01
4.709209170841929470e+00	8.793847942686626595e+01
4.715491634753063543e+00	8.814471621940059265e+01
4.721784316284933780e+00	8.817860518710998008e+01
4.728063062331094635e+00	8.848839177164873604e+01
4.734337423381671073e+00	8.852187299072046756e+01
4.740627024094544062e+00	8.838617387043177587e+01
4.746914995664547554e+00	8.872921263930842883e+01
4.753194740071086777e+00	8.912063972501726994e+01
4.759478891864783456e+00	8.892586154864832793e+01
4.765762396877359031e+00	8.922302933908927969e+01
4.772049481246195768e+00	8.950113213989178007e+01
4.778335091022592351e+00	8.975993073088136498e+01
4.784610831402393849e+00	8.997306379902370566e+01
4.790907306208476157e+00	9.025365267665171132e+01
4.797204047706418173e+00	9.005510940685994115e+01
4.803470827697504220e+00	9.042031844996783718e+01
4.809748850577324042e+00	9.065163578623305796e+01
4.816045316586602176e+00	9.094274041355808436e+01
4.822329240673497885e+00	9.148300872069688694e+01
4.828596758226470165e+00	9.178895150956577709e+01
4.834890332961369275e+00	9.166356502628862302e+01
4.841191655056394261e+00	9.228493602424866538e+01
4.847460407468000554e+00	9.251159963129998687e+01
4.853732128521334843e+00	9.248169290088650030e+01
4.860029138783373170e+00	9.283795373156954156e+01
4.866314601732018019e+00	9.327127359549433550e+01
4.872587026269203925e+00	9.338985231071806936e+01
4.878874221748241702e+00	9.368759113407811867e+01
4.885171078138658807e+00	9.382809718625505013e+01
4.891450629931857641e+00	9.400229430637288885e+01
4.897716482750221978e+00	9.477900862918008329e+01
4.904002834596266069e+00	9.454628600120882709e+01
4.910295858205786068e+00	9.542521199616535910e+01
4.916575188115905881e+00	9.538751819045191382e+01
4.922847946197084212e+00	9.547816912018828361e+01
4.929131667457151700e+00	9.616112531409200415e+01
4.935434460144239033e+00	9.690334811210179566e+01
4.941718513303545279e+00	9.690421195420339018e+01
4.947978624761803168e+00	9.772498648488534911e+01
4.954274999209829389e+00	9.775055606379389417e+01
4.960571094729937514e+00	9.840370560397585109e+01
4.966823207626954506e+00	9.869980668832540971e+01
4.973097418390337587e+00	9.897206242082475569e+01
4.979415129936382023e+00	9.996075328590320908e+01
4.985702082330368157e+00	1.003723313842616420e+02
4.991949985828016523e+00	1.005289435662954816e+02
4.998241586316924057e+00	1.006060697900054350e+02
5.004556635606089543e+00	1.011467329526503960e+02
5.010828655701208945e+00	1.014687910500706920e+02
5.017077229702536556e+00	1.023070718260586176e+02
5.023374414758113637e+00	1.026705837877646559e+02
5.029688873569548413e+00	1.030607896567022834e+02
5.035958413584124216e+00	1.042155469342152543e+02
5.042232667658486989e+00	1.041920566446778338e+02
5.048528755870775875e+00	1.046259080619820026e+02
5.054821121427484520e+00	1.055215382358341287e+02
5.061069509814582368e+00	1.061020491476565013e+02
5.067347812754101177e+00	1.061099468173406990e+02
5.073675050630431116e+00	1.072044910547427889e+02
5.079945928388977627e+00	1.075552185946099542e+02
5.086192992546071601e+00	1.081361210581997341e+02
5.092484128970163226e+00	1.088371714282413762e+02
5.098802924706086870e+00	1.090559281485792411e+02
5.105078217426394005e+00	1.103536467687684279e+02
5.111325076574067872e+00	1.111943060545708875e+02
5.117628358851224135e+00	1.122861130050852410e+02
5.123935939383525984e+00	1.114000638161241739e+02
5.130199176325612065e+00	1.125582930664523502e+02
5.136469985878846956e+00	1.137772500098247122e+02
5.142797788696348071e+00	1.142676049748573490e+02
5.149090378043822192e+00	1.156675649359181648e+02
5.155289879840074363e+00	1.158956414952223497e+02
5.161564521234301317e+00	1.154542407542662659e+02
5.167916673496016244e+00	1.175735093531557567e+02
5.174205974602950064e+00	1.173239256208338759e+02
5.180434820793812456e+00	1.194304675377374423e+02
5.186729096569634656e+00	1.195720956679962939e+02
5.193058481037780894e+00	1.225812438352187286e+02
5.199319511444338460e+00	1.216516397918865664e+02
5.205574295584361799e+00	1.228850741656780627e+02
5.211894977074066126e+00	1.235491591350584031e+02
5.218201708336958511e+00	1.250564104428071062e+02
5.224411911780083351e+00	1.239471864977238909e+02
5.230677632666463239e+00	1.273822714320748730e+02
5.237056729559757429e+00	1.272328183955903711e+02
5.243336785035660697e+00	1.276112580485599750e+02
5.249493476178225038e+00	1.277887963107017271e+02
5.255787017738318134e+00	1.313008225212826119e+02
5.262205327426889845e+00	1.316386178807913723e+02
5.268477758348532269e+00	1.338141178799614579e+02
5.274632213654732560e+00	1.330567094460946009e+02
5.280950543314659740e+00	1.344814091491726344e+02
5.287327645024750389e+00	1.358318823864071305e+02
5.293582359180156516e+00	1.369064560418132999e+02
5.299789992649893478e+00	1.372008652906142459e+02
5.306111460381987222e+00	1.413088065723967475e+02
5.312452717892129250e+00	1.405741460060062309e+02
5.318650122853046724e+00	1.430638997054334709e+02
5.324923043129819789e+00	1.443101783609318431e+02
5.331330237158205421e+00	1.446713614600197104e+02
5.337586726886338617e+00	1.469021098375239660e+02
5.343685192440848830e+00	1.465878836623062682e+02
5.350070659715249199e+00	1.499668170996884555e+02
5.356556762554878226e+00	1.527397888923034373e+02
5.362691868684501095e+00	1.543322886011156356e+02
5.368769208912516966e+00	1.515890626837703508e+02
5.375270137997677722e+00	1.548358055373722948e+02
5.381769983045385786e+00	1.587056007131846513e+02
5.387701030372958222e+00	1.572476953037512999e+02
5.393786668001271600e+00	1.602373356045762876e+02
5.400446161099396569e+00	1.611746689516390347e+02
5.406957063684501463e+00	1.612473583925715843e+02
5.412655672453426270e+00	1.623314807564336775e+02
5.418821279260546575e+00	1.648518292956569837e+02
5.425690594366304076e+00	1.677909381295139326e+02
5.432217487502165376e+00	1.701900642279490512e+02
5.437649811577258241e+00	1.706280522214842676e+02
5.443914404015878006e+00	1.735135675258653123e+02
5.450953501686320202e+00	1.771299521595600197e+02
5.457483690405861232e+00	1.812869533610413555e+02
5.462715250135157241e+00	1.731913444873806895e+02
5.469033575551323523e+00	1.819989564285101835e+02
5.476177730420278778e+00	1.846972563130223932e+02
5.482708935702562236e+00	1.839812039326750437e+02
5.487722405008360838e+00	1.886772669609592867e+02
5.494194284996126498e+00	1.925952353110617707e+02
5.501391471009256406e+00	1.848658846640101387e+02
5.507128202673079009e+00	1.942202545990183182e+02
5.512278020050448646e+00	1.906776918446749960e+02
5.519395563377015534e+00	2.033213594831453008e+02
5.526598678609708770e+00	1.961431401837764952e+02
5.532162682462509196e+00	1.911035893590867829e+02
5.537397124017139127e+00	2.098418234494308194e+02
5.544582756485218589e+00	1.956046028669210557e+02
5.551739327507637434e+00	1.986619487365545638e+02
5.557493306674907707e+00	2.235425911142049245e+02
5.562281709102816940e+00	2.534423215858772096e+02
5.569272720323164449e+00	5.313381573476936381e+01
