8.899641224696953554e-03	6.133320766795756936e+04
1.507912216506557788e-02	4.068240145019749616e+04
2.144790186456836667e-02	3.289743338825977116e+04
2.783660776489276650e-02	2.421790727256838363e+04
3.435099785803411021e-02	2.254743465148211544e+04
4.047886761425745911e-02	1.977892665663999651e+04
4.676716683575679601e-02	1.640881574191018080e+04
5.308225101765951665e-02	1.536847030341637583e+04
5.945362440940590160e-02	1.378392267441105105e+04
6.576224814588792211e-02	1.291469516629607097e+04
7.196632906698736953e-02	1.153557451470087108e+04
7.827860915688347743e-02	1.037580652848694263e+04
8.470398945834539672e-02	9.349569844929828832e+03
9.096854620527369817e-02	8.038699390429820596e+03
9.720789776830213169e-02	7.385456719454913582e+03
1.034763038959366499e-01	6.823170777176660522e+03
1.097576444254559219e-01	6.508979103061840760e+03
1.160543084780093354e-01	6.168252831616998265e+03
1.223669666537485351e-01	5.807678536902958513e+03
1.286817263090294094e-01	5.165251680559094893e+03
1.349500801664080818e-01	5.008744856513832929e+03
1.411949558842147678e-01	4.487132657901705898e+03
1.475133575747468451e-01	4.419040359993962738e+03
1.537865074252268427e-01	4.091303598679330207e+03
1.600657544051110326e-01	3.915721456165810650e+03
1.663991168687080635e-01	3.821491978134848523e+03
1.727195645776442856e-01	3.680759612063255645e+03
1.789765213377084718e-01	3.552398121117761093e+03
1.852353690647852158e-01	3.296179788216175893e+03
1.914806787341157279e-01	3.165225177629040900e+03
1.977889868651535599e-01	3.011355060559030790e+03
2.040937735447724277e-01	2.930658008313107530e+03
2.103939302609846018e-01	2.748331628834290314e+03
2.166909709822301688e-01	2.639029188278968377e+03
2.229700281216152047e-01	2.572994314641164237e+03
2.292620027086341994e-01	2.503297746511240348e+03
2.355141508366812297e-01	2.451135720724766998e+03
2.417910583817859116e-01	2.327323096489386444e+03
2.480856539439619257e-01	2.255897794902453825e+03
2.543492256872954549e-01	2.199933647248569741e+03
2.606334251884805386e-01	2.139215145479492548e+03
2.669257370896960802e-01	2.074802976972911893e+03
2.732423343141155980e-01	2.045074101241360495e+03
2.795529680084415936e-01	1.976494106992909337e+03
2.858366292314493129e-01	1.919026293719547539e+03
2.920876271394311496e-01	1.912258044916677363e+03
2.983449844439822751e-01	1.854515724847371530e+03
3.046382639407197446e-01	1.805614394572981610e+03
3.109279127003197196e-01	1.749329549143119266e+03
3.172168171618398036e-01	1.710372424532135938e+03
3.235187567944423082e-01	1.690370527384287016e+03
3.298168217550395687e-01	1.674095912458637031e+03
3.361176429457156667e-01	1.630693628192584356e+03
3.423700375709273769e-01	1.598631361866049019e+03
3.486478192666269682e-01	1.553448828212925036e+03
3.549411614411318028e-01	1.507348595874174407e+03
3.611916935421040642e-01	1.497868372425987673e+03
3.674767089563572564e-01	1.478671519315643536e+03
3.737647795277591056e-01	1.466457345962581485e+03
3.800654031475132477e-01	1.422348083084173595e+03
3.863539861259823738e-01	1.383455406881863155e+03
3.926140181364449755e-01	1.382919158688433299e+03
3.989264500321934581e-01	1.367832585001409598e+03
4.052073244576828714e-01	1.335863215731563287e+03
4.114916477570477182e-01	1.315193350246182717e+03
4.177814272116491257e-01	1.299755369524773414e+03
4.240400648725131116e-01	1.257320335022772724e+03
4.303425690270192283e-01	1.259975776893836382e+03
4.366358560255625965e-01	1.228601888996281104e+03
4.428996183220763605e-01	1.221105823913800123e+03
4.491634418529859563e-01	1.205421946022881684e+03
4.554414146254732731e-01	1.181193857094180657e+03
4.617634470301058558e-01	1.174880189902711209e+03
4.680644242023710433e-01	1.157838900004281868e+03
4.743485242764365895e-01	1.125277704956897196e+03
4.806356136815400082e-01	1.128953626232535726e+03
4.869019258388697646e-01	1.119098436332866413e+03
4.931697099599955947e-01	1.105043738352823539e+03
4.994506747144535908e-01	1.090230442293913484e+03
5.057159051335421429e-01	1.081852831453091085e+03
5.119923996268095356e-01	1.060244199311908915e+03
5.183126097768406826e-01	1.051414442485172458e+03
5.246089638029100000e-01	1.035637987320531693e+03
5.308757308483337267e-01	1.031113205745613868e+03
5.371573527946726934e-01	1.013431627873816069e+03
5.434579563783791256e-01	1.000909494785337756e+03
5.497430652392217842e-01	9.941869992752771168e+02
5.559937427501778773e-01	9.819426403678530733e+02
5.622854676609657654e-01	9.717343031656874928e+02
5.686011537227265711e-01	9.609605335759972604e+02
5.748804589422079614e-01	9.500473924726273935e+02
5.811550210340560296e-01	9.481910785091527032e+02
5.874394496660968468e-01	9.361353792426456266e+02
5.937176220296899176e-01	9.218532123529911360e+02
5.999971954793682505e-01	9.260156845869748850e+02
6.062679115124277596e-01	9.067177047846579399e+02
6.125469576444534381e-01	9.059635993245345844e+02
6.188477733041515272e-01	8.917740962598938950e+02
6.251310567437898813e-01	8.836272281064765366e+02
6.314027450383210560e-01	8.713711375597766846e+02
6.377003562732055375e-01	8.698067398643833030e+02
6.439857783314556494e-01	8.607873571849083874e+02
6.502685417166111925e-01	8.473554758331289349e+02
6.565586117699038216e-01	8.464916363599759279e+02
6.628369282359254377e-01	8.404451177825592367e+02
6.691185444962194362e-01	8.310208781787464432e+02
6.754070198575605755e-01	8.258017479813951240e+02
6.816835514593204692e-01	8.128144351522167881e+02
6.879592533861698112e-01	8.064067105175500956e+02
6.942344317039531587e-01	8.055743652608204002e+02
7.005175402434737908e-01	7.976594726745428261e+02
7.068124956608716758e-01	7.891389901300547081e+02
7.131019009674921527e-01	7.809357869041967888e+02
7.193918251171427247e-01	7.732606968365132616e+02
7.256833807598113140e-01	7.714705496572686343e+02
7.319652682709349989e-01	7.634984021639811544e+02
7.382507990484923344e-01	7.591664857441620597e+02
7.445265842115937893e-01	7.525395026183603022e+02
7.507871101942712455e-01	7.481000610066580521e+02
7.570758465316046459e-01	7.425334759897755248e+02
7.633641233600957365e-01	7.368373921964804367e+02
7.696462959862266917e-01	7.282944933235877443e+02
7.759394865175414102e-01	7.240952111106951179e+02
7.822329141989586843e-01	7.204276223509086776e+02
7.885314936520240181e-01	7.116523330732662771e+02
7.947896566979522071e-01	7.114661877714643197e+02
8.010491096592354809e-01	7.030587022354649207e+02
8.073364061727361651e-01	6.982074767149438230e+02
8.136229488373866170e-01	6.952018281301350271e+02
8.199152998961036776e-01	6.858917059361725705e+02
8.261952636392789762e-01	6.814337882034908489e+02
8.324897070080405914e-01	6.792388448803262690e+02
8.387959309210778480e-01	6.729941086198101630e+02
8.450634639703045181e-01	6.678581563333364102e+02
8.513282867562648182e-01	6.664561239605966421e+02
8.576198263902009566e-01	6.587979620891039758e+02
8.639058477062415697e-01	6.535645934146758691e+02
8.701838745487597837e-01	6.507084626925191060e+02
8.764641096075268534e-01	6.456342691556112641e+02
8.827503873399735745e-01	6.387694708978075369e+02
8.890332768393869323e-01	6.341289205551306623e+02
8.953084247113127780e-01	6.339096557157135976e+02
9.015956521667095602e-01	6.250785431784627235e+02
9.078833328094829680e-01	6.244121810082503998e+02
9.141744106319863450e-01	6.177388461081812920e+02
9.204630817717615043e-01	6.123763656101066317e+02
9.267434415264711456e-01	6.077526843773753171e+02
9.330324197354928906e-01	6.101340350658973648e+02
9.393265785573878812e-01	6.038074782887149468e+02
9.455974810398196650e-01	5.982369104892546829e+02
9.518660018545171964e-01	5.955003124777800849e+02
9.581413255531838757e-01	5.898680695988452953e+02
9.644350945109106954e-01	5.854057322242409782e+02
9.707355633568249820e-01	5.859601517080775466e+02
9.770080768450029041e-01	5.809883448016295233e+02
9.832823325363413414e-01	5.766482564088360050e+02
9.895569691966674686e-01	5.707675978971986979e+02
9.958456301921106979e-01	5.692675683334975929e+02
1.002136210743837408e+00	5.657993872486704277e+02
1.008404825335135424e+00	5.622652122156644054e+02
1.014694149836243398e+00	5.577671557615733491e+02
1.020992555437297167e+00	5.554583152419717180e+02
1.027273980437394485e+00	5.517505902915007709e+02
1.033559181896017254e+00	5.470396941051648128e+02
1.039847557392594934e+00	5.422416713810511055e+02
1.046126974943305088e+00	5.393479522356167308e+02
1.052403436811028659e+00	5.351251396270318992e+02
1.058680704651608684e+00	5.323735463796012937e+02
1.064964333065789193e+00	5.312098019296305438e+02
1.071256777440835473e+00	5.270243804571080091e+02
1.077544048801078125e+00	5.236118264168778751e+02
1.083824820188043603e+00	5.236530000562512441e+02
1.090108023942816695e+00	5.174428886795743665e+02
1.096389665956643222e+00	5.151255689898194987e+02
1.102681132058841440e+00	5.105183739711719682e+02
1.108963047594879958e+00	5.080753363067064470e+02
1.115225428463759272e+00	5.050637953800332980e+02
1.121502127614767863e+00	5.008532042710563701e+02
1.127792573824792033e+00	4.986714977274321541e+02
1.134089552668382961e+00	4.973745712739673763e+02
1.140364049650405942e+00	4.918578780107246189e+02
1.146639180320979445e+00	4.905558358418549005e+02
1.152942412991649901e+00	4.866275977398602777e+02
1.159228906751078814e+00	4.833633501119571747e+02
1.165508721887268173e+00	4.821256032282627189e+02
1.171793076256210320e+00	4.781016425188220182e+02
1.178087436369658958e+00	4.756282174325056076e+02
1.184367654251526902e+00	4.715487678552424882e+02
1.190634642299266632e+00	4.699108650957552982e+02
1.196912208834400859e+00	4.670306413295032826e+02
1.203201577354146234e+00	4.648869117683894956e+02
1.209486844441705733e+00	4.606457042632975458e+02
1.215763902074809888e+00	4.582251896083519114e+02
1.222049755171146668e+00	4.553396975737524031e+02
1.228340616621486969e+00	4.523127714500008096e+02
1.234632986576932767e+00	4.510150309623322187e+02
1.240902247176856488e+00	4.467684747947035362e+02
1.247174839144687519e+00	4.458772964019501046e+02
1.253465459933442272e+00	4.437075429482607660e+02
1.259749951892178421e+00	4.403055505956955358e+02
1.266032143127253873e+00	4.371837417662090957e+02
1.272316288472006507e+00	4.351691859810114806e+02
1.278604155058621350e+00	4.318902373775685533e+02
1.284886588933593865e+00	4.299872962174171676e+02
1.291175420066583257e+00	4.269716569970858018e+02
1.297465726373772332e+00	4.263060822446096836e+02
1.303741827011944299e+00	4.232842860887514007e+02
1.310017322922761851e+00	4.205826268798264209e+02
1.316301447662886703e+00	4.188294581734816688e+02
1.322586760363303249e+00	4.165445512763877218e+02
1.328865492452874664e+00	4.142586286666966657e+02
1.335144804954555564e+00	4.103443932742819698e+02
1.341440516272275119e+00	4.088194564693349093e+02
1.347730868417094552e+00	4.061649643158381764e+02
1.354001589994877630e+00	4.040982592922192680e+02
1.360282609297778444e+00	4.035402464387777854e+02
1.366565686457597906e+00	3.996573386926652347e+02
1.372851498482432708e+00	3.964430541964305803e+02
1.379135372929401804e+00	3.968097276762791807e+02
1.385409567149057164e+00	3.941863772398941137e+02
1.391698641219299315e+00	3.907003352053632739e+02
1.397984451439470810e+00	3.892178294498338005e+02
1.404267883409181961e+00	3.865046381304504166e+02
1.410554779484869181e+00	3.862777379829191204e+02
1.416837833547465397e+00	3.830071421196237225e+02
1.423118177187137068e+00	3.805096572636313681e+02
1.429397801164240089e+00	3.786858902266426981e+02
1.435686921822787232e+00	3.753304993230001401e+02
1.441977121769299597e+00	3.748268675877678788e+02
1.448253667853332427e+00	3.736533480699449115e+02
1.454532348972172651e+00	3.703113138486838807e+02
1.460819319151879903e+00	3.686125841488417905e+02
1.467110364402026468e+00	3.667822604202228263e+02
1.473392908948962132e+00	3.651667495239611867e+02
1.479669965243598950e+00	3.635585762070008400e+02
1.485956144602843532e+00	3.613739476831636352e+02
1.492233610763115115e+00	3.581881645998153658e+02
1.498502470379980078e+00	3.583135605216189106e+02
1.504785752051182701e+00	3.552933633511501057e+02
1.511075991894575976e+00	3.531148980130785731e+02
1.517361634985162189e+00	3.519564870590040186e+02
1.523648570969130533e+00	3.501706968204331361e+02
1.529938035715892264e+00	3.474601006993569854e+02
1.536230176913891965e+00	3.471631541456225136e+02
1.542510718779388279e+00	3.446515498036034160e+02
1.548783963082980275e+00	3.426471375970857594e+02
1.555073069779651318e+00	3.409242380495766724e+02
1.561357324927233892e+00	3.398671685232025084e+02
1.567629121053141006e+00	3.362946000601454557e+02
1.573913697404382583e+00	3.348058274537543753e+02
1.580203545230874029e+00	3.327507738908363422e+02
1.586485393434537983e+00	3.331537096074641795e+02
1.592760014263005841e+00	3.311116399852543282e+02
1.599046436394670812e+00	3.283474479616800750e+02
1.605342136637478934e+00	3.272629558533998875e+02
1.611619860919608627e+00	3.251181211115599012e+02
1.617897597081673799e+00	3.237210110302224280e+02
1.624183235481122756e+00	3.209657298120675932e+02
1.630464598531913722e+00	3.210993049724277171e+02
1.636748985747638274e+00	3.191252296113968328e+02
1.643030923698886259e+00	3.168326756432520028e+02
1.649309176648513064e+00	3.160121285785872374e+02
1.655593633940351861e+00	3.146125607925245049e+02
1.661879571405086464e+00	3.131083369377126360e+02
1.668169361685170271e+00	3.109928707683261564e+02
1.674450151530487485e+00	3.096753932753492791e+02
1.680722718978495900e+00	3.083916308845905974e+02
1.687013891340952476e+00	3.068760382747848894e+02
1.693308984907921033e+00	3.051453949778933747e+02
1.699582147428448486e+00	3.023865067042265196e+02
1.705863747055134105e+00	3.020192988721273650e+02
1.712154434283889470e+00	3.007577468957650240e+02
1.718438381579399321e+00	2.995063450344141529e+02
1.724721264464063930e+00	2.978155808288515232e+02
1.730997441276920679e+00	2.956213624797458124e+02
1.737287073528269499e+00	2.951217948482686211e+02
1.743567991878527401e+00	2.927338070937198609e+02
1.749840680212231048e+00	2.913462209947673500e+02
1.756128549091961144e+00	2.904288064702246288e+02
1.762413535324792502e+00	2.884773500974589524e+02
1.768696187669963837e+00	2.880227511234359099e+02
1.774979359379055266e+00	2.861063015012138635e+02
1.781265555576432957e+00	2.852502568925104924e+02
1.787549427830244619e+00	2.833037537388663054e+02
1.793834120011633004e+00	2.816382352541426144e+02
1.800115051552487300e+00	2.808730722640294175e+02
1.806393904854530330e+00	2.794224150810396736e+02
1.812674089667083432e+00	2.778555797224390176e+02
1.818956920109354058e+00	2.768975107349721725e+02
1.825244164118212220e+00	2.751398705219015142e+02
1.831527256642196955e+00	2.731974061318936151e+02
1.837811294935716599e+00	2.730019457922433048e+02
1.844100717411196744e+00	2.714546924417996934e+02
1.850384816792487230e+00	2.703113978975254099e+02
1.856666059735203822e+00	2.687011811987383112e+02
1.862947728675613979e+00	2.670883975000414807e+02
1.869229324466858078e+00	2.659904519670470791e+02
1.875517616802973686e+00	2.653763042932361600e+02
1.881800769033795229e+00	2.629573388889774037e+02
1.888078863416442710e+00	2.629451629090644929e+02
1.894353975182237582e+00	2.614669965945616354e+02
1.900642716154182565e+00	2.597459632500529665e+02
1.906933494748685121e+00	2.596925170521664654e+02
1.913207568676573933e+00	2.570140092605125233e+02
1.919490884732178992e+00	2.567346623558973988e+02
1.925776855684274480e+00	2.553767101897447844e+02
1.932064452961978152e+00	2.543507708456311036e+02
1.938342610030488800e+00	2.533150089658417983e+02
1.944618341543410178e+00	2.515371789981028314e+02
1.950906260203513876e+00	2.509960388557412898e+02
1.957194556613796488e+00	2.496306036050885950e+02
1.963479614559011432e+00	2.483187313763185671e+02
1.969760361532916226e+00	2.479668696219689821e+02
1.976048367034604736e+00	2.462469386549590524e+02
1.982337990217652335e+00	2.452800891733747619e+02
1.988617489259562721e+00	2.437980956830134005e+02
1.994896320665194178e+00	2.434058935938990658e+02
2.001179596222827151e+00	2.424566636406668465e+02
2.007459756923499761e+00	2.407732952503736783e+02
2.013737397779169935e+00	2.396152670142557213e+02
2.020017234677497164e+00	2.388503978931445317e+02
2.026310251015072783e+00	2.375638431244637729e+02
2.032600542948020284e+00	2.366679985260178967e+02
2.038873863192099289e+00	2.348687452495137791e+02
2.045154087821675404e+00	2.346489598393187634e+02
2.051444704514288730e+00	2.336141178647355900e+02
2.057730430280644729e+00	2.324159815136090117e+02
2.064013940455224461e+00	2.315762288297874534e+02
2.070299891179459895e+00	2.301377817829999799e+02
2.076589719964883951e+00	2.294056483994046403e+02
2.082865483794470673e+00	2.284359635852265171e+02
2.089134494859368640e+00	2.274407046106292398e+02
2.095424211360070288e+00	2.266006354093454718e+02
2.101707116664804254e+00	2.257396807285952605e+02
2.107986473933564309e+00	2.238687561750952284e+02
2.114271806543862375e+00	2.234087584127777859e+02
2.120552717288892275e+00	2.227461408448031648e+02
2.126836933207161717e+00	2.214947440898718298e+02
2.133122044791171845e+00	2.203924908158312235e+02
2.139411711910842673e+00	2.195848018419080461e+02
2.145697076775292089e+00	2.189477891750990182e+02
2.151973548606471276e+00	2.181129399228880459e+02
2.158259913555724108e+00	2.168959498606335785e+02
2.164545396699105506e+00	2.162153143888050124e+02
2.170830700377734068e+00	2.149310937717598051e+02
2.177114138849150393e+00	2.147660245525242146e+02
2.183387647576827018e+00	2.132645562996304704e+02
2.189670273687676971e+00	2.126143891571352071e+02
2.195960147934207463e+00	2.117381899176161824e+02
2.202242556317716371e+00	2.104860565603277109e+02
2.208521655981037668e+00	2.100716295342039359e+02
2.214804637081333016e+00	2.088877820272859367e+02
2.221092583349425276e+00	2.082071397757891305e+02
2.227372893591468728e+00	2.070939497537950729e+02
2.233657161144248171e+00	2.063825375900361792e+02
2.239943485394438660e+00	2.056622480584058223e+02
2.246224175264620815e+00	2.047262031494639700e+02
2.252506378421252009e+00	2.042045307197757325e+02
2.258783417054270437e+00	2.034697933900177134e+02
2.265069077371457684e+00	2.026382125253287825e+02
2.271350377044131452e+00	2.018781136749645668e+02
2.277633995145353918e+00	2.008230709583167197e+02
2.283922419579920149e+00	2.004281275574215897e+02
2.290202874392252674e+00	1.995949081490079777e+02
2.296490779970905560e+00	1.981749755147543794e+02
2.302771769934229162e+00	1.978037329183713950e+02
2.309051364164305564e+00	1.967187972509872793e+02
2.315338502539088239e+00	1.962966038834258882e+02
2.321627336503874428e+00	1.954387710378661041e+02
2.327911878297218795e+00	1.946140254182796809e+02
2.334186238580297168e+00	1.938079300049784024e+02
2.340467971862688401e+00	1.930769261024682635e+02
2.346756940970738725e+00	1.925514605704525195e+02
2.353044444556199988e+00	1.918314171338651306e+02
2.359327653314069906e+00	1.913590950058632529e+02
2.365603048789861607e+00	1.901894756331269889e+02
2.371885911737665165e+00	1.894770623630826663e+02
2.378173303594019572e+00	1.889203827345782543e+02
2.384454016539381271e+00	1.884384533852293089e+02
2.390736447344785187e+00	1.876726864681330085e+02
2.397014133897952259e+00	1.867320822698326879e+02
2.403295490074321972e+00	1.856836767979757497e+02
2.409585049672506862e+00	1.854222191528697579e+02
2.415871703165322071e+00	1.849909633669197717e+02
2.422160652369088840e+00	1.842556521625813843e+02
2.428440167222748691e+00	1.835553529685797116e+02
2.434717472383889803e+00	1.828050239616765396e+02
2.441002456202044257e+00	1.816437378743937643e+02
2.447289980304530488e+00	1.816982224281828735e+02
2.453571844729242279e+00	1.807938232609270983e+02
2.459852705114058846e+00	1.801923801332384301e+02
2.466139233225018934e+00	1.796214152374994626e+02
2.472421963421291391e+00	1.791377512630782292e+02
2.478698519174224568e+00	1.783330607496056928e+02
2.484980841400355800e+00	1.776525122023514598e+02
2.491269319409339822e+00	1.770674735512264135e+02
2.497548505139029373e+00	1.763461895305933353e+02
2.503831667172610853e+00	1.759721560267956875e+02
2.510117938323931153e+00	1.755338667323804884e+02
2.516400733681277480e+00	1.745936432021859730e+02
2.522688226833368130e+00	1.739123317320844819e+02
2.528971695852665569e+00	1.736095089589205713e+02
2.535252039407670299e+00	1.729319795943835913e+02
2.541537514142774512e+00	1.722046989593581259e+02
2.547823008847572179e+00	1.720259507384921562e+02
2.554100666580690238e+00	1.716141547136033410e+02
2.560376788884177301e+00	1.707575615032334042e+02
2.566667521601497359e+00	1.701789761532561158e+02
2.572955062237090473e+00	1.698085055214169756e+02
2.579233771797999175e+00	1.689916678500713658e+02
2.585520164300948220e+00	1.682990980220862411e+02
2.591805130332431872e+00	1.679526637117700716e+02
2.598084074692260881e+00	1.676756667714691957e+02
2.604360404197643586e+00	1.672503574383411262e+02
2.610647185140439142e+00	1.664290133078023644e+02
2.616931864059273138e+00	1.658111807719278943e+02
2.623206107911065565e+00	1.656714620363889594e+02
2.629491626543270844e+00	1.649459750695392586e+02
2.635778507982642349e+00	1.642646740848159652e+02
2.642061039325260818e+00	1.640236091850975981e+02
2.648343840729305843e+00	1.633827778414837155e+02
2.654631838974855551e+00	1.630653937452871958e+02
2.660919001246303761e+00	1.622029901938522585e+02
2.667198525130066056e+00	1.620791613494160401e+02
2.673484307038032526e+00	1.615455948842688656e+02
2.679773388053849459e+00	1.610548073988010174e+02
2.686058217632288692e+00	1.606187582479369667e+02
2.692338738200057868e+00	1.599824420779968648e+02
2.698618022887226964e+00	1.600176957912887019e+02
2.704895450708277860e+00	1.593564403583402225e+02
2.711175674923682166e+00	1.587094949564576609e+02
2.717459832966957922e+00	1.586701439682117893e+02
2.723745731959044569e+00	1.582337993181243405e+02
2.730038414850594730e+00	1.576945885076659408e+02
2.736317989800789441e+00	1.574167387332329895e+02
2.742591858549239703e+00	1.568848529312909648e+02
2.748879749010778362e+00	1.564428425656898582e+02
2.755163403825859447e+00	1.560287242313948184e+02
2.761446955625852073e+00	1.556584629298640152e+02
2.767732088935374701e+00	1.552959294332984541e+02
2.774015452421743966e+00	1.550518622023708417e+02
2.780298635700591436e+00	1.545699240461182740e+02
2.786577474762241380e+00	1.540786086735497520e+02
2.792857983210164541e+00	1.538324800978666929e+02
2.799143790920211483e+00	1.535809696813099663e+02
2.805430058399325244e+00	1.532475871323470642e+02
2.811715058209780072e+00	1.529496211479055603e+02
2.817989272498773623e+00	1.525735515331551824e+02
2.824269171595737760e+00	1.522983121547880785e+02
2.830563016441804081e+00	1.518488670980729580e+02
2.836848750951622034e+00	1.517376999961394688e+02
2.843130027866129783e+00	1.512851851986018232e+02
2.849413896912404986e+00	1.510641409767435732e+02
2.855697464522425566e+00	1.508222721328698697e+02
2.861978799810683594e+00	1.504064827685193109e+02
2.868262469415629567e+00	1.502744334139221394e+02
2.874547359206753860e+00	1.496370777959862153e+02
2.880831111471525041e+00	1.497411351838012195e+02
2.887113216972382546e+00	1.493737278392452197e+02
2.893394504725182781e+00	1.491198642465832904e+02
2.899673662137033592e+00	1.489095401771349430e+02
2.905953958587380814e+00	1.485352688969288693e+02
2.912241118105161064e+00	1.487368896440329138e+02
2.918525996366671205e+00	1.479497867352601759e+02
2.924809035425688819e+00	1.478805372833963361e+02
2.931095916293684933e+00	1.474462503982811938e+02
2.937378182606774413e+00	1.475407953368456049e+02
2.943659980254369923e+00	1.470194504386301162e+02
2.949946454403890250e+00	1.470223853260922908e+02
2.956227653702202307e+00	1.467187832076567986e+02
2.962510478867462993e+00	1.465396627564768437e+02
2.968796535179442309e+00	1.464911054356589943e+02
2.975077657376874907e+00	1.463701484437478371e+02
2.981359866759223376e+00	1.460053440229976331e+02
2.987646761575656562e+00	1.459286800935288682e+02
2.993929038370399365e+00	1.457167165762514003e+02
3.000206214840962726e+00	1.458979732586456066e+02
3.006486172402415669e+00	1.455231038822421965e+02
3.012769812211594456e+00	1.453765522322412949e+02
3.019053144326170113e+00	1.454293619669234658e+02
3.025337405144251424e+00	1.452098943667217554e+02
3.031623734799107961e+00	1.449427389104914425e+02
3.037908962055872575e+00	1.450840384722047247e+02
3.044195067146031608e+00	1.449403283692355160e+02
3.050475543482170426e+00	1.446130911805699384e+02
3.056754954538277502e+00	1.446362173718789279e+02
3.063040539557494668e+00	1.445404778418150897e+02
3.069323699454357346e+00	1.446227793589434043e+02
3.075610692642898769e+00	1.444535398467673417e+02
3.081893798009918584e+00	1.443266352829442951e+02
3.088174549548037717e+00	1.440228616400931116e+02
3.094458635632868493e+00	1.442152006824011607e+02
3.100743982931558840e+00	1.442671360119412896e+02
3.107028111748448396e+00	1.446199216655594455e+02
3.113309299655494300e+00	1.445249600755073516e+02
3.119590662867241626e+00	1.443791650545280163e+02
3.125874006820172912e+00	1.441202032060797364e+02
3.132159251154602586e+00	1.442811475749296051e+02
3.138439172765940643e+00	1.442799181341078452e+02
3.144723867719826593e+00	1.442511838116641911e+02
3.151003951258561031e+00	1.442208832584758795e+02
3.157283664131563139e+00	1.447686978748241415e+02
3.163569317183839935e+00	1.446235420875256921e+02
3.169851661717792091e+00	1.445116031146201578e+02
3.176137704316093657e+00	1.448663788261038405e+02
3.182420924828643916e+00	1.449661368821894598e+02
3.188702811875577581e+00	1.447753469365235901e+02
3.194990520008989865e+00	1.449282887793542614e+02
3.201275324656983834e+00	1.451271079914561710e+02
3.207551352179861759e+00	1.450403250272437390e+02
3.213835216737041645e+00	1.455429233871514043e+02
3.220122579819103770e+00	1.454440551183732282e+02
3.226406606618656525e+00	1.451774458606504083e+02
3.232687390085645429e+00	1.446270931057309497e+02
3.238969121280456331e+00	1.444122352616251135e+02
3.245254751548589667e+00	1.440635783300269281e+02
3.251534499036136783e+00	1.440916293479201329e+02
3.257817780791052442e+00	1.436181803177798031e+02
3.264102164154097263e+00	1.431317447126375271e+02
3.270384152138468892e+00	1.428886084922513646e+02
3.276669427476867735e+00	1.422282762066495536e+02
3.282954688864507808e+00	1.421287195711774984e+02
3.289237200334947264e+00	1.417817916465762096e+02
3.295519587088236779e+00	1.414002478473650228e+02
3.301805977329951958e+00	1.415112397059853890e+02
3.308087486222440088e+00	1.409988655282245986e+02
3.314367630234227313e+00	1.407377565755620310e+02
3.320651909732194262e+00	1.405546376903718624e+02
3.326931260376857047e+00	1.399220412317134787e+02
3.333216512447217728e+00	1.398525508659696470e+02
3.339504489419978128e+00	1.394687700675059432e+02
3.345786804809928405e+00	1.392690046455981303e+02
3.352071130016277767e+00	1.389965963054015958e+02
3.358351496304225581e+00	1.386401088623921112e+02
3.364630591073392019e+00	1.384612896131562252e+02
3.370916305215045483e+00	1.381378963494463505e+02
3.377197952029413752e+00	1.378864181652014622e+02
3.383483063818085501e+00	1.377394362183238741e+02
3.389769992424469969e+00	1.373401560107939474e+02
3.396051330885982100e+00	1.372829115616243314e+02
3.402330879139463971e+00	1.368553936648310128e+02
3.408610488352048495e+00	1.367206559654790681e+02
3.414897837696641236e+00	1.363750152719390769e+02
3.421180484052105619e+00	1.361326033113083440e+02
3.427461639653846870e+00	1.359485646128817962e+02
3.433749159643459059e+00	1.356951267995917476e+02
3.440032646656798310e+00	1.355715887470791188e+02
3.446313366033385339e+00	1.353434907625997425e+02
3.452600135384134905e+00	1.350812245504497753e+02
3.458883152815406703e+00	1.348624939758082064e+02
3.465163834403715448e+00	1.344805031221865761e+02
3.471449329786229221e+00	1.343949740590369117e+02
3.477734476754053894e+00	1.339358062392271620e+02
3.484019652467224226e+00	1.338677389180957960e+02
3.490297019369712928e+00	1.337015775678300713e+02
3.496582486484379970e+00	1.333984545790229674e+02
3.502868048046865024e+00	1.334505238213194502e+02
3.509144649545451244e+00	1.329933460675777326e+02
3.515428082003116295e+00	1.330844390117843830e+02
3.521711031624695565e+00	1.325932976479694219e+02
3.527991850954735664e+00	1.323172885894136073e+02
3.534275545726699885e+00	1.323943961026741079e+02
3.540562632020772149e+00	1.318981155769778013e+02
3.546844410757220789e+00	1.320005552959722195e+02
3.553131386753758836e+00	1.316717366234479130e+02
3.559419203211965144e+00	1.316817687235430014e+02
3.565697971577579839e+00	1.313026394975792925e+02
3.571979559134798254e+00	1.311663485109041005e+02
3.578265774595833726e+00	1.308195138474508497e+02
3.584548309769353125e+00	1.307378879393037892e+02
3.590826843920031486e+00	1.306415067308853679e+02
3.597107306745233934e+00	1.304407291750577258e+02
3.603392831792229245e+00	1.303886582643182521e+02
3.609673209822572559e+00	1.301179946788694508e+02
3.615955412133016189e+00	1.299301804408641772e+02
3.622241607772384686e+00	1.298145227534155879e+02
3.628520252736676444e+00	1.295938086898312918e+02
3.634804827569451113e+00	1.295937723787496054e+02
3.641094981788862928e+00	1.292414236840547801e+02
3.647383514928639325e+00	1.292852849204875554e+02
3.653663283927725658e+00	1.292576207545332920e+02
3.659943504072155296e+00	1.290986050158616365e+02
3.666232000281138603e+00	1.286939118312970720e+02
3.672514211678317597e+00	1.287332076931077154e+02
3.678794154686042539e+00	1.287620563592406313e+02
3.685078621861909820e+00	1.285022215655694993e+02
3.691359210097977961e+00	1.282948010303169610e+02
3.697642368173791105e+00	1.280506821956956571e+02
3.703925796735277665e+00	1.280491010519218378e+02
3.710208240364660348e+00	1.279591666493370496e+02
3.716494593122387169e+00	1.278714097315867235e+02
3.722775386659595398e+00	1.278412422348685737e+02
3.729058392883481510e+00	1.276381838398097841e+02
3.735339748210807720e+00	1.274557395574439767e+02
3.741620776392969638e+00	1.271524081693639374e+02
3.747904795418762980e+00	1.271220575595244355e+02
3.754190633281219380e+00	1.273961128804684790e+02
3.760478208018912749e+00	1.269534635385475951e+02
3.766755538573464346e+00	1.269407274202140883e+02
3.773032090135151506e+00	1.268723226580991508e+02
3.779322553012896879e+00	1.268842949732746206e+02
3.785609109731308930e+00	1.266677173053881091e+02
3.791889825936295200e+00	1.266279026118359639e+02
3.798174822702435893e+00	1.264980082945711644e+02
3.804458658753491651e+00	1.265845536091089940e+02
3.810738438095723435e+00	1.263850670513410108e+02
3.817018850285747167e+00	1.264830815696097659e+02
3.823305314209427763e+00	1.264178279244730874e+02
3.829591295197792178e+00	1.262993130826972958e+02
3.835872296070849341e+00	1.264596263912747958e+02
3.842156279590906109e+00	1.264784172996165239e+02
3.848441511099312429e+00	1.263491059923966873e+02
3.854723334376886079e+00	1.263247114222928076e+02
3.861004740704794713e+00	1.262990568564818403e+02
3.867284336650660848e+00	1.259559521277244443e+02
3.873567367678779849e+00	1.260874058808789755e+02
3.879850662830422792e+00	1.262038022734242020e+02
3.886137063198143338e+00	1.261383583603185912e+02
3.892419463049126005e+00	1.260806610378981816e+02
3.898703740328622658e+00	1.260507162996754431e+02
3.904991458788179326e+00	1.260264242324561934e+02
3.911270842222104083e+00	1.260088898732889788e+02
3.917549806479573071e+00	1.260490142421491413e+02
3.923836006203090587e+00	1.261198644800627875e+02
3.930121452497870926e+00	1.261342087569965713e+02
3.936398172858230460e+00	1.263653940013540620e+02
3.942683040425962293e+00	1.259941458331485791e+02
3.948974759704379611e+00	1.262571305472427667e+02
3.955259227995065352e+00	1.261509882178620501e+02
3.961537174921395454e+00	1.262854859139345507e+02
3.967820217617139544e+00	1.262755570339463702e+02
3.974105559832568968e+00	1.263554912070354277e+02
3.980384727931198352e+00	1.263471256746689022e+02
3.986664590839849698e+00	1.263057878169710477e+02
3.992949619150675034e+00	1.263894925965927456e+02
3.999235075769965952e+00	1.265987018480816602e+02
4.005515715515433506e+00	1.263659746346286852e+02
4.011798434346478537e+00	1.263129512443423295e+02
4.018083716245132386e+00	1.265504105449823271e+02
4.024365700052603856e+00	1.267212483056034955e+02
4.030643960839860540e+00	1.268228184523482298e+02
4.036928708926215137e+00	1.268538058538909041e+02
4.043218157412017177e+00	1.271589469162735924e+02
4.049503019487663558e+00	1.272639677833150813e+02
4.055781898960511000e+00	1.271757938863481883e+02
4.062060795621602161e+00	1.273814862025150489e+02
4.068347865354716042e+00	1.272457560869982132e+02
4.074631027173265529e+00	1.273449169954722606e+02
4.080910837526078971e+00	1.276272715588023914e+02
4.087201203341442657e+00	1.277261580403018115e+02
4.093486818591942189e+00	1.278852760279955874e+02
4.099764387336505500e+00	1.278156890115060662e+02
4.106049166937662420e+00	1.282111452714725033e+02
4.112334559041358695e+00	1.283749252568494228e+02
4.118618926059533614e+00	1.284435042799766791e+02
4.124898942031112625e+00	1.283374716230485717e+02
4.131175432561665417e+00	1.286903165756869498e+02
4.137461563786142271e+00	1.286846864816967582e+02
4.143746006210170307e+00	1.292234275107643100e+02
4.150029800482964326e+00	1.292813057788405047e+02
4.156313390684649001e+00	1.294478917435458811e+02
4.162596105843763716e+00	1.293677157468446239e+02
4.168881843141768684e+00	1.296704583585106718e+02
4.175162111073220217e+00	1.298816043100741240e+02
4.181448573417560155e+00	1.302781176856891250e+02
4.187738782464171194e+00	1.302856288393217596e+02
4.194017437180169061e+00	1.306124203479395192e+02
4.200293572701767175e+00	1.306357955661776487e+02
4.206580195481546269e+00	1.308542832837169101e+02
4.212860644652220543e+00	1.311986579191201940e+02
4.219138153430114002e+00	1.313590822389445520e+02
4.225426162098283811e+00	1.313406631253721173e+02
4.231713506719782636e+00	1.319432790654829262e+02
4.237990056577191744e+00	1.322168637896242274e+02
4.244267783646744618e+00	1.324182679900313246e+02
4.250560660182562955e+00	1.331006791048532421e+02
4.256847734842668096e+00	1.328605654204085624e+02
4.263127100734456221e+00	1.330347525143992584e+02
4.269406860432507500e+00	1.335346564817685930e+02
4.275691671482192646e+00	1.332063954751592405e+02
4.281972414189518794e+00	1.337724144440242355e+02
4.288253516806755705e+00	1.343470723840575829e+02
4.294540520160492925e+00	1.342616533009754107e+02
4.300825742921731809e+00	1.344653627980285648e+02
4.307109835491901961e+00	1.349815455880664672e+02
4.313390926478413157e+00	1.352990772276634175e+02
4.319667979480563247e+00	1.350621661638680848e+02
4.325952598143786076e+00	1.364248220023300462e+02
4.332241647035422361e+00	1.360957765161363682e+02
4.338524445619096781e+00	1.362506680022158889e+02
4.344809348131129845e+00	1.366758768692932335e+02
4.351090699193166600e+00	1.371054692544722400e+02
4.357369710808320029e+00	1.373999002939464731e+02
4.363659348967174445e+00	1.376892682357783713e+02
4.369947418280990981e+00	1.380490952822122495e+02
4.376226569265827315e+00	1.383548681567172025e+02
4.382499356631129217e+00	1.380357328926558580e+02
4.388784975178015024e+00	1.385443239758137395e+02
4.395068696309480494e+00	1.384529988076110385e+02
4.401347962382031298e+00	1.393543036609058561e+02
4.407628405096517099e+00	1.392387634470002240e+02
4.413915862185140426e+00	1.393975862374289250e+02
4.420203163534264235e+00	1.401199462174167820e+02
4.426480311003382795e+00	1.398865172567970774e+02
4.432765973643649104e+00	1.404827322234251312e+02
4.439053392023870614e+00	1.403615296282564486e+02
4.445336141335588742e+00	1.403986444835594511e+02
4.451617241414883352e+00	1.408048638411840443e+02
4.457901500730311106e+00	1.409140344226564991e+02
4.464189501093017043e+00	1.412973052957141249e+02
4.470470197548729985e+00	1.409468492619024289e+02
4.476748044268524573e+00	1.415741083924709187e+02
4.483035990164653484e+00	1.419166461839120075e+02
4.489323331650528104e+00	1.415533814641386812e+02
4.495599111667934800e+00	1.410252064651077717e+02
4.501870922878794090e+00	1.410578352971927245e+02
4.508155162877705457e+00	1.417982582447617688e+02
4.514446451153479423e+00	1.411461386062561303e+02
4.520723894043856994e+00	1.415127948552917871e+02
4.527003782460155890e+00	1.409431375268356987e+02
4.533293086610313161e+00	1.414504776281796978e+02
4.539578989864040182e+00	1.408454075527993155e+02
4.545857164866476730e+00	1.405957046426334784e+02
4.552138955546025656e+00	1.397109553738877423e+02
4.558432046889146605e+00	1.395407569787764430e+02
4.564713463378488711e+00	1.396330199224620685e+02
4.570987274133244682e+00	1.393980884745798221e+02
4.577274818151045643e+00	1.395943611524797063e+02
4.583563263889338657e+00	1.396970667616255071e+02
4.589844917004465508e+00	1.394626191836540272e+02
4.596126259982004747e+00	1.387115412791030167e+02
4.602409075598298926e+00	1.388887371057483904e+02
4.608696634867644804e+00	1.387541760238338213e+02
4.614977646498861219e+00	1.394670656103853901e+02
4.621258953029527383e+00	1.390199648253962437e+02
4.627547993978874175e+00	1.391419667932881623e+02
4.633830152730579854e+00	1.393079254090692984e+02
4.640104005367354567e+00	1.392267325964827762e+02
4.646382060386754276e+00	1.390494170416168629e+02
4.652674213731970987e+00	1.399344345918295858e+02
4.658958291796220230e+00	1.391937110384467644e+02
4.665233615070169648e+00	1.396958766868849011e+02
4.671520675710307380e+00	1.399623986800350224e+02
4.677814351732177300e+00	1.396606584649924514e+02
4.684093699744638073e+00	1.399980867078748759e+02
4.690368661472568590e+00	1.405136875133153467e+02
4.696663270746453733e+00	1.408415983234253019e+02
4.702945459248681459e+00	1.404616949743680152e+02
4.709209170841929470e+00	1.405431508610226672e+02
4.715491634753063543e+00	1.409425570116400479e+02
4.721784316284933780e+00	1.411690376776057576e+02
4.728063062331094635e+00	1.414044361061340851e+02
4.734337423381671073e+00	1.413643745744539331e+02
4.740627024094544062e+00	1.419360735496391897e+02
4.746914995664547554e+00	1.424024471912339891e+02
4.753194740071086777e+00	1.424105748930799393e+02
4.759478891864783456e+00	1.427289405110252574e+02
4.765762396877359031e+00	1.424341919728178141e+02
4.772049481246195768e+00	1.433601831761421010e+02
4.778335091022592351e+00	1.435691261214680594e+02
4.784610831402393849e+00	1.440625047539591321e+02
4.790907306208476157e+00	1.444609918582901855e+02
4.797204047706418173e+00	1.447821715022834610e+02
4.803470827697504220e+00	1.451006423370156995e+02
4.809748850577324042e+00	1.447889281152936860e+02
4.816045316586602176e+00	1.450328727718343487e+02
4.822329240673497885e+00	1.459937871721441809e+02
4.828596758226470165e+00	1.464397421458562576e+02
4.834890332961369275e+00	1.466894445013230666e+02
4.841191655056394261e+00	1.465230824150348781e+02
4.847460407468000554e+00	1.477247419465693383e+02
4.853732128521334843e+00	1.473824119186216990e+02
4.860029138783373170e+00	1.475035466543110658e+02
4.866314601732018019e+00	1.484389331985893818e+02
4.872587026269203925e+00	1.491066118390050121e+02
4.878874221748241702e+00	1.495276192660821550e+02
4.885171078138658807e+00	1.498114400723533777e+02
4.891450629931857641e+00	1.497498231312945336e+02
4.897716482750221978e+00	1.517335233913581476e+02
4.904002834596266069e+00	1.518685226354526208e+02
4.910295858205786068e+00	1.521582862275268724e+02
4.916575188115905881e+00	1.521328514633063662e+02
4.922847946197084212e+00	1.524975612029511467e+02
4.929131667457151700e+00	1.529622447426592942e+02
4.935434460144239033e+00	1.534769908857032021e+02
4.941718513303545279e+00	1.547184749088042111e+02
4.947978624761803168e+00	1.549703732448288633e+02
4.954274999209829389e+00	1.553703804195899636e+02
4.960571094729937514e+00	1.559505427065755896e+02
4.966823207626954506e+00	1.559287983110943969e+02
4.973097418390337587e+00	1.575271405694381031e+02
4.979415129936382023e+00	1.578693766602029314e+02
4.985702082330368157e+00	1.589957658142291450e+02
4.991949985828016523e+00	1.597346381248008527e+02
4.998241586316924057e+00	1.599887977991173216e+02
5.004556635606089543e+00	1.617628488627453862e+02
5.010828655701208945e+00	1.613586101644753796e+02
5.017077229702536556e+00	1.634073785829624228e+02
5.023374414758113637e+00	1.633252018032439992e+02
5.029688873569548413e+00	1.641683097337710251e+02
5.035958413584124216e+00	1.650990071200419607e+02
5.042232667658486989e+00	1.666255395965759476e+02
5.048528755870775875e+00	1.667764094876310992e+02
5.054821121427484520e+00	1.685274504508206519e+02
5.061069509814582368e+00	1.681252621491170487e+02
5.067347812754101177e+00	1.699620421188668331e+02
5.073675050630431116e+00	1.687588269871029638e+02
5.079945928388977627e+00	1.729094283512499715e+02
5.086192992546071601e+00	1.716157001104592439e+02
5.092484128970163226e+00	1.734624566958656828e+02
5.098802924706086870e+00	1.742352480381678390e+02
5.105078217426394005e+00	1.759627480177707923e+02
5.111325076574067872e+00	1.753410831414401798e+02
5.117628358851224135e+00	1.769767122346120516e+02
5.123935939383525984e+00	1.780182404095135666e+02
5.130199176325612065e+00	1.795476984018632436e+02
5.136469985878846956e+00	1.797331036040375238e+02
5.142797788696348071e+00	1.811873479694964999e+02
5.149090378043822192e+00	1.827175846252031590e+02
5.155289879840074363e+00	1.842601548540469025e+02
5.161564521234301317e+00	1.854877846080046027e+02
5.167916673496016244e+00	1.852502916118239966e+02
5.174205974602950064e+00	1.878491114921823737e+02
5.180434820793812456e+00	1.893507984927474865e+02
5.186729096569634656e+00	1.901429754728508783e+02
5.193058481037780894e+00	1.916771860452911085e+02
5.199319511444338460e+00	1.923063937114441444e+02
5.205574295584361799e+00	1.924693670272326074e+02
5.211894977074066126e+00	1.958369873790209681e+02
5.218201708336958511e+00	1.949191120785028204e+02
5.224411911780083351e+00	1.980040127876038412e+02
5.230677632666463239e+00	2.011620890664482033e+02
5.237056729559757429e+00	2.025634327981482556e+02
5.243336785035660697e+00	2.041321311864240613e+02
5.249493476178225038e+00	2.027828773286344699e+02
5.255787017738318134e+00	2.059474514917554018e+02
5.262205327426889845e+00	2.092521790045769876e+02
5.268477758348532269e+00	2.087899595151213248e+02
5.274632213654732560e+00	2.108983197126325706e+02
5.280950543314659740e+00	2.138026640067147639e+02
5.287327645024750389e+00	2.124501941219133130e+02
5.293582359180156516e+00	2.176043338484161609e+02
5.299789992649893478e+00	2.156145569092097389e+02
5.306111460381987222e+00	2.199518100075860048e+02
5.312452717892129250e+00	2.235978773556465171e+02
5.318650122853046724e+00	2.209382607083769585e+02
5.324923043129819789e+00	2.277441967640112352e+02
5.331330237158205421e+00	2.325335350390016629e+02
5.337586726886338617e+00	2.311748803417735303e+02
5.343685192440848830e+00	2.367830482009497644e+02
5.350070659715249199e+00	2.360583417647755766e+02
5.356556762554878226e+00	2.392002365072478938e+02
5.362691868684501095e+00	2.447875491272449437e+02
5.368769208912516966e+00	2.411583550506101972e+02
5.375270137997677722e+00	2.443039812188469284e+02
5.381769983045385786e+00	2.443311498174809344e+02
5.387701030372958222e+00	2.522590303018010616e+02
5.393786668001271600e+00	2.520778556782405246e+02
5.400446161099396569e+00	2.539435643327021808e+02
5.406957063684501463e+00	2.621211837986983824e+02
5.412655672453426270e+00	2.556232674462719672e+02
5.418821279260546575e+00	2.630841444209074211e+02
5.425690594366304076e+00	2.629313897178111574e+02
5.432217487502165376e+00	2.661104074536484632e+02
5.437649811577258241e+00	2.778424686455711026e+02
5.443914404015878006e+00	2.785074175180460543e+02
5.450953501686320202e+00	2.749955606504839238e+02
5.457483690405861232e+00	2.739866872424194071e+02
5.462715250135157241e+00	2.739480247730296014e+02
5.469033575551323523e+00	2.906366339297943000e+02
5.476177730420278778e+00	2.914048465883297467e+02
5.482708935702562236e+00	2.998220568099304160e+02
5.487722405008360838e+00	2.989576671247262993e+02
5.494194284996126498e+00	2.996151479399609912e+02
5.501391471009256406e+00	3.031163435165519218e+02
5.507128202673079009e+00	3.088712552640580498e+02
5.512278020050448646e+00	3.082050465116303712e+02
5.519395563377015534e+00	3.043709753809891367e+02
5.526598678609708770e+00	3.402215129542431100e+02
5.532162682462509196e+00	3.459024029092007027e+02
5.537397124017139127e+00	3.140460260679793123e+02
5.544582756485218589e+00	3.581701994362284722e+02
5.551739327507637434e+00	3.512940512718541299e+02
5.557493306674907707e+00	3.276237262849888339e+02
5.562281709102816940e+00	3.900123343025563827e+02
5.569272720323164449e+00	4.024713356971238341e+02
