8.899641224696953554e-03	3.689211640635496587e+04
1.507912216506557788e-02	2.863513670497749627e+04
2.144790186456836667e-02	2.863188016710938246e+04
2.783660776489276650e-02	2.621588051502905728e+04
3.435099785803411021e-02	2.115461563803278113e+04
4.047886761425745911e-02	1.692574553376868425e+04
4.676716683575679601e-02	1.416792890332761817e+04
5.308225101765951665e-02	1.300348671782996280e+04
5.945362440940590160e-02	1.095013371882744286e+04
6.576224814588792211e-02	9.937084733106279600e+03
7.196632906698736953e-02	9.938912703034215156e+03
7.827860915688347743e-02	8.447686618212212124e+03
8.470398945834539672e-02	8.015506669220717413e+03
9.096854620527369817e-02	6.616887365964634228e+03
9.720789776830213169e-02	5.902353314352131747e+03
1.034763038959366499e-01	5.315412721888715168e+03
1.097576444254559219e-01	4.950984167367359078e+03
1.160543084780093354e-01	4.753602889182107901e+03
1.223669666537485351e-01	4.379993957276001311e+03
1.286817263090294094e-01	4.201987048995534678e+03
1.349500801664080818e-01	3.965818590348827911e+03
1.411949558842147678e-01	3.759187988881302317e+03
1.475133575747468451e-01	3.494311456273330805e+03
1.537865074252268427e-01	3.178992018368394383e+03
1.600657544051110326e-01	3.074920444392619629e+03
1.663991168687080635e-01	2.846578183043082845e+03
1.727195645776442856e-01	2.682590620285542627e+03
1.789765213377084718e-01	2.632481501929424667e+03
1.852353690647852158e-01	2.425543790582757538e+03
1.914806787341157279e-01	2.331729290994624535e+03
1.977889868651535599e-01	2.271380014776710595e+03
2.040937735447724277e-01	2.162036192396438310e+03
2.103939302609846018e-01	2.094744720420333124e+03
2.166909709822301688e-01	2.030216433578215401e+03
2.229700281216152047e-01	1.924281668154516638e+03
2.292620027086341994e-01	1.885228417625638485e+03
2.355141508366812297e-01	1.821131117407091324e+03
2.417910583817859116e-01	1.723254358285993021e+03
2.480856539439619257e-01	1.664450495300793364e+03
2.543492256872954549e-01	1.611902378275549381e+03
2.606334251884805386e-01	1.567566463629660120e+03
2.669257370896960802e-01	1.515661648934350751e+03
2.732423343141155980e-01	1.476954339543758579e+03
2.795529680084415936e-01	1.475170550315164064e+03
2.858366292314493129e-01	1.413174369547839433e+03
2.920876271394311496e-01	1.383191497501295544e+03
2.983449844439822751e-01	1.322482989135475009e+03
3.046382639407197446e-01	1.306562538115137841e+03
3.109279127003197196e-01	1.267269240877931452e+03
3.172168171618398036e-01	1.239391145372670962e+03
3.235187567944423082e-01	1.204574807709898096e+03
3.298168217550395687e-01	1.172080111734304637e+03
3.361176429457156667e-01	1.140933977679543432e+03
3.423700375709273769e-01	1.127582824314074969e+03
3.486478192666269682e-01	1.102023847497348243e+03
3.549411614411318028e-01	1.081146044411879529e+03
3.611916935421040642e-01	1.057058085351437285e+03
3.674767089563572564e-01	1.046884485554845014e+03
3.737647795277591056e-01	1.017679080394812104e+03
3.800654031475132477e-01	1.005008838932912795e+03
3.863539861259823738e-01	9.842265464049265802e+02
3.926140181364449755e-01	9.670798166742683861e+02
3.989264500321934581e-01	9.440281515045098786e+02
4.052073244576828714e-01	9.347753541345884969e+02
4.114916477570477182e-01	9.229410641781724962e+02
4.177814272116491257e-01	9.024666319980711933e+02
4.240400648725131116e-01	8.822171274569151365e+02
4.303425690270192283e-01	8.751616446846312556e+02
4.366358560255625965e-01	8.646507462346380635e+02
4.428996183220763605e-01	8.474816982966501655e+02
4.491634418529859563e-01	8.337857741046601632e+02
4.554414146254732731e-01	8.250581888487046172e+02
4.617634470301058558e-01	8.105447001624501127e+02
4.680644242023710433e-01	7.938544295976793137e+02
4.743485242764365895e-01	7.850275807572373878e+02
4.806356136815400082e-01	7.762601517374796458e+02
4.869019258388697646e-01	7.707346588804572320e+02
4.931697099599955947e-01	7.539912638501760966e+02
4.994506747144535908e-01	7.442683085252218689e+02
5.057159051335421429e-01	7.372546648116373262e+02
5.119923996268095356e-01	7.243657832490274586e+02
5.183126097768406826e-01	7.237501733378288691e+02
5.246089638029100000e-01	7.105414455484400378e+02
5.308757308483337267e-01	7.083533827981350441e+02
5.371573527946726934e-01	6.970892485991431613e+02
5.434579563783791256e-01	6.867049415010511666e+02
5.497430652392217842e-01	6.793664502132440930e+02
5.559937427501778773e-01	6.641897597408438969e+02
5.622854676609657654e-01	6.651406587576346965e+02
5.686011537227265711e-01	6.526028469190570149e+02
5.748804589422079614e-01	6.511470384103025708e+02
5.811550210340560296e-01	6.413214875835831208e+02
5.874394496660968468e-01	6.335114763253126284e+02
5.937176220296899176e-01	6.274412359539705903e+02
5.999971954793682505e-01	6.206637105900637152e+02
6.062679115124277596e-01	6.137884918537354224e+02
6.125469576444534381e-01	6.082969156166720950e+02
6.188477733041515272e-01	6.043799234870957662e+02
6.251310567437898813e-01	5.992778292164327922e+02
6.314027450383210560e-01	5.981507811437554665e+02
6.377003562732055375e-01	5.854018487743121568e+02
6.439857783314556494e-01	5.808772014669881401e+02
6.502685417166111925e-01	5.747648114206396031e+02
6.565586117699038216e-01	5.706849519479409309e+02
6.628369282359254377e-01	5.649522850012613162e+02
6.691185444962194362e-01	5.556713003181582735e+02
6.754070198575605755e-01	5.519233745496139818e+02
6.816835514593204692e-01	5.467690002895602674e+02
6.879592533861698112e-01	5.449462011134952490e+02
6.942344317039531587e-01	5.438727924947202155e+02
7.005175402434737908e-01	5.385253975295854616e+02
7.068124956608716758e-01	5.291493863557842587e+02
7.131019009674921527e-01	5.253891601232132871e+02
7.193918251171427247e-01	5.251779694683309572e+02
7.256833807598113140e-01	5.178355495850490797e+02
7.319652682709349989e-01	5.129261666521318830e+02
7.382507990484923344e-01	5.080636851154530405e+02
7.445265842115937893e-01	5.026771002279341474e+02
7.507871101942712455e-01	5.027629141411252363e+02
7.570758465316046459e-01	4.976865660992828566e+02
7.633641233600957365e-01	4.914638216287397654e+02
7.696462959862266917e-01	4.896536827128247751e+02
7.759394865175414102e-01	4.841467587350659301e+02
7.822329141989586843e-01	4.834678196742504497e+02
7.885314936520240181e-01	4.779068728544094142e+02
7.947896566979522071e-01	4.726005062861398756e+02
8.010491096592354809e-01	4.706541287163394145e+02
8.073364061727361651e-01	4.652408631533277799e+02
8.136229488373866170e-01	4.627905504684396760e+02
8.199152998961036776e-01	4.583946551199680357e+02
8.261952636392789762e-01	4.545978426724643668e+02
8.324897070080405914e-01	4.535788726991731323e+02
8.387959309210778480e-01	4.486059297167581121e+02
8.450634639703045181e-01	4.489170931869953165e+02
8.513282867562648182e-01	4.457456603809686158e+02
8.576198263902009566e-01	4.384709528160837522e+02
8.639058477062415697e-01	4.384892184088888598e+02
8.701838745487597837e-01	4.335966756787985332e+02
8.764641096075268534e-01	4.306610966347691374e+02
8.827503873399735745e-01	4.261636154095875213e+02
8.890332768393869323e-01	4.245102466804237906e+02
8.953084247113127780e-01	4.223100504970441875e+02
9.015956521667095602e-01	4.173178596019640167e+02
9.078833328094829680e-01	4.173137941275980438e+02
9.141744106319863450e-01	4.153412180099026045e+02
9.204630817717615043e-01	4.118002153112065571e+02
9.267434415264711456e-01	4.087248873167783358e+02
9.330324197354928906e-01	4.029240484162405096e+02
9.393265785573878812e-01	4.025242705113145689e+02
9.455974810398196650e-01	3.987093472107436583e+02
9.518660018545171964e-01	3.990943513727293634e+02
9.581413255531838757e-01	3.941158818744673340e+02
9.644350945109106954e-01	3.915999724931053265e+02
9.707355633568249820e-01	3.897747929245501268e+02
9.770080768450029041e-01	3.852444158297422518e+02
9.832823325363413414e-01	3.827341762776384257e+02
9.895569691966674686e-01	3.831384645309656776e+02
9.958456301921106979e-01	3.797739505327334655e+02
1.002136210743837408e+00	3.755578697714940404e+02
1.008404825335135424e+00	3.758049737586608785e+02
1.014694149836243398e+00	3.731783019433207755e+02
1.020992555437297167e+00	3.697909944189349289e+02
1.027273980437394485e+00	3.691422849790997134e+02
1.033559181896017254e+00	3.657349333988225908e+02
1.039847557392594934e+00	3.652617615111631153e+02
1.046126974943305088e+00	3.601136295867941044e+02
1.052403436811028659e+00	3.586308734586289688e+02
1.058680704651608684e+00	3.559798705369985328e+02
1.064964333065789193e+00	3.545004414442240659e+02
1.071256777440835473e+00	3.529455438078558132e+02
1.077544048801078125e+00	3.487226837554431427e+02
1.083824820188043603e+00	3.471285293776646768e+02
1.090108023942816695e+00	3.456465591977399754e+02
1.096389665956643222e+00	3.433443808186473234e+02
1.102681132058841440e+00	3.408723834736728691e+02
1.108963047594879958e+00	3.405271637755748770e+02
1.115225428463759272e+00	3.387409501659512330e+02
1.121502127614767863e+00	3.345675394836359828e+02
1.127792573824792033e+00	3.336538257945796317e+02
1.134089552668382961e+00	3.319318260935206126e+02
1.140364049650405942e+00	3.287296561165050548e+02
1.146639180320979445e+00	3.278394335754619533e+02
1.152942412991649901e+00	3.258972322939412720e+02
1.159228906751078814e+00	3.249182320408681903e+02
1.165508721887268173e+00	3.223529563915613494e+02
1.171793076256210320e+00	3.201268361218031373e+02
1.178087436369658958e+00	3.194085639348131735e+02
1.184367654251526902e+00	3.169400056766511966e+02
1.190634642299266632e+00	3.151407950412376522e+02
1.196912208834400859e+00	3.140228488085182335e+02
1.203201577354146234e+00	3.125201612283720465e+02
1.209486844441705733e+00	3.094299418830518675e+02
1.215763902074809888e+00	3.071999805864526252e+02
1.222049755171146668e+00	3.066398957205761349e+02
1.228340616621486969e+00	3.049447622419241952e+02
1.234632986576932767e+00	3.033600715380460997e+02
1.240902247176856488e+00	3.005195097453540143e+02
1.247174839144687519e+00	2.989974168926273137e+02
1.253465459933442272e+00	2.979604805006968604e+02
1.259749951892178421e+00	2.958509469525599229e+02
1.266032143127253873e+00	2.937834393714361454e+02
1.272316288472006507e+00	2.921869822430114141e+02
1.278604155058621350e+00	2.919532163134867346e+02
1.284886588933593865e+00	2.904796568478778909e+02
1.291175420066583257e+00	2.881636185010378881e+02
1.297465726373772332e+00	2.864460099557801414e+02
1.303741827011944299e+00	2.856840079171682873e+02
1.310017322922761851e+00	2.852513984510073328e+02
1.316301447662886703e+00	2.827749084624171019e+02
1.322586760363303249e+00	2.800073506482847847e+02
1.328865492452874664e+00	2.793510254696040533e+02
1.335144804954555564e+00	2.767367001401586322e+02
1.341440516272275119e+00	2.760729342260108865e+02
1.347730868417094552e+00	2.749985767599245037e+02
1.354001589994877630e+00	2.735189556319966186e+02
1.360282609297778444e+00	2.718951297948552792e+02
1.366565686457597906e+00	2.703962052560880807e+02
1.372851498482432708e+00	2.692583123049962524e+02
1.379135372929401804e+00	2.681439732677993675e+02
1.385409567149057164e+00	2.669482999476823011e+02
1.391698641219299315e+00	2.641161051811920402e+02
1.397984451439470810e+00	2.634696131747993491e+02
1.404267883409181961e+00	2.618370457169413044e+02
1.410554779484869181e+00	2.613680192505290734e+02
1.416837833547465397e+00	2.590283505229481875e+02
1.423118177187137068e+00	2.579866669046421066e+02
1.429397801164240089e+00	2.567958185739555574e+02
1.435686921822787232e+00	2.561252648669970426e+02
1.441977121769299597e+00	2.533259488212200097e+02
1.448253667853332427e+00	2.532202253167397714e+02
1.454532348972172651e+00	2.515702744790290524e+02
1.460819319151879903e+00	2.501299601184469736e+02
1.467110364402026468e+00	2.494289191995008537e+02
1.473392908948962132e+00	2.472030638789622685e+02
1.479669965243598950e+00	2.473958082652692667e+02
1.485956144602843532e+00	2.457603929998899730e+02
1.492233610763115115e+00	2.445963063830222097e+02
1.498502470379980078e+00	2.431849564906630121e+02
1.504785752051182701e+00	2.416140730528386769e+02
1.511075991894575976e+00	2.399011498346229132e+02
1.517361634985162189e+00	2.392073437181590805e+02
1.523648570969130533e+00	2.380064293622779417e+02
1.529938035715892264e+00	2.372478000196748269e+02
1.536230176913891965e+00	2.362121309343028202e+02
1.542510718779388279e+00	2.343057937637859141e+02
1.548783963082980275e+00	2.338647512070868402e+02
1.555073069779651318e+00	2.319331980840250651e+02
1.561357324927233892e+00	2.314858316954385486e+02
1.567629121053141006e+00	2.305734162568219006e+02
1.573913697404382583e+00	2.289980670612184781e+02
1.580203545230874029e+00	2.276145112481329704e+02
1.586485393434537983e+00	2.262599603543003184e+02
1.592760014263005841e+00	2.256668585344155247e+02
1.599046436394670812e+00	2.240901751187235789e+02
1.605342136637478934e+00	2.238320127518400966e+02
1.611619860919608627e+00	2.228548278302197900e+02
1.617897597081673799e+00	2.219070604678387326e+02
1.624183235481122756e+00	2.210055951127487504e+02
1.630464598531913722e+00	2.191129856965688987e+02
1.636748985747638274e+00	2.182700634028500133e+02
1.643030923698886259e+00	2.174693247054110259e+02
1.649309176648513064e+00	2.167807731810478913e+02
1.655593633940351861e+00	2.153052692821025573e+02
1.661879571405086464e+00	2.142859442836988535e+02
1.668169361685170271e+00	2.130417226429393907e+02
1.674450151530487485e+00	2.129903110663958898e+02
1.680722718978495900e+00	2.113084896414511320e+02
1.687013891340952476e+00	2.095966207876271596e+02
1.693308984907921033e+00	2.091512903443075686e+02
1.699582147428448486e+00	2.085810362534490139e+02
1.705863747055134105e+00	2.070938452056664403e+02
1.712154434283889470e+00	2.063600825182427911e+02
1.718438381579399321e+00	2.044434812641424060e+02
1.724721264464063930e+00	2.045703876052723160e+02
1.730997441276920679e+00	2.029600514459507394e+02
1.737287073528269499e+00	2.019872056978617252e+02
1.743567991878527401e+00	2.012634436445710548e+02
1.749840680212231048e+00	2.004844913828305266e+02
1.756128549091961144e+00	1.996848422740880267e+02
1.762413535324792502e+00	1.984697041936493349e+02
1.768696187669963837e+00	1.977805840741670806e+02
1.774979359379055266e+00	1.969943306940633931e+02
1.781265555576432957e+00	1.958281016879863898e+02
1.787549427830244619e+00	1.952456502944177146e+02
1.793834120011633004e+00	1.942666625288480020e+02
1.800115051552487300e+00	1.928948747797224428e+02
1.806393904854530330e+00	1.921942817378777306e+02
1.812674089667083432e+00	1.910938018451188896e+02
1.818956920109354058e+00	1.906744425868240853e+02
1.825244164118212220e+00	1.900459642258231838e+02
1.831527256642196955e+00	1.888428243283370307e+02
1.837811294935716599e+00	1.878873748986876535e+02
1.844100717411196744e+00	1.872319753184256683e+02
1.850384816792487230e+00	1.865443332268798144e+02
1.856666059735203822e+00	1.861118555326794421e+02
1.862947728675613979e+00	1.847067034922712310e+02
1.869229324466858078e+00	1.839575978748979139e+02
1.875517616802973686e+00	1.833873048888125652e+02
1.881800769033795229e+00	1.821104788069688141e+02
1.888078863416442710e+00	1.820103628176942436e+02
1.894353975182237582e+00	1.808156124778932110e+02
1.900642716154182565e+00	1.797810966200700022e+02
1.906933494748685121e+00	1.789507846689681401e+02
1.913207568676573933e+00	1.784219424248993562e+02
1.919490884732178992e+00	1.775866065360699508e+02
1.925776855684274480e+00	1.768126601812099921e+02
1.932064452961978152e+00	1.761483253714324633e+02
1.938342610030488800e+00	1.751755331438016299e+02
1.944618341543410178e+00	1.745419404198719064e+02
1.950906260203513876e+00	1.738615836577888274e+02
1.957194556613796488e+00	1.728105642859060538e+02
1.963479614559011432e+00	1.722189352569889422e+02
1.969760361532916226e+00	1.717180792531457314e+02
1.976048367034604736e+00	1.707720385569448069e+02
1.982337990217652335e+00	1.696805335814560465e+02
1.988617489259562721e+00	1.693638574686114566e+02
1.994896320665194178e+00	1.687401346994450080e+02
2.001179596222827151e+00	1.677961864131559935e+02
2.007459756923499761e+00	1.670445084527405015e+02
2.013737397779169935e+00	1.663428359875572937e+02
2.020017234677497164e+00	1.657202873080901782e+02
2.026310251015072783e+00	1.650012448326490073e+02
2.032600542948020284e+00	1.647539017943679767e+02
2.038873863192099289e+00	1.635041358964421931e+02
2.045154087821675404e+00	1.630996121299276354e+02
2.051444704514288730e+00	1.623479406936357350e+02
2.057730430280644729e+00	1.614756738325655760e+02
2.064013940455224461e+00	1.607267575727642281e+02
2.070299891179459895e+00	1.604711065956889513e+02
2.076589719964883951e+00	1.596136002496054971e+02
2.082865483794470673e+00	1.589511453184278764e+02
2.089134494859368640e+00	1.583526287251445694e+02
2.095424211360070288e+00	1.578333886714110292e+02
2.101707116664804254e+00	1.568187167531363286e+02
2.107986473933564309e+00	1.565268743798526714e+02
2.114271806543862375e+00	1.557989137770744605e+02
2.120552717288892275e+00	1.548024408556299818e+02
2.126836933207161717e+00	1.544220294401678473e+02
2.133122044791171845e+00	1.534173190896871972e+02
2.139411711910842673e+00	1.529870264185736062e+02
2.145697076775292089e+00	1.525273837070820662e+02
2.151973548606471276e+00	1.519557412355419785e+02
2.158259913555724108e+00	1.511494879094735211e+02
2.164545396699105506e+00	1.506044410850044528e+02
2.170830700377734068e+00	1.501040235671656262e+02
2.177114138849150393e+00	1.500087817604915870e+02
2.183387647576827018e+00	1.484691926212346971e+02
2.189670273687676971e+00	1.483772334714649901e+02
2.195960147934207463e+00	1.478729618841251749e+02
2.202242556317716371e+00	1.470541403502470530e+02
2.208521655981037668e+00	1.465748493266712842e+02
2.214804637081333016e+00	1.461922789153242945e+02
2.221092583349425276e+00	1.454170633888082023e+02
2.227372893591468728e+00	1.447369809818189879e+02
2.233657161144248171e+00	1.443595958850785621e+02
2.239943485394438660e+00	1.438406670430216536e+02
2.246224175264620815e+00	1.431130178285806949e+02
2.252506378421252009e+00	1.424239929188465226e+02
2.258783417054270437e+00	1.420923260145392248e+02
2.265069077371457684e+00	1.416165083795570752e+02
2.271350377044131452e+00	1.412364023326404379e+02
2.277633995145353918e+00	1.407027199606009731e+02
2.283922419579920149e+00	1.398746872966912633e+02
2.290202874392252674e+00	1.393060955023898373e+02
2.296490779970905560e+00	1.391294069378401446e+02
2.302771769934229162e+00	1.381616732255708371e+02
2.309051364164305564e+00	1.380948439168694790e+02
2.315338502539088239e+00	1.375119450636032923e+02
2.321627336503874428e+00	1.371474104059098522e+02
2.327911878297218795e+00	1.365439765710341362e+02
2.334186238580297168e+00	1.358759753898206952e+02
2.340467971862688401e+00	1.352911903333935584e+02
2.346756940970738725e+00	1.348690824355859377e+02
2.353044444556199988e+00	1.344576606038771445e+02
2.359327653314069906e+00	1.338125512739257488e+02
2.365603048789861607e+00	1.335032553374389863e+02
2.371885911737665165e+00	1.328930470032756261e+02
2.378173303594019572e+00	1.325530991063067177e+02
2.384454016539381271e+00	1.322953818613381145e+02
2.390736447344785187e+00	1.315490972511291261e+02
2.397014133897952259e+00	1.312448356534331140e+02
2.403295490074321972e+00	1.308130448492489677e+02
2.409585049672506862e+00	1.301983712213884132e+02
2.415871703165322071e+00	1.295816325290734028e+02
2.422160652369088840e+00	1.290524387355790168e+02
2.428440167222748691e+00	1.288547500445010030e+02
2.434717472383889803e+00	1.283771602509495722e+02
2.441002456202044257e+00	1.279499287493421633e+02
2.447289980304530488e+00	1.275849073244483378e+02
2.453571844729242279e+00	1.271916679368473524e+02
2.459852705114058846e+00	1.266515403207306747e+02
2.466139233225018934e+00	1.260270069827659682e+02
2.472421963421291391e+00	1.256180003748968659e+02
2.478698519174224568e+00	1.254469822313378984e+02
2.484980841400355800e+00	1.249988610428383708e+02
2.491269319409339822e+00	1.246816875433110567e+02
2.497548505139029373e+00	1.242080886279804304e+02
2.503831667172610853e+00	1.237292767058308982e+02
2.510117938323931153e+00	1.233728821662293456e+02
2.516400733681277480e+00	1.229181189856630425e+02
2.522688226833368130e+00	1.226164720485162576e+02
2.528971695852665569e+00	1.219427853676471756e+02
2.535252039407670299e+00	1.217660221503689542e+02
2.541537514142774512e+00	1.211636551719849137e+02
2.547823008847572179e+00	1.211921930248288390e+02
2.554100666580690238e+00	1.205077732798133638e+02
2.560376788884177301e+00	1.200540493992058799e+02
2.566667521601497359e+00	1.198877799887883953e+02
2.572955062237090473e+00	1.195186464942372027e+02
2.579233771797999175e+00	1.190710235723162356e+02
2.585520164300948220e+00	1.189162636785411422e+02
2.591805130332431872e+00	1.185619256202572842e+02
2.598084074692260881e+00	1.181350217157074951e+02
2.604360404197643586e+00	1.176983028213634128e+02
2.610647185140439142e+00	1.173160404246203683e+02
2.616931864059273138e+00	1.169731317324786914e+02
2.623206107911065565e+00	1.165503913022403566e+02
2.629491626543270844e+00	1.160302355324166115e+02
2.635778507982642349e+00	1.160275254914616170e+02
2.642061039325260818e+00	1.156525428985082016e+02
2.648343840729305843e+00	1.153886403695409371e+02
2.654631838974855551e+00	1.151619271792436336e+02
2.660919001246303761e+00	1.147492427629610461e+02
2.667198525130066056e+00	1.145341209710918520e+02
2.673484307038032526e+00	1.143788436226534060e+02
2.679773388053849459e+00	1.138504991591600657e+02
2.686058217632288692e+00	1.135182411006001786e+02
2.692338738200057868e+00	1.131714560137820200e+02
2.698618022887226964e+00	1.129320871790857410e+02
2.704895450708277860e+00	1.126632983672713664e+02
2.711175674923682166e+00	1.123380261414096140e+02
2.717459832966957922e+00	1.122545950415657074e+02
2.723745731959044569e+00	1.118168577733130036e+02
2.730038414850594730e+00	1.114758443417736089e+02
2.736317989800789441e+00	1.112435511760470206e+02
2.742591858549239703e+00	1.109103481697560198e+02
2.748879749010778362e+00	1.107564285954054668e+02
2.755163403825859447e+00	1.103858435623669578e+02
2.761446955625852073e+00	1.100792465048802029e+02
2.767732088935374701e+00	1.100348711913244841e+02
2.774015452421743966e+00	1.097849616978351008e+02
2.780298635700591436e+00	1.095375660339103803e+02
2.786577474762241380e+00	1.091626062353665674e+02
2.792857983210164541e+00	1.089192274476220348e+02
2.799143790920211483e+00	1.087394104781584190e+02
2.805430058399325244e+00	1.085486458692228240e+02
2.811715058209780072e+00	1.082732119986319930e+02
2.817989272498773623e+00	1.080712652902894177e+02
2.824269171595737760e+00	1.078502015670849801e+02
2.830563016441804081e+00	1.077646142193408565e+02
2.836848750951622034e+00	1.074162537702117959e+02
2.843130027866129783e+00	1.073197229411091200e+02
2.849413896912404986e+00	1.069204555616565244e+02
2.855697464522425566e+00	1.067095461399961636e+02
2.861978799810683594e+00	1.064066479259413285e+02
2.868262469415629567e+00	1.064329040017466781e+02
2.874547359206753860e+00	1.060129689241324229e+02
2.880831111471525041e+00	1.060740964363425434e+02
2.887113216972382546e+00	1.058730106105856805e+02
2.893394504725182781e+00	1.055341903567396002e+02
2.899673662137033592e+00	1.055059894071899151e+02
2.905953958587380814e+00	1.053129723984235682e+02
2.912241118105161064e+00	1.052186407419689402e+02
2.918525996366671205e+00	1.050450336816766281e+02
2.924809035425688819e+00	1.047954869628119923e+02
2.931095916293684933e+00	1.048280965700134573e+02
2.937378182606774413e+00	1.045784013723336585e+02
2.943659980254369923e+00	1.044718127892356136e+02
2.949946454403890250e+00	1.045454911786269037e+02
2.956227653702202307e+00	1.043724643785297985e+02
2.962510478867462993e+00	1.041681504611689775e+02
2.968796535179442309e+00	1.038214596021497442e+02
2.975077657376874907e+00	1.037337267692609259e+02
2.981359866759223376e+00	1.036030013323812113e+02
2.987646761575656562e+00	1.036585324347626482e+02
2.993929038370399365e+00	1.034551739142542885e+02
3.000206214840962726e+00	1.035479437372268308e+02
3.006486172402415669e+00	1.032662921616333875e+02
3.012769812211594456e+00	1.033170744894664352e+02
3.019053144326170113e+00	1.032608117881135144e+02
3.025337405144251424e+00	1.029784738649005931e+02
3.031623734799107961e+00	1.030801699658104269e+02
3.037908962055872575e+00	1.031217127171379104e+02
3.044195067146031608e+00	1.031394360595594151e+02
3.050475543482170426e+00	1.029205860936410062e+02
3.056754954538277502e+00	1.029495778785123150e+02
3.063040539557494668e+00	1.029362474360636952e+02
3.069323699454357346e+00	1.027226167823373117e+02
3.075610692642898769e+00	1.029129788448344698e+02
3.081893798009918584e+00	1.026782093388392951e+02
3.088174549548037717e+00	1.027753343242295898e+02
3.094458635632868493e+00	1.027260717353920967e+02
3.100743982931558840e+00	1.026927254066163897e+02
3.107028111748448396e+00	1.026971579414620948e+02
3.113309299655494300e+00	1.028404144831321929e+02
3.119590662867241626e+00	1.027793372349910186e+02
3.125874006820172912e+00	1.026991747973975606e+02
3.132159251154602586e+00	1.028344452231496007e+02
3.138439172765940643e+00	1.028077379970637679e+02
3.144723867719826593e+00	1.027845134089066192e+02
3.151003951258561031e+00	1.029010781326889656e+02
3.157283664131563139e+00	1.028792060100672501e+02
3.163569317183839935e+00	1.030653512409592736e+02
3.169851661717792091e+00	1.030748441424538697e+02
3.176137704316093657e+00	1.030960021038614514e+02
3.182420924828643916e+00	1.031135444479233030e+02
3.188702811875577581e+00	1.033453766164642644e+02
3.194990520008989865e+00	1.032980392592591983e+02
3.201275324656983834e+00	1.034808881250421564e+02
3.207551352179861759e+00	1.035797616631830351e+02
3.213835216737041645e+00	1.035290063393478448e+02
3.220122579819103770e+00	1.036690641328373772e+02
3.226406606618656525e+00	1.032995326275116952e+02
3.232687390085645429e+00	1.030231394425852329e+02
3.238969121280456331e+00	1.030309769213148030e+02
3.245254751548589667e+00	1.027225890286818526e+02
3.251534499036136783e+00	1.023847678779951593e+02
3.257817780791052442e+00	1.023598703833969097e+02
3.264102164154097263e+00	1.021094372976034634e+02
3.270384152138468892e+00	1.018107932076635080e+02
3.276669427476867735e+00	1.017009274287760974e+02
3.282954688864507808e+00	1.014992836551510464e+02
3.289237200334947264e+00	1.011567693965499330e+02
3.295519587088236779e+00	1.011381494481511396e+02
3.301805977329951958e+00	1.007761829081120766e+02
3.308087486222440088e+00	1.005592275151322212e+02
3.314367630234227313e+00	1.005766613219666112e+02
3.320651909732194262e+00	1.002990718034249227e+02
3.326931260376857047e+00	9.995821056396066240e+01
3.333216512447217728e+00	9.981893922932231078e+01
3.339504489419978128e+00	9.968348778076163796e+01
3.345786804809928405e+00	9.950977464439650078e+01
3.352071130016277767e+00	9.926285556990423231e+01
3.358351496304225581e+00	9.919908808621835306e+01
3.364630591073392019e+00	9.884525013280976680e+01
3.370916305215045483e+00	9.867952542121592785e+01
3.377197952029413752e+00	9.859901858698010813e+01
3.383483063818085501e+00	9.834469377017707359e+01
3.389769992424469969e+00	9.822921565507655828e+01
3.396051330885982100e+00	9.807831255495339917e+01
3.402330879139463971e+00	9.789526733235811662e+01
3.408610488352048495e+00	9.775091518794225465e+01
3.414897837696641236e+00	9.760438270328089061e+01
3.421180484052105619e+00	9.733888340928439220e+01
3.427461639653846870e+00	9.719303679079544622e+01
3.433749159643459059e+00	9.700382618006575797e+01
3.440032646656798310e+00	9.694697894033735963e+01
3.446313366033385339e+00	9.685139556339450451e+01
3.452600135384134905e+00	9.674118516389819433e+01
3.458883152815406703e+00	9.638420134694355568e+01
3.465163834403715448e+00	9.627481611795208494e+01
3.471449329786229221e+00	9.625911093168399191e+01
3.477734476754053894e+00	9.591394563297268405e+01
3.484019652467224226e+00	9.586153660248317010e+01
3.490297019369712928e+00	9.564624151806550856e+01
3.496582486484379970e+00	9.551925664214043366e+01
3.502868048046865024e+00	9.544711869104776270e+01
3.509144649545451244e+00	9.518405205397466773e+01
3.515428082003116295e+00	9.511252655646730148e+01
3.521711031624695565e+00	9.499833793947890115e+01
3.527991850954735664e+00	9.475754357008301554e+01
3.534275545726699885e+00	9.470642984176176071e+01
3.540562632020772149e+00	9.466702304893256326e+01
3.546844410757220789e+00	9.450512673295382626e+01
3.553131386753758836e+00	9.431872604345197431e+01
3.559419203211965144e+00	9.415639690253186700e+01
3.565697971577579839e+00	9.405499266375107936e+01
3.571979559134798254e+00	9.399520288414126412e+01
3.578265774595833726e+00	9.394684973260658012e+01
3.584548309769353125e+00	9.374142518226889820e+01
3.590826843920031486e+00	9.359560335221914329e+01
3.597107306745233934e+00	9.357730586760716562e+01
3.603392831792229245e+00	9.345093157236571813e+01
3.609673209822572559e+00	9.343157294574923810e+01
3.615955412133016189e+00	9.334457754489061188e+01
3.622241607772384686e+00	9.296129288179093919e+01
3.628520252736676444e+00	9.295251933428689028e+01
3.634804827569451113e+00	9.290683760357022436e+01
3.641094981788862928e+00	9.286148381992265399e+01
3.647383514928639325e+00	9.266867278991391288e+01
3.653663283927725658e+00	9.271897596649958473e+01
3.659943504072155296e+00	9.253862710003232905e+01
3.666232000281138603e+00	9.252580852689492019e+01
3.672514211678317597e+00	9.229949115809745308e+01
3.678794154686042539e+00	9.236624696848268457e+01
3.685078621861909820e+00	9.203507227375304467e+01
3.691359210097977961e+00	9.218609268209985430e+01
3.697642368173791105e+00	9.198556302397165041e+01
3.703925796735277665e+00	9.203443446787527193e+01
3.710208240364660348e+00	9.184778943168454646e+01
3.716494593122387169e+00	9.183637167866946527e+01
3.722775386659595398e+00	9.179423409666391365e+01
3.729058392883481510e+00	9.165161803069824487e+01
3.735339748210807720e+00	9.161220070944121119e+01
3.741620776392969638e+00	9.156700214003660676e+01
3.747904795418762980e+00	9.155634860618870619e+01
3.754190633281219380e+00	9.151000382361482366e+01
3.760478208018912749e+00	9.123306665549131367e+01
3.766755538573464346e+00	9.122978070702292541e+01
3.773032090135151506e+00	9.136750916428904645e+01
3.779322553012896879e+00	9.127422721529867999e+01
3.785609109731308930e+00	9.131147969667421194e+01
3.791889825936295200e+00	9.101549207116518403e+01
3.798174822702435893e+00	9.126114148778755464e+01
3.804458658753491651e+00	9.118811281876153885e+01
3.810738438095723435e+00	9.106755376073219566e+01
3.817018850285747167e+00	9.080824346836240579e+01
3.823305314209427763e+00	9.093900740009156891e+01
3.829591295197792178e+00	9.092409643515513551e+01
3.835872296070849341e+00	9.084019212744297533e+01
3.842156279590906109e+00	9.099037447484560914e+01
3.848441511099312429e+00	9.089346218502221575e+01
3.854723334376886079e+00	9.075986577081566509e+01
3.861004740704794713e+00	9.097623247269400792e+01
3.867284336650660848e+00	9.084162148924009728e+01
3.873567367678779849e+00	9.074884494672105006e+01
3.879850662830422792e+00	9.070192049895713637e+01
3.886137063198143338e+00	9.088327603766590812e+01
3.892419463049126005e+00	9.103778699886814252e+01
3.898703740328622658e+00	9.080701727983107219e+01
3.904991458788179326e+00	9.093717561479428468e+01
3.911270842222104083e+00	9.092970538604718911e+01
3.917549806479573071e+00	9.107295458246593967e+01
3.923836006203090587e+00	9.107618026617726059e+01
3.930121452497870926e+00	9.083963502504740006e+01
3.936398172858230460e+00	9.091909259486568828e+01
3.942683040425962293e+00	9.109866004286752172e+01
3.948974759704379611e+00	9.105998466790103407e+01
3.955259227995065352e+00	9.100244749369059605e+01
3.961537174921395454e+00	9.113171067725427577e+01
3.967820217617139544e+00	9.080430948065537677e+01
3.974105559832568968e+00	9.110901389503004566e+01
3.980384727931198352e+00	9.122155839389765219e+01
3.986664590839849698e+00	9.108729781109063595e+01
3.992949619150675034e+00	9.134023040331338450e+01
3.999235075769965952e+00	9.128985496360591867e+01
4.005515715515433506e+00	9.137484850329470021e+01
4.011798434346478537e+00	9.127480007438046528e+01
4.018083716245132386e+00	9.153983968404433824e+01
4.024365700052603856e+00	9.155092481801210624e+01
4.030643960839860540e+00	9.163713721121749245e+01
4.036928708926215137e+00	9.160842613853627370e+01
4.043218157412017177e+00	9.173555103482729578e+01
4.049503019487663558e+00	9.176189082220693649e+01
4.055781898960511000e+00	9.189885373101924415e+01
4.062060795621602161e+00	9.184445381857420898e+01
4.068347865354716042e+00	9.227950519893401804e+01
4.074631027173265529e+00	9.216254236420006407e+01
4.080910837526078971e+00	9.222154112467262621e+01
4.087201203341442657e+00	9.240241431423962126e+01
4.093486818591942189e+00	9.239953902246681139e+01
4.099764387336505500e+00	9.247804207964105672e+01
4.106049166937662420e+00	9.259778818589208527e+01
4.112334559041358695e+00	9.276191333098877578e+01
4.118618926059533614e+00	9.285055858211426028e+01
4.124898942031112625e+00	9.309992650238815770e+01
4.131175432561665417e+00	9.306165191169448292e+01
4.137461563786142271e+00	9.309420418078279624e+01
4.143746006210170307e+00	9.345267319836055719e+01
4.150029800482964326e+00	9.354511616431557286e+01
4.156313390684649001e+00	9.354211949572395213e+01
4.162596105843763716e+00	9.384898811080309144e+01
4.168881843141768684e+00	9.392185951660296439e+01
4.175162111073220217e+00	9.414807406980972360e+01
4.181448573417560155e+00	9.449320994645462690e+01
4.187738782464171194e+00	9.435895323075200736e+01
4.194017437180169061e+00	9.457812940534300594e+01
4.200293572701767175e+00	9.458626503938781127e+01
4.206580195481546269e+00	9.481666166601694101e+01
4.212860644652220543e+00	9.487512991884649693e+01
4.219138153430114002e+00	9.499221916067267557e+01
4.225426162098283811e+00	9.533137325456179667e+01
4.231713506719782636e+00	9.559782140170459286e+01
4.237990056577191744e+00	9.572353932841809865e+01
4.244267783646744618e+00	9.583169372345834347e+01
4.250560660182562955e+00	9.608777342830761370e+01
4.256847734842668096e+00	9.609303701943611031e+01
4.263127100734456221e+00	9.635215149472652740e+01
4.269406860432507500e+00	9.649555170850433683e+01
4.275691671482192646e+00	9.698112918138896532e+01
4.281972414189518794e+00	9.689358261832863661e+01
4.288253516806755705e+00	9.736951802619009300e+01
4.294540520160492925e+00	9.761210177470249505e+01
4.300825742921731809e+00	9.765597040231401138e+01
4.307109835491901961e+00	9.812990479490494522e+01
4.313390926478413157e+00	9.832517114918093171e+01
4.319667979480563247e+00	9.824428556932480205e+01
4.325952598143786076e+00	9.838847530871805702e+01
4.332241647035422361e+00	9.890232132273234811e+01
4.338524445619096781e+00	9.877447782309432966e+01
4.344809348131129845e+00	9.900705140758297773e+01
4.351090699193166600e+00	9.919797134877184419e+01
4.357369710808320029e+00	9.981440464289735814e+01
4.363659348967174445e+00	9.969295598716027484e+01
4.369947418280990981e+00	9.985496916539581491e+01
4.376226569265827315e+00	1.002290861695315698e+02
4.382499356631129217e+00	1.004527993710831311e+02
4.388784975178015024e+00	1.006903022709160354e+02
4.395068696309480494e+00	1.006313333671387511e+02
4.401347962382031298e+00	1.008738051844476473e+02
4.407628405096517099e+00	1.013172724707750518e+02
4.413915862185140426e+00	1.012017130471746498e+02
4.420203163534264235e+00	1.015497469694448256e+02
4.426480311003382795e+00	1.017051900258014285e+02
4.432765973643649104e+00	1.021776037750752266e+02
4.439053392023870614e+00	1.021843084315633519e+02
4.445336141335588742e+00	1.022819810339767344e+02
4.451617241414883352e+00	1.024141178539815797e+02
4.457901500730311106e+00	1.023006374403846337e+02
4.464189501093017043e+00	1.029119455341137126e+02
4.470470197548729985e+00	1.025294614662902433e+02
4.476748044268524573e+00	1.028139932254159419e+02
4.483035990164653484e+00	1.030075403358109867e+02
4.489323331650528104e+00	1.027702909420742259e+02
4.495599111667934800e+00	1.027585396494516914e+02
4.501870922878794090e+00	1.029292570721752043e+02
4.508155162877705457e+00	1.029906660761146213e+02
4.514446451153479423e+00	1.029100349557954814e+02
4.520723894043856994e+00	1.025881674649386355e+02
4.527003782460155890e+00	1.024339699146032814e+02
4.533293086610313161e+00	1.023311371425020013e+02
4.539578989864040182e+00	1.025605180857885159e+02
4.545857164866476730e+00	1.023586309966134706e+02
4.552138955546025656e+00	1.019340121937342047e+02
4.558432046889146605e+00	1.017416906722464489e+02
4.564713463378488711e+00	1.014195909643305669e+02
4.570987274133244682e+00	1.014169335936605876e+02
4.577274818151045643e+00	1.012861510967461385e+02
4.583563263889338657e+00	1.013159568245270492e+02
4.589844917004465508e+00	1.014750008445723637e+02
4.596126259982004747e+00	1.015087993784567857e+02
4.602409075598298926e+00	1.017781046300404739e+02
4.608696634867644804e+00	1.017210631972074140e+02
4.614977646498861219e+00	1.015955436705266948e+02
4.621258953029527383e+00	1.017393949730803229e+02
4.627547993978874175e+00	1.019683427635462181e+02
4.633830152730579854e+00	1.019847660926973560e+02
4.640104005367354567e+00	1.018757400414408636e+02
4.646382060386754276e+00	1.016783225972732936e+02
4.652674213731970987e+00	1.016023239207785167e+02
4.658958291796220230e+00	1.021760654812817251e+02
4.665233615070169648e+00	1.019237970172906955e+02
4.671520675710307380e+00	1.021227273601210044e+02
4.677814351732177300e+00	1.018925078289868082e+02
4.684093699744638073e+00	1.024945402720885710e+02
4.690368661472568590e+00	1.023484932833422789e+02
4.696663270746453733e+00	1.028625810248465768e+02
4.702945459248681459e+00	1.029898385143300743e+02
4.709209170841929470e+00	1.028914512674258219e+02
4.715491634753063543e+00	1.031608453715764853e+02
4.721784316284933780e+00	1.029289671413864937e+02
4.728063062331094635e+00	1.035213786382711874e+02
4.734337423381671073e+00	1.036211582192941165e+02
4.740627024094544062e+00	1.035895897421763294e+02
4.746914995664547554e+00	1.033562158779322289e+02
4.753194740071086777e+00	1.036911739431221520e+02
4.759478891864783456e+00	1.043227973705149907e+02
4.765762396877359031e+00	1.040235955096889597e+02
4.772049481246195768e+00	1.045298133871041273e+02
4.778335091022592351e+00	1.046082659195182174e+02
4.784610831402393849e+00	1.048308946166378917e+02
4.790907306208476157e+00	1.052805768891135045e+02
4.797204047706418173e+00	1.056363761610881795e+02
4.803470827697504220e+00	1.058970672630192382e+02
4.809748850577324042e+00	1.063209062274853380e+02
4.816045316586602176e+00	1.062779752222964476e+02
4.822329240673497885e+00	1.068119808476008501e+02
4.828596758226470165e+00	1.068289996788556238e+02
4.834890332961369275e+00	1.069848008922094778e+02
4.841191655056394261e+00	1.076263757809152963e+02
4.847460407468000554e+00	1.073255291741099455e+02
4.853732128521334843e+00	1.079030685442468211e+02
4.860029138783373170e+00	1.080378792386354405e+02
4.866314601732018019e+00	1.090489583127551469e+02
4.872587026269203925e+00	1.089809131382575487e+02
4.878874221748241702e+00	1.091163773881371242e+02
4.885171078138658807e+00	1.102452007387507678e+02
4.891450629931857641e+00	1.095740504926737628e+02
4.897716482750221978e+00	1.107789819111869321e+02
4.904002834596266069e+00	1.103345449343841835e+02
4.910295858205786068e+00	1.109980980512368376e+02
4.916575188115905881e+00	1.122097453821722581e+02
4.922847946197084212e+00	1.122213507402645121e+02
4.929131667457151700e+00	1.119475822090452226e+02
4.935434460144239033e+00	1.129962674192507848e+02
4.941718513303545279e+00	1.134867095333631681e+02
4.947978624761803168e+00	1.137544828054302286e+02
4.954274999209829389e+00	1.140348367129133180e+02
4.960571094729937514e+00	1.145182106915038247e+02
4.966823207626954506e+00	1.147411074313667143e+02
4.973097418390337587e+00	1.155614783821252729e+02
4.979415129936382023e+00	1.160432362394461592e+02
4.985702082330368157e+00	1.164027654651169144e+02
4.991949985828016523e+00	1.173860916190823644e+02
4.998241586316924057e+00	1.174081660937027038e+02
5.004556635606089543e+00	1.181259279915959297e+02
5.010828655701208945e+00	1.181715442670375324e+02
5.017077229702536556e+00	1.192530100848221224e+02
5.023374414758113637e+00	1.197058307081955064e+02
5.029688873569548413e+00	1.206417056340795426e+02
5.035958413584124216e+00	1.219754334862711005e+02
5.042232667658486989e+00	1.217037666796289983e+02
5.048528755870775875e+00	1.219072069648636898e+02
5.054821121427484520e+00	1.227991197995336847e+02
5.061069509814582368e+00	1.232443265335595868e+02
5.067347812754101177e+00	1.244011724396489171e+02
5.073675050630431116e+00	1.240287370612469715e+02
5.079945928388977627e+00	1.253214731734697409e+02
5.086192992546071601e+00	1.267601642123929793e+02
5.092484128970163226e+00	1.272307444811414854e+02
5.098802924706086870e+00	1.292112048210472892e+02
5.105078217426394005e+00	1.280277222355433366e+02
5.111325076574067872e+00	1.304166178278926793e+02
5.117628358851224135e+00	1.288698151415859172e+02
5.123935939383525984e+00	1.307959326235502999e+02
5.130199176325612065e+00	1.326656967652744186e+02
5.136469985878846956e+00	1.326538877872137334e+02
5.142797788696348071e+00	1.325870657135658064e+02
5.149090378043822192e+00	1.352427188025365581e+02
5.155289879840074363e+00	1.363132750813661289e+02
5.161564521234301317e+00	1.363844786597357768e+02
5.167916673496016244e+00	1.379009902621232584e+02
5.174205974602950064e+00	1.383133931627076265e+02
5.180434820793812456e+00	1.386467962774108003e+02
5.186729096569634656e+00	1.405802557852917403e+02
5.193058481037780894e+00	1.401578324523145511e+02
5.199319511444338460e+00	1.425599978005441244e+02
5.205574295584361799e+00	1.430485117613742716e+02
5.211894977074066126e+00	1.439117686759118442e+02
5.218201708336958511e+00	1.453868140315780408e+02
5.224411911780083351e+00	1.467471735512922066e+02
5.230677632666463239e+00	1.472794122157465040e+02
5.237056729559757429e+00	1.477234728299960693e+02
5.243336785035660697e+00	1.496420217383163163e+02
5.249493476178225038e+00	1.510022282227758410e+02
5.255787017738318134e+00	1.511766338138645267e+02
5.262205327426889845e+00	1.549747297763124152e+02
5.268477758348532269e+00	1.559123315502758942e+02
5.274632213654732560e+00	1.574115432233563183e+02
5.280950543314659740e+00	1.578062932249071935e+02
5.287327645024750389e+00	1.588772835444913483e+02
5.293582359180156516e+00	1.594604394666828000e+02
5.299789992649893478e+00	1.591642485369212636e+02
5.306111460381987222e+00	1.605919689884168520e+02
5.312452717892129250e+00	1.640176691616383096e+02
5.318650122853046724e+00	1.664693799384441775e+02
5.324923043129819789e+00	1.670132226713240584e+02
5.331330237158205421e+00	1.674681985695824267e+02
5.337586726886338617e+00	1.713680154093836450e+02
5.343685192440848830e+00	1.722933993737230196e+02
5.350070659715249199e+00	1.738431733267481434e+02
5.356556762554878226e+00	1.764122131849962898e+02
5.362691868684501095e+00	1.761235921931408086e+02
5.368769208912516966e+00	1.805995524785910504e+02
5.375270137997677722e+00	1.800040108659488851e+02
5.381769983045385786e+00	1.816572715393792805e+02
5.387701030372958222e+00	1.813679138301622515e+02
5.393786668001271600e+00	1.910241457596987971e+02
5.400446161099396569e+00	1.903966127881840293e+02
5.406957063684501463e+00	1.845042934280248232e+02
5.412655672453426270e+00	1.931602513218977890e+02
5.418821279260546575e+00	1.940293285086528101e+02
5.425690594366304076e+00	1.929057069016153889e+02
5.432217487502165376e+00	2.003036937448284220e+02
5.437649811577258241e+00	2.001638065853562409e+02
5.443914404015878006e+00	2.010536935689515303e+02
5.450953501686320202e+00	2.020282815925123430e+02
5.457483690405861232e+00	2.061070119910191636e+02
5.462715250135157241e+00	2.165099362817814210e+02
5.469033575551323523e+00	2.138861717675548562e+02
5.476177730420278778e+00	2.096118077326744640e+02
5.482708935702562236e+00	2.184487517427002672e+02
5.487722405008360838e+00	2.130914740620259522e+02
5.494194284996126498e+00	2.252283659241925875e+02
5.501391471009256406e+00	2.271159138416065559e+02
5.507128202673079009e+00	2.152082240783614111e+02
5.512278020050448646e+00	2.219104579949897129e+02
5.519395563377015534e+00	2.361008155321369202e+02
5.526598678609708770e+00	2.413094848763288667e+02
5.532162682462509196e+00	2.278766235176568671e+02
5.537397124017139127e+00	2.368955325012891251e+02
5.544582756485218589e+00	2.503333042305954734e+02
5.551739327507637434e+00	2.375561294604933096e+02
5.557493306674907707e+00	2.583347870622416167e+02
5.562281709102816940e+00	3.798671543744090968e+02
5.569272720323164449e+00	4.575563340631017013e+02
