8.899641224696953554e-03	1.132897057583532478e+04
1.507912216506557788e-02	1.197806153406711564e+04
2.144790186456836667e-02	1.794626411763303622e+04
2.783660776489276650e-02	1.652077954999918802e+04
3.435099785803411021e-02	1.597937194254996575e+04
4.047886761425745911e-02	1.303703693447049227e+04
4.676716683575679601e-02	1.193773891301985714e+04
5.308225101765951665e-02	1.026058551668627842e+04
5.945362440940590160e-02	1.037075707435681579e+04
6.576224814588792211e-02	1.046935388131693617e+04
7.196632906698736953e-02	1.007405542625996895e+04
7.827860915688347743e-02	9.154052540465796483e+03
8.470398945834539672e-02	7.740698957866029559e+03
9.096854620527369817e-02	7.259695901307076383e+03
9.720789776830213169e-02	6.543130078326751573e+03
1.034763038959366499e-01	6.166875829630475891e+03
1.097576444254559219e-01	5.794496826570385565e+03
1.160543084780093354e-01	5.605344789825085172e+03
1.223669666537485351e-01	5.389766028021346756e+03
1.286817263090294094e-01	5.020574295542774053e+03
1.349500801664080818e-01	4.753281217334786561e+03
1.411949558842147678e-01	4.343967717298954994e+03
1.475133575747468451e-01	4.059748424143161174e+03
1.537865074252268427e-01	3.862042887816940492e+03
1.600657544051110326e-01	3.733728682520137681e+03
1.663991168687080635e-01	3.577019856322070154e+03
1.727195645776442856e-01	3.442690136977766542e+03
1.789765213377084718e-01	3.235405777146123910e+03
1.852353690647852158e-01	3.203399222900661698e+03
1.914806787341157279e-01	3.113410363626811886e+03
1.977889868651535599e-01	2.931619808320497668e+03
2.040937735447724277e-01	2.864851275009387336e+03
2.103939302609846018e-01	2.740689833141003419e+03
2.166909709822301688e-01	2.619567481252319794e+03
2.229700281216152047e-01	2.518527552046463825e+03
2.292620027086341994e-01	2.464912544936906670e+03
2.355141508366812297e-01	2.381968675029164842e+03
2.417910583817859116e-01	2.288223952807359183e+03
2.480856539439619257e-01	2.240590969651069827e+03
2.543492256872954549e-01	2.195056265145379257e+03
2.606334251884805386e-01	2.181087085580858457e+03
2.669257370896960802e-01	2.083740803066109038e+03
2.732423343141155980e-01	2.030709007761025305e+03
2.795529680084415936e-01	1.975653027369862457e+03
2.858366292314493129e-01	1.932943921414069337e+03
2.920876271394311496e-01	1.896166036517459361e+03
2.983449844439822751e-01	1.851306273932216527e+03
3.046382639407197446e-01	1.831668373718044450e+03
3.109279127003197196e-01	1.771949991157415525e+03
3.172168171618398036e-01	1.705784478347750110e+03
3.235187567944423082e-01	1.698171467477546912e+03
3.298168217550395687e-01	1.679313132492708064e+03
3.361176429457156667e-01	1.652387159385933273e+03
3.423700375709273769e-01	1.598691575424970551e+03
3.486478192666269682e-01	1.568067213939938028e+03
3.549411614411318028e-01	1.558890137347558721e+03
3.611916935421040642e-01	1.530292226268176819e+03
3.674767089563572564e-01	1.495716371337244709e+03
3.737647795277591056e-01	1.487631519790205857e+03
3.800654031475132477e-01	1.446108125858714402e+03
3.863539861259823738e-01	1.421165567374790271e+03
3.926140181364449755e-01	1.400880098170147448e+03
3.989264500321934581e-01	1.395839399665701421e+03
4.052073244576828714e-01	1.370336722626381288e+03
4.114916477570477182e-01	1.359434127271592843e+03
4.177814272116491257e-01	1.334524743421472976e+03
4.240400648725131116e-01	1.315182475224777136e+03
4.303425690270192283e-01	1.294274278542597813e+03
4.366358560255625965e-01	1.281740591574708560e+03
4.428996183220763605e-01	1.250032461831488263e+03
4.491634418529859563e-01	1.245533905768393424e+03
4.554414146254732731e-01	1.229371881010931020e+03
4.617634470301058558e-01	1.215412667522209404e+03
4.680644242023710433e-01	1.201874713937041633e+03
4.743485242764365895e-01	1.183005013219705233e+03
4.806356136815400082e-01	1.182243196679063885e+03
4.869019258388697646e-01	1.152737287211644343e+03
4.931697099599955947e-01	1.146414926624050395e+03
4.994506747144535908e-01	1.133240634246828677e+03
5.057159051335421429e-01	1.125870804164517949e+03
5.119923996268095356e-01	1.104018694535388477e+03
5.183126097768406826e-01	1.098607804283879204e+03
5.246089638029100000e-01	1.085090397063831233e+03
5.308757308483337267e-01	1.072778927628496831e+03
5.371573527946726934e-01	1.066252578537474164e+03
5.434579563783791256e-01	1.060817135540978825e+03
5.497430652392217842e-01	1.039229117414555049e+03
5.559937427501778773e-01	1.029634445222619433e+03
5.622854676609657654e-01	1.023211946324794667e+03
5.686011537227265711e-01	1.012974857123669608e+03
5.748804589422079614e-01	1.006515504601277485e+03
5.811550210340560296e-01	9.957747866484993438e+02
5.874394496660968468e-01	9.782963879215363932e+02
5.937176220296899176e-01	9.827483275613367368e+02
5.999971954793682505e-01	9.678216076075743786e+02
6.062679115124277596e-01	9.578651504063539051e+02
6.125469576444534381e-01	9.429229283878038359e+02
6.188477733041515272e-01	9.463746868381358581e+02
6.251310567437898813e-01	9.390116293515948200e+02
6.314027450383210560e-01	9.251862287522583301e+02
6.377003562732055375e-01	9.151657614026227066e+02
6.439857783314556494e-01	9.039163382142739920e+02
6.502685417166111925e-01	9.067582557604707745e+02
6.565586117699038216e-01	8.998268454087534565e+02
6.628369282359254377e-01	8.821817523029026233e+02
6.691185444962194362e-01	8.800503477398851828e+02
6.754070198575605755e-01	8.711108480658333519e+02
6.816835514593204692e-01	8.668391861718953351e+02
6.879592533861698112e-01	8.598801492018781119e+02
6.942344317039531587e-01	8.491008141013792283e+02
7.005175402434737908e-01	8.474754910362879627e+02
7.068124956608716758e-01	8.375601480140805961e+02
7.131019009674921527e-01	8.346629486680291166e+02
7.193918251171427247e-01	8.257990973248407727e+02
7.256833807598113140e-01	8.201772309392492843e+02
7.319652682709349989e-01	8.135773394477666898e+02
7.382507990484923344e-01	8.105255034757273052e+02
7.445265842115937893e-01	8.017993295052614258e+02
7.507871101942712455e-01	7.968431560877540960e+02
7.570758465316046459e-01	7.969240322545618938e+02
7.633641233600957365e-01	7.896103775333833710e+02
7.696462959862266917e-01	7.854507433474412892e+02
7.759394865175414102e-01	7.774552589377462937e+02
7.822329141989586843e-01	7.719502751475446303e+02
7.885314936520240181e-01	7.688764916821943416e+02
7.947896566979522071e-01	7.608232973875914240e+02
8.010491096592354809e-01	7.503187346170934688e+02
8.073364061727361651e-01	7.505838083946315464e+02
8.136229488373866170e-01	7.481590517031429499e+02
8.199152998961036776e-01	7.370654853341266062e+02
8.261952636392789762e-01	7.356882514109881868e+02
8.324897070080405914e-01	7.247397377787189043e+02
8.387959309210778480e-01	7.240988415783585879e+02
8.450634639703045181e-01	7.225467895202363025e+02
8.513282867562648182e-01	7.168202713311756042e+02
8.576198263902009566e-01	7.104184874186254319e+02
8.639058477062415697e-01	7.063117154693338762e+02
8.701838745487597837e-01	7.040231289293836880e+02
8.764641096075268534e-01	6.970578098077749019e+02
8.827503873399735745e-01	6.942165799840541922e+02
8.890332768393869323e-01	6.884314962123563646e+02
8.953084247113127780e-01	6.868138423257971681e+02
9.015956521667095602e-01	6.785869988660762147e+02
9.078833328094829680e-01	6.740704978422733120e+02
9.141744106319863450e-01	6.733149708827544373e+02
9.204630817717615043e-01	6.644338356898215352e+02
9.267434415264711456e-01	6.638428221165617060e+02
9.330324197354928906e-01	6.615246160669295250e+02
9.393265785573878812e-01	6.533716205668926023e+02
9.455974810398196650e-01	6.502348347470754106e+02
9.518660018545171964e-01	6.485294787163450110e+02
9.581413255531838757e-01	6.425568215072555631e+02
9.644350945109106954e-01	6.384531089259012333e+02
9.707355633568249820e-01	6.339642963104777209e+02
9.770080768450029041e-01	6.306417954793068930e+02
9.832823325363413414e-01	6.268627834978585724e+02
9.895569691966674686e-01	6.260815965949718702e+02
9.958456301921106979e-01	6.245906508218007502e+02
1.002136210743837408e+00	6.184365662915583925e+02
1.008404825335135424e+00	6.132620925775020169e+02
1.014694149836243398e+00	6.104610742019367535e+02
1.020992555437297167e+00	6.034831479852596203e+02
1.027273980437394485e+00	6.032695783119311272e+02
1.033559181896017254e+00	5.994754821187931384e+02
1.039847557392594934e+00	5.953067054478799491e+02
1.046126974943305088e+00	5.910848377716295090e+02
1.052403436811028659e+00	5.888908697542053687e+02
1.058680704651608684e+00	5.838883064673082117e+02
1.064964333065789193e+00	5.855153796695220763e+02
1.071256777440835473e+00	5.789038199081242055e+02
1.077544048801078125e+00	5.754721099267881073e+02
1.083824820188043603e+00	5.725372575632206917e+02
1.090108023942816695e+00	5.701921172926286090e+02
1.096389665956643222e+00	5.668748404390620408e+02
1.102681132058841440e+00	5.613560424384155567e+02
1.108963047594879958e+00	5.590645350091256205e+02
1.115225428463759272e+00	5.561689731839109072e+02
1.121502127614767863e+00	5.518772841122282671e+02
1.127792573824792033e+00	5.483645845677369834e+02
1.134089552668382961e+00	5.492300984079024602e+02
1.140364049650405942e+00	5.438252183904701269e+02
1.146639180320979445e+00	5.413696814967615865e+02
1.152942412991649901e+00	5.369629600108280556e+02
1.159228906751078814e+00	5.373195149683635918e+02
1.165508721887268173e+00	5.316553556418501785e+02
1.171793076256210320e+00	5.285352681769785477e+02
1.178087436369658958e+00	5.256982697916971574e+02
1.184367654251526902e+00	5.223638032514824090e+02
1.190634642299266632e+00	5.221413336941944863e+02
1.196912208834400859e+00	5.187963480756867511e+02
1.203201577354146234e+00	5.140129299380838575e+02
1.209486844441705733e+00	5.113334190305417337e+02
1.215763902074809888e+00	5.086314415747609701e+02
1.222049755171146668e+00	5.046812582118980117e+02
1.228340616621486969e+00	5.033370021077439560e+02
1.234632986576932767e+00	5.015257953480007700e+02
1.240902247176856488e+00	4.986917642173049785e+02
1.247174839144687519e+00	4.965897511046442787e+02
1.253465459933442272e+00	4.935077029854616626e+02
1.259749951892178421e+00	4.895555059060823737e+02
1.266032143127253873e+00	4.886592137310047974e+02
1.272316288472006507e+00	4.859523346498942828e+02
1.278604155058621350e+00	4.830723774267789850e+02
1.284886588933593865e+00	4.796323009803103901e+02
1.291175420066583257e+00	4.782974688135964811e+02
1.297465726373772332e+00	4.768932666966549050e+02
1.303741827011944299e+00	4.718664448577242183e+02
1.310017322922761851e+00	4.705161264942963157e+02
1.316301447662886703e+00	4.678035547798090761e+02
1.322586760363303249e+00	4.652050253640786082e+02
1.328865492452874664e+00	4.638988762022867718e+02
1.335144804954555564e+00	4.611550476709219311e+02
1.341440516272275119e+00	4.584237416114654593e+02
1.347730868417094552e+00	4.543111442449369406e+02
1.354001589994877630e+00	4.535195963723885484e+02
1.360282609297778444e+00	4.516761343385719556e+02
1.366565686457597906e+00	4.497088378625916789e+02
1.372851498482432708e+00	4.481487288530827868e+02
1.379135372929401804e+00	4.426772526836195425e+02
1.385409567149057164e+00	4.418948901017350863e+02
1.391698641219299315e+00	4.385729609023899798e+02
1.397984451439470810e+00	4.387188066089588574e+02
1.404267883409181961e+00	4.356933410896021996e+02
1.410554779484869181e+00	4.330539408823803456e+02
1.416837833547465397e+00	4.298020411007421444e+02
1.423118177187137068e+00	4.281128216118262344e+02
1.429397801164240089e+00	4.255770387067016713e+02
1.435686921822787232e+00	4.244459340491673061e+02
1.441977121769299597e+00	4.216367358644153001e+02
1.448253667853332427e+00	4.206681320248255247e+02
1.454532348972172651e+00	4.179046962068681523e+02
1.460819319151879903e+00	4.151022320053683643e+02
1.467110364402026468e+00	4.141438226057458678e+02
1.473392908948962132e+00	4.129610065313922860e+02
1.479669965243598950e+00	4.084975626804700823e+02
1.485956144602843532e+00	4.084864244747938073e+02
1.492233610763115115e+00	4.058279893248683834e+02
1.498502470379980078e+00	4.021513513766720394e+02
1.504785752051182701e+00	4.019246951774558738e+02
1.511075991894575976e+00	3.998739378215284432e+02
1.517361634985162189e+00	3.963593876068706550e+02
1.523648570969130533e+00	3.954145052742047142e+02
1.529938035715892264e+00	3.933645708786963837e+02
1.536230176913891965e+00	3.924852182674725327e+02
1.542510718779388279e+00	3.904472705184713845e+02
1.548783963082980275e+00	3.872722735576147670e+02
1.555073069779651318e+00	3.850159876580852938e+02
1.561357324927233892e+00	3.834811318386130097e+02
1.567629121053141006e+00	3.818964423525629286e+02
1.573913697404382583e+00	3.794855776712063289e+02
1.580203545230874029e+00	3.783941694673413849e+02
1.586485393434537983e+00	3.761171447261227172e+02
1.592760014263005841e+00	3.766878064063294573e+02
1.599046436394670812e+00	3.731047179352478906e+02
1.605342136637478934e+00	3.717462523847041211e+02
1.611619860919608627e+00	3.693726624404318954e+02
1.617897597081673799e+00	3.673151646218350379e+02
1.624183235481122756e+00	3.646226729037162499e+02
1.630464598531913722e+00	3.641796017477261103e+02
1.636748985747638274e+00	3.621046589880546662e+02
1.643030923698886259e+00	3.614389974648863699e+02
1.649309176648513064e+00	3.582267141952370366e+02
1.655593633940351861e+00	3.586729203356922540e+02
1.661879571405086464e+00	3.553630197931921657e+02
1.668169361685170271e+00	3.537252749083692152e+02
1.674450151530487485e+00	3.525649022276568871e+02
1.680722718978495900e+00	3.506523160289033854e+02
1.687013891340952476e+00	3.493354414036628555e+02
1.693308984907921033e+00	3.473960649176499942e+02
1.699582147428448486e+00	3.452366354820379684e+02
1.705863747055134105e+00	3.436098648173165202e+02
1.712154434283889470e+00	3.421542510980793850e+02
1.718438381579399321e+00	3.417904185726494006e+02
1.724721264464063930e+00	3.394613879423517346e+02
1.730997441276920679e+00	3.372846960539490055e+02
1.737287073528269499e+00	3.360211177793152046e+02
1.743567991878527401e+00	3.349240476746625745e+02
1.749840680212231048e+00	3.335695051848018124e+02
1.756128549091961144e+00	3.314437397353599408e+02
1.762413535324792502e+00	3.303125764124218335e+02
1.768696187669963837e+00	3.281984013811774616e+02
1.774979359379055266e+00	3.268338908146881749e+02
1.781265555576432957e+00	3.261663213911947992e+02
1.787549427830244619e+00	3.243402310999703104e+02
1.793834120011633004e+00	3.226512633624482191e+02
1.800115051552487300e+00	3.211245915518431957e+02
1.806393904854530330e+00	3.202167532653569992e+02
1.812674089667083432e+00	3.189991525890345088e+02
1.818956920109354058e+00	3.171053443045897211e+02
1.825244164118212220e+00	3.155485000420063670e+02
1.831527256642196955e+00	3.144407698781384966e+02
1.837811294935716599e+00	3.133672890036602325e+02
1.844100717411196744e+00	3.116657081214179925e+02
1.850384816792487230e+00	3.099002798548103215e+02
1.856666059735203822e+00	3.090601189654003633e+02
1.862947728675613979e+00	3.068338532125783331e+02
1.869229324466858078e+00	3.057681192712472580e+02
1.875517616802973686e+00	3.043644042446709932e+02
1.881800769033795229e+00	3.031671940027052301e+02
1.888078863416442710e+00	3.019990080307154017e+02
1.894353975182237582e+00	3.004939344007687509e+02
1.900642716154182565e+00	2.992573739761134561e+02
1.906933494748685121e+00	2.979900913702525713e+02
1.913207568676573933e+00	2.965512699312212703e+02
1.919490884732178992e+00	2.950676174224788610e+02
1.925776855684274480e+00	2.937437763247212956e+02
1.932064452961978152e+00	2.929223441481345276e+02
1.938342610030488800e+00	2.915441770588685699e+02
1.944618341543410178e+00	2.898132026237729519e+02
1.950906260203513876e+00	2.887441960561110363e+02
1.957194556613796488e+00	2.871847580819103314e+02
1.963479614559011432e+00	2.860396917764738873e+02
1.969760361532916226e+00	2.852441165394361065e+02
1.976048367034604736e+00	2.833495765188870337e+02
1.982337990217652335e+00	2.826370958927456627e+02
1.988617489259562721e+00	2.817529562650100843e+02
1.994896320665194178e+00	2.798044444450022752e+02
2.001179596222827151e+00	2.790977725286184068e+02
2.007459756923499761e+00	2.777582682344053069e+02
2.013737397779169935e+00	2.771015198158956423e+02
2.020017234677497164e+00	2.753758762403973037e+02
2.026310251015072783e+00	2.742966920474733570e+02
2.032600542948020284e+00	2.731627539139886380e+02
2.038873863192099289e+00	2.715917511979642427e+02
2.045154087821675404e+00	2.710743082898396779e+02
2.051444704514288730e+00	2.700302013027392150e+02
2.057730430280644729e+00	2.692701632304684267e+02
2.064013940455224461e+00	2.678675066562367419e+02
2.070299891179459895e+00	2.665621797178181396e+02
2.076589719964883951e+00	2.652605980925155222e+02
2.082865483794470673e+00	2.641896108526319722e+02
2.089134494859368640e+00	2.629512919412014185e+02
2.095424211360070288e+00	2.625653441450346008e+02
2.101707116664804254e+00	2.607458884882759662e+02
2.107986473933564309e+00	2.598145759025352959e+02
2.114271806543862375e+00	2.592453832039753934e+02
2.120552717288892275e+00	2.582809833468787133e+02
2.126836933207161717e+00	2.568621537352518658e+02
2.133122044791171845e+00	2.564411212547366858e+02
2.139411711910842673e+00	2.547530252661739496e+02
2.145697076775292089e+00	2.543995832219603983e+02
2.151973548606471276e+00	2.532688201997779629e+02
2.158259913555724108e+00	2.517900179205218478e+02
2.164545396699105506e+00	2.510631710384915607e+02
2.170830700377734068e+00	2.501499494105699171e+02
2.177114138849150393e+00	2.489757171245363168e+02
2.183387647576827018e+00	2.478298089295086015e+02
2.189670273687676971e+00	2.472489472109208748e+02
2.195960147934207463e+00	2.464398810659726564e+02
2.202242556317716371e+00	2.452214771875470092e+02
2.208521655981037668e+00	2.445286069406463980e+02
2.214804637081333016e+00	2.434841153605386239e+02
2.221092583349425276e+00	2.426610365306142967e+02
2.227372893591468728e+00	2.418202946884521793e+02
2.233657161144248171e+00	2.407010208008414054e+02
2.239943485394438660e+00	2.397974777155058916e+02
2.246224175264620815e+00	2.385575031444996341e+02
2.252506378421252009e+00	2.379972173854040420e+02
2.258783417054270437e+00	2.368411621458928948e+02
2.265069077371457684e+00	2.357059222984057385e+02
2.271350377044131452e+00	2.349882583261095590e+02
2.277633995145353918e+00	2.345847040695168744e+02
2.283922419579920149e+00	2.331231207320915928e+02
2.290202874392252674e+00	2.327137936702681600e+02
2.296490779970905560e+00	2.317276203314379188e+02
2.302771769934229162e+00	2.304754326559160234e+02
2.309051364164305564e+00	2.302681687902624219e+02
2.315338502539088239e+00	2.290884062519615156e+02
2.321627336503874428e+00	2.280789716916066823e+02
2.327911878297218795e+00	2.270998181020382276e+02
2.334186238580297168e+00	2.268953113348125044e+02
2.340467971862688401e+00	2.254545816974287220e+02
2.346756940970738725e+00	2.251221859914291201e+02
2.353044444556199988e+00	2.242005995422195781e+02
2.359327653314069906e+00	2.234592359446269541e+02
2.365603048789861607e+00	2.226442496853171633e+02
2.371885911737665165e+00	2.219199167497912413e+02
2.378173303594019572e+00	2.214857855306840122e+02
2.384454016539381271e+00	2.208794667426037108e+02
2.390736447344785187e+00	2.195631369488337157e+02
2.397014133897952259e+00	2.194433150329202817e+02
2.403295490074321972e+00	2.180795723385181191e+02
2.409585049672506862e+00	2.172994747740385435e+02
2.415871703165322071e+00	2.165710855893999280e+02
2.422160652369088840e+00	2.163925420019945420e+02
2.428440167222748691e+00	2.152283474257340572e+02
2.434717472383889803e+00	2.143265600074547876e+02
2.441002456202044257e+00	2.136913967487197681e+02
2.447289980304530488e+00	2.131203300728081729e+02
2.453571844729242279e+00	2.128641588966194149e+02
2.459852705114058846e+00	2.116822876704359828e+02
2.466139233225018934e+00	2.113506695717225057e+02
2.472421963421291391e+00	2.104864674235039956e+02
2.478698519174224568e+00	2.093790012036906489e+02
2.484980841400355800e+00	2.093271119065098844e+02
2.491269319409339822e+00	2.085636784479255255e+02
2.497548505139029373e+00	2.076457352030561765e+02
2.503831667172610853e+00	2.070041221467305093e+02
2.510117938323931153e+00	2.063133570093878575e+02
2.516400733681277480e+00	2.056264007179219107e+02
2.522688226833368130e+00	2.048112547379627983e+02
2.528971695852665569e+00	2.044192205035980408e+02
2.535252039407670299e+00	2.035386302296033136e+02
2.541537514142774512e+00	2.028207651172817521e+02
2.547823008847572179e+00	2.026763700050613579e+02
2.554100666580690238e+00	2.019280981537846458e+02
2.560376788884177301e+00	2.015189338027925601e+02
2.566667521601497359e+00	2.009282088660763463e+02
2.572955062237090473e+00	2.001249728703212725e+02
2.579233771797999175e+00	1.997427631043323402e+02
2.585520164300948220e+00	1.989769746705095770e+02
2.591805130332431872e+00	1.983648027108328904e+02
2.598084074692260881e+00	1.981575086839087305e+02
2.604360404197643586e+00	1.972979398381355907e+02
2.610647185140439142e+00	1.970410619864056514e+02
2.616931864059273138e+00	1.965589598671492979e+02
2.623206107911065565e+00	1.955579114419805364e+02
2.629491626543270844e+00	1.948634354930835855e+02
2.635778507982642349e+00	1.945341948426724059e+02
2.642061039325260818e+00	1.937607034576857927e+02
2.648343840729305843e+00	1.931292770466702109e+02
2.654631838974855551e+00	1.932063817499735308e+02
2.660919001246303761e+00	1.923864973050652907e+02
2.667198525130066056e+00	1.918447136751793778e+02
2.673484307038032526e+00	1.912710404631772008e+02
2.679773388053849459e+00	1.906891544149171978e+02
2.686058217632288692e+00	1.903215237987518549e+02
2.692338738200057868e+00	1.898244289190447205e+02
2.698618022887226964e+00	1.892007866188872640e+02
2.704895450708277860e+00	1.887140396847665613e+02
2.711175674923682166e+00	1.884912516604931056e+02
2.717459832966957922e+00	1.877554110647339485e+02
2.723745731959044569e+00	1.875334817804698844e+02
2.730038414850594730e+00	1.874667919110519279e+02
2.736317989800789441e+00	1.869172272460725424e+02
2.742591858549239703e+00	1.864663696672458855e+02
2.748879749010778362e+00	1.857879096371691503e+02
2.755163403825859447e+00	1.851444610264032633e+02
2.761446955625852073e+00	1.849465576950425429e+02
2.767732088935374701e+00	1.844115231440809737e+02
2.774015452421743966e+00	1.841751470963418456e+02
2.780298635700591436e+00	1.840224637595953254e+02
2.786577474762241380e+00	1.835612306864813092e+02
2.792857983210164541e+00	1.827573928148854350e+02
2.799143790920211483e+00	1.825743247795801949e+02
2.805430058399325244e+00	1.820958214259521242e+02
2.811715058209780072e+00	1.815680485581329435e+02
2.817989272498773623e+00	1.815176962972103638e+02
2.824269171595737760e+00	1.811398264671938989e+02
2.830563016441804081e+00	1.809867706586240104e+02
2.836848750951622034e+00	1.803860427356331968e+02
2.843130027866129783e+00	1.802779790275991729e+02
2.849413896912404986e+00	1.797066491993570310e+02
2.855697464522425566e+00	1.793178352784992455e+02
2.861978799810683594e+00	1.791611636586867746e+02
2.868262469415629567e+00	1.787170018506707549e+02
2.874547359206753860e+00	1.785363563909506013e+02
2.880831111471525041e+00	1.782854497996349039e+02
2.887113216972382546e+00	1.779894594483498054e+02
2.893394504725182781e+00	1.774552791074289928e+02
2.899673662137033592e+00	1.774880397469935360e+02
2.905953958587380814e+00	1.771625013577531149e+02
2.912241118105161064e+00	1.769900331459077449e+02
2.918525996366671205e+00	1.766833183934149929e+02
2.924809035425688819e+00	1.764163128871609558e+02
2.931095916293684933e+00	1.763070447098923523e+02
2.937378182606774413e+00	1.759051722709826890e+02
2.943659980254369923e+00	1.757458181781650239e+02
2.949946454403890250e+00	1.755875536053589769e+02
2.956227653702202307e+00	1.755440333540528002e+02
2.962510478867462993e+00	1.753965724068499981e+02
2.968796535179442309e+00	1.749148858045416546e+02
2.975077657376874907e+00	1.747762903355900050e+02
2.981359866759223376e+00	1.746056799894621463e+02
2.987646761575656562e+00	1.743182160451464426e+02
2.993929038370399365e+00	1.742826021902696709e+02
3.000206214840962726e+00	1.740899341177884878e+02
3.006486172402415669e+00	1.739833372675225291e+02
3.012769812211594456e+00	1.737296525969530308e+02
3.019053144326170113e+00	1.737996214987939823e+02
3.025337405144251424e+00	1.734342961017225946e+02
3.031623734799107961e+00	1.732635328395782608e+02
3.037908962055872575e+00	1.734550301017484060e+02
3.044195067146031608e+00	1.733693739479153919e+02
3.050475543482170426e+00	1.732323812138107257e+02
3.056754954538277502e+00	1.730368297201654286e+02
3.063040539557494668e+00	1.732635488160728130e+02
3.069323699454357346e+00	1.729603546385757795e+02
3.075610692642898769e+00	1.731128661990802016e+02
3.081893798009918584e+00	1.730558162943549689e+02
3.088174549548037717e+00	1.728476434113759694e+02
3.094458635632868493e+00	1.732583080262391491e+02
3.100743982931558840e+00	1.729698575269644323e+02
3.107028111748448396e+00	1.730164168980646764e+02
3.113309299655494300e+00	1.730998024110348865e+02
3.119590662867241626e+00	1.729458552091565195e+02
3.125874006820172912e+00	1.729753831437234908e+02
3.132159251154602586e+00	1.727534069861114574e+02
3.138439172765940643e+00	1.730680269183563382e+02
3.144723867719826593e+00	1.731012599906303251e+02
3.151003951258561031e+00	1.733555180552145316e+02
3.157283664131563139e+00	1.733376906827365076e+02
3.163569317183839935e+00	1.735506408954888400e+02
3.169851661717792091e+00	1.735033184095748879e+02
3.176137704316093657e+00	1.737349520355901120e+02
3.182420924828643916e+00	1.740776557122496797e+02
3.188702811875577581e+00	1.739957854703120574e+02
3.194990520008989865e+00	1.743387670749269489e+02
3.201275324656983834e+00	1.744889703579644902e+02
3.207551352179861759e+00	1.743813967687620732e+02
3.213835216737041645e+00	1.744384458283075503e+02
3.220122579819103770e+00	1.744389581154640894e+02
3.226406606618656525e+00	1.742428482412788071e+02
3.232687390085645429e+00	1.737683780930034345e+02
3.238969121280456331e+00	1.737702224041563568e+02
3.245254751548589667e+00	1.729338154256783469e+02
3.251534499036136783e+00	1.727632410276828807e+02
3.257817780791052442e+00	1.725541567719675982e+02
3.264102164154097263e+00	1.721413415012310111e+02
3.270384152138468892e+00	1.717396473091392579e+02
3.276669427476867735e+00	1.713506253793850647e+02
3.282954688864507808e+00	1.711201653133952334e+02
3.289237200334947264e+00	1.706103472869365589e+02
3.295519587088236779e+00	1.705831895123961601e+02
3.301805977329951958e+00	1.702397046994700531e+02
3.308087486222440088e+00	1.696937750667573539e+02
3.314367630234227313e+00	1.694568518958159586e+02
3.320651909732194262e+00	1.691942212235808256e+02
3.326931260376857047e+00	1.685487397203291096e+02
3.333216512447217728e+00	1.683422640721533980e+02
3.339504489419978128e+00	1.682734041289592710e+02
3.345786804809928405e+00	1.677108667856915361e+02
3.352071130016277767e+00	1.676317393945392666e+02
3.358351496304225581e+00	1.673958005457263880e+02
3.364630591073392019e+00	1.670436334619224965e+02
3.370916305215045483e+00	1.666587298635849379e+02
3.377197952029413752e+00	1.663783549149867440e+02
3.383483063818085501e+00	1.659771497266971778e+02
3.389769992424469969e+00	1.658896881676520252e+02
3.396051330885982100e+00	1.653304266545163159e+02
3.402330879139463971e+00	1.653401654595457728e+02
3.408610488352048495e+00	1.648712906766391484e+02
3.414897837696641236e+00	1.647440405698617383e+02
3.421180484052105619e+00	1.643067494270752320e+02
3.427461639653846870e+00	1.641909659879346179e+02
3.433749159643459059e+00	1.637580915656183151e+02
3.440032646656798310e+00	1.638717683251419999e+02
3.446313366033385339e+00	1.635433506438034215e+02
3.452600135384134905e+00	1.630808153363707902e+02
3.458883152815406703e+00	1.626175485980149915e+02
3.465163834403715448e+00	1.626262190788252440e+02
3.471449329786229221e+00	1.624660508075764085e+02
3.477734476754053894e+00	1.619684864672323954e+02
3.484019652467224226e+00	1.618593555310414445e+02
3.490297019369712928e+00	1.616553059599224298e+02
3.496582486484379970e+00	1.613912583806145449e+02
3.502868048046865024e+00	1.610468257092038868e+02
3.509144649545451244e+00	1.609549871897893070e+02
3.515428082003116295e+00	1.606854968171479925e+02
3.521711031624695565e+00	1.603564242341162185e+02
3.527991850954735664e+00	1.602776193329293051e+02
3.534275545726699885e+00	1.599909073370774308e+02
3.540562632020772149e+00	1.597103221135560034e+02
3.546844410757220789e+00	1.596953323769512281e+02
3.553131386753758836e+00	1.593777073957025152e+02
3.559419203211965144e+00	1.594033906428541059e+02
3.565697971577579839e+00	1.587395130953939599e+02
3.571979559134798254e+00	1.587136799672111920e+02
3.578265774595833726e+00	1.586608215323162199e+02
3.584548309769353125e+00	1.583533471684406777e+02
3.590826843920031486e+00	1.582283561796177480e+02
3.597107306745233934e+00	1.579741217746502002e+02
3.603392831792229245e+00	1.578436175798058230e+02
3.609673209822572559e+00	1.575566063542011364e+02
3.615955412133016189e+00	1.573767217660457902e+02
3.622241607772384686e+00	1.573913694725607400e+02
3.628520252736676444e+00	1.570881136982591499e+02
3.634804827569451113e+00	1.568613989374002813e+02
3.641094981788862928e+00	1.564483738486923983e+02
3.647383514928639325e+00	1.567637004231663411e+02
3.653663283927725658e+00	1.565119489926529468e+02
3.659943504072155296e+00	1.563872447225065798e+02
3.666232000281138603e+00	1.562719856024444880e+02
3.672514211678317597e+00	1.561253088736407051e+02
3.678794154686042539e+00	1.562346479916328690e+02
3.685078621861909820e+00	1.559441758685219099e+02
3.691359210097977961e+00	1.556643075524080473e+02
3.697642368173791105e+00	1.554185833158606442e+02
3.703925796735277665e+00	1.551774357480107085e+02
3.710208240364660348e+00	1.552765152690547552e+02
3.716494593122387169e+00	1.551071590566354246e+02
3.722775386659595398e+00	1.550445648339899378e+02
3.729058392883481510e+00	1.549227814076942025e+02
3.735339748210807720e+00	1.549227839575636949e+02
3.741620776392969638e+00	1.548051327471319780e+02
3.747904795418762980e+00	1.544877157194842709e+02
3.754190633281219380e+00	1.544634874419228936e+02
3.760478208018912749e+00	1.545677858257201649e+02
3.766755538573464346e+00	1.544515370756307107e+02
3.773032090135151506e+00	1.544008778814423692e+02
3.779322553012896879e+00	1.542044919547136033e+02
3.785609109731308930e+00	1.540608880049544496e+02
3.791889825936295200e+00	1.540019906225392390e+02
3.798174822702435893e+00	1.536204494948742365e+02
3.804458658753491651e+00	1.538536183289816677e+02
3.810738438095723435e+00	1.538832812484511408e+02
3.817018850285747167e+00	1.535943181518284462e+02
3.823305314209427763e+00	1.538396262243879278e+02
3.829591295197792178e+00	1.535464183105081020e+02
3.835872296070849341e+00	1.534805774641338303e+02
3.842156279590906109e+00	1.537301252698890153e+02
3.848441511099312429e+00	1.536513330117956286e+02
3.854723334376886079e+00	1.537091117331636667e+02
3.861004740704794713e+00	1.535568059236831004e+02
3.867284336650660848e+00	1.536463218968719389e+02
3.873567367678779849e+00	1.536063155335800161e+02
3.879850662830422792e+00	1.533413105658900406e+02
3.886137063198143338e+00	1.533463689730043313e+02
3.892419463049126005e+00	1.533064041196589926e+02
3.898703740328622658e+00	1.533746193661172867e+02
3.904991458788179326e+00	1.535193848895058011e+02
3.911270842222104083e+00	1.536423063446097217e+02
3.917549806479573071e+00	1.535263464397503697e+02
3.923836006203090587e+00	1.534722534779456851e+02
3.930121452497870926e+00	1.536185403222343382e+02
3.936398172858230460e+00	1.539170845583057314e+02
3.942683040425962293e+00	1.536367282208398137e+02
3.948974759704379611e+00	1.536827705497805709e+02
3.955259227995065352e+00	1.537306806166714068e+02
3.961537174921395454e+00	1.540469845553371329e+02
3.967820217617139544e+00	1.537775927775228695e+02
3.974105559832568968e+00	1.539461298166747554e+02
3.980384727931198352e+00	1.537691269403779586e+02
3.986664590839849698e+00	1.540042357546361416e+02
3.992949619150675034e+00	1.544642020151424617e+02
3.999235075769965952e+00	1.542415078497694196e+02
4.005515715515433506e+00	1.542228674819079970e+02
4.011798434346478537e+00	1.541814185627813742e+02
4.018083716245132386e+00	1.543883666118128986e+02
4.024365700052603856e+00	1.544172167297109297e+02
4.030643960839860540e+00	1.547207448733627473e+02
4.036928708926215137e+00	1.548417745798083445e+02
4.043218157412017177e+00	1.550966535320286255e+02
4.049503019487663558e+00	1.551412501595707170e+02
4.055781898960511000e+00	1.553565327863467189e+02
4.062060795621602161e+00	1.557625960180576499e+02
4.068347865354716042e+00	1.556086998971038895e+02
4.074631027173265529e+00	1.558961891646572440e+02
4.080910837526078971e+00	1.556190604339862773e+02
4.087201203341442657e+00	1.559329357112470120e+02
4.093486818591942189e+00	1.561868057032682202e+02
4.099764387336505500e+00	1.566414923610209371e+02
4.106049166937662420e+00	1.566574204992126909e+02
4.112334559041358695e+00	1.568808524561920592e+02
4.118618926059533614e+00	1.567700322827200239e+02
4.124898942031112625e+00	1.572665102351556072e+02
4.131175432561665417e+00	1.572525870561093200e+02
4.137461563786142271e+00	1.574072303053551138e+02
4.143746006210170307e+00	1.576591452352272427e+02
4.150029800482964326e+00	1.577325470130464282e+02
4.156313390684649001e+00	1.583817502001082573e+02
4.162596105843763716e+00	1.583039424748331498e+02
4.168881843141768684e+00	1.588592191815851891e+02
4.175162111073220217e+00	1.593237267470784104e+02
4.181448573417560155e+00	1.589345040222752061e+02
4.187738782464171194e+00	1.596821739505825519e+02
4.194017437180169061e+00	1.597017599355386324e+02
4.200293572701767175e+00	1.599361169355993013e+02
4.206580195481546269e+00	1.604121618503905324e+02
4.212860644652220543e+00	1.600515049467959443e+02
4.219138153430114002e+00	1.612564789937895569e+02
4.225426162098283811e+00	1.608650875871043411e+02
4.231713506719782636e+00	1.612178082913619050e+02
4.237990056577191744e+00	1.619311094230305628e+02
4.244267783646744618e+00	1.614466333730156862e+02
4.250560660182562955e+00	1.625094818788878968e+02
4.256847734842668096e+00	1.623923153398598913e+02
4.263127100734456221e+00	1.631401440823053122e+02
4.269406860432507500e+00	1.635919063345482130e+02
4.275691671482192646e+00	1.630486162705419417e+02
4.281972414189518794e+00	1.635951576088069714e+02
4.288253516806755705e+00	1.641491977564656395e+02
4.294540520160492925e+00	1.643016884593536133e+02
4.300825742921731809e+00	1.649880074412250224e+02
4.307109835491901961e+00	1.653909934133318984e+02
4.313390926478413157e+00	1.656604930143861907e+02
4.319667979480563247e+00	1.657286638749380359e+02
4.325952598143786076e+00	1.668678583022127668e+02
4.332241647035422361e+00	1.670768250473247747e+02
4.338524445619096781e+00	1.668201803299275525e+02
4.344809348131129845e+00	1.673524280238197548e+02
4.351090699193166600e+00	1.674254564266579450e+02
4.357369710808320029e+00	1.684542770638690286e+02
4.363659348967174445e+00	1.684364496164369598e+02
4.369947418280990981e+00	1.686032291764925048e+02
4.376226569265827315e+00	1.693628455342016252e+02
4.382499356631129217e+00	1.695107896304807866e+02
4.388784975178015024e+00	1.703831160382113694e+02
4.395068696309480494e+00	1.699539686890798293e+02
4.401347962382031298e+00	1.706763070872310948e+02
4.407628405096517099e+00	1.706062912704829841e+02
4.413915862185140426e+00	1.709094338164289013e+02
4.420203163534264235e+00	1.717527181181565936e+02
4.426480311003382795e+00	1.713154133333489142e+02
4.432765973643649104e+00	1.716915154337848435e+02
4.439053392023870614e+00	1.720145487964369408e+02
4.445336141335588742e+00	1.728910786231159875e+02
4.451617241414883352e+00	1.728803443791003360e+02
4.457901500730311106e+00	1.725754193391794900e+02
4.464189501093017043e+00	1.735094521010443600e+02
4.470470197548729985e+00	1.726649700041499784e+02
4.476748044268524573e+00	1.734775488890635131e+02
4.483035990164653484e+00	1.734259012688430062e+02
4.489323331650528104e+00	1.731982611647665351e+02
4.495599111667934800e+00	1.734011316966147547e+02
4.501870922878794090e+00	1.732026971569610225e+02
4.508155162877705457e+00	1.740508170371720098e+02
4.514446451153479423e+00	1.733523308063082027e+02
4.520723894043856994e+00	1.732593426545331283e+02
4.527003782460155890e+00	1.732531228020050378e+02
4.533293086610313161e+00	1.724673459284816204e+02
4.539578989864040182e+00	1.725397452642275482e+02
4.545857164866476730e+00	1.721536376268986999e+02
4.552138955546025656e+00	1.714258984927752749e+02
4.558432046889146605e+00	1.715005869887272354e+02
4.564713463378488711e+00	1.712127149611169443e+02
4.570987274133244682e+00	1.708646478347460516e+02
4.577274818151045643e+00	1.708938563951983554e+02
4.583563263889338657e+00	1.707304759329373098e+02
4.589844917004465508e+00	1.712308726555093017e+02
4.596126259982004747e+00	1.704777325863706210e+02
4.602409075598298926e+00	1.708821788955844454e+02
4.608696634867644804e+00	1.712340325973501933e+02
4.614977646498861219e+00	1.708726041758405074e+02
4.621258953029527383e+00	1.714441946098195331e+02
4.627547993978874175e+00	1.709933755553631727e+02
4.633830152730579854e+00	1.709736150401726889e+02
4.640104005367354567e+00	1.714109815398679757e+02
4.646382060386754276e+00	1.713195073867200904e+02
4.652674213731970987e+00	1.715806620095247865e+02
4.658958291796220230e+00	1.725256967311445635e+02
4.665233615070169648e+00	1.715276380074860469e+02
4.671520675710307380e+00	1.724233234595368174e+02
4.677814351732177300e+00	1.725459048263710997e+02
4.684093699744638073e+00	1.724113016079958811e+02
4.690368661472568590e+00	1.726334803569949941e+02
4.696663270746453733e+00	1.723846476865401485e+02
4.702945459248681459e+00	1.730440427994648473e+02
4.709209170841929470e+00	1.722167484627130705e+02
4.715491634753063543e+00	1.729856206460910926e+02
4.721784316284933780e+00	1.733852632877083408e+02
4.728063062331094635e+00	1.732680540159956593e+02
4.734337423381671073e+00	1.742600491957367979e+02
4.740627024094544062e+00	1.746156286495924519e+02
4.746914995664547554e+00	1.745979297907393288e+02
4.753194740071086777e+00	1.753680530977125613e+02
4.759478891864783456e+00	1.754368529777325705e+02
4.765762396877359031e+00	1.760227052254295756e+02
4.772049481246195768e+00	1.755280131931967560e+02
4.778335091022592351e+00	1.767072332706057978e+02
4.784610831402393849e+00	1.764687056666384137e+02
4.790907306208476157e+00	1.769511380119645310e+02
4.797204047706418173e+00	1.780673827788974393e+02
4.803470827697504220e+00	1.775748643705827305e+02
4.809748850577324042e+00	1.781164361364141371e+02
4.816045316586602176e+00	1.791555146475846811e+02
4.822329240673497885e+00	1.800562637445535472e+02
4.828596758226470165e+00	1.797135926307709610e+02
4.834890332961369275e+00	1.803448562437411908e+02
4.841191655056394261e+00	1.801735885895995466e+02
4.847460407468000554e+00	1.811708940940627031e+02
4.853732128521334843e+00	1.823625688148674158e+02
4.860029138783373170e+00	1.829338283745298099e+02
4.866314601732018019e+00	1.823648412124768186e+02
4.872587026269203925e+00	1.828214071102452749e+02
4.878874221748241702e+00	1.839671872219714146e+02
4.885171078138658807e+00	1.847234482569486147e+02
4.891450629931857641e+00	1.850368512352798689e+02
4.897716482750221978e+00	1.859606035019146191e+02
4.904002834596266069e+00	1.861488821568759420e+02
4.910295858205786068e+00	1.874292465206094960e+02
4.916575188115905881e+00	1.881171528844652983e+02
4.922847946197084212e+00	1.887407183543564031e+02
4.929131667457151700e+00	1.885914783818687965e+02
4.935434460144239033e+00	1.897065501245747612e+02
4.941718513303545279e+00	1.904226452751865963e+02
4.947978624761803168e+00	1.903116134453221662e+02
4.954274999209829389e+00	1.925904068244503549e+02
4.960571094729937514e+00	1.927711855359794413e+02
4.966823207626954506e+00	1.930195328115748339e+02
4.973097418390337587e+00	1.945677875289467522e+02
4.979415129936382023e+00	1.935275007075733527e+02
4.985702082330368157e+00	1.956937775524710901e+02
4.991949985828016523e+00	1.961763444189665790e+02
4.998241586316924057e+00	1.977005550482074341e+02
5.004556635606089543e+00	1.973318513091759030e+02
5.010828655701208945e+00	1.990387645699900929e+02
5.017077229702536556e+00	2.008370040001169627e+02
5.023374414758113637e+00	2.006715469445393580e+02
5.029688873569548413e+00	2.026105270159575014e+02
5.035958413584124216e+00	2.036427744307230228e+02
5.042232667658486989e+00	2.042262979893189652e+02
5.048528755870775875e+00	2.044172877951404246e+02
5.054821121427484520e+00	2.062217865685830134e+02
5.061069509814582368e+00	2.069939689234628872e+02
5.067347812754101177e+00	2.085028371959076310e+02
5.073675050630431116e+00	2.092137276930795338e+02
5.079945928388977627e+00	2.106355710190060790e+02
5.086192992546071601e+00	2.112902316714427116e+02
5.092484128970163226e+00	2.133467286696625251e+02
5.098802924706086870e+00	2.148083535319409805e+02
5.105078217426394005e+00	2.150188706013992999e+02
5.111325076574067872e+00	2.172928010707821613e+02
5.117628358851224135e+00	2.185850705556792661e+02
5.123935939383525984e+00	2.199260631241249371e+02
5.130199176325612065e+00	2.209045648916959408e+02
5.136469985878846956e+00	2.214875716463884885e+02
5.142797788696348071e+00	2.242225762403491842e+02
5.149090378043822192e+00	2.243413176836651814e+02
5.155289879840074363e+00	2.251477742799545467e+02
5.161564521234301317e+00	2.274610300970957155e+02
5.167916673496016244e+00	2.307262110722092245e+02
5.174205974602950064e+00	2.327062545752467031e+02
5.180434820793812456e+00	2.327322963358111849e+02
5.186729096569634656e+00	2.353715749694432020e+02
5.193058481037780894e+00	2.333793807945176013e+02
5.199319511444338460e+00	2.365940901629805637e+02
5.205574295584361799e+00	2.391449580532956247e+02
5.211894977074066126e+00	2.430355779692488341e+02
5.218201708336958511e+00	2.452443767318931975e+02
5.224411911780083351e+00	2.436021515584854171e+02
5.230677632666463239e+00	2.493462280766409833e+02
5.237056729559757429e+00	2.498470362045838442e+02
5.243336785035660697e+00	2.500024508172998026e+02
5.249493476178225038e+00	2.536593793573867401e+02
5.255787017738318134e+00	2.515881608896278294e+02
5.262205327426889845e+00	2.560705769413526127e+02
5.268477758348532269e+00	2.593572464892100129e+02
5.274632213654732560e+00	2.621574972219544861e+02
5.280950543314659740e+00	2.617728658141334108e+02
5.287327645024750389e+00	2.637825350996155294e+02
5.293582359180156516e+00	2.647120938644929424e+02
5.299789992649893478e+00	2.686943987314264746e+02
5.306111460381987222e+00	2.715571802920264304e+02
5.312452717892129250e+00	2.741608412033758668e+02
5.318650122853046724e+00	2.800424989944260119e+02
5.324923043129819789e+00	2.764950036617701699e+02
5.331330237158205421e+00	2.814396505765801066e+02
5.337586726886338617e+00	2.799098470790016790e+02
5.343685192440848830e+00	2.883613031841195493e+02
5.350070659715249199e+00	2.897648534033118608e+02
5.356556762554878226e+00	2.954376734805726414e+02
5.362691868684501095e+00	2.972419095227895696e+02
5.368769208912516966e+00	2.965342901886523350e+02
5.375270137997677722e+00	3.019119477336790851e+02
5.381769983045385786e+00	3.022341100022721889e+02
5.387701030372958222e+00	3.090283422056101585e+02
5.393786668001271600e+00	3.132198709559012855e+02
5.400446161099396569e+00	3.070404417526120255e+02
5.406957063684501463e+00	3.081203234362051262e+02
5.412655672453426270e+00	3.245705419296359651e+02
5.418821279260546575e+00	3.306773794150899448e+02
5.425690594366304076e+00	3.219797599871960188e+02
5.432217487502165376e+00	3.345272286085938731e+02
5.437649811577258241e+00	3.285462655412391655e+02
5.443914404015878006e+00	3.366014036028629448e+02
5.450953501686320202e+00	3.381838333659877094e+02
5.457483690405861232e+00	3.389426898353598290e+02
5.462715250135157241e+00	3.525946058162309100e+02
5.469033575551323523e+00	3.491979648948827162e+02
5.476177730420278778e+00	3.492880291489718161e+02
5.482708935702562236e+00	3.713294874171081688e+02
5.487722405008360838e+00	3.694783916095730092e+02
5.494194284996126498e+00	3.610023253571710597e+02
5.501391471009256406e+00	3.732548957590569785e+02
5.507128202673079009e+00	3.909658469002494598e+02
5.512278020050448646e+00	4.162982998905878276e+02
5.519395563377015534e+00	4.042333586144916922e+02
5.526598678609708770e+00	3.963350145685287202e+02
5.532162682462509196e+00	3.627844976328418056e+02
5.537397124017139127e+00	4.068572668663087484e+02
5.544582756485218589e+00	4.202471857155604766e+02
5.551739327507637434e+00	4.182395448833917158e+02
5.557493306674907707e+00	4.473959888568302858e+02
5.562281709102816940e+00	3.397926168767328363e+02
5.569272720323164449e+00	2.970282247572597498e+02
