8.899641224696953554e-03	1.123733134650328720e+05
1.507912216506557788e-02	1.052116700664470991e+05
2.144790186456836667e-02	6.277494372456557903e+04
2.783660776489276650e-02	3.147098907885189692e+04
3.435099785803411021e-02	2.258203786572994431e+04
4.047886761425745911e-02	1.237694701983717096e+04
4.676716683575679601e-02	1.158619938276815810e+04
5.308225101765951665e-02	1.336643953215215333e+04
5.945362440940590160e-02	1.233876451921818625e+04
6.576224814588792211e-02	1.283579639158644204e+04
7.196632906698736953e-02	9.419111230961187175e+03
7.827860915688347743e-02	6.847291039675679713e+03
8.470398945834539672e-02	4.913753500495925437e+03
9.096854620527369817e-02	4.131911525050763885e+03
9.720789776830213169e-02	3.723320180339058879e+03
1.034763038959366499e-01	3.898487806443194131e+03
1.097576444254559219e-01	4.033511158091424022e+03
1.160543084780093354e-01	3.812650112889484262e+03
1.223669666537485351e-01	3.433623108781103838e+03
1.286817263090294094e-01	3.016238208642490918e+03
1.349500801664080818e-01	2.584006028920770859e+03
1.411949558842147678e-01	2.320195407644953320e+03
1.475133575747468451e-01	2.076353916369665058e+03
1.537865074252268427e-01	1.926953597959297440e+03
1.600657544051110326e-01	1.882193270466781996e+03
1.663991168687080635e-01	1.820805748822297346e+03
1.727195645776442856e-01	1.806319931633339365e+03
1.789765213377084718e-01	1.669419115272505223e+03
1.852353690647852158e-01	1.551127114975293352e+03
1.914806787341157279e-01	1.424944746508157095e+03
1.977889868651535599e-01	1.332329031951352817e+03
2.040937735447724277e-01	1.231788976490642654e+03
2.103939302609846018e-01	1.198659481622202748e+03
2.166909709822301688e-01	1.152738282458492904e+03
2.229700281216152047e-01	1.133148175060643098e+03
2.292620027086341994e-01	1.093557006964784250e+03
2.355141508366812297e-01	1.042952262229403004e+03
2.417910583817859116e-01	9.876697098098791230e+02
2.480856539439619257e-01	9.449613676091839807e+02
2.543492256872954549e-01	9.028349818484672369e+02
2.606334251884805386e-01	8.783025924701858003e+02
2.669257370896960802e-01	8.252264553149161657e+02
2.732423343141155980e-01	7.996778035684540100e+02
2.795529680084415936e-01	7.803098372880202760e+02
2.858366292314493129e-01	7.460740636384653044e+02
2.920876271394311496e-01	7.283546672931385046e+02
2.983449844439822751e-01	7.022293593871977464e+02
3.046382639407197446e-01	6.735890538929112381e+02
3.109279127003197196e-01	6.662547953155842606e+02
3.172168171618398036e-01	6.425547304616852671e+02
3.235187567944423082e-01	6.194835171220969414e+02
3.298168217550395687e-01	6.105201084584114142e+02
3.361176429457156667e-01	5.876308208679050722e+02
3.423700375709273769e-01	5.702161911144115720e+02
3.486478192666269682e-01	5.569171891196554043e+02
3.549411614411318028e-01	5.469112620558431672e+02
3.611916935421040642e-01	5.300618399743268583e+02
3.674767089563572564e-01	5.206209948120275612e+02
3.737647795277591056e-01	5.070141057100532294e+02
3.800654031475132477e-01	4.816328812864283577e+02
3.863539861259823738e-01	4.835070459735746340e+02
3.926140181364449755e-01	4.713701672769907418e+02
3.989264500321934581e-01	4.629455681201534958e+02
4.052073244576828714e-01	4.510520161013630513e+02
4.114916477570477182e-01	4.430154663548785834e+02
4.177814272116491257e-01	4.284958045140133436e+02
4.240400648725131116e-01	4.233804420760164930e+02
4.303425690270192283e-01	4.088111007712274159e+02
4.366358560255625965e-01	4.070593036685435209e+02
4.428996183220763605e-01	3.974485759827504694e+02
4.491634418529859563e-01	3.867230176837010731e+02
4.554414146254732731e-01	3.825038572905861542e+02
4.617634470301058558e-01	3.701980074487460115e+02
4.680644242023710433e-01	3.703579237880193773e+02
4.743485242764365895e-01	3.607861841647809342e+02
4.806356136815400082e-01	3.540672034369741255e+02
4.869019258388697646e-01	3.523756271008929843e+02
4.931697099599955947e-01	3.446637669783518163e+02
4.994506747144535908e-01	3.340709442116749415e+02
5.057159051335421429e-01	3.296059753681299753e+02
5.119923996268095356e-01	3.248395860313655703e+02
5.183126097768406826e-01	3.205942188169869951e+02
5.246089638029100000e-01	3.164112973790185492e+02
5.308757308483337267e-01	3.120321613892979826e+02
5.371573527946726934e-01	3.053464061187829657e+02
5.434579563783791256e-01	3.024495970146032846e+02
5.497430652392217842e-01	2.969075156358640015e+02
5.559937427501778773e-01	2.911232738419595876e+02
5.622854676609657654e-01	2.892176407575946655e+02
5.686011537227265711e-01	2.870814964416890689e+02
5.748804589422079614e-01	2.815148772240129347e+02
5.811550210340560296e-01	2.770419748012903938e+02
5.874394496660968468e-01	2.741991268709701899e+02
5.937176220296899176e-01	2.692868628445723402e+02
5.999971954793682505e-01	2.646840365093078731e+02
6.062679115124277596e-01	2.635980134931019165e+02
6.125469576444534381e-01	2.590421080683798323e+02
6.188477733041515272e-01	2.564927961991226084e+02
6.251310567437898813e-01	2.532786043681128092e+02
6.314027450383210560e-01	2.490651354657159402e+02
6.377003562732055375e-01	2.439369720358448319e+02
6.439857783314556494e-01	2.433789468456492671e+02
6.502685417166111925e-01	2.393460389994021114e+02
6.565586117699038216e-01	2.370189321711544608e+02
6.628369282359254377e-01	2.340999640921119749e+02
6.691185444962194362e-01	2.319218860341446486e+02
6.754070198575605755e-01	2.291148733762404959e+02
6.816835514593204692e-01	2.253095849115363478e+02
6.879592533861698112e-01	2.232255056222955716e+02
6.942344317039531587e-01	2.206745739217986966e+02
7.005175402434737908e-01	2.198112319680878102e+02
7.068124956608716758e-01	2.158073420345584736e+02
7.131019009674921527e-01	2.150568738036411673e+02
7.193918251171427247e-01	2.118853003410659994e+02
7.256833807598113140e-01	2.113434167573896616e+02
7.319652682709349989e-01	2.097774529238874095e+02
7.382507990484923344e-01	2.051290126375486125e+02
7.445265842115937893e-01	2.042583408440302435e+02
7.507871101942712455e-01	2.034664943513834885e+02
7.570758465316046459e-01	2.005062414305671723e+02
7.633641233600957365e-01	1.984987974449205979e+02
7.696462959862266917e-01	1.960471666280245131e+02
7.759394865175414102e-01	1.939953158094423600e+02
7.822329141989586843e-01	1.926209963753172190e+02
7.885314936520240181e-01	1.900707144594279612e+02
7.947896566979522071e-01	1.887295874026873719e+02
8.010491096592354809e-01	1.869132679392579348e+02
8.073364061727361651e-01	1.853092484471525836e+02
8.136229488373866170e-01	1.840934035526957189e+02
8.199152998961036776e-01	1.817254965914190734e+02
8.261952636392789762e-01	1.798390804361781647e+02
8.324897070080405914e-01	1.799304841477801347e+02
8.387959309210778480e-01	1.780411639223032125e+02
8.450634639703045181e-01	1.748330312261787753e+02
8.513282867562648182e-01	1.740864587238053218e+02
8.576198263902009566e-01	1.732118953451906123e+02
8.639058477062415697e-01	1.716955600879080350e+02
8.701838745487597837e-01	1.699485048331797827e+02
8.764641096075268534e-01	1.692863993163713872e+02
8.827503873399735745e-01	1.680053980841178145e+02
8.890332768393869323e-01	1.661804167045626741e+02
8.953084247113127780e-01	1.649255892949049667e+02
9.015956521667095602e-01	1.634235763781873345e+02
9.078833328094829680e-01	1.626323659485601922e+02
9.141744106319863450e-01	1.615894686444714239e+02
9.204630817717615043e-01	1.596197477524086707e+02
9.267434415264711456e-01	1.588964840943296508e+02
9.330324197354928906e-01	1.574080491072757013e+02
9.393265785573878812e-01	1.563387981312238821e+02
9.455974810398196650e-01	1.548249504594200801e+02
9.518660018545171964e-01	1.532073739911423615e+02
9.581413255531838757e-01	1.525357600343693036e+02
9.644350945109106954e-01	1.516207136757970204e+02
9.707355633568249820e-01	1.511606350343654128e+02
9.770080768450029041e-01	1.491367290485445665e+02
9.832823325363413414e-01	1.479098374571183570e+02
9.895569691966674686e-01	1.468094917678143645e+02
9.958456301921106979e-01	1.457765799282452122e+02
1.002136210743837408e+00	1.450388845421972235e+02
1.008404825335135424e+00	1.437770566716910992e+02
1.014694149836243398e+00	1.439230795062804305e+02
1.020992555437297167e+00	1.420934291069627591e+02
1.027273980437394485e+00	1.410845117329105847e+02
1.033559181896017254e+00	1.398780748826216040e+02
1.039847557392594934e+00	1.390750337823308200e+02
1.046126974943305088e+00	1.381513579252670070e+02
1.052403436811028659e+00	1.367311763743327333e+02
1.058680704651608684e+00	1.362319087603165713e+02
1.064964333065789193e+00	1.351599949048842007e+02
1.071256777440835473e+00	1.342705000801304891e+02
1.077544048801078125e+00	1.331296878471783316e+02
1.083824820188043603e+00	1.326418276752775114e+02
1.090108023942816695e+00	1.315315855440490509e+02
1.096389665956643222e+00	1.307475138251711826e+02
1.102681132058841440e+00	1.294914110297037269e+02
1.108963047594879958e+00	1.290868217230271000e+02
1.115225428463759272e+00	1.282645724914249570e+02
1.121502127614767863e+00	1.274657859501605515e+02
1.127792573824792033e+00	1.265757789299643008e+02
1.134089552668382961e+00	1.258179404209747361e+02
1.140364049650405942e+00	1.250651853702002967e+02
1.146639180320979445e+00	1.237105673971433930e+02
1.152942412991649901e+00	1.236781625684380543e+02
1.159228906751078814e+00	1.225471967307852310e+02
1.165508721887268173e+00	1.220130427910263506e+02
1.171793076256210320e+00	1.210359263462420500e+02
1.178087436369658958e+00	1.201049695162082429e+02
1.184367654251526902e+00	1.195706163323491751e+02
1.190634642299266632e+00	1.189042081415199732e+02
1.196912208834400859e+00	1.190588729363208955e+02
1.203201577354146234e+00	1.181528080346900396e+02
1.209486844441705733e+00	1.174591727024934471e+02
1.215763902074809888e+00	1.162376771346991546e+02
1.222049755171146668e+00	1.156486296836140610e+02
1.228340616621486969e+00	1.144759240030156207e+02
1.234632986576932767e+00	1.140785472533218012e+02
1.240902247176856488e+00	1.139543884548398012e+02
1.247174839144687519e+00	1.130337158336326411e+02
1.253465459933442272e+00	1.125678340165175939e+02
1.259749951892178421e+00	1.116699626722573555e+02
1.266032143127253873e+00	1.108673105271693800e+02
1.272316288472006507e+00	1.105114650133879906e+02
1.278604155058621350e+00	1.096414456495763687e+02
1.284886588933593865e+00	1.093944448546714909e+02
1.291175420066583257e+00	1.085533221211014734e+02
1.297465726373772332e+00	1.078740475129700798e+02
1.303741827011944299e+00	1.072505094500523057e+02
1.310017322922761851e+00	1.068166833658887924e+02
1.316301447662886703e+00	1.064630882965703194e+02
1.322586760363303249e+00	1.054887898305354668e+02
1.328865492452874664e+00	1.052392096256810845e+02
1.335144804954555564e+00	1.048481448659286883e+02
1.341440516272275119e+00	1.037849649322075010e+02
1.347730868417094552e+00	1.033618382933953512e+02
1.354001589994877630e+00	1.031991085539560657e+02
1.360282609297778444e+00	1.021672130488423846e+02
1.366565686457597906e+00	1.017425735246578000e+02
1.372851498482432708e+00	1.009672884849168213e+02
1.379135372929401804e+00	1.007776290022046766e+02
1.385409567149057164e+00	1.002492121535076848e+02
1.391698641219299315e+00	9.953482544475511418e+01
1.397984451439470810e+00	9.927599660652543889e+01
1.404267883409181961e+00	9.871112054907712263e+01
1.410554779484869181e+00	9.817900725683644225e+01
1.416837833547465397e+00	9.758760122309537621e+01
1.423118177187137068e+00	9.732345383214037327e+01
1.429397801164240089e+00	9.658422882197760373e+01
1.435686921822787232e+00	9.610616527087910299e+01
1.441977121769299597e+00	9.571007971251415825e+01
1.448253667853332427e+00	9.531195693444166750e+01
1.454532348972172651e+00	9.463532361417394156e+01
1.460819319151879903e+00	9.448099997925102400e+01
1.467110364402026468e+00	9.377071800644677069e+01
1.473392908948962132e+00	9.354358118215259310e+01
1.479669965243598950e+00	9.287299930708002194e+01
1.485956144602843532e+00	9.254965482938958132e+01
1.492233610763115115e+00	9.243108830284346311e+01
1.498502470379980078e+00	9.169587717092220203e+01
1.504785752051182701e+00	9.135477529242346861e+01
1.511075991894575976e+00	9.060309011146124192e+01
1.517361634985162189e+00	9.035067714697757424e+01
1.523648570969130533e+00	8.978316985565942332e+01
1.529938035715892264e+00	8.944079096580584576e+01
1.536230176913891965e+00	8.918342994806083368e+01
1.542510718779388279e+00	8.869526294918176745e+01
1.548783963082980275e+00	8.835077039856953718e+01
1.555073069779651318e+00	8.812489762568506535e+01
1.561357324927233892e+00	8.750623936636941380e+01
1.567629121053141006e+00	8.702544838908926295e+01
1.573913697404382583e+00	8.671132865815816615e+01
1.580203545230874029e+00	8.644803199436633179e+01
1.586485393434537983e+00	8.636278583342885895e+01
1.592760014263005841e+00	8.539216080680013476e+01
1.599046436394670812e+00	8.517255512047201194e+01
1.605342136637478934e+00	8.506239059625492871e+01
1.611619860919608627e+00	8.426184530938095918e+01
1.617897597081673799e+00	8.401842428838989463e+01
1.624183235481122756e+00	8.390916699558960090e+01
1.630464598531913722e+00	8.332058454985404694e+01
1.636748985747638274e+00	8.331899056370990309e+01
1.643030923698886259e+00	8.266559040174058737e+01
1.649309176648513064e+00	8.225787772571467826e+01
1.655593633940351861e+00	8.193158234921882865e+01
1.661879571405086464e+00	8.159183945288754103e+01
1.668169361685170271e+00	8.125742437965124054e+01
1.674450151530487485e+00	8.090362016418838209e+01
1.680722718978495900e+00	8.061747057974753261e+01
1.687013891340952476e+00	8.029368608129891527e+01
1.693308984907921033e+00	8.013942676486048811e+01
1.699582147428448486e+00	7.977602161652782797e+01
1.705863747055134105e+00	7.936607023049839427e+01
1.712154434283889470e+00	7.910284977311808063e+01
1.718438381579399321e+00	7.872269378069775314e+01
1.724721264464063930e+00	7.823960043294079014e+01
1.730997441276920679e+00	7.807858815265723251e+01
1.737287073528269499e+00	7.771316703318819918e+01
1.743567991878527401e+00	7.761605680014457675e+01
1.749840680212231048e+00	7.740915531687616635e+01
1.756128549091961144e+00	7.669747849545534280e+01
1.762413535324792502e+00	7.641109388198212571e+01
1.768696187669963837e+00	7.631018684907337501e+01
1.774979359379055266e+00	7.593594803375275148e+01
1.781265555576432957e+00	7.564848885826403091e+01
1.787549427830244619e+00	7.520773382151062947e+01
1.793834120011633004e+00	7.523063441419395758e+01
1.800115051552487300e+00	7.477392320305412454e+01
1.806393904854530330e+00	7.448909852720490221e+01
1.812674089667083432e+00	7.416656363624429105e+01
1.818956920109354058e+00	7.400557275674884750e+01
1.825244164118212220e+00	7.380366346178638537e+01
1.831527256642196955e+00	7.334499436429528885e+01
1.837811294935716599e+00	7.320662300958825597e+01
1.844100717411196744e+00	7.290357190682392741e+01
1.850384816792487230e+00	7.250507698422855185e+01
1.856666059735203822e+00	7.240487906631670967e+01
1.862947728675613979e+00	7.199200604245176294e+01
1.869229324466858078e+00	7.190000625582862881e+01
1.875517616802973686e+00	7.163098581327724901e+01
1.881800769033795229e+00	7.118702794828790559e+01
1.888078863416442710e+00	7.084288519238502602e+01
1.894353975182237582e+00	7.080780288965313218e+01
1.900642716154182565e+00	7.045782445028871166e+01
1.906933494748685121e+00	7.034703670659898478e+01
1.913207568676573933e+00	6.997707818575291583e+01
1.919490884732178992e+00	6.995616748463083923e+01
1.925776855684274480e+00	6.951984761843471006e+01
1.932064452961978152e+00	6.935393352508224041e+01
1.938342610030488800e+00	6.902069024051529311e+01
1.944618341543410178e+00	6.869196518984965394e+01
1.950906260203513876e+00	6.852733007980765478e+01
1.957194556613796488e+00	6.822868903273651142e+01
1.963479614559011432e+00	6.804723016037088712e+01
1.969760361532916226e+00	6.779288412454754109e+01
1.976048367034604736e+00	6.761510281128086319e+01
1.982337990217652335e+00	6.741550370786463020e+01
1.988617489259562721e+00	6.715024139955986016e+01
1.994896320665194178e+00	6.691203502551627480e+01
2.001179596222827151e+00	6.680682563490265125e+01
2.007459756923499761e+00	6.628207167355735407e+01
2.013737397779169935e+00	6.623117233695296591e+01
2.020017234677497164e+00	6.597953602409415907e+01
2.026310251015072783e+00	6.569975464790988440e+01
2.032600542948020284e+00	6.548148189973194633e+01
2.038873863192099289e+00	6.527919450917809741e+01
2.045154087821675404e+00	6.508727963118876403e+01
2.051444704514288730e+00	6.492034033653627034e+01
2.057730430280644729e+00	6.476615113883079289e+01
2.064013940455224461e+00	6.438735505378117807e+01
2.070299891179459895e+00	6.427211621108561701e+01
2.076589719964883951e+00	6.408745686503465322e+01
2.082865483794470673e+00	6.375260201864621479e+01
2.089134494859368640e+00	6.353396928623771345e+01
2.095424211360070288e+00	6.338749849568957728e+01
2.101707116664804254e+00	6.320618631021577727e+01
2.107986473933564309e+00	6.305199411362657713e+01
2.114271806543862375e+00	6.282010447676457687e+01
2.120552717288892275e+00	6.264019164482708391e+01
2.126836933207161717e+00	6.250553650012238904e+01
2.133122044791171845e+00	6.230462839273936027e+01
2.139411711910842673e+00	6.202029816929299955e+01
2.145697076775292089e+00	6.185770822971461769e+01
2.151973548606471276e+00	6.162048679562439446e+01
2.158259913555724108e+00	6.158688313395559533e+01
2.164545396699105506e+00	6.143632494524030818e+01
2.170830700377734068e+00	6.099519627223443763e+01
2.177114138849150393e+00	6.093037839853123927e+01
2.183387647576827018e+00	6.073468156389176187e+01
2.189670273687676971e+00	6.050619277438525501e+01
2.195960147934207463e+00	6.026947968027514690e+01
2.202242556317716371e+00	6.018665258568550058e+01
2.208521655981037668e+00	5.994844538309109794e+01
2.214804637081333016e+00	5.967659467661406580e+01
2.221092583349425276e+00	5.971818602372923834e+01
2.227372893591468728e+00	5.937205247407396769e+01
2.233657161144248171e+00	5.924649509458706120e+01
2.239943485394438660e+00	5.905788029110029669e+01
2.246224175264620815e+00	5.895531517135481181e+01
2.252506378421252009e+00	5.881461944905183969e+01
2.258783417054270437e+00	5.869574918827189691e+01
2.265069077371457684e+00	5.832698012574207524e+01
2.271350377044131452e+00	5.808820161140375404e+01
2.277633995145353918e+00	5.797763799350737202e+01
2.283922419579920149e+00	5.771706479909881438e+01
2.290202874392252674e+00	5.775864456742056774e+01
2.296490779970905560e+00	5.729708674576958316e+01
2.302771769934229162e+00	5.736308913723081560e+01
2.309051364164305564e+00	5.711272585052371653e+01
2.315338502539088239e+00	5.703570211453523342e+01
2.321627336503874428e+00	5.674611432458831217e+01
2.327911878297218795e+00	5.668033574796030649e+01
2.334186238580297168e+00	5.638064587818976037e+01
2.340467971862688401e+00	5.633770713268366137e+01
2.346756940970738725e+00	5.614327496532406059e+01
2.353044444556199988e+00	5.605995695503031584e+01
2.359327653314069906e+00	5.578606414149157899e+01
2.365603048789861607e+00	5.564070234598760578e+01
2.371885911737665165e+00	5.552878142491975666e+01
2.378173303594019572e+00	5.539522094634866534e+01
2.384454016539381271e+00	5.520051996484614421e+01
2.390736447344785187e+00	5.508876495349309010e+01
2.397014133897952259e+00	5.482169690072594648e+01
2.403295490074321972e+00	5.475152655828991755e+01
2.409585049672506862e+00	5.460624541656886777e+01
2.415871703165322071e+00	5.450953880947106711e+01
2.422160652369088840e+00	5.436681128377469463e+01
2.428440167222748691e+00	5.412313673538986336e+01
2.434717472383889803e+00	5.394943953031886252e+01
2.441002456202044257e+00	5.388836573507031602e+01
2.447289980304530488e+00	5.370818157813779692e+01
2.453571844729242279e+00	5.361153264677562191e+01
2.459852705114058846e+00	5.348775252657165424e+01
2.466139233225018934e+00	5.339520178422066721e+01
2.472421963421291391e+00	5.324654626113163403e+01
2.478698519174224568e+00	5.312674469119152576e+01
2.484980841400355800e+00	5.285919322555861299e+01
2.491269319409339822e+00	5.285368070745837343e+01
2.497548505139029373e+00	5.262273867611637002e+01
2.503831667172610853e+00	5.245217193629756025e+01
2.510117938323931153e+00	5.243521564401630997e+01
2.516400733681277480e+00	5.234976908314839505e+01
2.522688226833368130e+00	5.213431557282712703e+01
2.528971695852665569e+00	5.201810896235994619e+01
2.535252039407670299e+00	5.191309325077882875e+01
2.541537514142774512e+00	5.175086539254809992e+01
2.547823008847572179e+00	5.157866061156124005e+01
2.554100666580690238e+00	5.146701165391529287e+01
2.560376788884177301e+00	5.138196922261455057e+01
2.566667521601497359e+00	5.121411428509716757e+01
2.572955062237090473e+00	5.121797647938867470e+01
2.579233771797999175e+00	5.105798572762764564e+01
2.585520164300948220e+00	5.101977124830361987e+01
2.591805130332431872e+00	5.081767620723868362e+01
2.598084074692260881e+00	5.073127904103553476e+01
2.604360404197643586e+00	5.063993796707918449e+01
2.610647185140439142e+00	5.052274640554364993e+01
2.616931864059273138e+00	5.030455232232604601e+01
2.623206107911065565e+00	5.024534092692663734e+01
2.629491626543270844e+00	5.022240445816384380e+01
2.635778507982642349e+00	5.005386261529178427e+01
2.642061039325260818e+00	4.994701300128674859e+01
2.648343840729305843e+00	4.993163440811063225e+01
2.654631838974855551e+00	4.981740509728786748e+01
2.660919001246303761e+00	4.971002513177472792e+01
2.667198525130066056e+00	4.953683819718639114e+01
2.673484307038032526e+00	4.946327278322554832e+01
2.679773388053849459e+00	4.936877751151855875e+01
2.686058217632288692e+00	4.932469717371753148e+01
2.692338738200057868e+00	4.920382494708997001e+01
2.698618022887226964e+00	4.900359980924746850e+01
2.704895450708277860e+00	4.900611340009479733e+01
2.711175674923682166e+00	4.898487974002340195e+01
2.717459832966957922e+00	4.886812946276780423e+01
2.723745731959044569e+00	4.873776365460572890e+01
2.730038414850594730e+00	4.876316253832213476e+01
2.736317989800789441e+00	4.865478583989226280e+01
2.742591858549239703e+00	4.849515976006420459e+01
2.748879749010778362e+00	4.842300286201925985e+01
2.755163403825859447e+00	4.833431428311725142e+01
2.761446955625852073e+00	4.829971129002739616e+01
2.767732088935374701e+00	4.818764623893952859e+01
2.774015452421743966e+00	4.813763996981257520e+01
2.780298635700591436e+00	4.803372386751240697e+01
2.786577474762241380e+00	4.796160328026530806e+01
2.792857983210164541e+00	4.791020108714889147e+01
2.799143790920211483e+00	4.787568973548463447e+01
2.805430058399325244e+00	4.785252916513577759e+01
2.811715058209780072e+00	4.768817708333216387e+01
2.817989272498773623e+00	4.765098904096393539e+01
2.824269171595737760e+00	4.761501796544953891e+01
2.830563016441804081e+00	4.747418784491141253e+01
2.836848750951622034e+00	4.747221323831949746e+01
2.843130027866129783e+00	4.743808327265961111e+01
2.849413896912404986e+00	4.736996088447625652e+01
2.855697464522425566e+00	4.736949478493765753e+01
2.861978799810683594e+00	4.722754760029715726e+01
2.868262469415629567e+00	4.715479614978938372e+01
2.874547359206753860e+00	4.714420713675566788e+01
2.880831111471525041e+00	4.707409166080195462e+01
2.887113216972382546e+00	4.703764411825967073e+01
2.893394504725182781e+00	4.699589385923193419e+01
2.899673662137033592e+00	4.689890721080409008e+01
2.905953958587380814e+00	4.696512370619588950e+01
2.912241118105161064e+00	4.683576560535934163e+01
2.918525996366671205e+00	4.684306348173129919e+01
2.924809035425688819e+00	4.683870426489461636e+01
2.931095916293684933e+00	4.678838933778273912e+01
2.937378182606774413e+00	4.674743970420332317e+01
2.943659980254369923e+00	4.667015437185199289e+01
2.949946454403890250e+00	4.660315468662571448e+01
2.956227653702202307e+00	4.667609368780274792e+01
2.962510478867462993e+00	4.657863110024734965e+01
2.968796535179442309e+00	4.656794998816253184e+01
2.975077657376874907e+00	4.659148126680780422e+01
2.981359866759223376e+00	4.663692362337698682e+01
2.987646761575656562e+00	4.662217106734629368e+01
2.993929038370399365e+00	4.649009517361450605e+01
3.000206214840962726e+00	4.646984107893100457e+01
3.006486172402415669e+00	4.647271321137851174e+01
3.012769812211594456e+00	4.651429180592703005e+01
3.019053144326170113e+00	4.646867784963994552e+01
3.025337405144251424e+00	4.654745617650911527e+01
3.031623734799107961e+00	4.644507987085649603e+01
3.037908962055872575e+00	4.669217865040309334e+01
3.044195067146031608e+00	4.656406388681193675e+01
3.050475543482170426e+00	4.650985954881883089e+01
3.056754954538277502e+00	4.656456440737147062e+01
3.063040539557494668e+00	4.656218047337966937e+01
3.069323699454357346e+00	4.658359775268731084e+01
3.075610692642898769e+00	4.657227236604799714e+01
3.081893798009918584e+00	4.659001194394222978e+01
3.088174549548037717e+00	4.661726813834703620e+01
3.094458635632868493e+00	4.660743623526536084e+01
3.100743982931558840e+00	4.670600191388255951e+01
3.107028111748448396e+00	4.675318711533050475e+01
3.113309299655494300e+00	4.673793084856799140e+01
3.119590662867241626e+00	4.673986306114925071e+01
3.125874006820172912e+00	4.678234504405555327e+01
3.132159251154602586e+00	4.685748319781001214e+01
3.138439172765940643e+00	4.679405482757567114e+01
3.144723867719826593e+00	4.691571463850365831e+01
3.151003951258561031e+00	4.692754166260753834e+01
3.157283664131563139e+00	4.702167504040026103e+01
3.163569317183839935e+00	4.704632327426231342e+01
3.169851661717792091e+00	4.712152290386912057e+01
3.176137704316093657e+00	4.713148494693468393e+01
3.182420924828643916e+00	4.727948950304065079e+01
3.188702811875577581e+00	4.728365654539844343e+01
3.194990520008989865e+00	4.739462417060937582e+01
3.201275324656983834e+00	4.748250837823407977e+01
3.207551352179861759e+00	4.751802159167034745e+01
3.213835216737041645e+00	4.759485922147676717e+01
3.220122579819103770e+00	4.754734259420333586e+01
3.226406606618656525e+00	4.741790170351669076e+01
3.232687390085645429e+00	4.731872164791327151e+01
3.238969121280456331e+00	4.723170054294445919e+01
3.245254751548589667e+00	4.708294662294535726e+01
3.251534499036136783e+00	4.695960334527487134e+01
3.257817780791052442e+00	4.685264616594178477e+01
3.264102164154097263e+00	4.677181883332287526e+01
3.270384152138468892e+00	4.661847243229239268e+01
3.276669427476867735e+00	4.655480013037512066e+01
3.282954688864507808e+00	4.652916252276411058e+01
3.289237200334947264e+00	4.638326924998164458e+01
3.295519587088236779e+00	4.632422593430274560e+01
3.301805977329951958e+00	4.619632709371075663e+01
3.308087486222440088e+00	4.611288125602251853e+01
3.314367630234227313e+00	4.597408298385438030e+01
3.320651909732194262e+00	4.590410857303643155e+01
3.326931260376857047e+00	4.586755261659142491e+01
3.333216512447217728e+00	4.575925736855996462e+01
3.339504489419978128e+00	4.563379968048560897e+01
3.345786804809928405e+00	4.561806225905441181e+01
3.352071130016277767e+00	4.552698513423705862e+01
3.358351496304225581e+00	4.547115367342448877e+01
3.364630591073392019e+00	4.533337633818586454e+01
3.370916305215045483e+00	4.527048164876060099e+01
3.377197952029413752e+00	4.522244212026244270e+01
3.383483063818085501e+00	4.513985779188451630e+01
3.389769992424469969e+00	4.513643433797865612e+01
3.396051330885982100e+00	4.510962740769979717e+01
3.402330879139463971e+00	4.494640657702527164e+01
3.408610488352048495e+00	4.490490273151090150e+01
3.414897837696641236e+00	4.478965562478978057e+01
3.421180484052105619e+00	4.478098129533874783e+01
3.427461639653846870e+00	4.476091068144306462e+01
3.433749159643459059e+00	4.477197404574409489e+01
3.440032646656798310e+00	4.462417472444739275e+01
3.446313366033385339e+00	4.457694225283209022e+01
3.452600135384134905e+00	4.454887835314241329e+01
3.458883152815406703e+00	4.446820309650441772e+01
3.465163834403715448e+00	4.445931666723050313e+01
3.471449329786229221e+00	4.445333250477074927e+01
3.477734476754053894e+00	4.436344716382015463e+01
3.484019652467224226e+00	4.434856111866804440e+01
3.490297019369712928e+00	4.424576256435609167e+01
3.496582486484379970e+00	4.431840980306930788e+01
3.502868048046865024e+00	4.419731104119073706e+01
3.509144649545451244e+00	4.418138917782108877e+01
3.515428082003116295e+00	4.414440654377199280e+01
3.521711031624695565e+00	4.400826882289678821e+01
3.527991850954735664e+00	4.403689897108338158e+01
3.534275545726699885e+00	4.405191801062766643e+01
3.540562632020772149e+00	4.396129745040406078e+01
3.546844410757220789e+00	4.398890507802398275e+01
3.553131386753758836e+00	4.385313733501966738e+01
3.559419203211965144e+00	4.381275000827953647e+01
3.565697971577579839e+00	4.383994291039661562e+01
3.571979559134798254e+00	4.387323978743167174e+01
3.578265774595833726e+00	4.382878587085648547e+01
3.584548309769353125e+00	4.380619189202278818e+01
3.590826843920031486e+00	4.370762752913314131e+01
3.597107306745233934e+00	4.374090693481549152e+01
3.603392831792229245e+00	4.376768221729237496e+01
3.609673209822572559e+00	4.375200635911861724e+01
3.615955412133016189e+00	4.374788250023242142e+01
3.622241607772384686e+00	4.364783436348982093e+01
3.628520252736676444e+00	4.368502987571843477e+01
3.634804827569451113e+00	4.372708990199737400e+01
3.641094981788862928e+00	4.369123998778840701e+01
3.647383514928639325e+00	4.364631786344151720e+01
3.653663283927725658e+00	4.362199310323080681e+01
3.659943504072155296e+00	4.355733469780994938e+01
3.666232000281138603e+00	4.355173917365077330e+01
3.672514211678317597e+00	4.355777999028845215e+01
3.678794154686042539e+00	4.366759814751185331e+01
3.685078621861909820e+00	4.351603906941966926e+01
3.691359210097977961e+00	4.360952897246008320e+01
3.697642368173791105e+00	4.357300050598495034e+01
3.703925796735277665e+00	4.354695371218137723e+01
3.710208240364660348e+00	4.354572674302661994e+01
3.716494593122387169e+00	4.354599747612270022e+01
3.722775386659595398e+00	4.350542531114822253e+01
3.729058392883481510e+00	4.348693666512966161e+01
3.735339748210807720e+00	4.355741610185645385e+01
3.741620776392969638e+00	4.351689741838306702e+01
3.747904795418762980e+00	4.356769875462806141e+01
3.754190633281219380e+00	4.352066766232715622e+01
3.760478208018912749e+00	4.353394718031309907e+01
3.766755538573464346e+00	4.359200633840793415e+01
3.773032090135151506e+00	4.351522899633881281e+01
3.779322553012896879e+00	4.355139576962223202e+01
3.785609109731308930e+00	4.355408635574551113e+01
3.791889825936295200e+00	4.356186377473066074e+01
3.798174822702435893e+00	4.364558599718298382e+01
3.804458658753491651e+00	4.359705019427435246e+01
3.810738438095723435e+00	4.358516653510853445e+01
3.817018850285747167e+00	4.365482610286065324e+01
3.823305314209427763e+00	4.361992711884938956e+01
3.829591295197792178e+00	4.367515979101579404e+01
3.835872296070849341e+00	4.367150352286798665e+01
3.842156279590906109e+00	4.370957944577771315e+01
3.848441511099312429e+00	4.365263515722082843e+01
3.854723334376886079e+00	4.371393241009896258e+01
3.861004740704794713e+00	4.366687465973897986e+01
3.867284336650660848e+00	4.369070933594483108e+01
3.873567367678779849e+00	4.376332860736723518e+01
3.879850662830422792e+00	4.378778680573631732e+01
3.886137063198143338e+00	4.383465920906018454e+01
3.892419463049126005e+00	4.372053394081247291e+01
3.898703740328622658e+00	4.389367183077960277e+01
3.904991458788179326e+00	4.389389236877420331e+01
3.911270842222104083e+00	4.398698136272892611e+01
3.917549806479573071e+00	4.404455238656530724e+01
3.923836006203090587e+00	4.402456900013721963e+01
3.930121452497870926e+00	4.408975702958625220e+01
3.936398172858230460e+00	4.403856025677875152e+01
3.942683040425962293e+00	4.414717300913993370e+01
3.948974759704379611e+00	4.408585492976142461e+01
3.955259227995065352e+00	4.427140764519366911e+01
3.961537174921395454e+00	4.421756872759284818e+01
3.967820217617139544e+00	4.433551151931376211e+01
3.974105559832568968e+00	4.431971207414659375e+01
3.980384727931198352e+00	4.434465112072127368e+01
3.986664590839849698e+00	4.446540409529673354e+01
3.992949619150675034e+00	4.440726482658438812e+01
3.999235075769965952e+00	4.452726430906481170e+01
4.005515715515433506e+00	4.458344268582443704e+01
4.011798434346478537e+00	4.468071022165705841e+01
4.018083716245132386e+00	4.466843637132753031e+01
4.024365700052603856e+00	4.475984219635007122e+01
4.030643960839860540e+00	4.488908824888617488e+01
4.036928708926215137e+00	4.488852191038105133e+01
4.043218157412017177e+00	4.499191170390627548e+01
4.049503019487663558e+00	4.504904324147617700e+01
4.055781898960511000e+00	4.509781324508417555e+01
4.062060795621602161e+00	4.513995067757674207e+01
4.068347865354716042e+00	4.528614560756377472e+01
4.074631027173265529e+00	4.532915568884093460e+01
4.080910837526078971e+00	4.524128885187440829e+01
4.087201203341442657e+00	4.533346954011400243e+01
4.093486818591942189e+00	4.548762581429620866e+01
4.099764387336505500e+00	4.561225835242159121e+01
4.106049166937662420e+00	4.562979711398617866e+01
4.112334559041358695e+00	4.582463030776706603e+01
4.118618926059533614e+00	4.576512315380419693e+01
4.124898942031112625e+00	4.586533336195352462e+01
4.131175432561665417e+00	4.610922920540344450e+01
4.137461563786142271e+00	4.590177658301439578e+01
4.143746006210170307e+00	4.614622615138964079e+01
4.150029800482964326e+00	4.633207214314981570e+01
4.156313390684649001e+00	4.641219047178579160e+01
4.162596105843763716e+00	4.638775162714907907e+01
4.168881843141768684e+00	4.648459451402710840e+01
4.175162111073220217e+00	4.666519119590282827e+01
4.181448573417560155e+00	4.671291215879613645e+01
4.187738782464171194e+00	4.675074993471223905e+01
4.194017437180169061e+00	4.689571713127703134e+01
4.200293572701767175e+00	4.692828258225788574e+01
4.206580195481546269e+00	4.713070127671701925e+01
4.212860644652220543e+00	4.721347958803922040e+01
4.219138153430114002e+00	4.743467626373740131e+01
4.225426162098283811e+00	4.747914881007245214e+01
4.231713506719782636e+00	4.762113602626037334e+01
4.237990056577191744e+00	4.773729974262385412e+01
4.244267783646744618e+00	4.790100813376819389e+01
4.250560660182562955e+00	4.794332720052398145e+01
4.256847734842668096e+00	4.804448746925305613e+01
4.263127100734456221e+00	4.818594328058537002e+01
4.269406860432507500e+00	4.834419891905944411e+01
4.275691671482192646e+00	4.833613363260235474e+01
4.281972414189518794e+00	4.853247328916557990e+01
4.288253516806755705e+00	4.867005958590220160e+01
4.294540520160492925e+00	4.871353363331106578e+01
4.300825742921731809e+00	4.886782355291062174e+01
4.307109835491901961e+00	4.898521216339492668e+01
4.313390926478413157e+00	4.917418426735859782e+01
4.319667979480563247e+00	4.923348237026085172e+01
4.325952598143786076e+00	4.933451978846289876e+01
4.332241647035422361e+00	4.953879185698828991e+01
4.338524445619096781e+00	4.966456970668807713e+01
4.344809348131129845e+00	4.975803738743118032e+01
4.351090699193166600e+00	5.001241755045001725e+01
4.357369710808320029e+00	5.014463901084913999e+01
4.363659348967174445e+00	5.020551406520640114e+01
4.369947418280990981e+00	5.028558042535311756e+01
4.376226569265827315e+00	5.041038904904878137e+01
4.382499356631129217e+00	5.061217438390199419e+01
4.388784975178015024e+00	5.074966805745849285e+01
4.395068696309480494e+00	5.064369935212302920e+01
4.401347962382031298e+00	5.098717500616110954e+01
4.407628405096517099e+00	5.105604540925426704e+01
4.413915862185140426e+00	5.122838105183010526e+01
4.420203163534264235e+00	5.138988666527747995e+01
4.426480311003382795e+00	5.127145569900668676e+01
4.432765973643649104e+00	5.149861274592334581e+01
4.439053392023870614e+00	5.151500312648502700e+01
4.445336141335588742e+00	5.180647791059394081e+01
4.451617241414883352e+00	5.182855263986468941e+01
4.457901500730311106e+00	5.175825616742785940e+01
4.464189501093017043e+00	5.192531291770357882e+01
4.470470197548729985e+00	5.195429281457816018e+01
4.476748044268524573e+00	5.225496113822742927e+01
4.483035990164653484e+00	5.216285854256766896e+01
4.489323331650528104e+00	5.215835914536418727e+01
4.495599111667934800e+00	5.218482772318211005e+01
4.501870922878794090e+00	5.217285900332139192e+01
4.508155162877705457e+00	5.232325142450780930e+01
4.514446451153479423e+00	5.212480821922159890e+01
4.520723894043856994e+00	5.229509768475150366e+01
4.527003782460155890e+00	5.202579724687472407e+01
4.533293086610313161e+00	5.213984897661392637e+01
4.539578989864040182e+00	5.220617568441900147e+01
4.545857164866476730e+00	5.199494535026128261e+01
4.552138955546025656e+00	5.169624266654511047e+01
4.558432046889146605e+00	5.167291893586939011e+01
4.564713463378488711e+00	5.179829221690412311e+01
4.570987274133244682e+00	5.181060702334689694e+01
4.577274818151045643e+00	5.176115267590400038e+01
4.583563263889338657e+00	5.177078058765834356e+01
4.589844917004465508e+00	5.194240201123535883e+01
4.596126259982004747e+00	5.183221044221804163e+01
4.602409075598298926e+00	5.190242367790525435e+01
4.608696634867644804e+00	5.186294289603251428e+01
4.614977646498861219e+00	5.195381749605525101e+01
4.621258953029527383e+00	5.207679570811708913e+01
4.627547993978874175e+00	5.205331741903391674e+01
4.633830152730579854e+00	5.222028468635058829e+01
4.640104005367354567e+00	5.220653247249455120e+01
4.646382060386754276e+00	5.222352760937842220e+01
4.652674213731970987e+00	5.239165220415949875e+01
4.658958291796220230e+00	5.230369708090125158e+01
4.665233615070169648e+00	5.245031465679445404e+01
4.671520675710307380e+00	5.258692167959308961e+01
4.677814351732177300e+00	5.261192279377641512e+01
4.684093699744638073e+00	5.268917351661748683e+01
4.690368661472568590e+00	5.294202054674669000e+01
4.696663270746453733e+00	5.305512025435191958e+01
4.702945459248681459e+00	5.303092326410180846e+01
4.709209170841929470e+00	5.323992293467455994e+01
4.715491634753063543e+00	5.345840821900751649e+01
4.721784316284933780e+00	5.351417056945907547e+01
4.728063062331094635e+00	5.366346467289514521e+01
4.734337423381671073e+00	5.369864294100815272e+01
4.740627024094544062e+00	5.377274371142625853e+01
4.746914995664547554e+00	5.390243705767073834e+01
4.753194740071086777e+00	5.418945885837151621e+01
4.759478891864783456e+00	5.404332200704121192e+01
4.765762396877359031e+00	5.426950617899660756e+01
4.772049481246195768e+00	5.461438442492509182e+01
4.778335091022592351e+00	5.456279824391790356e+01
4.784610831402393849e+00	5.446496144268941464e+01
4.790907306208476157e+00	5.509101426532357237e+01
4.797204047706418173e+00	5.529771829779167547e+01
4.803470827697504220e+00	5.532586978691751511e+01
4.809748850577324042e+00	5.530669936188454727e+01
4.816045316586602176e+00	5.555692129605142782e+01
4.822329240673497885e+00	5.573573276473209859e+01
4.828596758226470165e+00	5.584344000069937408e+01
4.834890332961369275e+00	5.626986782616641136e+01
4.841191655056394261e+00	5.628898211530506757e+01
4.847460407468000554e+00	5.652360132591037711e+01
4.853732128521334843e+00	5.645389296684615488e+01
4.860029138783373170e+00	5.681444987626494481e+01
4.866314601732018019e+00	5.707968860283678225e+01
4.872587026269203925e+00	5.725794998935391789e+01
4.878874221748241702e+00	5.723843202115788387e+01
4.885171078138658807e+00	5.758039465193776607e+01
4.891450629931857641e+00	5.787492113925119952e+01
4.897716482750221978e+00	5.813898904732388218e+01
4.904002834596266069e+00	5.822282042625129606e+01
4.910295858205786068e+00	5.871993191278728830e+01
4.916575188115905881e+00	5.882238649002184872e+01
4.922847946197084212e+00	5.894881517585636033e+01
4.929131667457151700e+00	5.913677682344000175e+01
4.935434460144239033e+00	5.953686129195544652e+01
4.941718513303545279e+00	5.987126760884726906e+01
4.947978624761803168e+00	5.991622078076599678e+01
4.954274999209829389e+00	6.017355515146243050e+01
4.960571094729937514e+00	6.083361980731145024e+01
4.966823207626954506e+00	6.059011525907217077e+01
4.973097418390337587e+00	6.127627472691225563e+01
4.979415129936382023e+00	6.157007405969969227e+01
4.985702082330368157e+00	6.176653276203329312e+01
4.991949985828016523e+00	6.199552302475328958e+01
4.998241586316924057e+00	6.241337624773832005e+01
5.004556635606089543e+00	6.269816785900734146e+01
5.010828655701208945e+00	6.291688866675588088e+01
5.017077229702536556e+00	6.352760422720657374e+01
5.023374414758113637e+00	6.359159670710089074e+01
5.029688873569548413e+00	6.352993730260791949e+01
5.035958413584124216e+00	6.439103594390743979e+01
5.042232667658486989e+00	6.450541926606555876e+01
5.048528755870775875e+00	6.510731816055431409e+01
5.054821121427484520e+00	6.537115223109243800e+01
5.061069509814582368e+00	6.573065843721617796e+01
5.067347812754101177e+00	6.572912155365662557e+01
5.073675050630431116e+00	6.659743303537420900e+01
5.079945928388977627e+00	6.708237325932041983e+01
5.086192992546071601e+00	6.745618426338671725e+01
5.092484128970163226e+00	6.793774213259203520e+01
5.098802924706086870e+00	6.800074410912570499e+01
5.105078217426394005e+00	6.895818982759465143e+01
5.111325076574067872e+00	6.917215379919986162e+01
5.117628358851224135e+00	6.966838500084928398e+01
5.123935939383525984e+00	7.002709473340996738e+01
5.130199176325612065e+00	7.004210337709687906e+01
5.136469985878846956e+00	7.055431896493622901e+01
5.142797788696348071e+00	7.166327261986073438e+01
5.149090378043822192e+00	7.125404072868147409e+01
5.155289879840074363e+00	7.258609225533619735e+01
5.161564521234301317e+00	7.254609033046476441e+01
5.167916673496016244e+00	7.336647500878474659e+01
5.174205974602950064e+00	7.339091685234039630e+01
5.180434820793812456e+00	7.475645820064237057e+01
5.186729096569634656e+00	7.511452123176046314e+01
5.193058481037780894e+00	7.564405092436624045e+01
5.199319511444338460e+00	7.571380507056920806e+01
5.205574295584361799e+00	7.733928241740909471e+01
5.211894977074066126e+00	7.688207926800184566e+01
5.218201708336958511e+00	7.745052511744158608e+01
5.224411911780083351e+00	7.817169316126847889e+01
5.230677632666463239e+00	7.892641607486211797e+01
5.237056729559757429e+00	7.964313834120979152e+01
5.243336785035660697e+00	8.092849862422116303e+01
5.249493476178225038e+00	8.135198790859018914e+01
5.255787017738318134e+00	8.113444229972581923e+01
5.262205327426889845e+00	8.110878245833168876e+01
5.268477758348532269e+00	8.334808754106670392e+01
5.274632213654732560e+00	8.318580616744830536e+01
5.280950543314659740e+00	8.462435071665906605e+01
5.287327645024750389e+00	8.377910625598845229e+01
5.293582359180156516e+00	8.675131966795834160e+01
5.299789992649893478e+00	8.590879271193746547e+01
5.306111460381987222e+00	8.733692555816351444e+01
5.312452717892129250e+00	8.877950159975783606e+01
5.318650122853046724e+00	8.794460044517302322e+01
5.324923043129819789e+00	8.997007124768343544e+01
5.331330237158205421e+00	9.135039271683662321e+01
5.337586726886338617e+00	9.010495479601890167e+01
5.343685192440848830e+00	9.278049881140591992e+01
5.350070659715249199e+00	9.171522410782459644e+01
5.356556762554878226e+00	9.452473680557990576e+01
5.362691868684501095e+00	9.477875866307306296e+01
5.368769208912516966e+00	9.609665519571819914e+01
5.375270137997677722e+00	9.730013489650767156e+01
5.381769983045385786e+00	9.960986977125801900e+01
5.387701030372958222e+00	1.002814503799242374e+02
5.393786668001271600e+00	9.826710938170027987e+01
5.400446161099396569e+00	1.012501777556680196e+02
5.406957063684501463e+00	1.033780713876110298e+02
5.412655672453426270e+00	1.028471305645102234e+02
5.418821279260546575e+00	1.063208070149549656e+02
5.425690594366304076e+00	1.069032176109124777e+02
5.432217487502165376e+00	1.112146920925791136e+02
5.437649811577258241e+00	1.076540078524515422e+02
5.443914404015878006e+00	1.091586513841518524e+02
5.450953501686320202e+00	1.129910888752853708e+02
5.457483690405861232e+00	1.105895506142135076e+02
5.462715250135157241e+00	1.111561834840101568e+02
5.469033575551323523e+00	1.178665502411284791e+02
5.476177730420278778e+00	1.148150318786299664e+02
5.482708935702562236e+00	1.201539168905987225e+02
5.487722405008360838e+00	1.216008306334238398e+02
5.494194284996126498e+00	1.273493176281287163e+02
5.501391471009256406e+00	1.275074162440157437e+02
5.507128202673079009e+00	1.257808200052847099e+02
5.512278020050448646e+00	1.253503219839280547e+02
5.519395563377015534e+00	1.198044097711728142e+02
5.526598678609708770e+00	1.327328904849122182e+02
5.532162682462509196e+00	1.381794564123115094e+02
5.537397124017139127e+00	1.425030598608474861e+02
5.544582756485218589e+00	1.316116758791536938e+02
5.551739327507637434e+00	1.238396264090582264e+02
5.557493306674907707e+00	1.046710465675143524e+02
5.562281709102816940e+00	1.322027678497595389e+02
5.569272720323164449e+00	1.082013113178417996e+02
