8.899641224696953554e-03	5.830450886979523348e+05
1.507912216506557788e-02	4.824607821510553476e+05
2.144790186456836667e-02	3.064449138798163622e+05
2.783660776489276650e-02	1.366507004181007505e+05
3.435099785803411021e-02	4.591619303140132979e+04
4.047886761425745911e-02	2.492848665490692656e+04
4.676716683575679601e-02	1.854865219555023941e+04
5.308225101765951665e-02	1.906753239403816769e+04
5.945362440940590160e-02	2.331412495639770714e+04
6.576224814588792211e-02	2.463998009631568129e+04
7.196632906698736953e-02	2.182096675347659766e+04
7.827860915688347743e-02	1.725925815465547566e+04
8.470398945834539672e-02	1.249133119216166597e+04
9.096854620527369817e-02	1.021559395764624787e+04
9.720789776830213169e-02	8.230942449600579494e+03
1.034763038959366499e-01	7.115878604344163250e+03
1.097576444254559219e-01	6.542632228474256408e+03
1.160543084780093354e-01	6.513864791494578640e+03
1.223669666537485351e-01	5.968430375318004735e+03
1.286817263090294094e-01	5.751256336630883197e+03
1.349500801664080818e-01	5.363942203396724835e+03
1.411949558842147678e-01	4.822109259054639551e+03
1.475133575747468451e-01	4.415913915282581002e+03
1.537865074252268427e-01	4.110048831654264177e+03
1.600657544051110326e-01	3.801900545356187649e+03
1.663991168687080635e-01	3.520500843494224682e+03
1.727195645776442856e-01	3.305082676885376259e+03
1.789765213377084718e-01	3.198466485381563871e+03
1.852353690647852158e-01	3.008893769588137275e+03
1.914806787341157279e-01	2.938733784781943996e+03
1.977889868651535599e-01	2.695732790889074749e+03
2.040937735447724277e-01	2.610885933625664165e+03
2.103939302609846018e-01	2.432712078427175584e+03
2.166909709822301688e-01	2.317434147069848223e+03
2.229700281216152047e-01	2.198875339507826993e+03
2.292620027086341994e-01	2.115608285784060627e+03
2.355141508366812297e-01	2.018301174701083255e+03
2.417910583817859116e-01	1.959527077321807610e+03
2.480856539439619257e-01	1.918469922199661141e+03
2.543492256872954549e-01	1.849027602089219499e+03
2.606334251884805386e-01	1.819162808545555890e+03
2.669257370896960802e-01	1.739414886489612854e+03
2.732423343141155980e-01	1.661922752911811131e+03
2.795529680084415936e-01	1.621540021837724908e+03
2.858366292314493129e-01	1.575623219020606712e+03
2.920876271394311496e-01	1.510893725773171354e+03
2.983449844439822751e-01	1.472869582145990762e+03
3.046382639407197446e-01	1.443139702006370499e+03
3.109279127003197196e-01	1.387180950837746650e+03
3.172168171618398036e-01	1.356469818218602086e+03
3.235187567944423082e-01	1.306261151338675745e+03
3.298168217550395687e-01	1.282413655418166172e+03
3.361176429457156667e-01	1.245401793495792163e+03
3.423700375709273769e-01	1.207447955021683129e+03
3.486478192666269682e-01	1.158519251003188174e+03
3.549411614411318028e-01	1.149766411986727007e+03
3.611916935421040642e-01	1.116057400868018249e+03
3.674767089563572564e-01	1.081988563100670945e+03
3.737647795277591056e-01	1.061273487358388820e+03
3.800654031475132477e-01	1.052289520678042891e+03
3.863539861259823738e-01	1.025793292976369912e+03
3.926140181364449755e-01	1.006804786679416225e+03
3.989264500321934581e-01	9.881556742522070635e+02
4.052073244576828714e-01	9.624600976182829299e+02
4.114916477570477182e-01	9.481487402336034620e+02
4.177814272116491257e-01	9.273112357783268180e+02
4.240400648725131116e-01	9.153136797458565752e+02
4.303425690270192283e-01	8.888580558381214587e+02
4.366358560255625965e-01	8.682212303084758105e+02
4.428996183220763605e-01	8.515718562748227214e+02
4.491634418529859563e-01	8.369039437979598688e+02
4.554414146254732731e-01	8.184603830046273742e+02
4.617634470301058558e-01	8.125394852331328366e+02
4.680644242023710433e-01	7.968782445755098252e+02
4.743485242764365895e-01	7.759799243261252286e+02
4.806356136815400082e-01	7.774093077423917748e+02
4.869019258388697646e-01	7.558386282639551155e+02
4.931697099599955947e-01	7.474783809873439395e+02
4.994506747144535908e-01	7.303394804937280469e+02
5.057159051335421429e-01	7.229339254506933230e+02
5.119923996268095356e-01	7.079593497898241594e+02
5.183126097768406826e-01	6.956264810748239142e+02
5.246089638029100000e-01	6.880371294367437258e+02
5.308757308483337267e-01	6.746001526056506918e+02
5.371573527946726934e-01	6.675728111605113781e+02
5.434579563783791256e-01	6.484781401493034991e+02
5.497430652392217842e-01	6.405691489585815361e+02
5.559937427501778773e-01	6.341585165420422072e+02
5.622854676609657654e-01	6.271096623670858889e+02
5.686011537227265711e-01	6.182074023713445285e+02
5.748804589422079614e-01	6.092270221783267061e+02
5.811550210340560296e-01	6.045930133100437160e+02
5.874394496660968468e-01	5.949521118581635619e+02
5.937176220296899176e-01	5.874634357083692748e+02
5.999971954793682505e-01	5.808124866908632384e+02
6.062679115124277596e-01	5.723275851299409851e+02
6.125469576444534381e-01	5.680544845027010297e+02
6.188477733041515272e-01	5.560575254105476688e+02
6.251310567437898813e-01	5.506581411113888862e+02
6.314027450383210560e-01	5.393619129260237059e+02
6.377003562732055375e-01	5.303871802185433353e+02
6.439857783314556494e-01	5.270762953751245732e+02
6.502685417166111925e-01	5.183173144718581398e+02
6.565586117699038216e-01	5.114356269173325131e+02
6.628369282359254377e-01	5.065856550017401219e+02
6.691185444962194362e-01	5.040862923705921617e+02
6.754070198575605755e-01	4.979846576591240819e+02
6.816835514593204692e-01	4.914647697354659499e+02
6.879592533861698112e-01	4.859922907566070762e+02
6.942344317039531587e-01	4.811503193737636934e+02
7.005175402434737908e-01	4.712615862442291927e+02
7.068124956608716758e-01	4.641271389864881485e+02
7.131019009674921527e-01	4.589697124388991369e+02
7.193918251171427247e-01	4.535194276096560770e+02
7.256833807598113140e-01	4.500383839413044598e+02
7.319652682709349989e-01	4.438691877973938631e+02
7.382507990484923344e-01	4.402814189071447117e+02
7.445265842115937893e-01	4.344708900470598110e+02
7.507871101942712455e-01	4.309747467471638629e+02
7.570758465316046459e-01	4.257721380757430438e+02
7.633641233600957365e-01	4.193205326138239002e+02
7.696462959862266917e-01	4.158266744432854125e+02
7.759394865175414102e-01	4.111226133123104205e+02
7.822329141989586843e-01	4.046939236865739531e+02
7.885314936520240181e-01	4.002584039895000387e+02
7.947896566979522071e-01	3.955640936774373699e+02
8.010491096592354809e-01	3.914968412695041025e+02
8.073364061727361651e-01	3.883024492561011698e+02
8.136229488373866170e-01	3.841735058527806359e+02
8.199152998961036776e-01	3.811922524953729408e+02
8.261952636392789762e-01	3.759060355947226526e+02
8.324897070080405914e-01	3.716473322772816914e+02
8.387959309210778480e-01	3.680807650590281241e+02
8.450634639703045181e-01	3.654425800972432512e+02
8.513282867562648182e-01	3.630257525111222776e+02
8.576198263902009566e-01	3.576818395404782223e+02
8.639058477062415697e-01	3.565307532624918281e+02
8.701838745487597837e-01	3.537251021308233021e+02
8.764641096075268534e-01	3.488754364918603983e+02
8.827503873399735745e-01	3.455568672628820650e+02
8.890332768393869323e-01	3.423464217593273702e+02
8.953084247113127780e-01	3.381058038175537490e+02
9.015956521667095602e-01	3.322133725790741892e+02
9.078833328094829680e-01	3.285226815706810157e+02
9.141744106319863450e-01	3.262752582227316793e+02
9.204630817717615043e-01	3.250172110419666751e+02
9.267434415264711456e-01	3.186735313583819220e+02
9.330324197354928906e-01	3.189399726425425001e+02
9.393265785573878812e-01	3.136482310618584961e+02
9.455974810398196650e-01	3.108826875558584106e+02
9.518660018545171964e-01	3.086656580528088512e+02
9.581413255531838757e-01	3.050685705098321137e+02
9.644350945109106954e-01	3.018975106754037938e+02
9.707355633568249820e-01	2.997463184387427191e+02
9.770080768450029041e-01	2.961623882807162431e+02
9.832823325363413414e-01	2.937107639135056729e+02
9.895569691966674686e-01	2.895318477084108508e+02
9.958456301921106979e-01	2.866278803929830019e+02
1.002136210743837408e+00	2.850875001439609377e+02
1.008404825335135424e+00	2.826581578659236698e+02
1.014694149836243398e+00	2.807489903012462378e+02
1.020992555437297167e+00	2.768703472036726225e+02
1.027273980437394485e+00	2.752081285500938748e+02
1.033559181896017254e+00	2.728553646913447892e+02
1.039847557392594934e+00	2.702585628941325240e+02
1.046126974943305088e+00	2.670474687793833368e+02
1.052403436811028659e+00	2.635081596332304343e+02
1.058680704651608684e+00	2.621788366703461293e+02
1.064964333065789193e+00	2.600722035212212973e+02
1.071256777440835473e+00	2.574219711440636047e+02
1.077544048801078125e+00	2.534131409258604890e+02
1.083824820188043603e+00	2.520458122114374078e+02
1.090108023942816695e+00	2.491574530994947168e+02
1.096389665956643222e+00	2.474064703610356446e+02
1.102681132058841440e+00	2.446710056189739646e+02
1.108963047594879958e+00	2.436765513568438166e+02
1.115225428463759272e+00	2.412954979779020732e+02
1.121502127614767863e+00	2.390009736629861834e+02
1.127792573824792033e+00	2.364266118777915153e+02
1.134089552668382961e+00	2.361197785002265448e+02
1.140364049650405942e+00	2.338542706121515948e+02
1.146639180320979445e+00	2.315567948530613478e+02
1.152942412991649901e+00	2.294944458267457037e+02
1.159228906751078814e+00	2.273171928394043277e+02
1.165508721887268173e+00	2.253697564553402799e+02
1.171793076256210320e+00	2.232089356230747228e+02
1.178087436369658958e+00	2.214050394031239932e+02
1.184367654251526902e+00	2.204101136517275847e+02
1.190634642299266632e+00	2.184478895875612352e+02
1.196912208834400859e+00	2.153643604056911443e+02
1.203201577354146234e+00	2.148921777772271184e+02
1.209486844441705733e+00	2.117458169219005413e+02
1.215763902074809888e+00	2.104502770777372405e+02
1.222049755171146668e+00	2.099550018349758034e+02
1.228340616621486969e+00	2.075984521613713980e+02
1.234632986576932767e+00	2.056032414864603766e+02
1.240902247176856488e+00	2.041388409809628968e+02
1.247174839144687519e+00	2.032608787637318812e+02
1.253465459933442272e+00	2.012062540892083859e+02
1.259749951892178421e+00	1.999992515605121923e+02
1.266032143127253873e+00	1.977660799559675979e+02
1.272316288472006507e+00	1.958452180728713188e+02
1.278604155058621350e+00	1.940675471921024666e+02
1.284886588933593865e+00	1.929135476941106333e+02
1.291175420066583257e+00	1.912250405453183930e+02
1.297465726373772332e+00	1.898509837311076751e+02
1.303741827011944299e+00	1.882195945040801917e+02
1.310017322922761851e+00	1.867944091047014297e+02
1.316301447662886703e+00	1.858660017420713757e+02
1.322586760363303249e+00	1.840750036478292770e+02
1.328865492452874664e+00	1.820009349773078782e+02
1.335144804954555564e+00	1.808317032365419834e+02
1.341440516272275119e+00	1.801370374753853127e+02
1.347730868417094552e+00	1.785884408383998334e+02
1.354001589994877630e+00	1.773916349250274891e+02
1.360282609297778444e+00	1.762797212029628611e+02
1.366565686457597906e+00	1.745133347431505513e+02
1.372851498482432708e+00	1.733087541327297458e+02
1.379135372929401804e+00	1.729646447368660063e+02
1.385409567149057164e+00	1.717595865314455637e+02
1.391698641219299315e+00	1.699757112517679332e+02
1.397984451439470810e+00	1.688608192710349272e+02
1.404267883409181961e+00	1.674929185515295842e+02
1.410554779484869181e+00	1.659392255957031068e+02
1.416837833547465397e+00	1.645556211830754023e+02
1.423118177187137068e+00	1.639718984125218810e+02
1.429397801164240089e+00	1.629185197055864762e+02
1.435686921822787232e+00	1.616061505891425156e+02
1.441977121769299597e+00	1.604892845860328805e+02
1.448253667853332427e+00	1.600291085692473132e+02
1.454532348972172651e+00	1.590364857525190985e+02
1.460819319151879903e+00	1.577595869479231112e+02
1.467110364402026468e+00	1.564849150497009305e+02
1.473392908948962132e+00	1.558416950169827828e+02
1.479669965243598950e+00	1.544259308055790711e+02
1.485956144602843532e+00	1.531725935126730747e+02
1.492233610763115115e+00	1.521265618656721870e+02
1.498502470379980078e+00	1.506096080087906444e+02
1.504785752051182701e+00	1.501069076587591269e+02
1.511075991894575976e+00	1.485553112324960807e+02
1.517361634985162189e+00	1.480021513620684743e+02
1.523648570969130533e+00	1.463690241405384995e+02
1.529938035715892264e+00	1.461722232100437964e+02
1.536230176913891965e+00	1.451303044551453070e+02
1.542510718779388279e+00	1.438088380157534516e+02
1.548783963082980275e+00	1.427058221023549152e+02
1.555073069779651318e+00	1.415682569125330872e+02
1.561357324927233892e+00	1.405370675885033904e+02
1.567629121053141006e+00	1.393251415692906789e+02
1.573913697404382583e+00	1.389049094829815374e+02
1.580203545230874029e+00	1.376935133725234834e+02
1.586485393434537983e+00	1.373196623186433101e+02
1.592760014263005841e+00	1.369572620654861623e+02
1.599046436394670812e+00	1.358301650922854265e+02
1.605342136637478934e+00	1.347669068293773194e+02
1.611619860919608627e+00	1.340834461844486896e+02
1.617897597081673799e+00	1.329617187015073227e+02
1.624183235481122756e+00	1.320362328863932646e+02
1.630464598531913722e+00	1.313903548443450120e+02
1.636748985747638274e+00	1.305068139649699503e+02
1.643030923698886259e+00	1.299458339589663467e+02
1.649309176648513064e+00	1.288139320564475270e+02
1.655593633940351861e+00	1.278242842403441415e+02
1.661879571405086464e+00	1.270126844377372493e+02
1.668169361685170271e+00	1.261379983695086793e+02
1.674450151530487485e+00	1.256682512450198175e+02
1.680722718978495900e+00	1.247372260556011412e+02
1.687013891340952476e+00	1.238339945235710786e+02
1.693308984907921033e+00	1.234787693043087557e+02
1.699582147428448486e+00	1.222812982632764260e+02
1.705863747055134105e+00	1.217839809652436287e+02
1.712154434283889470e+00	1.210736379277262529e+02
1.718438381579399321e+00	1.208495694255719002e+02
1.724721264464063930e+00	1.196712750863137273e+02
1.730997441276920679e+00	1.189739707025673852e+02
1.737287073528269499e+00	1.178630168776431617e+02
1.743567991878527401e+00	1.175955168591289066e+02
1.749840680212231048e+00	1.167756434605393991e+02
1.756128549091961144e+00	1.159023229733417963e+02
1.762413535324792502e+00	1.157138884081250438e+02
1.768696187669963837e+00	1.147192368242470621e+02
1.774979359379055266e+00	1.141599315974856097e+02
1.781265555576432957e+00	1.132284650046092196e+02
1.787549427830244619e+00	1.130396267167199369e+02
1.793834120011633004e+00	1.123075378224858838e+02
1.800115051552487300e+00	1.114393007229276549e+02
1.806393904854530330e+00	1.108498378569357499e+02
1.812674089667083432e+00	1.105809287008189870e+02
1.818956920109354058e+00	1.098072309939716433e+02
1.825244164118212220e+00	1.091367759534217896e+02
1.831527256642196955e+00	1.087145159319666448e+02
1.837811294935716599e+00	1.081692959426645189e+02
1.844100717411196744e+00	1.072276018513501299e+02
1.850384816792487230e+00	1.067824467931697683e+02
1.856666059735203822e+00	1.064205420693483575e+02
1.862947728675613979e+00	1.054481934047946083e+02
1.869229324466858078e+00	1.050652134686089312e+02
1.875517616802973686e+00	1.045903302918133306e+02
1.881800769033795229e+00	1.038989129665921922e+02
1.888078863416442710e+00	1.034271483370226008e+02
1.894353975182237582e+00	1.030052879221168212e+02
1.900642716154182565e+00	1.023353013579191213e+02
1.906933494748685121e+00	1.018262786520335226e+02
1.913207568676573933e+00	1.013779322907975171e+02
1.919490884732178992e+00	1.009032306366184031e+02
1.925776855684274480e+00	1.000429673490079239e+02
1.932064452961978152e+00	9.931775430005183125e+01
1.938342610030488800e+00	9.885068831681662971e+01
1.944618341543410178e+00	9.857566119233210600e+01
1.950906260203513876e+00	9.814060326181480320e+01
1.957194556613796488e+00	9.739888715571846944e+01
1.963479614559011432e+00	9.692774187576770828e+01
1.969760361532916226e+00	9.648792004587572535e+01
1.976048367034604736e+00	9.572444896429107075e+01
1.982337990217652335e+00	9.540402992972293816e+01
1.988617489259562721e+00	9.501579489379274435e+01
1.994896320665194178e+00	9.455898280772559872e+01
2.001179596222827151e+00	9.383745573017067443e+01
2.007459756923499761e+00	9.381774314594386510e+01
2.013737397779169935e+00	9.327318370746775145e+01
2.020017234677497164e+00	9.265123094995732345e+01
2.026310251015072783e+00	9.233366786422232053e+01
2.032600542948020284e+00	9.179662442757751251e+01
2.038873863192099289e+00	9.137799879571709027e+01
2.045154087821675404e+00	9.085085104405554546e+01
2.051444704514288730e+00	9.070552254198949527e+01
2.057730430280644729e+00	9.021290526022595202e+01
2.064013940455224461e+00	8.959438726592208013e+01
2.070299891179459895e+00	8.933028792142108898e+01
2.076589719964883951e+00	8.887899171186219860e+01
2.082865483794470673e+00	8.852993660706528090e+01
2.089134494859368640e+00	8.790040058819334945e+01
2.095424211360070288e+00	8.752498258001452314e+01
2.101707116664804254e+00	8.701499999279293718e+01
2.107986473933564309e+00	8.680627770907598517e+01
2.114271806543862375e+00	8.606701137870388152e+01
2.120552717288892275e+00	8.609254880427437229e+01
2.126836933207161717e+00	8.544049056793159025e+01
2.133122044791171845e+00	8.510417427266325774e+01
2.139411711910842673e+00	8.471628818134833239e+01
2.145697076775292089e+00	8.428253684596585060e+01
2.151973548606471276e+00	8.376385558492611949e+01
2.158259913555724108e+00	8.356680512517941395e+01
2.164545396699105506e+00	8.314148419069431384e+01
2.170830700377734068e+00	8.269426930042830293e+01
2.177114138849150393e+00	8.214672535229892958e+01
2.183387647576827018e+00	8.184528456668567742e+01
2.189670273687676971e+00	8.158420093599541190e+01
2.195960147934207463e+00	8.110360822898428523e+01
2.202242556317716371e+00	8.062107285083433794e+01
2.208521655981037668e+00	8.041506672818987056e+01
2.214804637081333016e+00	8.000285902832597174e+01
2.221092583349425276e+00	7.956580889200067475e+01
2.227372893591468728e+00	7.928149913999563125e+01
2.233657161144248171e+00	7.904863338800380745e+01
2.239943485394438660e+00	7.856753266522801482e+01
2.246224175264620815e+00	7.826545507227069720e+01
2.252506378421252009e+00	7.791660929271169778e+01
2.258783417054270437e+00	7.752327947897379090e+01
2.265069077371457684e+00	7.732214557954650047e+01
2.271350377044131452e+00	7.694158448603354827e+01
2.277633995145353918e+00	7.672607305028321889e+01
2.283922419579920149e+00	7.617707596649486845e+01
2.290202874392252674e+00	7.594761615543126254e+01
2.296490779970905560e+00	7.547062852758189422e+01
2.302771769934229162e+00	7.522837524336638637e+01
2.309051364164305564e+00	7.489849828597628800e+01
2.315338502539088239e+00	7.473276128362699922e+01
2.321627336503874428e+00	7.433026683095872045e+01
2.327911878297218795e+00	7.405223241784396748e+01
2.334186238580297168e+00	7.363800440628511979e+01
2.340467971862688401e+00	7.361856918841196773e+01
2.346756940970738725e+00	7.321038356856232099e+01
2.353044444556199988e+00	7.280677238387187344e+01
2.359327653314069906e+00	7.251296353737085099e+01
2.365603048789861607e+00	7.212413026479941891e+01
2.371885911737665165e+00	7.202218166865822013e+01
2.378173303594019572e+00	7.175979203477513124e+01
2.384454016539381271e+00	7.151503201293940037e+01
2.390736447344785187e+00	7.105126975079488716e+01
2.397014133897952259e+00	7.068746512368970514e+01
2.403295490074321972e+00	7.056663979149224986e+01
2.409585049672506862e+00	7.019092983646646644e+01
2.415871703165322071e+00	6.999360815525341195e+01
2.422160652369088840e+00	6.972673993655985214e+01
2.428440167222748691e+00	6.951366908855203519e+01
2.434717472383889803e+00	6.916245748717267361e+01
2.441002456202044257e+00	6.891789574233477822e+01
2.447289980304530488e+00	6.859209847734948085e+01
2.453571844729242279e+00	6.836110704761179591e+01
2.459852705114058846e+00	6.805450378977032244e+01
2.466139233225018934e+00	6.786882891400310314e+01
2.472421963421291391e+00	6.759077419743321968e+01
2.478698519174224568e+00	6.742465951236394517e+01
2.484980841400355800e+00	6.705436756148560562e+01
2.491269319409339822e+00	6.695793589194136075e+01
2.497548505139029373e+00	6.656582174940899677e+01
2.503831667172610853e+00	6.633052558662079434e+01
2.510117938323931153e+00	6.609730629412138114e+01
2.516400733681277480e+00	6.598479946090638748e+01
2.522688226833368130e+00	6.566327173245157667e+01
2.528971695852665569e+00	6.548414323198046816e+01
2.535252039407670299e+00	6.534193625452053311e+01
2.541537514142774512e+00	6.508244759284868053e+01
2.547823008847572179e+00	6.477971505582634393e+01
2.554100666580690238e+00	6.460785560450750609e+01
2.560376788884177301e+00	6.447192925247156836e+01
2.566667521601497359e+00	6.406285042143663588e+01
2.572955062237090473e+00	6.392294337410877603e+01
2.579233771797999175e+00	6.370522139662727312e+01
2.585520164300948220e+00	6.348046319912634772e+01
2.591805130332431872e+00	6.331685079300862640e+01
2.598084074692260881e+00	6.316011981341688397e+01
2.604360404197643586e+00	6.286197451749820431e+01
2.610647185140439142e+00	6.268621707647962893e+01
2.616931864059273138e+00	6.248233073738582277e+01
2.623206107911065565e+00	6.234517486166711109e+01
2.629491626543270844e+00	6.202736883137669821e+01
2.635778507982642349e+00	6.184271914869187725e+01
2.642061039325260818e+00	6.182151318868048406e+01
2.648343840729305843e+00	6.156088546371601922e+01
2.654631838974855551e+00	6.134571490106276315e+01
2.660919001246303761e+00	6.118175605735775235e+01
2.667198525130066056e+00	6.109660697272667562e+01
2.673484307038032526e+00	6.087484279374080387e+01
2.679773388053849459e+00	6.060589096468773107e+01
2.686058217632288692e+00	6.037910203752795724e+01
2.692338738200057868e+00	6.037614725211187761e+01
2.698618022887226964e+00	6.012608071596653758e+01
2.704895450708277860e+00	5.997522504815735545e+01
2.711175674923682166e+00	5.975184094801079482e+01
2.717459832966957922e+00	5.957114082899079222e+01
2.723745731959044569e+00	5.950634211101745308e+01
2.730038414850594730e+00	5.920033468292066203e+01
2.736317989800789441e+00	5.904529271178048333e+01
2.742591858549239703e+00	5.886179635692064949e+01
2.748879749010778362e+00	5.882446249950437789e+01
2.755163403825859447e+00	5.873879511653733232e+01
2.761446955625852073e+00	5.854287743400077204e+01
2.767732088935374701e+00	5.830249302105368514e+01
2.774015452421743966e+00	5.817441241378757155e+01
2.780298635700591436e+00	5.799395736021037351e+01
2.786577474762241380e+00	5.779916948670707910e+01
2.792857983210164541e+00	5.779338716801661491e+01
2.799143790920211483e+00	5.760704207323531278e+01
2.805430058399325244e+00	5.738644418828742744e+01
2.811715058209780072e+00	5.741355825905244359e+01
2.817989272498773623e+00	5.727335688405146641e+01
2.824269171595737760e+00	5.712654556633103908e+01
2.830563016441804081e+00	5.700685683534487680e+01
2.836848750951622034e+00	5.680349245939499525e+01
2.843130027866129783e+00	5.675138685439966935e+01
2.849413896912404986e+00	5.656101279955990435e+01
2.855697464522425566e+00	5.652857360297382883e+01
2.861978799810683594e+00	5.634742966240226281e+01
2.868262469415629567e+00	5.631898161098462197e+01
2.874547359206753860e+00	5.620989284251084683e+01
2.880831111471525041e+00	5.609667289712722749e+01
2.887113216972382546e+00	5.582379026371246056e+01
2.893394504725182781e+00	5.580377736733660754e+01
2.899673662137033592e+00	5.573519992252762734e+01
2.905953958587380814e+00	5.556659766756033036e+01
2.912241118105161064e+00	5.559648189250980010e+01
2.918525996366671205e+00	5.552386128023129430e+01
2.924809035425688819e+00	5.537857440235627848e+01
2.931095916293684933e+00	5.524674859795818804e+01
2.937378182606774413e+00	5.513261641559902415e+01
2.943659980254369923e+00	5.513326561354958955e+01
2.949946454403890250e+00	5.493975720388798578e+01
2.956227653702202307e+00	5.492982787161090386e+01
2.962510478867462993e+00	5.485442770066779872e+01
2.968796535179442309e+00	5.471572378011741478e+01
2.975077657376874907e+00	5.468978632032209930e+01
2.981359866759223376e+00	5.461955857668990433e+01
2.987646761575656562e+00	5.452274005244253630e+01
2.993929038370399365e+00	5.449577274866737042e+01
3.000206214840962726e+00	5.443575242382944879e+01
3.006486172402415669e+00	5.431352129333580336e+01
3.012769812211594456e+00	5.424605359488911205e+01
3.019053144326170113e+00	5.422078664858305075e+01
3.025337405144251424e+00	5.420811133119998715e+01
3.031623734799107961e+00	5.415919158575567138e+01
3.037908962055872575e+00	5.428204612928859518e+01
3.044195067146031608e+00	5.409059019980905703e+01
3.050475543482170426e+00	5.419413839218803020e+01
3.056754954538277502e+00	5.412771920621440813e+01
3.063040539557494668e+00	5.407095705825476983e+01
3.069323699454357346e+00	5.399503763804876399e+01
3.075610692642898769e+00	5.400061982242967673e+01
3.081893798009918584e+00	5.392625938245569017e+01
3.088174549548037717e+00	5.386909832443883772e+01
3.094458635632868493e+00	5.376762165046823583e+01
3.100743982931558840e+00	5.384912351967495425e+01
3.107028111748448396e+00	5.375685218304784740e+01
3.113309299655494300e+00	5.379706381320288244e+01
3.119590662867241626e+00	5.376379383461752326e+01
3.125874006820172912e+00	5.386198738425753163e+01
3.132159251154602586e+00	5.381955411959296498e+01
3.138439172765940643e+00	5.376572051028637844e+01
3.144723867719826593e+00	5.390943956400985115e+01
3.151003951258561031e+00	5.389852310216589615e+01
3.157283664131563139e+00	5.387034492955430665e+01
3.163569317183839935e+00	5.388677261705022659e+01
3.169851661717792091e+00	5.389842628872703756e+01
3.176137704316093657e+00	5.394862324854850044e+01
3.182420924828643916e+00	5.401328708526084199e+01
3.188702811875577581e+00	5.399984663403084539e+01
3.194990520008989865e+00	5.407730113053727194e+01
3.201275324656983834e+00	5.403801147661236115e+01
3.207551352179861759e+00	5.422417205927316530e+01
3.213835216737041645e+00	5.415469983148859967e+01
3.220122579819103770e+00	5.413226348969599400e+01
3.226406606618656525e+00	5.400001177196037361e+01
3.232687390085645429e+00	5.381777467640283419e+01
3.238969121280456331e+00	5.371523812020475219e+01
3.245254751548589667e+00	5.348995954411894616e+01
3.251534499036136783e+00	5.326241801102021611e+01
3.257817780791052442e+00	5.307928351162055947e+01
3.264102164154097263e+00	5.284019764761136173e+01
3.270384152138468892e+00	5.276611242296498716e+01
3.276669427476867735e+00	5.258779309351632492e+01
3.282954688864507808e+00	5.247603337607762342e+01
3.289237200334947264e+00	5.229010512296007107e+01
3.295519587088236779e+00	5.210587170247671196e+01
3.301805977329951958e+00	5.193393307829269645e+01
3.308087486222440088e+00	5.188590762612277985e+01
3.314367630234227313e+00	5.172223543648625821e+01
3.320651909732194262e+00	5.146601555738995870e+01
3.326931260376857047e+00	5.137660078707232003e+01
3.333216512447217728e+00	5.127245718959684950e+01
3.339504489419978128e+00	5.115916102573464030e+01
3.345786804809928405e+00	5.101546118096230487e+01
3.352071130016277767e+00	5.094561952636401969e+01
3.358351496304225581e+00	5.082135597076909050e+01
3.364630591073392019e+00	5.072277461887107108e+01
3.370916305215045483e+00	5.057174883991648073e+01
3.377197952029413752e+00	5.044477616425588451e+01
3.383483063818085501e+00	5.036705999337692674e+01
3.389769992424469969e+00	5.030770560245184697e+01
3.396051330885982100e+00	5.019041112634090496e+01
3.402330879139463971e+00	4.994323868320682180e+01
3.408610488352048495e+00	5.001084837633188585e+01
3.414897837696641236e+00	4.981387333451329624e+01
3.421180484052105619e+00	4.970762087868494206e+01
3.427461639653846870e+00	4.956029105675421675e+01
3.433749159643459059e+00	4.955935984983244680e+01
3.440032646656798310e+00	4.937314289550180746e+01
3.446313366033385339e+00	4.933476856437042812e+01
3.452600135384134905e+00	4.936247758683345666e+01
3.458883152815406703e+00	4.916677583269844121e+01
3.465163834403715448e+00	4.912743051103898040e+01
3.471449329786229221e+00	4.903506367700839519e+01
3.477734476754053894e+00	4.892287982015464820e+01
3.484019652467224226e+00	4.883307107291256699e+01
3.490297019369712928e+00	4.878020044326139981e+01
3.496582486484379970e+00	4.873857977223766369e+01
3.502868048046865024e+00	4.865644597435180430e+01
3.509144649545451244e+00	4.854307270015485898e+01
3.515428082003116295e+00	4.858349853559177234e+01
3.521711031624695565e+00	4.839181650114287692e+01
3.527991850954735664e+00	4.838367317000347612e+01
3.534275545726699885e+00	4.830550946327837636e+01
3.540562632020772149e+00	4.825783736168010307e+01
3.546844410757220789e+00	4.821262192521499657e+01
3.553131386753758836e+00	4.813351800763003041e+01
3.559419203211965144e+00	4.797592469226395195e+01
3.565697971577579839e+00	4.794787465611062771e+01
3.571979559134798254e+00	4.797024680108982153e+01
3.578265774595833726e+00	4.779604107309666716e+01
3.584548309769353125e+00	4.777536874377011600e+01
3.590826843920031486e+00	4.770554921877474186e+01
3.597107306745233934e+00	4.776736699472444769e+01
3.603392831792229245e+00	4.770860768959812503e+01
3.609673209822572559e+00	4.763130058626559560e+01
3.615955412133016189e+00	4.754502724694714288e+01
3.622241607772384686e+00	4.745324671133418803e+01
3.628520252736676444e+00	4.745582114686915531e+01
3.634804827569451113e+00	4.745654140637544316e+01
3.641094981788862928e+00	4.743456336567167853e+01
3.647383514928639325e+00	4.738068558380055606e+01
3.653663283927725658e+00	4.738980556541557121e+01
3.659943504072155296e+00	4.728641064739254318e+01
3.666232000281138603e+00	4.726216786217810295e+01
3.672514211678317597e+00	4.723239234270654663e+01
3.678794154686042539e+00	4.714406912656904325e+01
3.685078621861909820e+00	4.713984170631493953e+01
3.691359210097977961e+00	4.717173954826713356e+01
3.697642368173791105e+00	4.707122815891735712e+01
3.703925796735277665e+00	4.708484210101765655e+01
3.710208240364660348e+00	4.700755496840824321e+01
3.716494593122387169e+00	4.698408553693985112e+01
3.722775386659595398e+00	4.696630586202513769e+01
3.729058392883481510e+00	4.693430630354139765e+01
3.735339748210807720e+00	4.694695316268646934e+01
3.741620776392969638e+00	4.686360859594167039e+01
3.747904795418762980e+00	4.691438057879134504e+01
3.754190633281219380e+00	4.681500270835777400e+01
3.760478208018912749e+00	4.679629805845859636e+01
3.766755538573464346e+00	4.672384912182288019e+01
3.773032090135151506e+00	4.670024037579732834e+01
3.779322553012896879e+00	4.677779096864124853e+01
3.785609109731308930e+00	4.677251642278320531e+01
3.791889825936295200e+00	4.677315043776915360e+01
3.798174822702435893e+00	4.678320653020755060e+01
3.804458658753491651e+00	4.671104816112668345e+01
3.810738438095723435e+00	4.675367098582231762e+01
3.817018850285747167e+00	4.667086200228131077e+01
3.823305314209427763e+00	4.668994138395132154e+01
3.829591295197792178e+00	4.666358739544855894e+01
3.835872296070849341e+00	4.665522176013964639e+01
3.842156279590906109e+00	4.667470545844182084e+01
3.848441511099312429e+00	4.665470677182575088e+01
3.854723334376886079e+00	4.669941549911520440e+01
3.861004740704794713e+00	4.659416613462631318e+01
3.867284336650660848e+00	4.668247193559039943e+01
3.873567367678779849e+00	4.675288732958943427e+01
3.879850662830422792e+00	4.667245788499315751e+01
3.886137063198143338e+00	4.677679231152441730e+01
3.892419463049126005e+00	4.673551693281856956e+01
3.898703740328622658e+00	4.679910069739279521e+01
3.904991458788179326e+00	4.672052939002509220e+01
3.911270842222104083e+00	4.672189167887622574e+01
3.917549806479573071e+00	4.677009101021070592e+01
3.923836006203090587e+00	4.680085986841339718e+01
3.930121452497870926e+00	4.682466263146169894e+01
3.936398172858230460e+00	4.683758715721023691e+01
3.942683040425962293e+00	4.689734895298924755e+01
3.948974759704379611e+00	4.685966179647342500e+01
3.955259227995065352e+00	4.697058053627644369e+01
3.961537174921395454e+00	4.691345868574010325e+01
3.967820217617139544e+00	4.695652338947841997e+01
3.974105559832568968e+00	4.698799197473673672e+01
3.980384727931198352e+00	4.695238817303053480e+01
3.986664590839849698e+00	4.690100883734382364e+01
3.992949619150675034e+00	4.697848139933843470e+01
3.999235075769965952e+00	4.702190012575303513e+01
4.005515715515433506e+00	4.708481055018274475e+01
4.011798434346478537e+00	4.714454185976548928e+01
4.018083716245132386e+00	4.722483814241149958e+01
4.024365700052603856e+00	4.717897415592710075e+01
4.030643960839860540e+00	4.724442115477962290e+01
4.036928708926215137e+00	4.725442695297861917e+01
4.043218157412017177e+00	4.728595817367299503e+01
4.049503019487663558e+00	4.740064104369306364e+01
4.055781898960511000e+00	4.738780261888389589e+01
4.062060795621602161e+00	4.746806922642946347e+01
4.068347865354716042e+00	4.745957905865706294e+01
4.074631027173265529e+00	4.755193900113192740e+01
4.080910837526078971e+00	4.763766915781724975e+01
4.087201203341442657e+00	4.766101142002036539e+01
4.093486818591942189e+00	4.769367341021678186e+01
4.099764387336505500e+00	4.781322869983437585e+01
4.106049166937662420e+00	4.774965232986567543e+01
4.112334559041358695e+00	4.794426503431777320e+01
4.118618926059533614e+00	4.803468278714701256e+01
4.124898942031112625e+00	4.803490242098015983e+01
4.131175432561665417e+00	4.803677740159091769e+01
4.137461563786142271e+00	4.820051442147294551e+01
4.143746006210170307e+00	4.818409326341475918e+01
4.150029800482964326e+00	4.824325458916463560e+01
4.156313390684649001e+00	4.833454496429526870e+01
4.162596105843763716e+00	4.849982341609327818e+01
4.168881843141768684e+00	4.856510730451142877e+01
4.175162111073220217e+00	4.867460187030475538e+01
4.181448573417560155e+00	4.871519962986750585e+01
4.187738782464171194e+00	4.880654822597498566e+01
4.194017437180169061e+00	4.886911232390431792e+01
4.200293572701767175e+00	4.887145256196032506e+01
4.206580195481546269e+00	4.906530917842731299e+01
4.212860644652220543e+00	4.899777513292458053e+01
4.219138153430114002e+00	4.918120452682459387e+01
4.225426162098283811e+00	4.922255733808001565e+01
4.231713506719782636e+00	4.936250865024131684e+01
4.237990056577191744e+00	4.946435054142195042e+01
4.244267783646744618e+00	4.948752898780398368e+01
4.250560660182562955e+00	4.965083176148228006e+01
4.256847734842668096e+00	4.971600322515306658e+01
4.263127100734456221e+00	4.991558523972680206e+01
4.269406860432507500e+00	4.988982513105809602e+01
4.275691671482192646e+00	5.013948829527326012e+01
4.281972414189518794e+00	5.020739458353196483e+01
4.288253516806755705e+00	5.034019488041615631e+01
4.294540520160492925e+00	5.044012413357657465e+01
4.300825742921731809e+00	5.044237407829257336e+01
4.307109835491901961e+00	5.074621575602965606e+01
4.313390926478413157e+00	5.079787573384648880e+01
4.319667979480563247e+00	5.069879040328450515e+01
4.325952598143786076e+00	5.094747405597611589e+01
4.332241647035422361e+00	5.104178693981501169e+01
4.338524445619096781e+00	5.110987330199656498e+01
4.344809348131129845e+00	5.134783729086567661e+01
4.351090699193166600e+00	5.143887122214184160e+01
4.357369710808320029e+00	5.146903107797544408e+01
4.363659348967174445e+00	5.150425642381163271e+01
4.369947418280990981e+00	5.174404349433176975e+01
4.376226569265827315e+00	5.186884331938414761e+01
4.382499356631129217e+00	5.198968105733995060e+01
4.388784975178015024e+00	5.213690856046079602e+01
4.395068696309480494e+00	5.215265317061101769e+01
4.401347962382031298e+00	5.232159496269147780e+01
4.407628405096517099e+00	5.236292019365932759e+01
4.413915862185140426e+00	5.247598895279566733e+01
4.420203163534264235e+00	5.280329408241252764e+01
4.426480311003382795e+00	5.266495497859219910e+01
4.432765973643649104e+00	5.294501323421673078e+01
4.439053392023870614e+00	5.284327947903332756e+01
4.445336141335588742e+00	5.308081299205353787e+01
4.451617241414883352e+00	5.306912610476400971e+01
4.457901500730311106e+00	5.305850006380045158e+01
4.464189501093017043e+00	5.327101934218796231e+01
4.470470197548729985e+00	5.317327854172855695e+01
4.476748044268524573e+00	5.327375463540338529e+01
4.483035990164653484e+00	5.314536223292571293e+01
4.489323331650528104e+00	5.341526176511052171e+01
4.495599111667934800e+00	5.350319069794625193e+01
4.501870922878794090e+00	5.324670795688349756e+01
4.508155162877705457e+00	5.341789463119095416e+01
4.514446451153479423e+00	5.330634740627944979e+01
4.520723894043856994e+00	5.333185476708581518e+01
4.527003782460155890e+00	5.337235172928870242e+01
4.533293086610313161e+00	5.313890753803787703e+01
4.539578989864040182e+00	5.298845620147368152e+01
4.545857164866476730e+00	5.302689055503303450e+01
4.552138955546025656e+00	5.293404852857138820e+01
4.558432046889146605e+00	5.289955215324907556e+01
4.564713463378488711e+00	5.288060666724068426e+01
4.570987274133244682e+00	5.280268354057373159e+01
4.577274818151045643e+00	5.279522742333582386e+01
4.583563263889338657e+00	5.295198101456055895e+01
4.589844917004465508e+00	5.279478738488020184e+01
4.596126259982004747e+00	5.280186312234745571e+01
4.602409075598298926e+00	5.270786311322656559e+01
4.608696634867644804e+00	5.270093764845466922e+01
4.614977646498861219e+00	5.274854926355349960e+01
4.621258953029527383e+00	5.286264148228098492e+01
4.627547993978874175e+00	5.289026231926342803e+01
4.633830152730579854e+00	5.280491217197786824e+01
4.640104005367354567e+00	5.321039735738216336e+01
4.646382060386754276e+00	5.306775212344883386e+01
4.652674213731970987e+00	5.322783615841214555e+01
4.658958291796220230e+00	5.320059553501363325e+01
4.665233615070169648e+00	5.321565095144178059e+01
4.671520675710307380e+00	5.336991231481115250e+01
4.677814351732177300e+00	5.332293053389197723e+01
4.684093699744638073e+00	5.339194555518673724e+01
4.690368661472568590e+00	5.365899833001905961e+01
4.696663270746453733e+00	5.364597509110376450e+01
4.702945459248681459e+00	5.382167643671780866e+01
4.709209170841929470e+00	5.394751691206004551e+01
4.715491634753063543e+00	5.389088921971856649e+01
4.721784316284933780e+00	5.418584390019381658e+01
4.728063062331094635e+00	5.433204913428156146e+01
4.734337423381671073e+00	5.419511467285089878e+01
4.740627024094544062e+00	5.444158236675996676e+01
4.746914995664547554e+00	5.452993696040073246e+01
4.753194740071086777e+00	5.460169171891481454e+01
4.759478891864783456e+00	5.481249946164221143e+01
4.765762396877359031e+00	5.518406928911582554e+01
4.772049481246195768e+00	5.526312469299417529e+01
4.778335091022592351e+00	5.510261920483750231e+01
4.784610831402393849e+00	5.538235955403612820e+01
4.790907306208476157e+00	5.540551091552210750e+01
4.797204047706418173e+00	5.567340371024842227e+01
4.803470827697504220e+00	5.577818349223619521e+01
4.809748850577324042e+00	5.603924471844714361e+01
4.816045316586602176e+00	5.605923087925599191e+01
4.822329240673497885e+00	5.614015950129964239e+01
4.828596758226470165e+00	5.636567672859183631e+01
4.834890332961369275e+00	5.663190043280415864e+01
4.841191655056394261e+00	5.658270947870676082e+01
4.847460407468000554e+00	5.689339636323609284e+01
4.853732128521334843e+00	5.730207876511081366e+01
4.860029138783373170e+00	5.698171624682127856e+01
4.866314601732018019e+00	5.712079261996170487e+01
4.872587026269203925e+00	5.775383058856021989e+01
4.878874221748241702e+00	5.770678461460565245e+01
4.885171078138658807e+00	5.828323377189914112e+01
4.891450629931857641e+00	5.819557981546342518e+01
4.897716482750221978e+00	5.841954918953871356e+01
4.904002834596266069e+00	5.872849841362320689e+01
4.910295858205786068e+00	5.870519268265167057e+01
4.916575188115905881e+00	5.902356406841366976e+01
4.922847946197084212e+00	5.954727058629900682e+01
4.929131667457151700e+00	5.937398336090531359e+01
4.935434460144239033e+00	6.010210650816180333e+01
4.941718513303545279e+00	6.025114738142481485e+01
4.947978624761803168e+00	6.002574727863574111e+01
4.954274999209829389e+00	6.072824559160974189e+01
4.960571094729937514e+00	6.124099589492358575e+01
4.966823207626954506e+00	6.110878219481187301e+01
4.973097418390337587e+00	6.138164063376620305e+01
4.979415129936382023e+00	6.189271391047962112e+01
4.985702082330368157e+00	6.177718871415655144e+01
4.991949985828016523e+00	6.200444988505918786e+01
4.998241586316924057e+00	6.265586833365021135e+01
5.004556635606089543e+00	6.317510881553526048e+01
5.010828655701208945e+00	6.328004757266226932e+01
5.017077229702536556e+00	6.330984003946525718e+01
5.023374414758113637e+00	6.371166764707291463e+01
5.029688873569548413e+00	6.365421337620288256e+01
5.035958413584124216e+00	6.459056128565869415e+01
5.042232667658486989e+00	6.482409817502200156e+01
5.048528755870775875e+00	6.461689747615521640e+01
5.054821121427484520e+00	6.531050310944621629e+01
5.061069509814582368e+00	6.556889971669910722e+01
5.067347812754101177e+00	6.560680106783956944e+01
5.073675050630431116e+00	6.612619352016717755e+01
5.079945928388977627e+00	6.672712571204216658e+01
5.086192992546071601e+00	6.664275707662638126e+01
5.092484128970163226e+00	6.782887730647688329e+01
5.098802924706086870e+00	6.812350329532638682e+01
5.105078217426394005e+00	6.845084183228816244e+01
5.111325076574067872e+00	6.924189620461849870e+01
5.117628358851224135e+00	6.952603057386157559e+01
5.123935939383525984e+00	6.979711940727791841e+01
5.130199176325612065e+00	7.037799957747644441e+01
5.136469985878846956e+00	7.074599239406532547e+01
5.142797788696348071e+00	7.057316159019016766e+01
5.149090378043822192e+00	7.166031532313884611e+01
5.155289879840074363e+00	7.253332539839873050e+01
5.161564521234301317e+00	7.253864192583844783e+01
5.167916673496016244e+00	7.368753756712794711e+01
5.174205974602950064e+00	7.339589044662709227e+01
5.180434820793812456e+00	7.297810522599239391e+01
5.186729096569634656e+00	7.460261013720790402e+01
5.193058481037780894e+00	7.466630954679509102e+01
5.199319511444338460e+00	7.592021684485320066e+01
5.205574295584361799e+00	7.575813661334029803e+01
5.211894977074066126e+00	7.624719479056886939e+01
5.218201708336958511e+00	7.751148845960631206e+01
5.224411911780083351e+00	7.757848419731243439e+01
5.230677632666463239e+00	7.849193394574331251e+01
5.237056729559757429e+00	7.974399171734002323e+01
5.243336785035660697e+00	7.986875365737606103e+01
5.249493476178225038e+00	8.003157120212827635e+01
5.255787017738318134e+00	8.063278655593995836e+01
5.262205327426889845e+00	8.131133098333006615e+01
5.268477758348532269e+00	8.235917768902181990e+01
5.274632213654732560e+00	8.219600270146268883e+01
5.280950543314659740e+00	8.264692370946188760e+01
5.287327645024750389e+00	8.459725279672932174e+01
5.293582359180156516e+00	8.517981724785761344e+01
5.299789992649893478e+00	8.544230808560523371e+01
5.306111460381987222e+00	8.680800348919159148e+01
5.312452717892129250e+00	8.660754366787828928e+01
5.318650122853046724e+00	8.773208360696956731e+01
5.324923043129819789e+00	8.901806655733099660e+01
5.331330237158205421e+00	8.953425975742389653e+01
5.337586726886338617e+00	9.160655887953065246e+01
5.343685192440848830e+00	9.219667882837732975e+01
5.350070659715249199e+00	9.345968078319461370e+01
5.356556762554878226e+00	9.504875775693052731e+01
5.362691868684501095e+00	9.517223461202455326e+01
5.368769208912516966e+00	9.559181664224973929e+01
5.375270137997677722e+00	9.702634348186275304e+01
5.381769983045385786e+00	9.856806868112990117e+01
5.387701030372958222e+00	9.734648172419720424e+01
5.393786668001271600e+00	9.874886839430968166e+01
5.400446161099396569e+00	1.007497074655037039e+02
5.406957063684501463e+00	1.004289942963918634e+02
5.412655672453426270e+00	1.007886801071998946e+02
5.418821279260546575e+00	1.052354191926410465e+02
5.425690594366304076e+00	1.040925079392305577e+02
5.432217487502165376e+00	1.026469167624971845e+02
5.437649811577258241e+00	1.060888200449607126e+02
5.443914404015878006e+00	1.058983484941856545e+02
5.450953501686320202e+00	1.109508760850728351e+02
5.457483690405861232e+00	1.125296980822748765e+02
5.462715250135157241e+00	1.098948616683874917e+02
5.469033575551323523e+00	1.081535198525213843e+02
5.476177730420278778e+00	1.116455329734972253e+02
5.482708935702562236e+00	1.165431884892593786e+02
5.487722405008360838e+00	1.134013864427334539e+02
5.494194284996126498e+00	1.196781445692831483e+02
5.501391471009256406e+00	1.163140874594689791e+02
5.507128202673079009e+00	1.231593402025546595e+02
5.512278020050448646e+00	1.275687991865038526e+02
5.519395563377015534e+00	1.281121477148514316e+02
5.526598678609708770e+00	1.260066135472583824e+02
5.532162682462509196e+00	1.415551066559527555e+02
5.537397124017139127e+00	1.394467769893581135e+02
5.544582756485218589e+00	1.261645684729358834e+02
5.551739327507637434e+00	1.319354424621957378e+02
5.557493306674907707e+00	1.186656130349063432e+02
5.562281709102816940e+00	1.161901627073393826e+02
5.569272720323164449e+00	1.131441138825551036e+02
