8.899641224696953554e-03	1.897633593228146492e+04
1.507912216506557788e-02	1.536484925152562391e+04
2.144790186456836667e-02	1.694728340483565626e+04
2.783660776489276650e-02	1.790743739000272762e+04
3.435099785803411021e-02	1.382451202563662628e+04
4.047886761425745911e-02	1.141252568495255582e+04
4.676716683575679601e-02	1.085382915401284117e+04
5.308225101765951665e-02	9.476743466865005757e+03
5.945362440940590160e-02	9.464887615050787645e+03
6.576224814588792211e-02	8.884246975613747054e+03
7.196632906698736953e-02	7.991946603585750381e+03
7.827860915688347743e-02	7.859249589935015138e+03
8.470398945834539672e-02	6.984040954615407827e+03
9.096854620527369817e-02	6.076625427597663474e+03
9.720789776830213169e-02	5.569262340045424025e+03
1.034763038959366499e-01	5.163213203099063321e+03
1.097576444254559219e-01	4.755898175916275250e+03
1.160543084780093354e-01	4.574212649614272777e+03
1.223669666537485351e-01	4.185609846911360364e+03
1.286817263090294094e-01	4.065363852114291603e+03
1.349500801664080818e-01	3.676208170626077845e+03
1.411949558842147678e-01	3.516250998717387120e+03
1.475133575747468451e-01	3.277060946658042212e+03
1.537865074252268427e-01	3.139435841872427773e+03
1.600657544051110326e-01	2.962205164412553586e+03
1.663991168687080635e-01	2.907034418379141698e+03
1.727195645776442856e-01	2.796807240391460255e+03
1.789765213377084718e-01	2.545463598971230113e+03
1.852353690647852158e-01	2.515951771547920544e+03
1.914806787341157279e-01	2.328354360783151606e+03
1.977889868651535599e-01	2.292848743134334654e+03
2.040937735447724277e-01	2.191304307101308950e+03
2.103939302609846018e-01	2.098584573519155583e+03
2.166909709822301688e-01	2.037801732808296947e+03
2.229700281216152047e-01	1.938830458906277499e+03
2.292620027086341994e-01	1.917714228088544360e+03
2.355141508366812297e-01	1.800082538895025891e+03
2.417910583817859116e-01	1.734115790727168132e+03
2.480856539439619257e-01	1.712583888554164332e+03
2.543492256872954549e-01	1.659671242041548567e+03
2.606334251884805386e-01	1.625845660067620202e+03
2.669257370896960802e-01	1.577548787281491514e+03
2.732423343141155980e-01	1.519435692941655361e+03
2.795529680084415936e-01	1.498147132459003615e+03
2.858366292314493129e-01	1.446757651997542325e+03
2.920876271394311496e-01	1.407666880692988570e+03
2.983449844439822751e-01	1.366185354665074783e+03
3.046382639407197446e-01	1.338645428820653024e+03
3.109279127003197196e-01	1.323279670601953057e+03
3.172168171618398036e-01	1.274275647671071738e+03
3.235187567944423082e-01	1.260892237831597413e+03
3.298168217550395687e-01	1.212966609887504774e+03
3.361176429457156667e-01	1.194069724678208331e+03
3.423700375709273769e-01	1.157918061370413398e+03
3.486478192666269682e-01	1.140658151891035459e+03
3.549411614411318028e-01	1.117511075781037789e+03
3.611916935421040642e-01	1.105902191284555556e+03
3.674767089563572564e-01	1.077581788878870384e+03
3.737647795277591056e-01	1.058824714764592954e+03
3.800654031475132477e-01	1.050155988004215715e+03
3.863539861259823738e-01	1.033555508456562848e+03
3.926140181364449755e-01	1.001827939526655086e+03
3.989264500321934581e-01	9.885821455101108768e+02
4.052073244576828714e-01	9.822225285005337128e+02
4.114916477570477182e-01	9.679620230191799237e+02
4.177814272116491257e-01	9.408573247062307701e+02
4.240400648725131116e-01	9.321209344421214382e+02
4.303425690270192283e-01	9.184413645715309258e+02
4.366358560255625965e-01	9.032691717488838776e+02
4.428996183220763605e-01	8.898262778645091657e+02
4.491634418529859563e-01	8.769801740460986821e+02
4.554414146254732731e-01	8.646072359857986385e+02
4.617634470301058558e-01	8.551392228094408665e+02
4.680644242023710433e-01	8.489844058319832811e+02
4.743485242764365895e-01	8.392198379390688388e+02
4.806356136815400082e-01	8.139009700038183155e+02
4.869019258388697646e-01	8.062724615808755289e+02
4.931697099599955947e-01	7.975174449283873628e+02
4.994506747144535908e-01	7.883917673386321212e+02
5.057159051335421429e-01	7.772274160872544826e+02
5.119923996268095356e-01	7.765777240304865927e+02
5.183126097768406826e-01	7.656292274803846567e+02
5.246089638029100000e-01	7.563407086573398601e+02
5.308757308483337267e-01	7.489593758550213352e+02
5.371573527946726934e-01	7.367506720973473193e+02
5.434579563783791256e-01	7.303479112667804429e+02
5.497430652392217842e-01	7.184149849944429889e+02
5.559937427501778773e-01	7.129169920540617795e+02
5.622854676609657654e-01	7.063112256124908299e+02
5.686011537227265711e-01	6.979985395671936885e+02
5.748804589422079614e-01	6.874768570046193190e+02
5.811550210340560296e-01	6.901171248036002908e+02
5.874394496660968468e-01	6.778575243557072554e+02
5.937176220296899176e-01	6.704896859781775902e+02
5.999971954793682505e-01	6.664716015005374175e+02
6.062679115124277596e-01	6.538412142987144762e+02
6.125469576444534381e-01	6.533085400216181142e+02
6.188477733041515272e-01	6.442607354564821662e+02
6.251310567437898813e-01	6.391887129319731002e+02
6.314027450383210560e-01	6.335874341196404202e+02
6.377003562732055375e-01	6.292541283458526777e+02
6.439857783314556494e-01	6.227592016548902620e+02
6.502685417166111925e-01	6.133525762713846916e+02
6.565586117699038216e-01	6.135341196130951857e+02
6.628369282359254377e-01	6.028891312790449319e+02
6.691185444962194362e-01	5.952503106095645080e+02
6.754070198575605755e-01	5.911925266717415752e+02
6.816835514593204692e-01	5.840777896012930341e+02
6.879592533861698112e-01	5.815583688772159121e+02
6.942344317039531587e-01	5.776129591822268594e+02
7.005175402434737908e-01	5.746331419139770560e+02
7.068124956608716758e-01	5.709007093201964835e+02
7.131019009674921527e-01	5.652912313601887035e+02
7.193918251171427247e-01	5.625620409013117751e+02
7.256833807598113140e-01	5.559541036439942445e+02
7.319652682709349989e-01	5.535708539692797103e+02
7.382507990484923344e-01	5.479731518706937550e+02
7.445265842115937893e-01	5.430456077981065164e+02
7.507871101942712455e-01	5.397272277222150478e+02
7.570758465316046459e-01	5.298967936164278854e+02
7.633641233600957365e-01	5.323423646627168182e+02
7.696462959862266917e-01	5.273860717743498299e+02
7.759394865175414102e-01	5.217599755974007394e+02
7.822329141989586843e-01	5.174203812244628580e+02
7.885314936520240181e-01	5.157737014166850713e+02
7.947896566979522071e-01	5.110565462878818153e+02
8.010491096592354809e-01	5.090724338656372652e+02
8.073364061727361651e-01	5.063468312952568908e+02
8.136229488373866170e-01	5.010320757605454105e+02
8.199152998961036776e-01	4.989036417472087237e+02
8.261952636392789762e-01	4.935382919538681676e+02
8.324897070080405914e-01	4.917817048780228220e+02
8.387959309210778480e-01	4.865218844646323078e+02
8.450634639703045181e-01	4.843040922468545091e+02
8.513282867562648182e-01	4.805381416915194563e+02
8.576198263902009566e-01	4.773221816703899094e+02
8.639058477062415697e-01	4.741229376086900515e+02
8.701838745487597837e-01	4.735967485601948397e+02
8.764641096075268534e-01	4.673987925533391490e+02
8.827503873399735745e-01	4.632816804737104803e+02
8.890332768393869323e-01	4.625904332743201621e+02
8.953084247113127780e-01	4.607550189620800438e+02
9.015956521667095602e-01	4.547830919047993916e+02
9.078833328094829680e-01	4.513901926629536092e+02
9.141744106319863450e-01	4.502009966859251335e+02
9.204630817717615043e-01	4.474543503137865628e+02
9.267434415264711456e-01	4.427864989020951043e+02
9.330324197354928906e-01	4.426995998848340150e+02
9.393265785573878812e-01	4.370828190645774498e+02
9.455974810398196650e-01	4.366340692797874681e+02
9.518660018545171964e-01	4.334224602927831143e+02
9.581413255531838757e-01	4.311242071415600208e+02
9.644350945109106954e-01	4.260583300756536005e+02
9.707355633568249820e-01	4.238042491331376596e+02
9.770080768450029041e-01	4.226158994119049908e+02
9.832823325363413414e-01	4.187394420529664671e+02
9.895569691966674686e-01	4.170392449318522949e+02
9.958456301921106979e-01	4.154482807779394875e+02
1.002136210743837408e+00	4.140405889902136209e+02
1.008404825335135424e+00	4.088273283579905524e+02
1.014694149836243398e+00	4.073603239427341123e+02
1.020992555437297167e+00	4.041697279889186234e+02
1.027273980437394485e+00	4.028211330012107396e+02
1.033559181896017254e+00	4.004298241828089431e+02
1.039847557392594934e+00	3.967608638333065301e+02
1.046126974943305088e+00	3.946835095211391717e+02
1.052403436811028659e+00	3.921733427993565897e+02
1.058680704651608684e+00	3.914439151852906775e+02
1.064964333065789193e+00	3.888808031814120909e+02
1.071256777440835473e+00	3.859856332244959845e+02
1.077544048801078125e+00	3.848299321718300803e+02
1.083824820188043603e+00	3.823946029420956734e+02
1.090108023942816695e+00	3.791146627349597793e+02
1.096389665956643222e+00	3.766143946038810100e+02
1.102681132058841440e+00	3.752607033719368701e+02
1.108963047594879958e+00	3.726614862952925478e+02
1.115225428463759272e+00	3.714427270362912736e+02
1.121502127614767863e+00	3.679477627908732984e+02
1.127792573824792033e+00	3.681217871559862260e+02
1.134089552668382961e+00	3.646418208139966168e+02
1.140364049650405942e+00	3.617607644648245468e+02
1.146639180320979445e+00	3.615348271696475990e+02
1.152942412991649901e+00	3.587491561657669195e+02
1.159228906751078814e+00	3.569984316020859296e+02
1.165508721887268173e+00	3.550183134321106309e+02
1.171793076256210320e+00	3.536591892632080771e+02
1.178087436369658958e+00	3.504590344432879760e+02
1.184367654251526902e+00	3.489089493011615559e+02
1.190634642299266632e+00	3.476908447975491754e+02
1.196912208834400859e+00	3.455255303530627202e+02
1.203201577354146234e+00	3.430944747023802393e+02
1.209486844441705733e+00	3.418043106308115853e+02
1.215763902074809888e+00	3.397175215043426988e+02
1.222049755171146668e+00	3.387462837877478705e+02
1.228340616621486969e+00	3.360757608783364958e+02
1.234632986576932767e+00	3.354715544671699377e+02
1.240902247176856488e+00	3.326014449814551313e+02
1.247174839144687519e+00	3.324951912433244274e+02
1.253465459933442272e+00	3.295490924579823400e+02
1.259749951892178421e+00	3.274291370592101771e+02
1.266032143127253873e+00	3.268814249019047224e+02
1.272316288472006507e+00	3.237601800205258655e+02
1.278604155058621350e+00	3.238655495078990612e+02
1.284886588933593865e+00	3.203900183099672176e+02
1.291175420066583257e+00	3.191170519007548023e+02
1.297465726373772332e+00	3.173018181213959679e+02
1.303741827011944299e+00	3.168284468890957442e+02
1.310017322922761851e+00	3.137955391816414021e+02
1.316301447662886703e+00	3.120771319363342968e+02
1.322586760363303249e+00	3.111828188830422732e+02
1.328865492452874664e+00	3.098804782077170330e+02
1.335144804954555564e+00	3.079030146872735827e+02
1.341440516272275119e+00	3.059796272081285338e+02
1.347730868417094552e+00	3.051249780216795671e+02
1.354001589994877630e+00	3.033659893725042025e+02
1.360282609297778444e+00	3.017945570953833112e+02
1.366565686457597906e+00	3.003883831256458734e+02
1.372851498482432708e+00	2.984133382350164538e+02
1.379135372929401804e+00	2.967595228311224673e+02
1.385409567149057164e+00	2.954942846908758156e+02
1.391698641219299315e+00	2.948995262406158417e+02
1.397984451439470810e+00	2.927884690242065062e+02
1.404267883409181961e+00	2.912032178788417127e+02
1.410554779484869181e+00	2.900781400733046667e+02
1.416837833547465397e+00	2.888329590289424686e+02
1.423118177187137068e+00	2.868951517443277908e+02
1.429397801164240089e+00	2.850583995272024254e+02
1.435686921822787232e+00	2.836731390543748148e+02
1.441977121769299597e+00	2.826125991306123524e+02
1.448253667853332427e+00	2.814037291680725161e+02
1.454532348972172651e+00	2.798497751984993442e+02
1.460819319151879903e+00	2.783685565373657482e+02
1.467110364402026468e+00	2.772683541803318121e+02
1.473392908948962132e+00	2.759903271880788793e+02
1.479669965243598950e+00	2.743982338065645763e+02
1.485956144602843532e+00	2.729568223062229890e+02
1.492233610763115115e+00	2.711106219634704644e+02
1.498502470379980078e+00	2.699835122561779031e+02
1.504785752051182701e+00	2.685448479873242036e+02
1.511075991894575976e+00	2.677304190274190319e+02
1.517361634985162189e+00	2.667970336353576499e+02
1.523648570969130533e+00	2.657803802883297521e+02
1.529938035715892264e+00	2.647273933240502970e+02
1.536230176913891965e+00	2.633109235650973119e+02
1.542510718779388279e+00	2.613119894041812472e+02
1.548783963082980275e+00	2.606235135298674095e+02
1.555073069779651318e+00	2.586079208667482590e+02
1.561357324927233892e+00	2.568978420086493770e+02
1.567629121053141006e+00	2.570952506588038204e+02
1.573913697404382583e+00	2.548450380396571120e+02
1.580203545230874029e+00	2.536915242015196270e+02
1.586485393434537983e+00	2.536357712220378744e+02
1.592760014263005841e+00	2.523815827920578272e+02
1.599046436394670812e+00	2.504643080394112644e+02
1.605342136637478934e+00	2.493874065142092320e+02
1.611619860919608627e+00	2.484671400011251308e+02
1.617897597081673799e+00	2.461489199165583273e+02
1.624183235481122756e+00	2.468422295285920711e+02
1.630464598531913722e+00	2.449510971924982243e+02
1.636748985747638274e+00	2.433032955100380264e+02
1.643030923698886259e+00	2.422033019868765962e+02
1.649309176648513064e+00	2.411224619708193018e+02
1.655593633940351861e+00	2.404627782238546558e+02
1.661879571405086464e+00	2.397594069850032099e+02
1.668169361685170271e+00	2.381495569125702332e+02
1.674450151530487485e+00	2.372613525957299316e+02
1.680722718978495900e+00	2.353740624482534258e+02
1.687013891340952476e+00	2.351961707516004481e+02
1.693308984907921033e+00	2.334288244634891782e+02
1.699582147428448486e+00	2.321718979686583850e+02
1.705863747055134105e+00	2.321820866703844217e+02
1.712154434283889470e+00	2.302295245963208856e+02
1.718438381579399321e+00	2.298045331596987921e+02
1.724721264464063930e+00	2.281683260753635807e+02
1.730997441276920679e+00	2.272067291418103707e+02
1.737287073528269499e+00	2.265747249455667713e+02
1.743567991878527401e+00	2.248132340511777159e+02
1.749840680212231048e+00	2.246735357896485255e+02
1.756128549091961144e+00	2.230925737840630063e+02
1.762413535324792502e+00	2.224240561705611299e+02
1.768696187669963837e+00	2.212124878085457738e+02
1.774979359379055266e+00	2.206743823228923986e+02
1.781265555576432957e+00	2.192956691435778112e+02
1.787549427830244619e+00	2.184561057736634098e+02
1.793834120011633004e+00	2.180276289545756185e+02
1.800115051552487300e+00	2.162009554679058567e+02
1.806393904854530330e+00	2.155359410359504579e+02
1.812674089667083432e+00	2.141552093958140972e+02
1.818956920109354058e+00	2.131917116875504803e+02
1.825244164118212220e+00	2.121919755494994320e+02
1.831527256642196955e+00	2.115518139905101691e+02
1.837811294935716599e+00	2.107517342028621670e+02
1.844100717411196744e+00	2.095737363033958900e+02
1.850384816792487230e+00	2.092312362020320791e+02
1.856666059735203822e+00	2.080068943303834033e+02
1.862947728675613979e+00	2.074345207713913908e+02
1.869229324466858078e+00	2.058695771305664266e+02
1.875517616802973686e+00	2.048577173431210952e+02
1.881800769033795229e+00	2.045896641091053425e+02
1.888078863416442710e+00	2.036397688772449328e+02
1.894353975182237582e+00	2.024701588193284181e+02
1.900642716154182565e+00	2.020057774316360621e+02
1.906933494748685121e+00	2.009173982987255158e+02
1.913207568676573933e+00	2.003492638929572252e+02
1.919490884732178992e+00	1.993186931019501174e+02
1.925776855684274480e+00	1.984890489518031416e+02
1.932064452961978152e+00	1.978343856124366766e+02
1.938342610030488800e+00	1.971286169710060392e+02
1.944618341543410178e+00	1.959360685092110543e+02
1.950906260203513876e+00	1.948439735701165603e+02
1.957194556613796488e+00	1.940082317176556330e+02
1.963479614559011432e+00	1.930056427422513821e+02
1.969760361532916226e+00	1.927423820380198833e+02
1.976048367034604736e+00	1.920637248319083596e+02
1.982337990217652335e+00	1.904885974105916375e+02
1.988617489259562721e+00	1.898668228766833295e+02
1.994896320665194178e+00	1.891042190595887291e+02
2.001179596222827151e+00	1.883255535219048511e+02
2.007459756923499761e+00	1.876538852462333296e+02
2.013737397779169935e+00	1.870517702369526489e+02
2.020017234677497164e+00	1.864703791205286336e+02
2.026310251015072783e+00	1.850726712360159638e+02
2.032600542948020284e+00	1.844851022769518352e+02
2.038873863192099289e+00	1.835847779347806750e+02
2.045154087821675404e+00	1.830358309074055398e+02
2.051444704514288730e+00	1.825658522171857214e+02
2.057730430280644729e+00	1.818458801598927721e+02
2.064013940455224461e+00	1.809304173901926731e+02
2.070299891179459895e+00	1.802553647423293057e+02
2.076589719964883951e+00	1.793640313067536169e+02
2.082865483794470673e+00	1.791408214837013020e+02
2.089134494859368640e+00	1.781273793754868677e+02
2.095424211360070288e+00	1.772608867374613340e+02
2.101707116664804254e+00	1.767611638325058436e+02
2.107986473933564309e+00	1.758833551313638281e+02
2.114271806543862375e+00	1.750568429238501267e+02
2.120552717288892275e+00	1.742670004743569336e+02
2.126836933207161717e+00	1.742936841382592092e+02
2.133122044791171845e+00	1.732684149761536219e+02
2.139411711910842673e+00	1.726380480142115061e+02
2.145697076775292089e+00	1.716746388381347117e+02
2.151973548606471276e+00	1.715230204387370634e+02
2.158259913555724108e+00	1.705573159444795408e+02
2.164545396699105506e+00	1.700596798915184138e+02
2.170830700377734068e+00	1.690185091421786581e+02
2.177114138849150393e+00	1.683050023059018088e+02
2.183387647576827018e+00	1.680426092781729039e+02
2.189670273687676971e+00	1.669483337771328877e+02
2.195960147934207463e+00	1.668760035064181864e+02
2.202242556317716371e+00	1.658004651055963734e+02
2.208521655981037668e+00	1.656173095712381098e+02
2.214804637081333016e+00	1.645286622922037338e+02
2.221092583349425276e+00	1.644080368386019018e+02
2.227372893591468728e+00	1.634917667359632105e+02
2.233657161144248171e+00	1.626567642556101134e+02
2.239943485394438660e+00	1.621369248474645417e+02
2.246224175264620815e+00	1.616760008732126153e+02
2.252506378421252009e+00	1.608394650253378586e+02
2.258783417054270437e+00	1.603407079916030114e+02
2.265069077371457684e+00	1.598220916980577044e+02
2.271350377044131452e+00	1.591905033792149595e+02
2.277633995145353918e+00	1.587279501831367270e+02
2.283922419579920149e+00	1.578806066527063479e+02
2.290202874392252674e+00	1.572857765798565310e+02
2.296490779970905560e+00	1.568051717091759940e+02
2.302771769934229162e+00	1.562781116296468724e+02
2.309051364164305564e+00	1.557915997050377825e+02
2.315338502539088239e+00	1.552286995919505159e+02
2.321627336503874428e+00	1.546946298533473509e+02
2.327911878297218795e+00	1.536959603450364398e+02
2.334186238580297168e+00	1.534655812185976913e+02
2.340467971862688401e+00	1.526942432546306634e+02
2.346756940970738725e+00	1.522148407901915448e+02
2.353044444556199988e+00	1.514568921421656000e+02
2.359327653314069906e+00	1.511347568486137334e+02
2.365603048789861607e+00	1.506167156422920073e+02
2.371885911737665165e+00	1.504580644767057436e+02
2.378173303594019572e+00	1.495073448561932992e+02
2.384454016539381271e+00	1.492110808847505439e+02
2.390736447344785187e+00	1.487390699398013680e+02
2.397014133897952259e+00	1.482909972106161263e+02
2.403295490074321972e+00	1.476605468134933687e+02
2.409585049672506862e+00	1.468202700299964647e+02
2.415871703165322071e+00	1.463211137443063308e+02
2.422160652369088840e+00	1.459853054912254890e+02
2.428440167222748691e+00	1.455347044530841458e+02
2.434717472383889803e+00	1.452015356715152450e+02
2.441002456202044257e+00	1.448151166133068557e+02
2.447289980304530488e+00	1.441204661502919748e+02
2.453571844729242279e+00	1.435070993518129399e+02
2.459852705114058846e+00	1.431147807649745971e+02
2.466139233225018934e+00	1.427573619178828324e+02
2.472421963421291391e+00	1.424328279574877172e+02
2.478698519174224568e+00	1.416570092753175629e+02
2.484980841400355800e+00	1.413267794932922072e+02
2.491269319409339822e+00	1.408078416839351235e+02
2.497548505139029373e+00	1.407499247986842477e+02
2.503831667172610853e+00	1.402902325156384222e+02
2.510117938323931153e+00	1.397220498350285709e+02
2.516400733681277480e+00	1.392511523616557554e+02
2.522688226833368130e+00	1.388593304015232377e+02
2.528971695852665569e+00	1.384530596668075759e+02
2.535252039407670299e+00	1.379995735024093335e+02
2.541537514142774512e+00	1.376150683659931246e+02
2.547823008847572179e+00	1.370558966678955244e+02
2.554100666580690238e+00	1.364891251504361094e+02
2.560376788884177301e+00	1.362198154851018330e+02
2.566667521601497359e+00	1.359033098634583325e+02
2.572955062237090473e+00	1.352847633538398497e+02
2.579233771797999175e+00	1.348757508183777531e+02
2.585520164300948220e+00	1.345704174904344370e+02
2.591805130332431872e+00	1.343130670865130867e+02
2.598084074692260881e+00	1.339129280188724067e+02
2.604360404197643586e+00	1.335103288275593627e+02
2.610647185140439142e+00	1.329633149225131206e+02
2.616931864059273138e+00	1.324429933272803055e+02
2.623206107911065565e+00	1.325120200620679327e+02
2.629491626543270844e+00	1.318296247638355680e+02
2.635778507982642349e+00	1.318845878995141732e+02
2.642061039325260818e+00	1.310141006082807849e+02
2.648343840729305843e+00	1.307790615911416410e+02
2.654631838974855551e+00	1.307293265753139337e+02
2.660919001246303761e+00	1.299458707402952484e+02
2.667198525130066056e+00	1.296961352551918196e+02
2.673484307038032526e+00	1.293278101892203154e+02
2.679773388053849459e+00	1.290212677896287801e+02
2.686058217632288692e+00	1.288599594839159863e+02
2.692338738200057868e+00	1.284086086818725789e+02
2.698618022887226964e+00	1.280364432688084264e+02
2.704895450708277860e+00	1.276931855579891106e+02
2.711175674923682166e+00	1.273987102651493331e+02
2.717459832966957922e+00	1.268343129580328537e+02
2.723745731959044569e+00	1.266051636632575281e+02
2.730038414850594730e+00	1.265744098766412264e+02
2.736317989800789441e+00	1.264183206642137662e+02
2.742591858549239703e+00	1.260989790974628448e+02
2.748879749010778362e+00	1.256847573370961868e+02
2.755163403825859447e+00	1.254198858483013055e+02
2.761446955625852073e+00	1.250222888909363377e+02
2.767732088935374701e+00	1.247005618784543657e+02
2.774015452421743966e+00	1.245100821194148608e+02
2.780298635700591436e+00	1.242485018763757836e+02
2.786577474762241380e+00	1.239879527931599341e+02
2.792857983210164541e+00	1.235531316531924659e+02
2.799143790920211483e+00	1.233239512892226912e+02
2.805430058399325244e+00	1.233115645308407835e+02
2.811715058209780072e+00	1.230307140788655715e+02
2.817989272498773623e+00	1.224790075974016048e+02
2.824269171595737760e+00	1.223394679423134335e+02
2.830563016441804081e+00	1.222010292371821123e+02
2.836848750951622034e+00	1.220420249190982815e+02
2.843130027866129783e+00	1.215659172420618290e+02
2.849413896912404986e+00	1.216435665828252866e+02
2.855697464522425566e+00	1.211397289921633700e+02
2.861978799810683594e+00	1.209496355888800565e+02
2.868262469415629567e+00	1.209268076029260470e+02
2.874547359206753860e+00	1.204302262278925468e+02
2.880831111471525041e+00	1.205811986969719953e+02
2.887113216972382546e+00	1.203749195511633445e+02
2.893394504725182781e+00	1.200623629511294297e+02
2.899673662137033592e+00	1.199621463926172993e+02
2.905953958587380814e+00	1.200298990487884652e+02
2.912241118105161064e+00	1.195681208603759558e+02
2.918525996366671205e+00	1.194798783271081248e+02
2.924809035425688819e+00	1.193039729875852260e+02
2.931095916293684933e+00	1.191402084797971810e+02
2.937378182606774413e+00	1.189950022203795896e+02
2.943659980254369923e+00	1.186232911611319167e+02
2.949946454403890250e+00	1.186496877956071359e+02
2.956227653702202307e+00	1.184509048724591480e+02
2.962510478867462993e+00	1.183539916322552017e+02
2.968796535179442309e+00	1.182362914627498043e+02
2.975077657376874907e+00	1.182930579848205070e+02
2.981359866759223376e+00	1.179753872635596395e+02
2.987646761575656562e+00	1.180442814499960065e+02
2.993929038370399365e+00	1.177516724286217595e+02
3.000206214840962726e+00	1.177053168648846366e+02
3.006486172402415669e+00	1.174723514582528452e+02
3.012769812211594456e+00	1.175856700127198451e+02
3.019053144326170113e+00	1.174045727132582186e+02
3.025337405144251424e+00	1.172566070651459711e+02
3.031623734799107961e+00	1.174305802453754666e+02
3.037908962055872575e+00	1.172107982294319584e+02
3.044195067146031608e+00	1.172157209064939281e+02
3.050475543482170426e+00	1.169901526090039283e+02
3.056754954538277502e+00	1.170287918737103183e+02
3.063040539557494668e+00	1.169654773977626547e+02
3.069323699454357346e+00	1.172422614004977106e+02
3.075610692642898769e+00	1.170189815922243355e+02
3.081893798009918584e+00	1.168132451176856392e+02
3.088174549548037717e+00	1.168762427784481446e+02
3.094458635632868493e+00	1.169619458796980211e+02
3.100743982931558840e+00	1.169037929133810962e+02
3.107028111748448396e+00	1.169218917793835715e+02
3.113309299655494300e+00	1.168483317563157442e+02
3.119590662867241626e+00	1.172336869276682592e+02
3.125874006820172912e+00	1.171830941933309305e+02
3.132159251154602586e+00	1.170480112822711476e+02
3.138439172765940643e+00	1.170401586504245728e+02
3.144723867719826593e+00	1.170129472758082585e+02
3.151003951258561031e+00	1.171970001795291694e+02
3.157283664131563139e+00	1.172015929639720042e+02
3.163569317183839935e+00	1.175292500635723627e+02
3.169851661717792091e+00	1.173005240595237666e+02
3.176137704316093657e+00	1.175360656871095415e+02
3.182420924828643916e+00	1.175798125826292306e+02
3.188702811875577581e+00	1.175321778133716037e+02
3.194990520008989865e+00	1.178022115881653917e+02
3.201275324656983834e+00	1.178410002468626061e+02
3.207551352179861759e+00	1.178187555392220531e+02
3.213835216737041645e+00	1.182210238816394678e+02
3.220122579819103770e+00	1.180808434745762554e+02
3.226406606618656525e+00	1.177718576746593300e+02
3.232687390085645429e+00	1.175463353986942252e+02
3.238969121280456331e+00	1.171761376631072977e+02
3.245254751548589667e+00	1.169548793867000285e+02
3.251534499036136783e+00	1.167376900803925537e+02
3.257817780791052442e+00	1.166037198483872430e+02
3.264102164154097263e+00	1.163430682703337595e+02
3.270384152138468892e+00	1.160856256038480723e+02
3.276669427476867735e+00	1.157975875442663209e+02
3.282954688864507808e+00	1.156655033243742992e+02
3.289237200334947264e+00	1.153465329452928927e+02
3.295519587088236779e+00	1.152469377898975296e+02
3.301805977329951958e+00	1.149397306101737826e+02
3.308087486222440088e+00	1.147989036698710237e+02
3.314367630234227313e+00	1.143860275411287688e+02
3.320651909732194262e+00	1.142723265877648942e+02
3.326931260376857047e+00	1.142296124366685461e+02
3.333216512447217728e+00	1.138162289606134152e+02
3.339504489419978128e+00	1.134396947178695996e+02
3.345786804809928405e+00	1.133687950891020222e+02
3.352071130016277767e+00	1.134079010215104972e+02
3.358351496304225581e+00	1.130411193434223662e+02
3.364630591073392019e+00	1.128280730773511351e+02
3.370916305215045483e+00	1.126563782773418438e+02
3.377197952029413752e+00	1.124204260330677272e+02
3.383483063818085501e+00	1.120611930122189506e+02
3.389769992424469969e+00	1.118417039611338168e+02
3.396051330885982100e+00	1.118608126767288269e+02
3.402330879139463971e+00	1.118173210426851369e+02
3.408610488352048495e+00	1.115479704735445381e+02
3.414897837696641236e+00	1.112435249452014716e+02
3.421180484052105619e+00	1.110009323184669228e+02
3.427461639653846870e+00	1.107986252288984304e+02
3.433749159643459059e+00	1.107444441860805568e+02
3.440032646656798310e+00	1.105688337544183071e+02
3.446313366033385339e+00	1.103475624368392403e+02
3.452600135384134905e+00	1.100650936681346650e+02
3.458883152815406703e+00	1.098938234270235057e+02
3.465163834403715448e+00	1.099222538060954690e+02
3.471449329786229221e+00	1.095509237127826196e+02
3.477734476754053894e+00	1.093774449785057925e+02
3.484019652467224226e+00	1.093566891751521268e+02
3.490297019369712928e+00	1.091865083152213884e+02
3.496582486484379970e+00	1.087911723772432424e+02
3.502868048046865024e+00	1.088559762744264532e+02
3.509144649545451244e+00	1.086439516155355136e+02
3.515428082003116295e+00	1.085760610022616675e+02
3.521711031624695565e+00	1.082306906876231523e+02
3.527991850954735664e+00	1.081253817317977877e+02
3.534275545726699885e+00	1.081215890174833731e+02
3.540562632020772149e+00	1.080899359224480634e+02
3.546844410757220789e+00	1.077581745227669074e+02
3.553131386753758836e+00	1.077436575748606487e+02
3.559419203211965144e+00	1.075362849102847917e+02
3.565697971577579839e+00	1.074228061664138636e+02
3.571979559134798254e+00	1.073074314357302654e+02
3.578265774595833726e+00	1.071897348364382623e+02
3.584548309769353125e+00	1.069856104277164093e+02
3.590826843920031486e+00	1.067838878379064909e+02
3.597107306745233934e+00	1.069244984144544333e+02
3.603392831792229245e+00	1.065821639750589327e+02
3.609673209822572559e+00	1.063494453462899401e+02
3.615955412133016189e+00	1.064379881746894227e+02
3.622241607772384686e+00	1.064621519146743225e+02
3.628520252736676444e+00	1.060507694927264311e+02
3.634804827569451113e+00	1.058938623156357011e+02
3.641094981788862928e+00	1.059686862415842512e+02
3.647383514928639325e+00	1.058389280750517685e+02
3.653663283927725658e+00	1.057065979774536402e+02
3.659943504072155296e+00	1.056386663081363082e+02
3.666232000281138603e+00	1.056443419650794056e+02
3.672514211678317597e+00	1.053620793587313784e+02
3.678794154686042539e+00	1.051743551713339144e+02
3.685078621861909820e+00	1.051713044989625132e+02
3.691359210097977961e+00	1.053389966501546695e+02
3.697642368173791105e+00	1.050288976046760752e+02
3.703925796735277665e+00	1.050693390081089404e+02
3.710208240364660348e+00	1.046894923988933073e+02
3.716494593122387169e+00	1.048091740297490446e+02
3.722775386659595398e+00	1.047255615070712196e+02
3.729058392883481510e+00	1.046662969938022627e+02
3.735339748210807720e+00	1.045681480958381115e+02
3.741620776392969638e+00	1.045329152072216914e+02
3.747904795418762980e+00	1.045760620586545144e+02
3.754190633281219380e+00	1.045124791856440112e+02
3.760478208018912749e+00	1.042639139206485197e+02
3.766755538573464346e+00	1.044874736830706183e+02
3.773032090135151506e+00	1.042891110959634347e+02
3.779322553012896879e+00	1.041446533061887294e+02
3.785609109731308930e+00	1.040972107434922407e+02
3.791889825936295200e+00	1.041104411700647887e+02
3.798174822702435893e+00	1.041801941840364947e+02
3.804458658753491651e+00	1.042167896625175416e+02
3.810738438095723435e+00	1.039112342794738311e+02
3.817018850285747167e+00	1.038088891957891775e+02
3.823305314209427763e+00	1.038170540597977691e+02
3.829591295197792178e+00	1.038127563502135899e+02
3.835872296070849341e+00	1.038459444246463050e+02
3.842156279590906109e+00	1.037705097434423038e+02
3.848441511099312429e+00	1.039366161939374251e+02
3.854723334376886079e+00	1.036835690986250000e+02
3.861004740704794713e+00	1.037384104872391219e+02
3.867284336650660848e+00	1.038177316005031940e+02
3.873567367678779849e+00	1.037362943179818302e+02
3.879850662830422792e+00	1.036055700972490143e+02
3.886137063198143338e+00	1.036366165189993893e+02
3.892419463049126005e+00	1.038858749375581851e+02
3.898703740328622658e+00	1.036836681553758837e+02
3.904991458788179326e+00	1.035731295012477204e+02
3.911270842222104083e+00	1.036780777424937838e+02
3.917549806479573071e+00	1.038491778701699531e+02
3.923836006203090587e+00	1.037694877273106187e+02
3.930121452497870926e+00	1.036575230271321288e+02
3.936398172858230460e+00	1.038561131595826907e+02
3.942683040425962293e+00	1.039117786258576075e+02
3.948974759704379611e+00	1.039105008206879006e+02
3.955259227995065352e+00	1.038169830423619828e+02
3.961537174921395454e+00	1.038576176994479425e+02
3.967820217617139544e+00	1.039851707649950185e+02
3.974105559832568968e+00	1.040816164732805333e+02
3.980384727931198352e+00	1.040382123163048789e+02
3.986664590839849698e+00	1.039599010713583880e+02
3.992949619150675034e+00	1.040212678011305485e+02
3.999235075769965952e+00	1.041846426405557366e+02
4.005515715515433506e+00	1.042030851648111991e+02
4.011798434346478537e+00	1.044999652323295720e+02
4.018083716245132386e+00	1.044879057069746295e+02
4.024365700052603856e+00	1.046024742981810931e+02
4.030643960839860540e+00	1.045115031235648786e+02
4.036928708926215137e+00	1.045629971804095817e+02
4.043218157412017177e+00	1.047321557998727997e+02
4.049503019487663558e+00	1.049568224239635299e+02
4.055781898960511000e+00	1.049408863041265079e+02
4.062060795621602161e+00	1.048224140069013544e+02
4.068347865354716042e+00	1.051637046252965888e+02
4.074631027173265529e+00	1.054099084924063590e+02
4.080910837526078971e+00	1.053793039335322845e+02
4.087201203341442657e+00	1.053709013622773085e+02
4.093486818591942189e+00	1.056077927200729505e+02
4.099764387336505500e+00	1.054969853235969737e+02
4.106049166937662420e+00	1.058617950152716105e+02
4.112334559041358695e+00	1.055517125282441810e+02
4.118618926059533614e+00	1.061682230552375614e+02
4.124898942031112625e+00	1.061720104757258554e+02
4.131175432561665417e+00	1.063096591283479313e+02
4.137461563786142271e+00	1.065445206254387074e+02
4.143746006210170307e+00	1.067513798733425290e+02
4.150029800482964326e+00	1.066478076773392729e+02
4.156313390684649001e+00	1.069012260000369139e+02
4.162596105843763716e+00	1.071687167693741003e+02
4.168881843141768684e+00	1.069937652565867978e+02
4.175162111073220217e+00	1.074723301443784607e+02
4.181448573417560155e+00	1.075740871432346637e+02
4.187738782464171194e+00	1.076595760182076589e+02
4.194017437180169061e+00	1.080319307210875479e+02
4.200293572701767175e+00	1.080052627391295772e+02
4.206580195481546269e+00	1.082180467114699809e+02
4.212860644652220543e+00	1.085349127323074185e+02
4.219138153430114002e+00	1.087520914359750606e+02
4.225426162098283811e+00	1.090307414268464186e+02
4.231713506719782636e+00	1.092308499213864792e+02
4.237990056577191744e+00	1.094567929812942850e+02
4.244267783646744618e+00	1.093072778081090775e+02
4.250560660182562955e+00	1.098633635592885867e+02
4.256847734842668096e+00	1.096033175831894653e+02
4.263127100734456221e+00	1.102960539780972340e+02
4.269406860432507500e+00	1.104353243907819859e+02
4.275691671482192646e+00	1.105661357049577020e+02
4.281972414189518794e+00	1.107697683549562413e+02
4.288253516806755705e+00	1.108689877966368016e+02
4.294540520160492925e+00	1.111678337805000751e+02
4.300825742921731809e+00	1.117212764019475344e+02
4.307109835491901961e+00	1.118240620069930600e+02
4.313390926478413157e+00	1.121827570545925568e+02
4.319667979480563247e+00	1.121304162334124612e+02
4.325952598143786076e+00	1.124848601592250361e+02
4.332241647035422361e+00	1.125889593629719059e+02
4.338524445619096781e+00	1.129153741957101573e+02
4.344809348131129845e+00	1.130868077237129086e+02
4.351090699193166600e+00	1.132762060768415893e+02
4.357369710808320029e+00	1.137409878656493163e+02
4.363659348967174445e+00	1.138371382430420340e+02
4.369947418280990981e+00	1.139685410968896946e+02
4.376226569265827315e+00	1.142176316137926904e+02
4.382499356631129217e+00	1.146332550466745062e+02
4.388784975178015024e+00	1.147547297933084565e+02
4.395068696309480494e+00	1.148300708509848391e+02
4.401347962382031298e+00	1.153203080634038002e+02
4.407628405096517099e+00	1.156056091289132155e+02
4.413915862185140426e+00	1.155306108116155883e+02
4.420203163534264235e+00	1.157651514658330001e+02
4.426480311003382795e+00	1.159046752132212674e+02
4.432765973643649104e+00	1.164639286498504589e+02
4.439053392023870614e+00	1.164219313449768123e+02
4.445336141335588742e+00	1.168058701275201372e+02
4.451617241414883352e+00	1.167406003672417825e+02
4.457901500730311106e+00	1.168522596806466112e+02
4.464189501093017043e+00	1.170126168748941495e+02
4.470470197548729985e+00	1.167891450492385985e+02
4.476748044268524573e+00	1.171758875549245573e+02
4.483035990164653484e+00	1.171046555266996165e+02
4.489323331650528104e+00	1.173548265021605062e+02
4.495599111667934800e+00	1.172259472587182358e+02
4.501870922878794090e+00	1.172197328694632006e+02
4.508155162877705457e+00	1.171263526602171936e+02
4.514446451153479423e+00	1.171471197624682929e+02
4.520723894043856994e+00	1.176108313133343444e+02
4.527003782460155890e+00	1.168380387883692038e+02
4.533293086610313161e+00	1.168683938608785979e+02
4.539578989864040182e+00	1.166552918808429666e+02
4.545857164866476730e+00	1.163264947951280561e+02
4.552138955546025656e+00	1.160701460736342909e+02
4.558432046889146605e+00	1.161462491339641900e+02
4.564713463378488711e+00	1.158681593147724698e+02
4.570987274133244682e+00	1.155012724409138514e+02
4.577274818151045643e+00	1.154332724155899115e+02
4.583563263889338657e+00	1.153897797732600310e+02
4.589844917004465508e+00	1.154155675385909490e+02
4.596126259982004747e+00	1.152398666726680290e+02
4.602409075598298926e+00	1.153296375341318054e+02
4.608696634867644804e+00	1.157580350270243059e+02
4.614977646498861219e+00	1.158386622053017874e+02
4.621258953029527383e+00	1.154473410939228444e+02
4.627547993978874175e+00	1.159334727928259952e+02
4.633830152730579854e+00	1.155058375676206879e+02
4.640104005367354567e+00	1.157529274339050147e+02
4.646382060386754276e+00	1.152373571620691308e+02
4.652674213731970987e+00	1.160331944640748816e+02
4.658958291796220230e+00	1.160051370387360663e+02
4.665233615070169648e+00	1.161409360439459419e+02
4.671520675710307380e+00	1.160714898185495940e+02
4.677814351732177300e+00	1.163238382028651898e+02
4.684093699744638073e+00	1.165824502727735563e+02
4.690368661472568590e+00	1.168206997343198310e+02
4.696663270746453733e+00	1.167188328537351509e+02
4.702945459248681459e+00	1.169305233848388781e+02
4.709209170841929470e+00	1.170670992478718944e+02
4.715491634753063543e+00	1.169926811214857594e+02
4.721784316284933780e+00	1.172104601037902256e+02
4.728063062331094635e+00	1.177134329819057967e+02
4.734337423381671073e+00	1.181925770267914118e+02
4.740627024094544062e+00	1.183596095745370178e+02
4.746914995664547554e+00	1.175846694481236199e+02
4.753194740071086777e+00	1.179719995942815984e+02
4.759478891864783456e+00	1.183584901234872433e+02
4.765762396877359031e+00	1.186671689469223026e+02
4.772049481246195768e+00	1.192914711976423519e+02
4.778335091022592351e+00	1.190175020265040189e+02
4.784610831402393849e+00	1.196595348209367700e+02
4.790907306208476157e+00	1.200133934399255935e+02
4.797204047706418173e+00	1.194752592912802243e+02
4.803470827697504220e+00	1.207337653918771707e+02
4.809748850577324042e+00	1.206640442608419761e+02
4.816045316586602176e+00	1.206977253804559922e+02
4.822329240673497885e+00	1.211179243556620975e+02
4.828596758226470165e+00	1.210707033747538333e+02
4.834890332961369275e+00	1.217758648858731192e+02
4.841191655056394261e+00	1.216105132570107799e+02
4.847460407468000554e+00	1.227168085050446251e+02
4.853732128521334843e+00	1.229190796465629205e+02
4.860029138783373170e+00	1.225911070755915233e+02
4.866314601732018019e+00	1.234348902707771600e+02
4.872587026269203925e+00	1.238167820675115536e+02
4.878874221748241702e+00	1.242796619050952103e+02
4.885171078138658807e+00	1.240543486061350080e+02
4.891450629931857641e+00	1.253093076398840537e+02
4.897716482750221978e+00	1.260239013824741505e+02
4.904002834596266069e+00	1.260413527156685092e+02
4.910295858205786068e+00	1.262273078292846833e+02
4.916575188115905881e+00	1.265872035734933831e+02
4.922847946197084212e+00	1.271159664909407070e+02
4.929131667457151700e+00	1.275501478695522479e+02
4.935434460144239033e+00	1.288068519358831452e+02
4.941718513303545279e+00	1.292029346642964356e+02
4.947978624761803168e+00	1.295874646092012199e+02
4.954274999209829389e+00	1.296816969951024987e+02
4.960571094729937514e+00	1.304817236007415886e+02
4.966823207626954506e+00	1.295984202387829782e+02
4.973097418390337587e+00	1.317725922888299976e+02
4.979415129936382023e+00	1.311997600415137413e+02
4.985702082330368157e+00	1.323426411860615133e+02
4.991949985828016523e+00	1.325045128591292780e+02
4.998241586316924057e+00	1.328034507382034235e+02
5.004556635606089543e+00	1.337830324087286726e+02
5.010828655701208945e+00	1.355187934101873850e+02
5.017077229702536556e+00	1.361614871597539036e+02
5.023374414758113637e+00	1.358411691159018631e+02
5.029688873569548413e+00	1.373519538786742089e+02
5.035958413584124216e+00	1.378557493493419486e+02
5.042232667658486989e+00	1.387917616681644120e+02
5.048528755870775875e+00	1.390994511562731759e+02
5.054821121427484520e+00	1.408236676134336278e+02
5.061069509814582368e+00	1.404523183883216291e+02
5.067347812754101177e+00	1.408182373218497787e+02
5.073675050630431116e+00	1.423500193597888028e+02
5.079945928388977627e+00	1.427607950480622208e+02
5.086192992546071601e+00	1.429658360725885586e+02
5.092484128970163226e+00	1.436595371571663691e+02
5.098802924706086870e+00	1.447653826493871065e+02
5.105078217426394005e+00	1.455389834532043380e+02
5.111325076574067872e+00	1.462697233608536180e+02
5.117628358851224135e+00	1.473420951953237648e+02
5.123935939383525984e+00	1.485430305479178799e+02
5.130199176325612065e+00	1.489838824209729182e+02
5.136469985878846956e+00	1.504350188500554850e+02
5.142797788696348071e+00	1.505957116363223065e+02
5.149090378043822192e+00	1.524355488709270787e+02
5.155289879840074363e+00	1.519746221240145303e+02
5.161564521234301317e+00	1.535505835045237575e+02
5.167916673496016244e+00	1.549007256895662010e+02
5.174205974602950064e+00	1.565342761070601512e+02
5.180434820793812456e+00	1.568392302581268041e+02
5.186729096569634656e+00	1.586133345819403928e+02
5.193058481037780894e+00	1.595047724708362864e+02
5.199319511444338460e+00	1.613990254282692831e+02
5.205574295584361799e+00	1.635667263241052467e+02
5.211894977074066126e+00	1.638958086429659886e+02
5.218201708336958511e+00	1.658561637192976264e+02
5.224411911780083351e+00	1.650421443432446722e+02
5.230677632666463239e+00	1.670876081141965699e+02
5.237056729559757429e+00	1.696958143912289074e+02
5.243336785035660697e+00	1.681191140145178338e+02
5.249493476178225038e+00	1.715890334553770060e+02
5.255787017738318134e+00	1.731753218257530875e+02
5.262205327426889845e+00	1.726920143956419622e+02
5.268477758348532269e+00	1.751304747757317557e+02
5.274632213654732560e+00	1.751574868884184468e+02
5.280950543314659740e+00	1.769599648417108995e+02
5.287327645024750389e+00	1.796774704451855484e+02
5.293582359180156516e+00	1.826357671662044879e+02
5.299789992649893478e+00	1.808906891897520381e+02
5.306111460381987222e+00	1.840376060603817336e+02
5.312452717892129250e+00	1.869490983258080234e+02
5.318650122853046724e+00	1.874174175312788577e+02
5.324923043129819789e+00	1.915235745271386634e+02
5.331330237158205421e+00	1.926783711017783105e+02
5.337586726886338617e+00	1.936347305253156321e+02
5.343685192440848830e+00	1.936382510029731350e+02
5.350070659715249199e+00	1.963317363877640389e+02
5.356556762554878226e+00	1.980235240964136665e+02
5.362691868684501095e+00	1.975927969931613006e+02
5.368769208912516966e+00	2.011647521494746798e+02
5.375270137997677722e+00	2.053326984512214324e+02
5.381769983045385786e+00	2.091246169139695326e+02
5.387701030372958222e+00	2.071662634792111533e+02
5.393786668001271600e+00	2.167605774553947811e+02
5.400446161099396569e+00	2.150812681337749552e+02
5.406957063684501463e+00	2.177999971609063721e+02
5.412655672453426270e+00	2.208480191312168586e+02
5.418821279260546575e+00	2.179054119355845955e+02
5.425690594366304076e+00	2.238256373055517940e+02
5.432217487502165376e+00	2.233120866724891584e+02
5.437649811577258241e+00	2.285235020975955251e+02
5.443914404015878006e+00	2.276685717448146988e+02
5.450953501686320202e+00	2.348702889615049116e+02
5.457483690405861232e+00	2.368712968782472785e+02
5.462715250135157241e+00	2.386350977275869809e+02
5.469033575551323523e+00	2.343968647700961014e+02
5.476177730420278778e+00	2.357910943867905189e+02
5.482708935702562236e+00	2.461536756181292844e+02
5.487722405008360838e+00	2.406795781253681525e+02
5.494194284996126498e+00	2.547986251905885240e+02
5.501391471009256406e+00	2.543549378105020651e+02
5.507128202673079009e+00	2.485511336946499341e+02
5.512278020050448646e+00	2.580857634921231920e+02
5.519395563377015534e+00	2.524025885792843837e+02
5.526598678609708770e+00	2.751150883115265060e+02
5.532162682462509196e+00	2.929700695219857494e+02
5.537397124017139127e+00	2.558434780543027216e+02
5.544582756485218589e+00	3.005123270678129757e+02
5.551739327507637434e+00	2.894413279544079955e+02
5.557493306674907707e+00	3.653651909543542047e+02
5.562281709102816940e+00	2.786473890904241557e+02
5.569272720323164449e+00	3.100547041350645827e+02
