8.899641224696953554e-03	1.267125006213609413e+04
1.507912216506557788e-02	1.568595386752024569e+04
2.144790186456836667e-02	1.595410291903296638e+04
2.783660776489276650e-02	1.590735020201967200e+04
3.435099785803411021e-02	1.178264230889607279e+04
4.047886761425745911e-02	1.001901277566315548e+04
4.676716683575679601e-02	8.892766021366707719e+03
5.308225101765951665e-02	7.860063364328892931e+03
5.945362440940590160e-02	8.339524553055774959e+03
6.576224814588792211e-02	7.019063785161139094e+03
7.196632906698736953e-02	6.439627227243603556e+03
7.827860915688347743e-02	5.870627601704431072e+03
8.470398945834539672e-02	5.072343228299937437e+03
9.096854620527369817e-02	4.391432173690441232e+03
9.720789776830213169e-02	3.905860916032816931e+03
1.034763038959366499e-01	3.654513997836114413e+03
1.097576444254559219e-01	3.305478903031390018e+03
1.160543084780093354e-01	3.259236690760357760e+03
1.223669666537485351e-01	3.190936397398064400e+03
1.286817263090294094e-01	2.944341142839301483e+03
1.349500801664080818e-01	2.723713106903522203e+03
1.411949558842147678e-01	2.533569559506878250e+03
1.475133575747468451e-01	2.403846892969939290e+03
1.537865074252268427e-01	2.133806941012469451e+03
1.600657544051110326e-01	2.027798606442321670e+03
1.663991168687080635e-01	1.873145664970659936e+03
1.727195645776442856e-01	1.903299625178572342e+03
1.789765213377084718e-01	1.815999783791939990e+03
1.852353690647852158e-01	1.742972455995281507e+03
1.914806787341157279e-01	1.703896542675038518e+03
1.977889868651535599e-01	1.577269208440674447e+03
2.040937735447724277e-01	1.485320764619709053e+03
2.103939302609846018e-01	1.414425777164032525e+03
2.166909709822301688e-01	1.365507637248646461e+03
2.229700281216152047e-01	1.313681284534919769e+03
2.292620027086341994e-01	1.268281592345057561e+03
2.355141508366812297e-01	1.233780112745148017e+03
2.417910583817859116e-01	1.180667124860107378e+03
2.480856539439619257e-01	1.149172922461652661e+03
2.543492256872954549e-01	1.099981373875883037e+03
2.606334251884805386e-01	1.060635032102222340e+03
2.669257370896960802e-01	1.038818832799885968e+03
2.732423343141155980e-01	1.005856377166122684e+03
2.795529680084415936e-01	9.664792591404649329e+02
2.858366292314493129e-01	9.399231875429821912e+02
2.920876271394311496e-01	9.170112640122782750e+02
2.983449844439822751e-01	8.883175650324811841e+02
3.046382639407197446e-01	8.606769037785438741e+02
3.109279127003197196e-01	8.437882326417691274e+02
3.172168171618398036e-01	8.198549084527414834e+02
3.235187567944423082e-01	8.083904019095456306e+02
3.298168217550395687e-01	7.791235387121089389e+02
3.361176429457156667e-01	7.723395550569786110e+02
3.423700375709273769e-01	7.436873462748097836e+02
3.486478192666269682e-01	7.300975470220354282e+02
3.549411614411318028e-01	7.111661802814904831e+02
3.611916935421040642e-01	6.987809094015553910e+02
3.674767089563572564e-01	6.829320903786820054e+02
3.737647795277591056e-01	6.697262279108419989e+02
3.800654031475132477e-01	6.535035875240080259e+02
3.863539861259823738e-01	6.454233885089774958e+02
3.926140181364449755e-01	6.253824394639482307e+02
3.989264500321934581e-01	6.135964189856897519e+02
4.052073244576828714e-01	5.972489555648701298e+02
4.114916477570477182e-01	5.967248480328325968e+02
4.177814272116491257e-01	5.825705042704274774e+02
4.240400648725131116e-01	5.723084737397513209e+02
4.303425690270192283e-01	5.557080323216731585e+02
4.366358560255625965e-01	5.572282991283028650e+02
4.428996183220763605e-01	5.453746620637291471e+02
4.491634418529859563e-01	5.316292028964976453e+02
4.554414146254732731e-01	5.265746774412158402e+02
4.617634470301058558e-01	5.203972414085251330e+02
4.680644242023710433e-01	5.108906366727287605e+02
4.743485242764365895e-01	5.000596217096085638e+02
4.806356136815400082e-01	4.926154351350512002e+02
4.869019258388697646e-01	4.849393000215559937e+02
4.931697099599955947e-01	4.780841272128656669e+02
4.994506747144535908e-01	4.734356901704778124e+02
5.057159051335421429e-01	4.656204991655272352e+02
5.119923996268095356e-01	4.604463636869952552e+02
5.183126097768406826e-01	4.569828401240058611e+02
5.246089638029100000e-01	4.493362974316898999e+02
5.308757308483337267e-01	4.404337383400005024e+02
5.371573527946726934e-01	4.384642440247528157e+02
5.434579563783791256e-01	4.313890556459999175e+02
5.497430652392217842e-01	4.235265280124121432e+02
5.559937427501778773e-01	4.183840295972349850e+02
5.622854676609657654e-01	4.116836534342178879e+02
5.686011537227265711e-01	4.106797358162455680e+02
5.748804589422079614e-01	4.092787587887771110e+02
5.811550210340560296e-01	4.012995399850935314e+02
5.874394496660968468e-01	3.954277359587543401e+02
5.937176220296899176e-01	3.929480190426900208e+02
5.999971954793682505e-01	3.854088652473889738e+02
6.062679115124277596e-01	3.817857067555701178e+02
6.125469576444534381e-01	3.776177406267244123e+02
6.188477733041515272e-01	3.786907900449000977e+02
6.251310567437898813e-01	3.715254608331562167e+02
6.314027450383210560e-01	3.682935277780778165e+02
6.377003562732055375e-01	3.619139220219420281e+02
6.439857783314556494e-01	3.595677330047691953e+02
6.502685417166111925e-01	3.544685440653515229e+02
6.565586117699038216e-01	3.511048437516060403e+02
6.628369282359254377e-01	3.512089210520339861e+02
6.691185444962194362e-01	3.456385912454224467e+02
6.754070198575605755e-01	3.429857879866406165e+02
6.816835514593204692e-01	3.369098394665236924e+02
6.879592533861698112e-01	3.390546722638441111e+02
6.942344317039531587e-01	3.332818695752673079e+02
7.005175402434737908e-01	3.297470224290715350e+02
7.068124956608716758e-01	3.267764092427847800e+02
7.131019009674921527e-01	3.225730955224824470e+02
7.193918251171427247e-01	3.212766385570380407e+02
7.256833807598113140e-01	3.182966890288428203e+02
7.319652682709349989e-01	3.164293716194832200e+02
7.382507990484923344e-01	3.117112606651683677e+02
7.445265842115937893e-01	3.093914250956649994e+02
7.507871101942712455e-01	3.084322011744669680e+02
7.570758465316046459e-01	3.057180096297769865e+02
7.633641233600957365e-01	3.030358155581703841e+02
7.696462959862266917e-01	2.989908236264034258e+02
7.759394865175414102e-01	2.978153222352597140e+02
7.822329141989586843e-01	2.960311830368380583e+02
7.885314936520240181e-01	2.941908560660921808e+02
7.947896566979522071e-01	2.916550078608465810e+02
8.010491096592354809e-01	2.889101159356042103e+02
8.073364061727361651e-01	2.876389907855383967e+02
8.136229488373866170e-01	2.847781047651615722e+02
8.199152998961036776e-01	2.830640266129829001e+02
8.261952636392789762e-01	2.792854851924885224e+02
8.324897070080405914e-01	2.767101130239366285e+02
8.387959309210778480e-01	2.757781866577129222e+02
8.450634639703045181e-01	2.745064800168453871e+02
8.513282867562648182e-01	2.711702590283140921e+02
8.576198263902009566e-01	2.702855459231050759e+02
8.639058477062415697e-01	2.683252422257428407e+02
8.701838745487597837e-01	2.656533540895019314e+02
8.764641096075268534e-01	2.639223870744102669e+02
8.827503873399735745e-01	2.625891278112724763e+02
8.890332768393869323e-01	2.607934394289740681e+02
8.953084247113127780e-01	2.589109936724178169e+02
9.015956521667095602e-01	2.559853306157682482e+02
9.078833328094829680e-01	2.551445836474020439e+02
9.141744106319863450e-01	2.518661108651655525e+02
9.204630817717615043e-01	2.511424603832803371e+02
9.267434415264711456e-01	2.498572418665667954e+02
9.330324197354928906e-01	2.486687210894117754e+02
9.393265785573878812e-01	2.466744900714613777e+02
9.455974810398196650e-01	2.454355133230376396e+02
9.518660018545171964e-01	2.448447601660965631e+02
9.581413255531838757e-01	2.413424242861343032e+02
9.644350945109106954e-01	2.406642919816145536e+02
9.707355633568249820e-01	2.389315034733880623e+02
9.770080768450029041e-01	2.367397941321041799e+02
9.832823325363413414e-01	2.361028277096164061e+02
9.895569691966674686e-01	2.342098252280536599e+02
9.958456301921106979e-01	2.334568909754954404e+02
1.002136210743837408e+00	2.307894534082145697e+02
1.008404825335135424e+00	2.306925584868181147e+02
1.014694149836243398e+00	2.294107266196601813e+02
1.020992555437297167e+00	2.277778775968938305e+02
1.027273980437394485e+00	2.263995536846051380e+02
1.033559181896017254e+00	2.241125552297280876e+02
1.039847557392594934e+00	2.233640873116486034e+02
1.046126974943305088e+00	2.220963268452355805e+02
1.052403436811028659e+00	2.205358065418888316e+02
1.058680704651608684e+00	2.191401538519091048e+02
1.064964333065789193e+00	2.178272038166408322e+02
1.071256777440835473e+00	2.166420786094769255e+02
1.077544048801078125e+00	2.157416730691093392e+02
1.083824820188043603e+00	2.147619014761877452e+02
1.090108023942816695e+00	2.128758357273183321e+02
1.096389665956643222e+00	2.117695739136505608e+02
1.102681132058841440e+00	2.108472984269855601e+02
1.108963047594879958e+00	2.097173369612764589e+02
1.115225428463759272e+00	2.082331419573595213e+02
1.121502127614767863e+00	2.075636987212431563e+02
1.127792573824792033e+00	2.059373535136286080e+02
1.134089552668382961e+00	2.048343269141510348e+02
1.140364049650405942e+00	2.050251699905338967e+02
1.146639180320979445e+00	2.027881664367768906e+02
1.152942412991649901e+00	2.019186889343189364e+02
1.159228906751078814e+00	2.009857632331941488e+02
1.165508721887268173e+00	1.990220315980721466e+02
1.171793076256210320e+00	1.992182478794564986e+02
1.178087436369658958e+00	1.978703476132379535e+02
1.184367654251526902e+00	1.971121313839502420e+02
1.190634642299266632e+00	1.964946582422039398e+02
1.196912208834400859e+00	1.941067059218225097e+02
1.203201577354146234e+00	1.930997969865947255e+02
1.209486844441705733e+00	1.924694434393207700e+02
1.215763902074809888e+00	1.916896839670603185e+02
1.222049755171146668e+00	1.910004412395187785e+02
1.228340616621486969e+00	1.898286754526487243e+02
1.234632986576932767e+00	1.888932404421479703e+02
1.240902247176856488e+00	1.872928970519042196e+02
1.247174839144687519e+00	1.873351597087939524e+02
1.253465459933442272e+00	1.854989110986674348e+02
1.259749951892178421e+00	1.852148210368196146e+02
1.266032143127253873e+00	1.846036595552470203e+02
1.272316288472006507e+00	1.832957114624080646e+02
1.278604155058621350e+00	1.826545979290054049e+02
1.284886588933593865e+00	1.817775462115215817e+02
1.291175420066583257e+00	1.808907550185991226e+02
1.297465726373772332e+00	1.799671279089064058e+02
1.303741827011944299e+00	1.787026085970047404e+02
1.310017322922761851e+00	1.774012786164574038e+02
1.316301447662886703e+00	1.772598829638048983e+02
1.322586760363303249e+00	1.760907131454401622e+02
1.328865492452874664e+00	1.756749338734225887e+02
1.335144804954555564e+00	1.748880160768491692e+02
1.341440516272275119e+00	1.737841422301272303e+02
1.347730868417094552e+00	1.732102103513323073e+02
1.354001589994877630e+00	1.726572314678628857e+02
1.360282609297778444e+00	1.716024036451981374e+02
1.366565686457597906e+00	1.699869797156271432e+02
1.372851498482432708e+00	1.695704757822745989e+02
1.379135372929401804e+00	1.695618369053519245e+02
1.385409567149057164e+00	1.682750282025634192e+02
1.391698641219299315e+00	1.678848710044602512e+02
1.397984451439470810e+00	1.665729828325158337e+02
1.404267883409181961e+00	1.655996269195765080e+02
1.410554779484869181e+00	1.650145511130435239e+02
1.416837833547465397e+00	1.645058414919596146e+02
1.423118177187137068e+00	1.643706660769433938e+02
1.429397801164240089e+00	1.629431361218346410e+02
1.435686921822787232e+00	1.621375230506979506e+02
1.441977121769299597e+00	1.613664387824339030e+02
1.448253667853332427e+00	1.608305701462868740e+02
1.454532348972172651e+00	1.602535819490340430e+02
1.460819319151879903e+00	1.591205258688158324e+02
1.467110364402026468e+00	1.586892056578988957e+02
1.473392908948962132e+00	1.578986015739575350e+02
1.479669965243598950e+00	1.576631871829157205e+02
1.485956144602843532e+00	1.567042721824766147e+02
1.492233610763115115e+00	1.560637014461547665e+02
1.498502470379980078e+00	1.551188718884889681e+02
1.504785752051182701e+00	1.547372797131281459e+02
1.511075991894575976e+00	1.537543062091791057e+02
1.517361634985162189e+00	1.529863786988466359e+02
1.523648570969130533e+00	1.528873535749922326e+02
1.529938035715892264e+00	1.524304700843473768e+02
1.536230176913891965e+00	1.513049915847893203e+02
1.542510718779388279e+00	1.507801521715667548e+02
1.548783963082980275e+00	1.503820435136571234e+02
1.555073069779651318e+00	1.492010157012287550e+02
1.561357324927233892e+00	1.488967361391760278e+02
1.567629121053141006e+00	1.484921138912123695e+02
1.573913697404382583e+00	1.477751815296149971e+02
1.580203545230874029e+00	1.465894084341726966e+02
1.586485393434537983e+00	1.464080010609005171e+02
1.592760014263005841e+00	1.459085118919167030e+02
1.599046436394670812e+00	1.450771024063388666e+02
1.605342136637478934e+00	1.448978540562652597e+02
1.611619860919608627e+00	1.435911900026997898e+02
1.617897597081673799e+00	1.439867607732358579e+02
1.624183235481122756e+00	1.428714683649035919e+02
1.630464598531913722e+00	1.422615052288836353e+02
1.636748985747638274e+00	1.416477652603035722e+02
1.643030923698886259e+00	1.414934816710554060e+02
1.649309176648513064e+00	1.409406921621403228e+02
1.655593633940351861e+00	1.399525556497230241e+02
1.661879571405086464e+00	1.394374852890954060e+02
1.668169361685170271e+00	1.385414247476882963e+02
1.674450151530487485e+00	1.383970367759817464e+02
1.680722718978495900e+00	1.376415859046850017e+02
1.687013891340952476e+00	1.371582005551194072e+02
1.693308984907921033e+00	1.367487302660754835e+02
1.699582147428448486e+00	1.359763026537515884e+02
1.705863747055134105e+00	1.356985590943615421e+02
1.712154434283889470e+00	1.352344378096080959e+02
1.718438381579399321e+00	1.348828417197549641e+02
1.724721264464063930e+00	1.339742678684389432e+02
1.730997441276920679e+00	1.333872935006658622e+02
1.737287073528269499e+00	1.328609280661670482e+02
1.743567991878527401e+00	1.321445284022929911e+02
1.749840680212231048e+00	1.319830316223443560e+02
1.756128549091961144e+00	1.312228279382485709e+02
1.762413535324792502e+00	1.306360645118335526e+02
1.768696187669963837e+00	1.301699301151932104e+02
1.774979359379055266e+00	1.301230997699059628e+02
1.781265555576432957e+00	1.293344036810010493e+02
1.787549427830244619e+00	1.289794763624675511e+02
1.793834120011633004e+00	1.281580096506230859e+02
1.800115051552487300e+00	1.276267552848068334e+02
1.806393904854530330e+00	1.273072010679730539e+02
1.812674089667083432e+00	1.269314663063567394e+02
1.818956920109354058e+00	1.268081471890276219e+02
1.825244164118212220e+00	1.257136719726891840e+02
1.831527256642196955e+00	1.257986157407235623e+02
1.837811294935716599e+00	1.247448980348339660e+02
1.844100717411196744e+00	1.246024906509536834e+02
1.850384816792487230e+00	1.238414611292276959e+02
1.856666059735203822e+00	1.234846396440351555e+02
1.862947728675613979e+00	1.228006073904968787e+02
1.869229324466858078e+00	1.225342956630737348e+02
1.875517616802973686e+00	1.222630469852760768e+02
1.881800769033795229e+00	1.217666510485954348e+02
1.888078863416442710e+00	1.212545428787623365e+02
1.894353975182237582e+00	1.207863378649733050e+02
1.900642716154182565e+00	1.204607566656367368e+02
1.906933494748685121e+00	1.198251432142087225e+02
1.913207568676573933e+00	1.195247004431612936e+02
1.919490884732178992e+00	1.189145282167420703e+02
1.925776855684274480e+00	1.185089624769078114e+02
1.932064452961978152e+00	1.179137842591293719e+02
1.938342610030488800e+00	1.174408119579082381e+02
1.944618341543410178e+00	1.171494093902989135e+02
1.950906260203513876e+00	1.166996170457414763e+02
1.957194556613796488e+00	1.162043995033166368e+02
1.963479614559011432e+00	1.160279907903150303e+02
1.969760361532916226e+00	1.156000783935165401e+02
1.976048367034604736e+00	1.151261219022054689e+02
1.982337990217652335e+00	1.146425100139100977e+02
1.988617489259562721e+00	1.141436593022023089e+02
1.994896320665194178e+00	1.137464106882735848e+02
2.001179596222827151e+00	1.134415568684721620e+02
2.007459756923499761e+00	1.129987794173345748e+02
2.013737397779169935e+00	1.126118251002193205e+02
2.020017234677497164e+00	1.121564341385582395e+02
2.026310251015072783e+00	1.119143363073683588e+02
2.032600542948020284e+00	1.112160131182526897e+02
2.038873863192099289e+00	1.109139231248987585e+02
2.045154087821675404e+00	1.107500126479899052e+02
2.051444704514288730e+00	1.101514029584715786e+02
2.057730430280644729e+00	1.098325784160566769e+02
2.064013940455224461e+00	1.092023583759046801e+02
2.070299891179459895e+00	1.092636023906552794e+02
2.076589719964883951e+00	1.087550709316744673e+02
2.082865483794470673e+00	1.082073356907955457e+02
2.089134494859368640e+00	1.077626768774099872e+02
2.095424211360070288e+00	1.074797265985723556e+02
2.101707116664804254e+00	1.071772561451310821e+02
2.107986473933564309e+00	1.068936865940821264e+02
2.114271806543862375e+00	1.064392046090375175e+02
2.120552717288892275e+00	1.059091367802481898e+02
2.126836933207161717e+00	1.057982241901123075e+02
2.133122044791171845e+00	1.051604163010614315e+02
2.139411711910842673e+00	1.047272640483122643e+02
2.145697076775292089e+00	1.045834457907699715e+02
2.151973548606471276e+00	1.041384868068164167e+02
2.158259913555724108e+00	1.038254445064096814e+02
2.164545396699105506e+00	1.034489778704086262e+02
2.170830700377734068e+00	1.029656082599631048e+02
2.177114138849150393e+00	1.029380092586485489e+02
2.183387647576827018e+00	1.025345973705558436e+02
2.189670273687676971e+00	1.019673603336551793e+02
2.195960147934207463e+00	1.018316143098894031e+02
2.202242556317716371e+00	1.012798896679504850e+02
2.208521655981037668e+00	1.010786648026675323e+02
2.214804637081333016e+00	1.007221134750279532e+02
2.221092583349425276e+00	1.005311534536000551e+02
2.227372893591468728e+00	1.000039360638768500e+02
2.233657161144248171e+00	9.977395829266656335e+01
2.239943485394438660e+00	9.925751238205047855e+01
2.246224175264620815e+00	9.902263775884090080e+01
2.252506378421252009e+00	9.871841594978444334e+01
2.258783417054270437e+00	9.828166819606538240e+01
2.265069077371457684e+00	9.815709754470186965e+01
2.271350377044131452e+00	9.775507258203344918e+01
2.277633995145353918e+00	9.745862366398854704e+01
2.283922419579920149e+00	9.687302883581655522e+01
2.290202874392252674e+00	9.660212084326251158e+01
2.296490779970905560e+00	9.674329626942608229e+01
2.302771769934229162e+00	9.631219235517588118e+01
2.309051364164305564e+00	9.599928085130939337e+01
2.315338502539088239e+00	9.556187379323019115e+01
2.321627336503874428e+00	9.543855570427540158e+01
2.327911878297218795e+00	9.502928196529138916e+01
2.334186238580297168e+00	9.490417156449123581e+01
2.340467971862688401e+00	9.439144098248172554e+01
2.346756940970738725e+00	9.404447524988876239e+01
2.353044444556199988e+00	9.373927901510477056e+01
2.359327653314069906e+00	9.327640825327715390e+01
2.365603048789861607e+00	9.332163806845763077e+01
2.371885911737665165e+00	9.287242431991857927e+01
2.378173303594019572e+00	9.261586146532370378e+01
2.384454016539381271e+00	9.243925372627933257e+01
2.390736447344785187e+00	9.207435646185469125e+01
2.397014133897952259e+00	9.166111198932236448e+01
2.403295490074321972e+00	9.161378412916386083e+01
2.409585049672506862e+00	9.131150793297739199e+01
2.415871703165322071e+00	9.099701590404249885e+01
2.422160652369088840e+00	9.077090027656969085e+01
2.428440167222748691e+00	9.048520481432871065e+01
2.434717472383889803e+00	9.005320433140167324e+01
2.441002456202044257e+00	9.002097380701914631e+01
2.447289980304530488e+00	8.955828494329176692e+01
2.453571844729242279e+00	8.946784068148554070e+01
2.459852705114058846e+00	8.911980492238687646e+01
2.466139233225018934e+00	8.885701794290618238e+01
2.472421963421291391e+00	8.874236674573559469e+01
2.478698519174224568e+00	8.849839189570593589e+01
2.484980841400355800e+00	8.814866211634364390e+01
2.491269319409339822e+00	8.801450517472095214e+01
2.497548505139029373e+00	8.777205285907477617e+01
2.503831667172610853e+00	8.741055618659139270e+01
2.510117938323931153e+00	8.739971794689380147e+01
2.516400733681277480e+00	8.694053283385233044e+01
2.522688226833368130e+00	8.668438123339987555e+01
2.528971695852665569e+00	8.648902377380426287e+01
2.535252039407670299e+00	8.643200282570568049e+01
2.541537514142774512e+00	8.604358653185992978e+01
2.547823008847572179e+00	8.578935959617858487e+01
2.554100666580690238e+00	8.554234791038025776e+01
2.560376788884177301e+00	8.524025484932496965e+01
2.566667521601497359e+00	8.510426516708299971e+01
2.572955062237090473e+00	8.488736757558804413e+01
2.579233771797999175e+00	8.470765811087895258e+01
2.585520164300948220e+00	8.439013442007747301e+01
2.591805130332431872e+00	8.415193038737355380e+01
2.598084074692260881e+00	8.406639614228905089e+01
2.604360404197643586e+00	8.383894859009659228e+01
2.610647185140439142e+00	8.363103585356822123e+01
2.616931864059273138e+00	8.351831145799830836e+01
2.623206107911065565e+00	8.320636595361013121e+01
2.629491626543270844e+00	8.304010675723861823e+01
2.635778507982642349e+00	8.295777813123726219e+01
2.642061039325260818e+00	8.275190793866846661e+01
2.648343840729305843e+00	8.238623797756090994e+01
2.654631838974855551e+00	8.236577984696475596e+01
2.660919001246303761e+00	8.206436450869713894e+01
2.667198525130066056e+00	8.193886132015479973e+01
2.673484307038032526e+00	8.168140957465301710e+01
2.679773388053849459e+00	8.140570666393556110e+01
2.686058217632288692e+00	8.123374309758895606e+01
2.692338738200057868e+00	8.106086533505684599e+01
2.698618022887226964e+00	8.102722674929350433e+01
2.704895450708277860e+00	8.074049456634881494e+01
2.711175674923682166e+00	8.072421972741076956e+01
2.717459832966957922e+00	8.048153594049038873e+01
2.723745731959044569e+00	8.020427369828811948e+01
2.730038414850594730e+00	8.011695653336867906e+01
2.736317989800789441e+00	7.991424696554400953e+01
2.742591858549239703e+00	7.973899169570938739e+01
2.748879749010778362e+00	7.954147679547854466e+01
2.755163403825859447e+00	7.944642706524464870e+01
2.761446955625852073e+00	7.936405027629751885e+01
2.767732088935374701e+00	7.921795303663689936e+01
2.774015452421743966e+00	7.897100082114198472e+01
2.780298635700591436e+00	7.894631065843239526e+01
2.786577474762241380e+00	7.867679505414562868e+01
2.792857983210164541e+00	7.873056332859412976e+01
2.799143790920211483e+00	7.850569319238054788e+01
2.805430058399325244e+00	7.845992044146635180e+01
2.811715058209780072e+00	7.822194332278195361e+01
2.817989272498773623e+00	7.813293110982031919e+01
2.824269171595737760e+00	7.783243562464612353e+01
2.830563016441804081e+00	7.784100665555369858e+01
2.836848750951622034e+00	7.773569429518131813e+01
2.843130027866129783e+00	7.757632791021778473e+01
2.849413896912404986e+00	7.747438122737882793e+01
2.855697464522425566e+00	7.733298066927895320e+01
2.861978799810683594e+00	7.728110030480316084e+01
2.868262469415629567e+00	7.719053159578149348e+01
2.874547359206753860e+00	7.707165452130904271e+01
2.880831111471525041e+00	7.696178716255504071e+01
2.887113216972382546e+00	7.684382719570162124e+01
2.893394504725182781e+00	7.672447913767844341e+01
2.899673662137033592e+00	7.668303375030184554e+01
2.905953958587380814e+00	7.651226215272168929e+01
2.912241118105161064e+00	7.647893159776447192e+01
2.918525996366671205e+00	7.642339232070163746e+01
2.924809035425688819e+00	7.647285973148240146e+01
2.931095916293684933e+00	7.620279485936525532e+01
2.937378182606774413e+00	7.605867718187721493e+01
2.943659980254369923e+00	7.615999041193619234e+01
2.949946454403890250e+00	7.602151097199453034e+01
2.956227653702202307e+00	7.607657104145539506e+01
2.962510478867462993e+00	7.589516188152849452e+01
2.968796535179442309e+00	7.584230336357306612e+01
2.975077657376874907e+00	7.579576371489255848e+01
2.981359866759223376e+00	7.583129953800212775e+01
2.987646761575656562e+00	7.580663893472848258e+01
2.993929038370399365e+00	7.575479627660777737e+01
3.000206214840962726e+00	7.565337246343611355e+01
3.006486172402415669e+00	7.550126577302937392e+01
3.012769812211594456e+00	7.559572783432304277e+01
3.019053144326170113e+00	7.550804800679617301e+01
3.025337405144251424e+00	7.543746948023853349e+01
3.031623734799107961e+00	7.549945651364984656e+01
3.037908962055872575e+00	7.561258139982797388e+01
3.044195067146031608e+00	7.541014360388142279e+01
3.050475543482170426e+00	7.553002849625123361e+01
3.056754954538277502e+00	7.539134392223506609e+01
3.063040539557494668e+00	7.544320320967545968e+01
3.069323699454357346e+00	7.542649455411684301e+01
3.075610692642898769e+00	7.537082955157950437e+01
3.081893798009918584e+00	7.550063898553661090e+01
3.088174549548037717e+00	7.548430433068949696e+01
3.094458635632868493e+00	7.549344895028254143e+01
3.100743982931558840e+00	7.544522992194920619e+01
3.107028111748448396e+00	7.534685240160094111e+01
3.113309299655494300e+00	7.555859937376071400e+01
3.119590662867241626e+00	7.556529754311166869e+01
3.125874006820172912e+00	7.568286014081728297e+01
3.132159251154602586e+00	7.560411159817999760e+01
3.138439172765940643e+00	7.580196969720867628e+01
3.144723867719826593e+00	7.577437852263305729e+01
3.151003951258561031e+00	7.586650947987669724e+01
3.157283664131563139e+00	7.584999898073257896e+01
3.163569317183839935e+00	7.592920788575909796e+01
3.169851661717792091e+00	7.599976988466785599e+01
3.176137704316093657e+00	7.607871969370839338e+01
3.182420924828643916e+00	7.604819428961610583e+01
3.188702811875577581e+00	7.614581628846603678e+01
3.194990520008989865e+00	7.634174033467922982e+01
3.201275324656983834e+00	7.643659708781652284e+01
3.207551352179861759e+00	7.648056268898982069e+01
3.213835216737041645e+00	7.661820725405094379e+01
3.220122579819103770e+00	7.659079779004837008e+01
3.226406606618656525e+00	7.638244800310219773e+01
3.232687390085645429e+00	7.629656131168918876e+01
3.238969121280456331e+00	7.612673375958458166e+01
3.245254751548589667e+00	7.596673087105364175e+01
3.251534499036136783e+00	7.582477033648463305e+01
3.257817780791052442e+00	7.572596216161700511e+01
3.264102164154097263e+00	7.542478188562068908e+01
3.270384152138468892e+00	7.547316139836841842e+01
3.276669427476867735e+00	7.525103511689187030e+01
3.282954688864507808e+00	7.512078015971533773e+01
3.289237200334947264e+00	7.502786493207345586e+01
3.295519587088236779e+00	7.483256067246125554e+01
3.301805977329951958e+00	7.481607759894339438e+01
3.308087486222440088e+00	7.461079394637657458e+01
3.314367630234227313e+00	7.449310234173842105e+01
3.320651909732194262e+00	7.431340146870866192e+01
3.326931260376857047e+00	7.422006939461017794e+01
3.333216512447217728e+00	7.397029027894912190e+01
3.339504489419978128e+00	7.396321989979807654e+01
3.345786804809928405e+00	7.383829871741082229e+01
3.352071130016277767e+00	7.367188795737949647e+01
3.358351496304225581e+00	7.371333624664113415e+01
3.364630591073392019e+00	7.345324540929961188e+01
3.370916305215045483e+00	7.338770785993575885e+01
3.377197952029413752e+00	7.318703471168937824e+01
3.383483063818085501e+00	7.317152397056877078e+01
3.389769992424469969e+00	7.306984867599251743e+01
3.396051330885982100e+00	7.282200076733690253e+01
3.402330879139463971e+00	7.277914839189114105e+01
3.408610488352048495e+00	7.271918374722073963e+01
3.414897837696641236e+00	7.264453462599774980e+01
3.421180484052105619e+00	7.249925473294817380e+01
3.427461639653846870e+00	7.235560295394759578e+01
3.433749159643459059e+00	7.227718602686789495e+01
3.440032646656798310e+00	7.213779936324357323e+01
3.446313366033385339e+00	7.203169498645942781e+01
3.452600135384134905e+00	7.195593698965598151e+01
3.458883152815406703e+00	7.186495379165629060e+01
3.465163834403715448e+00	7.180126154088797819e+01
3.471449329786229221e+00	7.162412057822403710e+01
3.477734476754053894e+00	7.167409351422104180e+01
3.484019652467224226e+00	7.151433088817677231e+01
3.490297019369712928e+00	7.136675821494085881e+01
3.496582486484379970e+00	7.126982342005082671e+01
3.502868048046865024e+00	7.122987783076355583e+01
3.509144649545451244e+00	7.111809367011936445e+01
3.515428082003116295e+00	7.101906976387326154e+01
3.521711031624695565e+00	7.092187869979152026e+01
3.527991850954735664e+00	7.094933886290522196e+01
3.534275545726699885e+00	7.075923899678075202e+01
3.540562632020772149e+00	7.072847396297309785e+01
3.546844410757220789e+00	7.059565808806350162e+01
3.553131386753758836e+00	7.053603847683662309e+01
3.559419203211965144e+00	7.045065537538063438e+01
3.565697971577579839e+00	7.058714935680116298e+01
3.571979559134798254e+00	7.040207561890193233e+01
3.578265774595833726e+00	7.024907836958097107e+01
3.584548309769353125e+00	7.028302377206939866e+01
3.590826843920031486e+00	7.006987209381857440e+01
3.597107306745233934e+00	7.003817363709808319e+01
3.603392831792229245e+00	6.999512673887410585e+01
3.609673209822572559e+00	7.003837143663733400e+01
3.615955412133016189e+00	6.995622839148340688e+01
3.622241607772384686e+00	6.976432048275999875e+01
3.628520252736676444e+00	6.976143954400424718e+01
3.634804827569451113e+00	6.968800202169418867e+01
3.641094981788862928e+00	6.974449911999306551e+01
3.647383514928639325e+00	6.961617530587486158e+01
3.653663283927725658e+00	6.965162972861349999e+01
3.659943504072155296e+00	6.951890521680027746e+01
3.666232000281138603e+00	6.947478637388503842e+01
3.672514211678317597e+00	6.936313185106446610e+01
3.678794154686042539e+00	6.930736064463874868e+01
3.685078621861909820e+00	6.938047836924111778e+01
3.691359210097977961e+00	6.931958220557538652e+01
3.697642368173791105e+00	6.919130468575578163e+01
3.703925796735277665e+00	6.925276210318273229e+01
3.710208240364660348e+00	6.926299313463633212e+01
3.716494593122387169e+00	6.917430217516559310e+01
3.722775386659595398e+00	6.917001656010887700e+01
3.729058392883481510e+00	6.911463565412626053e+01
3.735339748210807720e+00	6.914226005622089133e+01
3.741620776392969638e+00	6.902633978160967843e+01
3.747904795418762980e+00	6.906764209000148469e+01
3.754190633281219380e+00	6.909303676092083890e+01
3.760478208018912749e+00	6.897640489492185623e+01
3.766755538573464346e+00	6.894271005058180890e+01
3.773032090135151506e+00	6.892149138133687813e+01
3.779322553012896879e+00	6.880893094409576349e+01
3.785609109731308930e+00	6.895366638576371088e+01
3.791889825936295200e+00	6.896900126380693052e+01
3.798174822702435893e+00	6.892444239335081591e+01
3.804458658753491651e+00	6.882375900082271869e+01
3.810738438095723435e+00	6.897307474549619144e+01
3.817018850285747167e+00	6.879324809606841029e+01
3.823305314209427763e+00	6.894660425621425759e+01
3.829591295197792178e+00	6.896578661478969252e+01
3.835872296070849341e+00	6.872032263753867198e+01
3.842156279590906109e+00	6.887273770487259128e+01
3.848441511099312429e+00	6.899874732184319726e+01
3.854723334376886079e+00	6.884365480313719843e+01
3.861004740704794713e+00	6.897692130687569545e+01
3.867284336650660848e+00	6.892129359139222800e+01
3.873567367678779849e+00	6.886323764026342076e+01
3.879850662830422792e+00	6.886642580390270041e+01
3.886137063198143338e+00	6.894843669339969949e+01
3.892419463049126005e+00	6.909941266403114923e+01
3.898703740328622658e+00	6.897338970993038743e+01
3.904991458788179326e+00	6.903803025339259136e+01
3.911270842222104083e+00	6.895039194078748324e+01
3.917549806479573071e+00	6.900638304690384928e+01
3.923836006203090587e+00	6.917106044583712787e+01
3.930121452497870926e+00	6.912453195893249358e+01
3.936398172858230460e+00	6.916203516992952416e+01
3.942683040425962293e+00	6.920385798060266325e+01
3.948974759704379611e+00	6.923059633705402405e+01
3.955259227995065352e+00	6.931690948393406870e+01
3.961537174921395454e+00	6.936360204381342953e+01
3.967820217617139544e+00	6.937368647992090587e+01
3.974105559832568968e+00	6.944792249975392906e+01
3.980384727931198352e+00	6.925155046064786291e+01
3.986664590839849698e+00	6.946299985282777811e+01
3.992949619150675034e+00	6.955920157224733202e+01
3.999235075769965952e+00	6.957233298834550794e+01
4.005515715515433506e+00	6.975441753006785461e+01
4.011798434346478537e+00	6.966264803173655196e+01
4.018083716245132386e+00	6.975482051360174296e+01
4.024365700052603856e+00	6.980472850240832372e+01
4.030643960839860540e+00	6.983735719256243613e+01
4.036928708926215137e+00	7.001480924541269246e+01
4.043218157412017177e+00	7.003316078057278560e+01
4.049503019487663558e+00	7.011984054900014485e+01
4.055781898960511000e+00	7.028608340626723816e+01
4.062060795621602161e+00	7.029068289185799756e+01
4.068347865354716042e+00	7.035644390214740440e+01
4.074631027173265529e+00	7.045843783734747490e+01
4.080910837526078971e+00	7.054822735508922449e+01
4.087201203341442657e+00	7.064767371490003711e+01
4.093486818591942189e+00	7.073508002698305575e+01
4.099764387336505500e+00	7.088270617192004863e+01
4.106049166937662420e+00	7.085662401469083704e+01
4.112334559041358695e+00	7.101104426926808344e+01
4.118618926059533614e+00	7.098244849056884220e+01
4.124898942031112625e+00	7.130716076002650539e+01
4.131175432561665417e+00	7.119885867651215960e+01
4.137461563786142271e+00	7.136759139549045017e+01
4.143746006210170307e+00	7.167581385593435073e+01
4.150029800482964326e+00	7.173768318356732721e+01
4.156313390684649001e+00	7.190766430894458949e+01
4.162596105843763716e+00	7.199097507844474819e+01
4.168881843141768684e+00	7.203571272978321360e+01
4.175162111073220217e+00	7.226968146579608288e+01
4.181448573417560155e+00	7.233600972682985741e+01
4.187738782464171194e+00	7.253747186009293557e+01
4.194017437180169061e+00	7.273506134706313730e+01
4.200293572701767175e+00	7.269105759692888569e+01
4.206580195481546269e+00	7.272974088138830950e+01
4.212860644652220543e+00	7.295613555058415045e+01
4.219138153430114002e+00	7.329868800284958752e+01
4.225426162098283811e+00	7.318348536221509448e+01
4.231713506719782636e+00	7.346742913903561600e+01
4.237990056577191744e+00	7.358466539535730533e+01
4.244267783646744618e+00	7.372367652690837758e+01
4.250560660182562955e+00	7.391532704818988009e+01
4.256847734842668096e+00	7.417667515318747462e+01
4.263127100734456221e+00	7.433526328815607087e+01
4.269406860432507500e+00	7.438284788209449516e+01
4.275691671482192646e+00	7.460608895179413480e+01
4.281972414189518794e+00	7.479239211308374990e+01
4.288253516806755705e+00	7.501322662686736464e+01
4.294540520160492925e+00	7.519376512687234992e+01
4.300825742921731809e+00	7.525030237412330791e+01
4.307109835491901961e+00	7.541693188820063654e+01
4.313390926478413157e+00	7.555426533601757910e+01
4.319667979480563247e+00	7.584740844074545407e+01
4.325952598143786076e+00	7.601277668460437553e+01
4.332241647035422361e+00	7.618085109769967289e+01
4.338524445619096781e+00	7.640011714535249610e+01
4.344809348131129845e+00	7.645387908341896832e+01
4.351090699193166600e+00	7.654820732797784899e+01
4.357369710808320029e+00	7.669967253561245002e+01
4.363659348967174445e+00	7.692366790028957269e+01
4.369947418280990981e+00	7.736586880732980376e+01
4.376226569265827315e+00	7.760237751323406030e+01
4.382499356631129217e+00	7.738110998014478525e+01
4.388784975178015024e+00	7.776905682004395715e+01
4.395068696309480494e+00	7.766560141300685416e+01
4.401347962382031298e+00	7.831025773111163346e+01
4.407628405096517099e+00	7.826228098131230126e+01
4.413915862185140426e+00	7.828288271785520180e+01
4.420203163534264235e+00	7.865982898480611141e+01
4.426480311003382795e+00	7.853974999456346495e+01
4.432765973643649104e+00	7.894185214566810771e+01
4.439053392023870614e+00	7.891675842832626131e+01
4.445336141335588742e+00	7.930020956125055420e+01
4.451617241414883352e+00	7.905169274217719533e+01
4.457901500730311106e+00	7.929211252893652784e+01
4.464189501093017043e+00	7.973066914339366917e+01
4.470470197548729985e+00	7.968825688576809796e+01
4.476748044268524573e+00	7.978580407399928731e+01
4.483035990164653484e+00	7.957784664850950662e+01
4.489323331650528104e+00	7.975585743076905487e+01
4.495599111667934800e+00	7.973265171323514267e+01
4.501870922878794090e+00	7.988641640103129760e+01
4.508155162877705457e+00	7.992809289073136370e+01
4.514446451153479423e+00	7.981872822365532727e+01
4.520723894043856994e+00	7.998640936641574228e+01
4.527003782460155890e+00	7.956929828109066705e+01
4.533293086610313161e+00	7.931584968120954215e+01
4.539578989864040182e+00	7.953546075496907974e+01
4.545857164866476730e+00	7.932640425976194365e+01
4.552138955546025656e+00	7.931050292520534128e+01
4.558432046889146605e+00	7.902055451548667975e+01
4.564713463378488711e+00	7.894267368632814907e+01
4.570987274133244682e+00	7.882002751067808788e+01
4.577274818151045643e+00	7.862785120338939748e+01
4.583563263889338657e+00	7.888939822122959811e+01
4.589844917004465508e+00	7.889797393094782763e+01
4.596126259982004747e+00	7.895376932760399313e+01
4.602409075598298926e+00	7.886419818420483807e+01
4.608696634867644804e+00	7.906309913238358433e+01
4.614977646498861219e+00	7.890788186801968607e+01
4.621258953029527383e+00	7.893608757090585470e+01
4.627547993978874175e+00	7.903794572214674474e+01
4.633830152730579854e+00	7.928815707976653471e+01
4.640104005367354567e+00	7.956788637292305566e+01
4.646382060386754276e+00	7.931635212168967541e+01
4.652674213731970987e+00	7.936287098501757953e+01
4.658958291796220230e+00	7.938912175921286973e+01
4.665233615070169648e+00	7.972480646380653013e+01
4.671520675710307380e+00	7.970226420728124594e+01
4.677814351732177300e+00	7.993216692463936113e+01
4.684093699744638073e+00	7.983012206732418292e+01
4.690368661472568590e+00	8.009733701430020858e+01
4.696663270746453733e+00	8.011314171784181326e+01
4.702945459248681459e+00	8.029088614681479896e+01
4.709209170841929470e+00	8.049127490765749826e+01
4.715491634753063543e+00	8.065791757171307097e+01
4.721784316284933780e+00	8.073820505494724387e+01
4.728063062331094635e+00	8.075992591883242255e+01
4.734337423381671073e+00	8.087472802260664650e+01
4.740627024094544062e+00	8.110826901520697163e+01
4.746914995664547554e+00	8.143541306612542030e+01
4.753194740071086777e+00	8.131048482093231655e+01
4.759478891864783456e+00	8.182755062376909905e+01
4.765762396877359031e+00	8.182934382978866950e+01
4.772049481246195768e+00	8.207077769617150409e+01
4.778335091022592351e+00	8.255853401834551164e+01
4.784610831402393849e+00	8.238227695247536531e+01
4.790907306208476157e+00	8.223833361895371752e+01
4.797204047706418173e+00	8.245499414528481452e+01
4.803470827697504220e+00	8.290562681557938163e+01
4.809748850577324042e+00	8.313431316138444060e+01
4.816045316586602176e+00	8.349761352551065841e+01
4.822329240673497885e+00	8.365141911216875314e+01
4.828596758226470165e+00	8.394037226827660447e+01
4.834890332961369275e+00	8.414159993221575462e+01
4.841191655056394261e+00	8.467550688978884921e+01
4.847460407468000554e+00	8.444098796819956476e+01
4.853732128521334843e+00	8.522404768885500914e+01
4.860029138783373170e+00	8.529460521624319824e+01
4.866314601732018019e+00	8.532507615090135289e+01
4.872587026269203925e+00	8.569592621849734826e+01
4.878874221748241702e+00	8.615452762424058619e+01
4.885171078138658807e+00	8.593743279512528943e+01
4.891450629931857641e+00	8.657264993783300611e+01
4.897716482750221978e+00	8.683914270692324067e+01
4.904002834596266069e+00	8.729642921483808493e+01
4.910295858205786068e+00	8.750096514860585728e+01
4.916575188115905881e+00	8.797579518987086544e+01
4.922847946197084212e+00	8.837126649106602372e+01
4.929131667457151700e+00	8.869172764695758815e+01
4.935434460144239033e+00	8.919262528462193984e+01
4.941718513303545279e+00	8.930464781046617873e+01
4.947978624761803168e+00	8.973228295738429949e+01
4.954274999209829389e+00	9.050123922098589446e+01
4.960571094729937514e+00	9.077956819645180531e+01
4.966823207626954506e+00	9.072549774391104904e+01
4.973097418390337587e+00	9.109715471059951142e+01
4.979415129936382023e+00	9.136689384170155392e+01
4.985702082330368157e+00	9.218137683306179042e+01
4.991949985828016523e+00	9.197096904562251041e+01
4.998241586316924057e+00	9.333880384047486700e+01
5.004556635606089543e+00	9.305707287742897904e+01
5.010828655701208945e+00	9.409737732813849220e+01
5.017077229702536556e+00	9.445585274233158657e+01
5.023374414758113637e+00	9.440375663756951496e+01
5.029688873569548413e+00	9.464080249112529941e+01
5.035958413584124216e+00	9.616465774028414160e+01
5.042232667658486989e+00	9.614735191893578303e+01
5.048528755870775875e+00	9.686701964464361936e+01
5.054821121427484520e+00	9.821440542510194405e+01
5.061069509814582368e+00	9.760414972384580778e+01
5.067347812754101177e+00	9.753352873497185271e+01
5.073675050630431116e+00	9.790251848593280215e+01
5.079945928388977627e+00	9.916108138436545971e+01
5.086192992546071601e+00	9.981519764716099985e+01
5.092484128970163226e+00	1.005443570422303310e+02
5.098802924706086870e+00	1.012851073598478848e+02
5.105078217426394005e+00	1.020620318358405854e+02
5.111325076574067872e+00	1.021367659028059620e+02
5.117628358851224135e+00	1.030211360784834937e+02
5.123935939383525984e+00	1.036512348763137368e+02
5.130199176325612065e+00	1.042959516980097590e+02
5.136469985878846956e+00	1.048708178669180313e+02
5.142797788696348071e+00	1.050334790182734253e+02
5.149090378043822192e+00	1.069961911589965666e+02
5.155289879840074363e+00	1.069532493154025445e+02
5.161564521234301317e+00	1.079515596437120593e+02
5.167916673496016244e+00	1.085178164512998791e+02
5.174205974602950064e+00	1.104253792090466106e+02
5.180434820793812456e+00	1.097313856814809583e+02
5.186729096569634656e+00	1.110296857581483323e+02
5.193058481037780894e+00	1.115483867283610948e+02
5.199319511444338460e+00	1.130527618115852846e+02
5.205574295584361799e+00	1.131390366357858142e+02
5.211894977074066126e+00	1.141194612414006997e+02
5.218201708336958511e+00	1.155341723553068221e+02
5.224411911780083351e+00	1.157122767519469306e+02
5.230677632666463239e+00	1.174710214104885324e+02
5.237056729559757429e+00	1.179523491070623606e+02
5.243336785035660697e+00	1.192725706822985217e+02
5.249493476178225038e+00	1.192125581121922977e+02
5.255787017738318134e+00	1.197725683931150229e+02
5.262205327426889845e+00	1.210589881699027188e+02
5.268477758348532269e+00	1.217602959353323513e+02
5.274632213654732560e+00	1.251393597633437054e+02
5.280950543314659740e+00	1.246671890322530913e+02
5.287327645024750389e+00	1.274709056705460029e+02
5.293582359180156516e+00	1.271783107311280645e+02
5.299789992649893478e+00	1.291784113927056978e+02
5.306111460381987222e+00	1.286418683157290843e+02
5.312452717892129250e+00	1.310121742450562294e+02
5.318650122853046724e+00	1.326491669554620501e+02
5.324923043129819789e+00	1.328659028148391883e+02
5.331330237158205421e+00	1.341468224479580726e+02
5.337586726886338617e+00	1.372468160243358284e+02
5.343685192440848830e+00	1.369786230292390883e+02
5.350070659715249199e+00	1.386253147951383369e+02
5.356556762554878226e+00	1.391542229637092589e+02
5.362691868684501095e+00	1.418441454106728656e+02
5.368769208912516966e+00	1.422562136186122075e+02
5.375270137997677722e+00	1.433092098602665203e+02
5.381769983045385786e+00	1.436552386049700942e+02
5.387701030372958222e+00	1.479526312227554854e+02
5.393786668001271600e+00	1.494747529398218830e+02
5.400446161099396569e+00	1.515022667467868587e+02
5.406957063684501463e+00	1.533702572933964063e+02
5.412655672453426270e+00	1.534942499564716911e+02
5.418821279260546575e+00	1.558106172862725316e+02
5.425690594366304076e+00	1.578433057675719908e+02
5.432217487502165376e+00	1.566131055666089651e+02
5.437649811577258241e+00	1.600643341203892192e+02
5.443914404015878006e+00	1.621167854812079270e+02
5.450953501686320202e+00	1.632819169742778058e+02
5.457483690405861232e+00	1.633283384111862802e+02
5.462715250135157241e+00	1.674279275179870297e+02
5.469033575551323523e+00	1.707056653141277138e+02
5.476177730420278778e+00	1.749958189023093382e+02
5.482708935702562236e+00	1.790361043088634574e+02
5.487722405008360838e+00	1.709780793238852539e+02
5.494194284996126498e+00	1.713728878804088254e+02
5.501391471009256406e+00	1.819076120051717567e+02
5.507128202673079009e+00	1.794031023977368307e+02
5.512278020050448646e+00	1.887548229935092934e+02
5.519395563377015534e+00	1.816575296169461637e+02
5.526598678609708770e+00	1.911786401763669687e+02
5.532162682462509196e+00	1.929576058382070016e+02
5.537397124017139127e+00	1.919131574065097539e+02
5.544582756485218589e+00	1.830248266582115377e+02
5.551739327507637434e+00	2.192313135917848967e+02
5.557493306674907707e+00	1.999260810734978691e+02
5.562281709102816940e+00	2.365943803786483670e+02
5.569272720323164449e+00	1.971329773975520823e+02
