8.899641224696953554e-03	6.312745066173838859e+04
1.507912216506557788e-02	7.321634869806897768e+04
2.144790186456836667e-02	6.525969943584952125e+04
2.783660776489276650e-02	5.471609064550852054e+04
3.435099785803411021e-02	3.355030389919317531e+04
4.047886761425745911e-02	2.555500582634906459e+04
4.676716683575679601e-02	2.235944113947348524e+04
5.308225101765951665e-02	1.827934247276406677e+04
5.945362440940590160e-02	1.845325061453198578e+04
6.576224814588792211e-02	1.786087983165944024e+04
7.196632906698736953e-02	1.578311236465307775e+04
7.827860915688347743e-02	1.317924265033576376e+04
8.470398945834539672e-02	1.106809870922658229e+04
9.096854620527369817e-02	9.444777271428700260e+03
9.720789776830213169e-02	8.121010750017097962e+03
1.034763038959366499e-01	7.277989244930269706e+03
1.097576444254559219e-01	7.180921748254500926e+03
1.160543084780093354e-01	6.848593766209854948e+03
1.223669666537485351e-01	6.586263536951698370e+03
1.286817263090294094e-01	5.992463258232847693e+03
1.349500801664080818e-01	5.711691994468746088e+03
1.411949558842147678e-01	5.386055879896486658e+03
1.475133575747468451e-01	4.924450706415259447e+03
1.537865074252268427e-01	4.534052148720258629e+03
1.600657544051110326e-01	4.248309350189384531e+03
1.663991168687080635e-01	4.077780501607688166e+03
1.727195645776442856e-01	3.915869146946709861e+03
1.789765213377084718e-01	3.673558583029128386e+03
1.852353690647852158e-01	3.598806347715950324e+03
1.914806787341157279e-01	3.472786809599921980e+03
1.977889868651535599e-01	3.342456301589411851e+03
2.040937735447724277e-01	3.120222066982220895e+03
2.103939302609846018e-01	2.996509693634374344e+03
2.166909709822301688e-01	2.921171330120505900e+03
2.229700281216152047e-01	2.786212455739546840e+03
2.292620027086341994e-01	2.725681257773343532e+03
2.355141508366812297e-01	2.661386911328194401e+03
2.417910583817859116e-01	2.517490162459784187e+03
2.480856539439619257e-01	2.478193468862732971e+03
2.543492256872954549e-01	2.332302381901917215e+03
2.606334251884805386e-01	2.345258165748835381e+03
2.669257370896960802e-01	2.220809602913394883e+03
2.732423343141155980e-01	2.203971591738704319e+03
2.795529680084415936e-01	2.203303103537713923e+03
2.858366292314493129e-01	2.098720126463897486e+03
2.920876271394311496e-01	2.020374493286346024e+03
2.983449844439822751e-01	1.965943913963434852e+03
3.046382639407197446e-01	1.926090814779199491e+03
3.109279127003197196e-01	1.874367935084186456e+03
3.172168171618398036e-01	1.860082248811277850e+03
3.235187567944423082e-01	1.810397727322979108e+03
3.298168217550395687e-01	1.781648546751362119e+03
3.361176429457156667e-01	1.740042093777446780e+03
3.423700375709273769e-01	1.704579142239127350e+03
3.486478192666269682e-01	1.669835994981883914e+03
3.549411614411318028e-01	1.630746499769194088e+03
3.611916935421040642e-01	1.605788389144819803e+03
3.674767089563572564e-01	1.580713854668393424e+03
3.737647795277591056e-01	1.570743873173250677e+03
3.800654031475132477e-01	1.520892795100923649e+03
3.863539861259823738e-01	1.490944511401662112e+03
3.926140181364449755e-01	1.485499276572641065e+03
3.989264500321934581e-01	1.439743098279099513e+03
4.052073244576828714e-01	1.437599041667628171e+03
4.114916477570477182e-01	1.423304001965410862e+03
4.177814272116491257e-01	1.384402381206514519e+03
4.240400648725131116e-01	1.344839467998285272e+03
4.303425690270192283e-01	1.350697211324060845e+03
4.366358560255625965e-01	1.338730890431028229e+03
4.428996183220763605e-01	1.311800091868894924e+03
4.491634418529859563e-01	1.282659006444699799e+03
4.554414146254732731e-01	1.272431200607884648e+03
4.617634470301058558e-01	1.257452737718028629e+03
4.680644242023710433e-01	1.250340710001892376e+03
4.743485242764365895e-01	1.215569279362863426e+03
4.806356136815400082e-01	1.207548354389837414e+03
4.869019258388697646e-01	1.198355116419893875e+03
4.931697099599955947e-01	1.174442371382202964e+03
4.994506747144535908e-01	1.164307465867394967e+03
5.057159051335421429e-01	1.132485775361246169e+03
5.119923996268095356e-01	1.120755757655465231e+03
5.183126097768406826e-01	1.126560152136799616e+03
5.246089638029100000e-01	1.103149736438831042e+03
5.308757308483337267e-01	1.087586759278583258e+03
5.371573527946726934e-01	1.086002158128444307e+03
5.434579563783791256e-01	1.069545460635259360e+03
5.497430652392217842e-01	1.051413442451176707e+03
5.559937427501778773e-01	1.049536472467443673e+03
5.622854676609657654e-01	1.038923981112723595e+03
5.686011537227265711e-01	1.030034016213365021e+03
5.748804589422079614e-01	1.009245232891956107e+03
5.811550210340560296e-01	1.001846192395452476e+03
5.874394496660968468e-01	9.941403231343393827e+02
5.937176220296899176e-01	9.813487157373343734e+02
5.999971954793682505e-01	9.707582768126997053e+02
6.062679115124277596e-01	9.627211489407872023e+02
6.125469576444534381e-01	9.574668773498771088e+02
6.188477733041515272e-01	9.413963609543326356e+02
6.251310567437898813e-01	9.312348318410489583e+02
6.314027450383210560e-01	9.300625263554886715e+02
6.377003562732055375e-01	9.194700631293186461e+02
6.439857783314556494e-01	9.117190366478557735e+02
6.502685417166111925e-01	9.037894344207990116e+02
6.565586117699038216e-01	8.939872791195360833e+02
6.628369282359254377e-01	8.796436150145516422e+02
6.691185444962194362e-01	8.743452727674940661e+02
6.754070198575605755e-01	8.696683633822904085e+02
6.816835514593204692e-01	8.661181186991176446e+02
6.879592533861698112e-01	8.509424349332839483e+02
6.942344317039531587e-01	8.456542686515841751e+02
7.005175402434737908e-01	8.388412798720652290e+02
7.068124956608716758e-01	8.352359857093724713e+02
7.131019009674921527e-01	8.294640570757298974e+02
7.193918251171427247e-01	8.164320948257404780e+02
7.256833807598113140e-01	8.129730789094099919e+02
7.319652682709349989e-01	8.071720739605189010e+02
7.382507990484923344e-01	7.998005094526141647e+02
7.445265842115937893e-01	7.944145126529651861e+02
7.507871101942712455e-01	7.868764567366951042e+02
7.570758465316046459e-01	7.811227301863195862e+02
7.633641233600957365e-01	7.696103401862548026e+02
7.696462959862266917e-01	7.681846465248129334e+02
7.759394865175414102e-01	7.598720923824142801e+02
7.822329141989586843e-01	7.561197111734155669e+02
7.885314936520240181e-01	7.504255312580004329e+02
7.947896566979522071e-01	7.443149771583508709e+02
8.010491096592354809e-01	7.392633973097898661e+02
8.073364061727361651e-01	7.314689663145968552e+02
8.136229488373866170e-01	7.294264738964754997e+02
8.199152998961036776e-01	7.209044567852776026e+02
8.261952636392789762e-01	7.151393967130916280e+02
8.324897070080405914e-01	7.098716612098545511e+02
8.387959309210778480e-01	7.031917487153159527e+02
8.450634639703045181e-01	7.014378515774443485e+02
8.513282867562648182e-01	7.019058543600212943e+02
8.576198263902009566e-01	6.916531898245885941e+02
8.639058477062415697e-01	6.862174389500971756e+02
8.701838745487597837e-01	6.793028157489551404e+02
8.764641096075268534e-01	6.756467029730354170e+02
8.827503873399735745e-01	6.728575075685993170e+02
8.890332768393869323e-01	6.651796430000046030e+02
8.953084247113127780e-01	6.637100315598113411e+02
9.015956521667095602e-01	6.562805462397185465e+02
9.078833328094829680e-01	6.525342250317521575e+02
9.141744106319863450e-01	6.477942972753743334e+02
9.204630817717615043e-01	6.440742080821009949e+02
9.267434415264711456e-01	6.373849294452835466e+02
9.330324197354928906e-01	6.331439723346744586e+02
9.393265785573878812e-01	6.274520421802885721e+02
9.455974810398196650e-01	6.249555708012179593e+02
9.518660018545171964e-01	6.196002866363713792e+02
9.581413255531838757e-01	6.180506488398173133e+02
9.644350945109106954e-01	6.138191391877911656e+02
9.707355633568249820e-01	6.053758340161581373e+02
9.770080768450029041e-01	6.058224448950969645e+02
9.832823325363413414e-01	5.997649096738140315e+02
9.895569691966674686e-01	5.970880544614166183e+02
9.958456301921106979e-01	5.914238953289579968e+02
1.002136210743837408e+00	5.902884636913885288e+02
1.008404825335135424e+00	5.823086497776351962e+02
1.014694149836243398e+00	5.791712925264632759e+02
1.020992555437297167e+00	5.733523983019099433e+02
1.027273980437394485e+00	5.724335374669529983e+02
1.033559181896017254e+00	5.686712677740575828e+02
1.039847557392594934e+00	5.673100397060233036e+02
1.046126974943305088e+00	5.632770183096846495e+02
1.052403436811028659e+00	5.593455621699761195e+02
1.058680704651608684e+00	5.535918674520241893e+02
1.064964333065789193e+00	5.530491104504009172e+02
1.071256777440835473e+00	5.481838878409957942e+02
1.077544048801078125e+00	5.434875235747532543e+02
1.083824820188043603e+00	5.415335596811670484e+02
1.090108023942816695e+00	5.356168176797931437e+02
1.096389665956643222e+00	5.326582955145366896e+02
1.102681132058841440e+00	5.285418576257120549e+02
1.108963047594879958e+00	5.270736171017057359e+02
1.115225428463759272e+00	5.222923767210961614e+02
1.121502127614767863e+00	5.214796967937681984e+02
1.127792573824792033e+00	5.154909763360024044e+02
1.134089552668382961e+00	5.134275816854003551e+02
1.140364049650405942e+00	5.095578908470425858e+02
1.146639180320979445e+00	5.056266914052405923e+02
1.152942412991649901e+00	5.057998508890602807e+02
1.159228906751078814e+00	5.015891565884587067e+02
1.165508721887268173e+00	4.968770198573195671e+02
1.171793076256210320e+00	4.959843736337819564e+02
1.178087436369658958e+00	4.914190899680302778e+02
1.184367654251526902e+00	4.897803649662086514e+02
1.190634642299266632e+00	4.864352841919489947e+02
1.196912208834400859e+00	4.833829051203412632e+02
1.203201577354146234e+00	4.780066566896437621e+02
1.209486844441705733e+00	4.758746558289322479e+02
1.215763902074809888e+00	4.754374852607878665e+02
1.222049755171146668e+00	4.701629982794750049e+02
1.228340616621486969e+00	4.693307282159213969e+02
1.234632986576932767e+00	4.641351948729561627e+02
1.240902247176856488e+00	4.613348501531640409e+02
1.247174839144687519e+00	4.595522182573973851e+02
1.253465459933442272e+00	4.572956442768351621e+02
1.259749951892178421e+00	4.557735933727804536e+02
1.266032143127253873e+00	4.519685881443824655e+02
1.272316288472006507e+00	4.490880366850003043e+02
1.278604155058621350e+00	4.462593316319417340e+02
1.284886588933593865e+00	4.432252242166970291e+02
1.291175420066583257e+00	4.411839510037884793e+02
1.297465726373772332e+00	4.386469570963061528e+02
1.303741827011944299e+00	4.353535292907458256e+02
1.310017322922761851e+00	4.323259450079656290e+02
1.316301447662886703e+00	4.294089674456463968e+02
1.322586760363303249e+00	4.274921285893612435e+02
1.328865492452874664e+00	4.258160755328052574e+02
1.335144804954555564e+00	4.236952690706148701e+02
1.341440516272275119e+00	4.207028482035776733e+02
1.347730868417094552e+00	4.191684836297794163e+02
1.354001589994877630e+00	4.150494968909266618e+02
1.360282609297778444e+00	4.147110790550940465e+02
1.366565686457597906e+00	4.121384738752969952e+02
1.372851498482432708e+00	4.086486469522968150e+02
1.379135372929401804e+00	4.079755017249956381e+02
1.385409567149057164e+00	4.051944343725254498e+02
1.391698641219299315e+00	4.023137182396279172e+02
1.397984451439470810e+00	4.006278312939256807e+02
1.404267883409181961e+00	3.978693481664552110e+02
1.410554779484869181e+00	3.963828867487989669e+02
1.416837833547465397e+00	3.931421683189331588e+02
1.423118177187137068e+00	3.927590747902271460e+02
1.429397801164240089e+00	3.898072478807309267e+02
1.435686921822787232e+00	3.870834867290069496e+02
1.441977121769299597e+00	3.850310724640676199e+02
1.448253667853332427e+00	3.834509228339563265e+02
1.454532348972172651e+00	3.806800266106776576e+02
1.460819319151879903e+00	3.808847361841897055e+02
1.467110364402026468e+00	3.772819604445958248e+02
1.473392908948962132e+00	3.742401205642084392e+02
1.479669965243598950e+00	3.726953684441223800e+02
1.485956144602843532e+00	3.698466977333356454e+02
1.492233610763115115e+00	3.690664682630169295e+02
1.498502470379980078e+00	3.662773622087423178e+02
1.504785752051182701e+00	3.653382838961366019e+02
1.511075991894575976e+00	3.634098743996314056e+02
1.517361634985162189e+00	3.608706749445102560e+02
1.523648570969130533e+00	3.589413455125804830e+02
1.529938035715892264e+00	3.577365394797353133e+02
1.536230176913891965e+00	3.554364058203516947e+02
1.542510718779388279e+00	3.531483385901588008e+02
1.548783963082980275e+00	3.506818659032961705e+02
1.555073069779651318e+00	3.494714928819818169e+02
1.561357324927233892e+00	3.477048679450280702e+02
1.567629121053141006e+00	3.446022966446216174e+02
1.573913697404382583e+00	3.434652338362520254e+02
1.580203545230874029e+00	3.416058574289368721e+02
1.586485393434537983e+00	3.393134682376089586e+02
1.592760014263005841e+00	3.376361183370273693e+02
1.599046436394670812e+00	3.367478404980462869e+02
1.605342136637478934e+00	3.351046062833386259e+02
1.611619860919608627e+00	3.329092806746627389e+02
1.617897597081673799e+00	3.311484359486670428e+02
1.624183235481122756e+00	3.297065474891230110e+02
1.630464598531913722e+00	3.270944140401081199e+02
1.636748985747638274e+00	3.265078532300860843e+02
1.643030923698886259e+00	3.251380748842560138e+02
1.649309176648513064e+00	3.233366634313985628e+02
1.655593633940351861e+00	3.207512814271569255e+02
1.661879571405086464e+00	3.191928356456667757e+02
1.668169361685170271e+00	3.181622900900056266e+02
1.674450151530487485e+00	3.172483925751342895e+02
1.680722718978495900e+00	3.150849506801736197e+02
1.687013891340952476e+00	3.134123508607610233e+02
1.693308984907921033e+00	3.117559669284850088e+02
1.699582147428448486e+00	3.100326174634573135e+02
1.705863747055134105e+00	3.080472595787316550e+02
1.712154434283889470e+00	3.068590899127344755e+02
1.718438381579399321e+00	3.040257406767701127e+02
1.724721264464063930e+00	3.033936075454571437e+02
1.730997441276920679e+00	3.020317620281294353e+02
1.737287073528269499e+00	3.015398447626892562e+02
1.743567991878527401e+00	2.994366208214846665e+02
1.749840680212231048e+00	2.978225594501990372e+02
1.756128549091961144e+00	2.957891426392304766e+02
1.762413535324792502e+00	2.947482479067276131e+02
1.768696187669963837e+00	2.929768614655682768e+02
1.774979359379055266e+00	2.915270803811813494e+02
1.781265555576432957e+00	2.905160350412908770e+02
1.787549427830244619e+00	2.892375085173025013e+02
1.793834120011633004e+00	2.884054389732528421e+02
1.800115051552487300e+00	2.864640926057531374e+02
1.806393904854530330e+00	2.849572679307407270e+02
1.812674089667083432e+00	2.832450262872239932e+02
1.818956920109354058e+00	2.828331079064880100e+02
1.825244164118212220e+00	2.809909016308591276e+02
1.831527256642196955e+00	2.795219179362974842e+02
1.837811294935716599e+00	2.776814064798479649e+02
1.844100717411196744e+00	2.767400558639025689e+02
1.850384816792487230e+00	2.759138508634892446e+02
1.856666059735203822e+00	2.741587600589373892e+02
1.862947728675613979e+00	2.733547364898757905e+02
1.869229324466858078e+00	2.717989305706991559e+02
1.875517616802973686e+00	2.708166795469768999e+02
1.881800769033795229e+00	2.694604503999767076e+02
1.888078863416442710e+00	2.680723625228195601e+02
1.894353975182237582e+00	2.667539017489860953e+02
1.900642716154182565e+00	2.656560140079891994e+02
1.906933494748685121e+00	2.639444670818199938e+02
1.913207568676573933e+00	2.624666989625193310e+02
1.919490884732178992e+00	2.614996585467648629e+02
1.925776855684274480e+00	2.605369486788080735e+02
1.932064452961978152e+00	2.589139746171167644e+02
1.938342610030488800e+00	2.580277919896651611e+02
1.944618341543410178e+00	2.564222527764030701e+02
1.950906260203513876e+00	2.555746091923456049e+02
1.957194556613796488e+00	2.543618169151394568e+02
1.963479614559011432e+00	2.527102080895592451e+02
1.969760361532916226e+00	2.521679408112876217e+02
1.976048367034604736e+00	2.514566905860846759e+02
1.982337990217652335e+00	2.495056963909753449e+02
1.988617489259562721e+00	2.487295615943256735e+02
1.994896320665194178e+00	2.476918381077302058e+02
2.001179596222827151e+00	2.464825863654174611e+02
2.007459756923499761e+00	2.451041708905361247e+02
2.013737397779169935e+00	2.441344870650291341e+02
2.020017234677497164e+00	2.422439692757286309e+02
2.026310251015072783e+00	2.420544217237506075e+02
2.032600542948020284e+00	2.405532928994500992e+02
2.038873863192099289e+00	2.403104854106147172e+02
2.045154087821675404e+00	2.389644007206115646e+02
2.051444704514288730e+00	2.376364912255877471e+02
2.057730430280644729e+00	2.366705262105514009e+02
2.064013940455224461e+00	2.354357326939563109e+02
2.070299891179459895e+00	2.347956186180022087e+02
2.076589719964883951e+00	2.332787311666896528e+02
2.082865483794470673e+00	2.326498755673228800e+02
2.089134494859368640e+00	2.309304829923385682e+02
2.095424211360070288e+00	2.306534763177340039e+02
2.101707116664804254e+00	2.296185681858305259e+02
2.107986473933564309e+00	2.283360257779650055e+02
2.114271806543862375e+00	2.268432921273735587e+02
2.120552717288892275e+00	2.269039988403104076e+02
2.126836933207161717e+00	2.258472246276950841e+02
2.133122044791171845e+00	2.252287749612738708e+02
2.139411711910842673e+00	2.236795403236169761e+02
2.145697076775292089e+00	2.224874643946371293e+02
2.151973548606471276e+00	2.220343799087720811e+02
2.158259913555724108e+00	2.212520862426901544e+02
2.164545396699105506e+00	2.201772940863619112e+02
2.170830700377734068e+00	2.193274880342752056e+02
2.177114138849150393e+00	2.180638897567234835e+02
2.183387647576827018e+00	2.172138792172975741e+02
2.189670273687676971e+00	2.160972261375441974e+02
2.195960147934207463e+00	2.153747434371942688e+02
2.202242556317716371e+00	2.145070872374261342e+02
2.208521655981037668e+00	2.137998820070885699e+02
2.214804637081333016e+00	2.129403849471817125e+02
2.221092583349425276e+00	2.117047111382891273e+02
2.227372893591468728e+00	2.102967672471471019e+02
2.233657161144248171e+00	2.101593560035464350e+02
2.239943485394438660e+00	2.089249971426220327e+02
2.246224175264620815e+00	2.084769630904488054e+02
2.252506378421252009e+00	2.074332403234812148e+02
2.258783417054270437e+00	2.068047818915716505e+02
2.265069077371457684e+00	2.057908440669135643e+02
2.271350377044131452e+00	2.051555613260128439e+02
2.277633995145353918e+00	2.045097413405641475e+02
2.283922419579920149e+00	2.032623651413185257e+02
2.290202874392252674e+00	2.024955347355852382e+02
2.296490779970905560e+00	2.020287885439462059e+02
2.302771769934229162e+00	2.009296671103151084e+02
2.309051364164305564e+00	2.000452272591370786e+02
2.315338502539088239e+00	1.991313421972144795e+02
2.321627336503874428e+00	1.990444305840432548e+02
2.327911878297218795e+00	1.978472078798611449e+02
2.334186238580297168e+00	1.969359864843445678e+02
2.340467971862688401e+00	1.962454137204878748e+02
2.346756940970738725e+00	1.958401650831632708e+02
2.353044444556199988e+00	1.947923297527477189e+02
2.359327653314069906e+00	1.940781355547712792e+02
2.365603048789861607e+00	1.934263756015425315e+02
2.371885911737665165e+00	1.928512421842669937e+02
2.378173303594019572e+00	1.915180892455933019e+02
2.384454016539381271e+00	1.910118897764744759e+02
2.390736447344785187e+00	1.904827811516331053e+02
2.397014133897952259e+00	1.898519752838315924e+02
2.403295490074321972e+00	1.887177180877314129e+02
2.409585049672506862e+00	1.884083987699969214e+02
2.415871703165322071e+00	1.877512156896085855e+02
2.422160652369088840e+00	1.868445623854791791e+02
2.428440167222748691e+00	1.862438590441307156e+02
2.434717472383889803e+00	1.856682889892658181e+02
2.441002456202044257e+00	1.851567998317754018e+02
2.447289980304530488e+00	1.841425037726021969e+02
2.453571844729242279e+00	1.839149403136141814e+02
2.459852705114058846e+00	1.830720673619134686e+02
2.466139233225018934e+00	1.824220396115053120e+02
2.472421963421291391e+00	1.817614895972651254e+02
2.478698519174224568e+00	1.810316178794410291e+02
2.484980841400355800e+00	1.804304726049214196e+02
2.491269319409339822e+00	1.796902179398859118e+02
2.497548505139029373e+00	1.788627509432285478e+02
2.503831667172610853e+00	1.785580732484600048e+02
2.510117938323931153e+00	1.779405280534432734e+02
2.516400733681277480e+00	1.772997518538175257e+02
2.522688226833368130e+00	1.761426448281848991e+02
2.528971695852665569e+00	1.758191275039011146e+02
2.535252039407670299e+00	1.753594838074596680e+02
2.541537514142774512e+00	1.749176238452002110e+02
2.547823008847572179e+00	1.744154910636986244e+02
2.554100666580690238e+00	1.734989549292710365e+02
2.560376788884177301e+00	1.729543841137902689e+02
2.566667521601497359e+00	1.725287345038955493e+02
2.572955062237090473e+00	1.720765867142166599e+02
2.579233771797999175e+00	1.717845771958868966e+02
2.585520164300948220e+00	1.711789985827293492e+02
2.591805130332431872e+00	1.707133421254582686e+02
2.598084074692260881e+00	1.698625591453694597e+02
2.604360404197643586e+00	1.694154745760469609e+02
2.610647185140439142e+00	1.693010501844982514e+02
2.616931864059273138e+00	1.683100682136360717e+02
2.623206107911065565e+00	1.678956916728719762e+02
2.629491626543270844e+00	1.673532802874509287e+02
2.635778507982642349e+00	1.671535566898267859e+02
2.642061039325260818e+00	1.663336357584381062e+02
2.648343840729305843e+00	1.657163600707600608e+02
2.654631838974855551e+00	1.656253922866801531e+02
2.660919001246303761e+00	1.649605081282505523e+02
2.667198525130066056e+00	1.644822031096742307e+02
2.673484307038032526e+00	1.636764805980223514e+02
2.679773388053849459e+00	1.635410810519562688e+02
2.686058217632288692e+00	1.627723587904727367e+02
2.692338738200057868e+00	1.625860735602158513e+02
2.698618022887226964e+00	1.624332601664224001e+02
2.704895450708277860e+00	1.616186921454267349e+02
2.711175674923682166e+00	1.608782153440261027e+02
2.717459832966957922e+00	1.609670485118446095e+02
2.723745731959044569e+00	1.602968079264628898e+02
2.730038414850594730e+00	1.600452042292442059e+02
2.736317989800789441e+00	1.596555432570509083e+02
2.742591858549239703e+00	1.592459372077842943e+02
2.748879749010778362e+00	1.587279366783905346e+02
2.755163403825859447e+00	1.583754116592118635e+02
2.761446955625852073e+00	1.577249831875653285e+02
2.767732088935374701e+00	1.576149119151318700e+02
2.774015452421743966e+00	1.571682758428708269e+02
2.780298635700591436e+00	1.567577166184931627e+02
2.786577474762241380e+00	1.563916680545642635e+02
2.792857983210164541e+00	1.560230359578993955e+02
2.799143790920211483e+00	1.559564568405301372e+02
2.805430058399325244e+00	1.557332288921987242e+02
2.811715058209780072e+00	1.549289832074008473e+02
2.817989272498773623e+00	1.546499892108500944e+02
2.824269171595737760e+00	1.542127816469520099e+02
2.830563016441804081e+00	1.542583088885616007e+02
2.836848750951622034e+00	1.539249108347700314e+02
2.843130027866129783e+00	1.534295463646030839e+02
2.849413896912404986e+00	1.529331097212486554e+02
2.855697464522425566e+00	1.526386953657572576e+02
2.861978799810683594e+00	1.524735329665446670e+02
2.868262469415629567e+00	1.521733370060779293e+02
2.874547359206753860e+00	1.519199663742907092e+02
2.880831111471525041e+00	1.516403523115597523e+02
2.887113216972382546e+00	1.511889295001865037e+02
2.893394504725182781e+00	1.509311881246316318e+02
2.899673662137033592e+00	1.507092353012191097e+02
2.905953958587380814e+00	1.505728466037299995e+02
2.912241118105161064e+00	1.501083561409514857e+02
2.918525996366671205e+00	1.499554574225444981e+02
2.924809035425688819e+00	1.496973980477463044e+02
2.931095916293684933e+00	1.497966858476078755e+02
2.937378182606774413e+00	1.493840489927959254e+02
2.943659980254369923e+00	1.489977396729224211e+02
2.949946454403890250e+00	1.488141030701792715e+02
2.956227653702202307e+00	1.486300407643980748e+02
2.962510478867462993e+00	1.485769306846673317e+02
2.968796535179442309e+00	1.483357091592212100e+02
2.975077657376874907e+00	1.480884448943490952e+02
2.981359866759223376e+00	1.480094084838922299e+02
2.987646761575656562e+00	1.480221901907723350e+02
2.993929038370399365e+00	1.476447993807483954e+02
3.000206214840962726e+00	1.474456531820056284e+02
3.006486172402415669e+00	1.475279417152554799e+02
3.012769812211594456e+00	1.470860067189136089e+02
3.019053144326170113e+00	1.471111422371339188e+02
3.025337405144251424e+00	1.470994115804900559e+02
3.031623734799107961e+00	1.468808572120316285e+02
3.037908962055872575e+00	1.466023795979044451e+02
3.044195067146031608e+00	1.465212745380516139e+02
3.050475543482170426e+00	1.463879636143358596e+02
3.056754954538277502e+00	1.465449678276196153e+02
3.063040539557494668e+00	1.464067213168593184e+02
3.069323699454357346e+00	1.463279738297741801e+02
3.075610692642898769e+00	1.460477307577723991e+02
3.081893798009918584e+00	1.459044803408277176e+02
3.088174549548037717e+00	1.459729539919619867e+02
3.094458635632868493e+00	1.459797883380157373e+02
3.100743982931558840e+00	1.458449059015817397e+02
3.107028111748448396e+00	1.459050645335799175e+02
3.113309299655494300e+00	1.460471987459730769e+02
3.119590662867241626e+00	1.460665911790134146e+02
3.125874006820172912e+00	1.460041617151878768e+02
3.132159251154602586e+00	1.459599424286570581e+02
3.138439172765940643e+00	1.460811081609735709e+02
3.144723867719826593e+00	1.459345413802043936e+02
3.151003951258561031e+00	1.462242217430981270e+02
3.157283664131563139e+00	1.460751213701214795e+02
3.163569317183839935e+00	1.463078491083534800e+02
3.169851661717792091e+00	1.463097661188292875e+02
3.176137704316093657e+00	1.464556753409958105e+02
3.182420924828643916e+00	1.464151253575734302e+02
3.188702811875577581e+00	1.466522388311849454e+02
3.194990520008989865e+00	1.467400324217711614e+02
3.201275324656983834e+00	1.470650386193852626e+02
3.207551352179861759e+00	1.472066770577125112e+02
3.213835216737041645e+00	1.469568718752832126e+02
3.220122579819103770e+00	1.469579604533310260e+02
3.226406606618656525e+00	1.467847537794966684e+02
3.232687390085645429e+00	1.465236247229725848e+02
3.238969121280456331e+00	1.460898439596504090e+02
3.245254751548589667e+00	1.459924286472304686e+02
3.251534499036136783e+00	1.453065040336354912e+02
3.257817780791052442e+00	1.452289776073166081e+02
3.264102164154097263e+00	1.446285608963358982e+02
3.270384152138468892e+00	1.442848678691533166e+02
3.276669427476867735e+00	1.442035342696522662e+02
3.282954688864507808e+00	1.437989459531605689e+02
3.289237200334947264e+00	1.434698659248473405e+02
3.295519587088236779e+00	1.430227232528212937e+02
3.301805977329951958e+00	1.430119336662431238e+02
3.308087486222440088e+00	1.425967598458752263e+02
3.314367630234227313e+00	1.423586099950933601e+02
3.320651909732194262e+00	1.419342920484543811e+02
3.326931260376857047e+00	1.415389622756863730e+02
3.333216512447217728e+00	1.415615800062665528e+02
3.339504489419978128e+00	1.411584107378547515e+02
3.345786804809928405e+00	1.406286409912246995e+02
3.352071130016277767e+00	1.406887559188493242e+02
3.358351496304225581e+00	1.402924758663347689e+02
3.364630591073392019e+00	1.401009616164782585e+02
3.370916305215045483e+00	1.396441483834336452e+02
3.377197952029413752e+00	1.397164418788579496e+02
3.383483063818085501e+00	1.392865703512727293e+02
3.389769992424469969e+00	1.387450940152933185e+02
3.396051330885982100e+00	1.387236015778775311e+02
3.402330879139463971e+00	1.383558608980009978e+02
3.408610488352048495e+00	1.382243344926969257e+02
3.414897837696641236e+00	1.379031163963255153e+02
3.421180484052105619e+00	1.378866053628552777e+02
3.427461639653846870e+00	1.375700267334394198e+02
3.433749159643459059e+00	1.373302772938318412e+02
3.440032646656798310e+00	1.371270871396819189e+02
3.446313366033385339e+00	1.367124837978490177e+02
3.452600135384134905e+00	1.364970651686941778e+02
3.458883152815406703e+00	1.363760959723213659e+02
3.465163834403715448e+00	1.359675658486233090e+02
3.471449329786229221e+00	1.357390456015095026e+02
3.477734476754053894e+00	1.356609382933920926e+02
3.484019652467224226e+00	1.352967985239410780e+02
3.490297019369712928e+00	1.352219209058327181e+02
3.496582486484379970e+00	1.349886938532549721e+02
3.502868048046865024e+00	1.348732418293859610e+02
3.509144649545451244e+00	1.344362936064799783e+02
3.515428082003116295e+00	1.344462595118954766e+02
3.521711031624695565e+00	1.339564804322243958e+02
3.527991850954735664e+00	1.339122799224369942e+02
3.534275545726699885e+00	1.337218118024955800e+02
3.540562632020772149e+00	1.334102844910965757e+02
3.546844410757220789e+00	1.334170448609461630e+02
3.553131386753758836e+00	1.331612831314612606e+02
3.559419203211965144e+00	1.327796278143211168e+02
3.565697971577579839e+00	1.328143353512485305e+02
3.571979559134798254e+00	1.324977386084048021e+02
3.578265774595833726e+00	1.324103987833280200e+02
3.584548309769353125e+00	1.321312021620621806e+02
3.590826843920031486e+00	1.318355353447339269e+02
3.597107306745233934e+00	1.317751652468822954e+02
3.603392831792229245e+00	1.316508402467362373e+02
3.609673209822572559e+00	1.315739034428399634e+02
3.615955412133016189e+00	1.311095726979754943e+02
3.622241607772384686e+00	1.309242736458546688e+02
3.628520252736676444e+00	1.307364242153361999e+02
3.634804827569451113e+00	1.307983850097568279e+02
3.641094981788862928e+00	1.308344263244926822e+02
3.647383514928639325e+00	1.305890298068872255e+02
3.653663283927725658e+00	1.304971919365086421e+02
3.659943504072155296e+00	1.301569647362956346e+02
3.666232000281138603e+00	1.301119549249617933e+02
3.672514211678317597e+00	1.297208000479642465e+02
3.678794154686042539e+00	1.297881418712916570e+02
3.685078621861909820e+00	1.298007013931005531e+02
3.691359210097977961e+00	1.294693496046991186e+02
3.697642368173791105e+00	1.293339660500046762e+02
3.703925796735277665e+00	1.293508551283544250e+02
3.710208240364660348e+00	1.292097433910690825e+02
3.716494593122387169e+00	1.289764080568720601e+02
3.722775386659595398e+00	1.290445633727765369e+02
3.729058392883481510e+00	1.288721909105386771e+02
3.735339748210807720e+00	1.285963350701607339e+02
3.741620776392969638e+00	1.287430377379502033e+02
3.747904795418762980e+00	1.285578433389105726e+02
3.754190633281219380e+00	1.283235905873381171e+02
3.760478208018912749e+00	1.282909655044743147e+02
3.766755538573464346e+00	1.283191412275990615e+02
3.773032090135151506e+00	1.281363936917581725e+02
3.779322553012896879e+00	1.281823999170212005e+02
3.785609109731308930e+00	1.283031197694325556e+02
3.791889825936295200e+00	1.279432582219183558e+02
3.798174822702435893e+00	1.279622229744044688e+02
3.804458658753491651e+00	1.277951954979609894e+02
3.810738438095723435e+00	1.276855007737081706e+02
3.817018850285747167e+00	1.274030944662447808e+02
3.823305314209427763e+00	1.274874331508040370e+02
3.829591295197792178e+00	1.274943324897129173e+02
3.835872296070849341e+00	1.273616104112709309e+02
3.842156279590906109e+00	1.272616169375113202e+02
3.848441511099312429e+00	1.273672953741189531e+02
3.854723334376886079e+00	1.273046284445751581e+02
3.861004740704794713e+00	1.273161444359236754e+02
3.867284336650660848e+00	1.271763679886919931e+02
3.873567367678779849e+00	1.271433699355609974e+02
3.879850662830422792e+00	1.273951706346104231e+02
3.886137063198143338e+00	1.270151400920472042e+02
3.892419463049126005e+00	1.272916310233157873e+02
3.898703740328622658e+00	1.269814945314756187e+02
3.904991458788179326e+00	1.271801393843959431e+02
3.911270842222104083e+00	1.272233520296744871e+02
3.917549806479573071e+00	1.271457318358090447e+02
3.923836006203090587e+00	1.270523544967843748e+02
3.930121452497870926e+00	1.269375820312231582e+02
3.936398172858230460e+00	1.270400933762169871e+02
3.942683040425962293e+00	1.272124183275685709e+02
3.948974759704379611e+00	1.273486749178562434e+02
3.955259227995065352e+00	1.270950542340397504e+02
3.961537174921395454e+00	1.270826497537913724e+02
3.967820217617139544e+00	1.273368175879721207e+02
3.974105559832568968e+00	1.274841974961416327e+02
3.980384727931198352e+00	1.274433067767081553e+02
3.986664590839849698e+00	1.274699721103436900e+02
3.992949619150675034e+00	1.276148171621692171e+02
3.999235075769965952e+00	1.276764471802751473e+02
4.005515715515433506e+00	1.276479057731565092e+02
4.011798434346478537e+00	1.276423426468932121e+02
4.018083716245132386e+00	1.276775559560085611e+02
4.024365700052603856e+00	1.278679744214048810e+02
4.030643960839860540e+00	1.278653435770013687e+02
4.036928708926215137e+00	1.281551399746655591e+02
4.043218157412017177e+00	1.279669326759690478e+02
4.049503019487663558e+00	1.279865612640174817e+02
4.055781898960511000e+00	1.284774379567651579e+02
4.062060795621602161e+00	1.282654797779919420e+02
4.068347865354716042e+00	1.285409024946220029e+02
4.074631027173265529e+00	1.286466501115005485e+02
4.080910837526078971e+00	1.286827118265076422e+02
4.087201203341442657e+00	1.285582602151214928e+02
4.093486818591942189e+00	1.287881182139569205e+02
4.099764387336505500e+00	1.289301725540320831e+02
4.106049166937662420e+00	1.289630543732981209e+02
4.112334559041358695e+00	1.292601615404736890e+02
4.118618926059533614e+00	1.293666073949888755e+02
4.124898942031112625e+00	1.294266253797149773e+02
4.131175432561665417e+00	1.298850591547962381e+02
4.137461563786142271e+00	1.298994837962816007e+02
4.143746006210170307e+00	1.299917437270420919e+02
4.150029800482964326e+00	1.302538649313890460e+02
4.156313390684649001e+00	1.303390772210033219e+02
4.162596105843763716e+00	1.307645197595950890e+02
4.168881843141768684e+00	1.308998419839916778e+02
4.175162111073220217e+00	1.309588574644699861e+02
4.181448573417560155e+00	1.308298920188900638e+02
4.187738782464171194e+00	1.315835999642469289e+02
4.194017437180169061e+00	1.316840128203797917e+02
4.200293572701767175e+00	1.317860753187090097e+02
4.206580195481546269e+00	1.318845409184737321e+02
4.212860644652220543e+00	1.320925216594552012e+02
4.219138153430114002e+00	1.324436152698422404e+02
4.225426162098283811e+00	1.326914208675407849e+02
4.231713506719782636e+00	1.329247749873904922e+02
4.237990056577191744e+00	1.330051029197631181e+02
4.244267783646744618e+00	1.331088995032951914e+02
4.250560660182562955e+00	1.336473305389912980e+02
4.256847734842668096e+00	1.337955589657106259e+02
4.263127100734456221e+00	1.342528374268593723e+02
4.269406860432507500e+00	1.344705932503999293e+02
4.275691671482192646e+00	1.342973377678330564e+02
4.281972414189518794e+00	1.347330872908203219e+02
4.288253516806755705e+00	1.349897774467006286e+02
4.294540520160492925e+00	1.351420142307525225e+02
4.300825742921731809e+00	1.354162786020537510e+02
4.307109835491901961e+00	1.359427629268189150e+02
4.313390926478413157e+00	1.362782369081845388e+02
4.319667979480563247e+00	1.366024765143165212e+02
4.325952598143786076e+00	1.368128626983525464e+02
4.332241647035422361e+00	1.368504203336473211e+02
4.338524445619096781e+00	1.374896893105127447e+02
4.344809348131129845e+00	1.373187772954702552e+02
4.351090699193166600e+00	1.375672373185732624e+02
4.357369710808320029e+00	1.382425152074215475e+02
4.363659348967174445e+00	1.382226419795451022e+02
4.369947418280990981e+00	1.383573444213134849e+02
4.376226569265827315e+00	1.387591427483565383e+02
4.382499356631129217e+00	1.393560684015068034e+02
4.388784975178015024e+00	1.396948633320879196e+02
4.395068696309480494e+00	1.394248511586961286e+02
4.401347962382031298e+00	1.401085364892215921e+02
4.407628405096517099e+00	1.400881631402785104e+02
4.413915862185140426e+00	1.403524958987715934e+02
4.420203163534264235e+00	1.409148959893013284e+02
4.426480311003382795e+00	1.405919816723440761e+02
4.432765973643649104e+00	1.412068397997238947e+02
4.439053392023870614e+00	1.410324638077591999e+02
4.445336141335588742e+00	1.413512055539710843e+02
4.451617241414883352e+00	1.413823485744184438e+02
4.457901500730311106e+00	1.413541812632731762e+02
4.464189501093017043e+00	1.421444877364811248e+02
4.470470197548729985e+00	1.418392314137276458e+02
4.476748044268524573e+00	1.420245966535300681e+02
4.483035990164653484e+00	1.416207364243177551e+02
4.489323331650528104e+00	1.419131882454500158e+02
4.495599111667934800e+00	1.418846824791554013e+02
4.501870922878794090e+00	1.420530680421704233e+02
4.508155162877705457e+00	1.420751447474287090e+02
4.514446451153479423e+00	1.416614496911154220e+02
4.520723894043856994e+00	1.418134319622608643e+02
4.527003782460155890e+00	1.415448122145917011e+02
4.533293086610313161e+00	1.417793476803800559e+02
4.539578989864040182e+00	1.409320700437656626e+02
4.545857164866476730e+00	1.409042786237435507e+02
4.552138955546025656e+00	1.404505510441823048e+02
4.558432046889146605e+00	1.406017664071523257e+02
4.564713463378488711e+00	1.400508135053580645e+02
4.570987274133244682e+00	1.400094020106534742e+02
4.577274818151045643e+00	1.398271624712108405e+02
4.583563263889338657e+00	1.403382716691385497e+02
4.589844917004465508e+00	1.400599607191608413e+02
4.596126259982004747e+00	1.400463544146799393e+02
4.602409075598298926e+00	1.392402874055662210e+02
4.608696634867644804e+00	1.398822514524560177e+02
4.614977646498861219e+00	1.397103381646982712e+02
4.621258953029527383e+00	1.399650010576528700e+02
4.627547993978874175e+00	1.398568105561722064e+02
4.633830152730579854e+00	1.395364994467287829e+02
4.640104005367354567e+00	1.399060292636490317e+02
4.646382060386754276e+00	1.402047773245323867e+02
4.652674213731970987e+00	1.401142673652538235e+02
4.658958291796220230e+00	1.406850862156088624e+02
4.665233615070169648e+00	1.407455490541983920e+02
4.671520675710307380e+00	1.403254998547481307e+02
4.677814351732177300e+00	1.405953324848783836e+02
4.684093699744638073e+00	1.409685245136250842e+02
4.690368661472568590e+00	1.409013585272889486e+02
4.696663270746453733e+00	1.409914896046964543e+02
4.702945459248681459e+00	1.411618066551507411e+02
4.709209170841929470e+00	1.413555901416362417e+02
4.715491634753063543e+00	1.418237282872394758e+02
4.721784316284933780e+00	1.421951382631744707e+02
4.728063062331094635e+00	1.419898540016486095e+02
4.734337423381671073e+00	1.425083674674521603e+02
4.740627024094544062e+00	1.421951365032699357e+02
4.746914995664547554e+00	1.430480838417389862e+02
4.753194740071086777e+00	1.431137281855913272e+02
4.759478891864783456e+00	1.430427108544939472e+02
4.765762396877359031e+00	1.435067850351395293e+02
4.772049481246195768e+00	1.441323769687058416e+02
4.778335091022592351e+00	1.441728944780718393e+02
4.784610831402393849e+00	1.446583111293573438e+02
4.790907306208476157e+00	1.441502472647446780e+02
4.797204047706418173e+00	1.448992175816920280e+02
4.803470827697504220e+00	1.453344007217125693e+02
4.809748850577324042e+00	1.458188405738217455e+02
4.816045316586602176e+00	1.460663575733507571e+02
4.822329240673497885e+00	1.464521353823699883e+02
4.828596758226470165e+00	1.464427919275494787e+02
4.834890332961369275e+00	1.472058980141557356e+02
4.841191655056394261e+00	1.476942913462745537e+02
4.847460407468000554e+00	1.478355383737215050e+02
4.853732128521334843e+00	1.479618196532442482e+02
4.860029138783373170e+00	1.480284590858210549e+02
4.866314601732018019e+00	1.491124184289335801e+02
4.872587026269203925e+00	1.493840193981199320e+02
4.878874221748241702e+00	1.495785709282156688e+02
4.885171078138658807e+00	1.513273297378476911e+02
4.891450629931857641e+00	1.507138338207016943e+02
4.897716482750221978e+00	1.510437800231499352e+02
4.904002834596266069e+00	1.513672018769183865e+02
4.910295858205786068e+00	1.516847996608080393e+02
4.916575188115905881e+00	1.532769382376131944e+02
4.922847946197084212e+00	1.538442015816747528e+02
4.929131667457151700e+00	1.539943970215599052e+02
4.935434460144239033e+00	1.552410157714823811e+02
4.941718513303545279e+00	1.554315232099959871e+02
4.947978624761803168e+00	1.549413289539711798e+02
4.954274999209829389e+00	1.566097211935714313e+02
4.960571094729937514e+00	1.569491244518345354e+02
4.966823207626954506e+00	1.572647322502725444e+02
4.973097418390337587e+00	1.582789298072948441e+02
4.979415129936382023e+00	1.582622839197252347e+02
4.985702082330368157e+00	1.587598410594035556e+02
4.991949985828016523e+00	1.600194856165495310e+02
4.998241586316924057e+00	1.600020533634635171e+02
5.004556635606089543e+00	1.620153245722799511e+02
5.010828655701208945e+00	1.622440046994580030e+02
5.017077229702536556e+00	1.629573209099727933e+02
5.023374414758113637e+00	1.631472731164156755e+02
5.029688873569548413e+00	1.633032874286342633e+02
5.035958413584124216e+00	1.644720528547466643e+02
5.042232667658486989e+00	1.663919552544149667e+02
5.048528755870775875e+00	1.663313310506553080e+02
5.054821121427484520e+00	1.665952377724745190e+02
5.061069509814582368e+00	1.684127784209661911e+02
5.067347812754101177e+00	1.693593550887690071e+02
5.073675050630431116e+00	1.699929933926898684e+02
5.079945928388977627e+00	1.720199626246166247e+02
5.086192992546071601e+00	1.721079079664243068e+02
5.092484128970163226e+00	1.742484394970427957e+02
5.098802924706086870e+00	1.747441972376715853e+02
5.105078217426394005e+00	1.741791766508342221e+02
5.111325076574067872e+00	1.765985110342816142e+02
5.117628358851224135e+00	1.765848731952363551e+02
5.123935939383525984e+00	1.769609119111062228e+02
5.130199176325612065e+00	1.789642222195533066e+02
5.136469985878846956e+00	1.798101315076708318e+02
5.142797788696348071e+00	1.812290693035022855e+02
5.149090378043822192e+00	1.834517764494679568e+02
5.155289879840074363e+00	1.837773387209354894e+02
5.161564521234301317e+00	1.850661042915490668e+02
5.167916673496016244e+00	1.858249007204549912e+02
5.174205974602950064e+00	1.864933878694228326e+02
5.180434820793812456e+00	1.899078542550397799e+02
5.186729096569634656e+00	1.914243878237145395e+02
5.193058481037780894e+00	1.923939282967955933e+02
5.199319511444338460e+00	1.928363909191682808e+02
5.205574295584361799e+00	1.953861581235209144e+02
5.211894977074066126e+00	1.964378850544582917e+02
5.218201708336958511e+00	1.954685453639606578e+02
5.224411911780083351e+00	2.004872752243210527e+02
5.230677632666463239e+00	1.995469331729882470e+02
5.237056729559757429e+00	2.013952408966991641e+02
5.243336785035660697e+00	2.035617398507677365e+02
5.249493476178225038e+00	2.052110793075497668e+02
5.255787017738318134e+00	2.052959261778308075e+02
5.262205327426889845e+00	2.092537455119661445e+02
5.268477758348532269e+00	2.094955605475954883e+02
5.274632213654732560e+00	2.105691214607526547e+02
5.280950543314659740e+00	2.118402950640911229e+02
5.287327645024750389e+00	2.181046474281268672e+02
5.293582359180156516e+00	2.139329864456958603e+02
5.299789992649893478e+00	2.187149310946003880e+02
5.306111460381987222e+00	2.204055164310454131e+02
5.312452717892129250e+00	2.222722047740755897e+02
5.318650122853046724e+00	2.201714232467238617e+02
5.324923043129819789e+00	2.258616714966185270e+02
5.331330237158205421e+00	2.278815430340023340e+02
5.337586726886338617e+00	2.297995687185608631e+02
5.343685192440848830e+00	2.312321089286755011e+02
5.350070659715249199e+00	2.325841617341155541e+02
5.356556762554878226e+00	2.342135520469630592e+02
5.362691868684501095e+00	2.443721335049241361e+02
5.368769208912516966e+00	2.405793037073172513e+02
5.375270137997677722e+00	2.427298908095914669e+02
5.381769983045385786e+00	2.488472397738714790e+02
5.387701030372958222e+00	2.553844727086672890e+02
5.393786668001271600e+00	2.525318424567301747e+02
5.400446161099396569e+00	2.529251262586221003e+02
5.406957063684501463e+00	2.577940296948734158e+02
5.412655672453426270e+00	2.546163086762169883e+02
5.418821279260546575e+00	2.633319229219624731e+02
5.425690594366304076e+00	2.744510050683418854e+02
5.432217487502165376e+00	2.694718681794058739e+02
5.437649811577258241e+00	2.742761744586923101e+02
5.443914404015878006e+00	2.762065737160333470e+02
5.450953501686320202e+00	2.756798111681393380e+02
5.457483690405861232e+00	2.812312607973846639e+02
5.462715250135157241e+00	2.813179860509688979e+02
5.469033575551323523e+00	2.890069633666411733e+02
5.476177730420278778e+00	2.955317657030729492e+02
5.482708935702562236e+00	2.883196259380616198e+02
5.487722405008360838e+00	3.001035436481497527e+02
5.494194284996126498e+00	3.050187496942306780e+02
5.501391471009256406e+00	3.094146341367154491e+02
5.507128202673079009e+00	3.147737004915800298e+02
5.512278020050448646e+00	3.288690341338916028e+02
5.519395563377015534e+00	3.334446243547914150e+02
5.526598678609708770e+00	3.326183431542627886e+02
5.532162682462509196e+00	3.422611579231921155e+02
5.537397124017139127e+00	3.287522334486056934e+02
5.544582756485218589e+00	3.267249209465164199e+02
5.551739327507637434e+00	3.297043181379099224e+02
5.557493306674907707e+00	2.782748747076609561e+02
5.562281709102816940e+00	3.366527906774948065e+02
5.569272720323164449e+00	1.942860294111994222e+02
