8.899641224696953554e-03	1.071556876525940752e+05
1.507912216506557788e-02	1.822784563003159419e+05
2.144790186456836667e-02	9.966203977288775786e+04
2.783660776489276650e-02	6.740109295477108390e+04
3.435099785803411021e-02	4.696360312482393056e+04
4.047886761425745911e-02	3.792587327385434037e+04
4.676716683575679601e-02	3.509378039902978344e+04
5.308225101765951665e-02	3.004101343912900847e+04
5.945362440940590160e-02	2.699293401814397657e+04
6.576224814588792211e-02	2.458830061863343508e+04
7.196632906698736953e-02	1.751925186223697165e+04
7.827860915688347743e-02	1.484745692357102416e+04
8.470398945834539672e-02	1.232804762389702410e+04
9.096854620527369817e-02	1.114761813625067771e+04
9.720789776830213169e-02	1.135187139850669519e+04
1.034763038959366499e-01	1.045099742355315539e+04
1.097576444254559219e-01	9.688242990367889433e+03
1.160543084780093354e-01	8.845853060985553384e+03
1.223669666537485351e-01	7.816867435029961598e+03
1.286817263090294094e-01	7.111482267926656277e+03
1.349500801664080818e-01	6.754369315872714651e+03
1.411949558842147678e-01	6.153655465008494502e+03
1.475133575747468451e-01	5.734280974079079897e+03
1.537865074252268427e-01	5.602118720283923722e+03
1.600657544051110326e-01	5.250153965810236514e+03
1.663991168687080635e-01	4.873266989263487631e+03
1.727195645776442856e-01	4.781625297065630548e+03
1.789765213377084718e-01	4.501833059941761348e+03
1.852353690647852158e-01	4.246635684528157071e+03
1.914806787341157279e-01	4.171900559740293829e+03
1.977889868651535599e-01	3.921391220244431224e+03
2.040937735447724277e-01	3.775765056074957101e+03
2.103939302609846018e-01	3.600598265611497027e+03
2.166909709822301688e-01	3.443675973422361039e+03
2.229700281216152047e-01	3.326358878996724343e+03
2.292620027086341994e-01	3.190571449801493600e+03
2.355141508366812297e-01	3.101367652841114250e+03
2.417910583817859116e-01	2.983300603733504886e+03
2.480856539439619257e-01	2.822730911698079581e+03
2.543492256872954549e-01	2.799276679150326345e+03
2.606334251884805386e-01	2.739385616034734539e+03
2.669257370896960802e-01	2.654022075579392549e+03
2.732423343141155980e-01	2.583583455402846084e+03
2.795529680084415936e-01	2.551267039714569819e+03
2.858366292314493129e-01	2.458525929829293545e+03
2.920876271394311496e-01	2.391763374751846186e+03
2.983449844439822751e-01	2.318373685874215880e+03
3.046382639407197446e-01	2.250177910383296876e+03
3.109279127003197196e-01	2.225496118272766125e+03
3.172168171618398036e-01	2.163022868640012348e+03
3.235187567944423082e-01	2.120548146623293633e+03
3.298168217550395687e-01	2.032645612409346541e+03
3.361176429457156667e-01	2.035090893158482459e+03
3.423700375709273769e-01	1.959862915865772720e+03
3.486478192666269682e-01	1.970817992261397649e+03
3.549411614411318028e-01	1.889534433575170169e+03
3.611916935421040642e-01	1.888747668164344077e+03
3.674767089563572564e-01	1.840253367719164999e+03
3.737647795277591056e-01	1.824633149025455623e+03
3.800654031475132477e-01	1.773663251595792644e+03
3.863539861259823738e-01	1.762148473534144159e+03
3.926140181364449755e-01	1.712616834078551165e+03
3.989264500321934581e-01	1.683129265717109320e+03
4.052073244576828714e-01	1.661426312445524673e+03
4.114916477570477182e-01	1.628170114711277847e+03
4.177814272116491257e-01	1.604828810515761688e+03
4.240400648725131116e-01	1.596731959376382292e+03
4.303425690270192283e-01	1.571641886065520566e+03
4.366358560255625965e-01	1.534295212904125719e+03
4.428996183220763605e-01	1.521196798765739459e+03
4.491634418529859563e-01	1.484894102021285562e+03
4.554414146254732731e-01	1.453590076392094034e+03
4.617634470301058558e-01	1.447885100220441927e+03
4.680644242023710433e-01	1.420472524379331162e+03
4.743485242764365895e-01	1.411684198420544817e+03
4.806356136815400082e-01	1.385448672346745070e+03
4.869019258388697646e-01	1.356392652007678407e+03
4.931697099599955947e-01	1.342906130009588878e+03
4.994506747144535908e-01	1.325658680519374457e+03
5.057159051335421429e-01	1.319683658471097488e+03
5.119923996268095356e-01	1.310550932567587097e+03
5.183126097768406826e-01	1.295799381174552991e+03
5.246089638029100000e-01	1.278067533675144659e+03
5.308757308483337267e-01	1.265561240284728001e+03
5.371573527946726934e-01	1.236660485916074094e+03
5.434579563783791256e-01	1.223119193620790384e+03
5.497430652392217842e-01	1.213316188141440080e+03
5.559937427501778773e-01	1.195086647918271410e+03
5.622854676609657654e-01	1.190397274046774100e+03
5.686011537227265711e-01	1.173683529478825676e+03
5.748804589422079614e-01	1.155007337127809933e+03
5.811550210340560296e-01	1.146243366385770969e+03
5.874394496660968468e-01	1.135867748133650139e+03
5.937176220296899176e-01	1.121169957586392684e+03
5.999971954793682505e-01	1.104807473010904005e+03
6.062679115124277596e-01	1.104466504985497977e+03
6.125469576444534381e-01	1.089173330305380659e+03
6.188477733041515272e-01	1.065912683502281425e+03
6.251310567437898813e-01	1.073176703779562558e+03
6.314027450383210560e-01	1.057777594080373092e+03
6.377003562732055375e-01	1.048939603044395426e+03
6.439857783314556494e-01	1.038916960258262407e+03
6.502685417166111925e-01	1.022700196550641294e+03
6.565586117699038216e-01	1.020086392262429399e+03
6.628369282359254377e-01	1.003891662095648940e+03
6.691185444962194362e-01	9.889350758703454858e+02
6.754070198575605755e-01	9.882721968751868644e+02
6.816835514593204692e-01	9.794381412906644755e+02
6.879592533861698112e-01	9.731055530293854190e+02
6.942344317039531587e-01	9.603909350876062945e+02
7.005175402434737908e-01	9.483155991167959655e+02
7.068124956608716758e-01	9.455045737044645193e+02
7.131019009674921527e-01	9.370915636396752006e+02
7.193918251171427247e-01	9.272904895781052801e+02
7.256833807598113140e-01	9.145755354786726912e+02
7.319652682709349989e-01	9.149526121117585262e+02
7.382507990484923344e-01	8.933283154505684251e+02
7.445265842115937893e-01	8.992802873317708645e+02
7.507871101942712455e-01	8.833987702334670757e+02
7.570758465316046459e-01	8.829614327892179517e+02
7.633641233600957365e-01	8.721356536141628339e+02
7.696462959862266917e-01	8.656608396803576397e+02
7.759394865175414102e-01	8.559829186463086899e+02
7.822329141989586843e-01	8.513694054385706522e+02
7.885314936520240181e-01	8.451312062242437833e+02
7.947896566979522071e-01	8.335686504606262588e+02
8.010491096592354809e-01	8.286543695036200461e+02
8.073364061727361651e-01	8.177105332029284455e+02
8.136229488373866170e-01	8.124608264004266402e+02
8.199152998961036776e-01	8.090924348732820590e+02
8.261952636392789762e-01	8.061871699672490195e+02
8.324897070080405914e-01	7.933910546085478472e+02
8.387959309210778480e-01	7.840934362919623482e+02
8.450634639703045181e-01	7.808231769534196474e+02
8.513282867562648182e-01	7.744669258677790822e+02
8.576198263902009566e-01	7.706578150864451118e+02
8.639058477062415697e-01	7.600117830964096584e+02
8.701838745487597837e-01	7.550114066401365562e+02
8.764641096075268534e-01	7.497651833714414806e+02
8.827503873399735745e-01	7.501049786608748491e+02
8.890332768393869323e-01	7.359240627094667389e+02
8.953084247113127780e-01	7.356057781156856663e+02
9.015956521667095602e-01	7.271794763963005153e+02
9.078833328094829680e-01	7.209462103689699006e+02
9.141744106319863450e-01	7.160627030658167769e+02
9.204630817717615043e-01	7.090015815859519535e+02
9.267434415264711456e-01	7.021833794446688444e+02
9.330324197354928906e-01	6.983536280544782358e+02
9.393265785573878812e-01	6.931344672632907304e+02
9.455974810398196650e-01	6.844285626698491569e+02
9.518660018545171964e-01	6.808029761414030645e+02
9.581413255531838757e-01	6.751540666232400554e+02
9.644350945109106954e-01	6.697622777235413878e+02
9.707355633568249820e-01	6.661854157002227339e+02
9.770080768450029041e-01	6.615220680523955252e+02
9.832823325363413414e-01	6.547469695114067463e+02
9.895569691966674686e-01	6.515262446860582486e+02
9.958456301921106979e-01	6.463847325119094194e+02
1.002136210743837408e+00	6.417848984791835392e+02
1.008404825335135424e+00	6.358367599782002344e+02
1.014694149836243398e+00	6.295971513076545989e+02
1.020992555437297167e+00	6.277138397319503156e+02
1.027273980437394485e+00	6.210257700864556227e+02
1.033559181896017254e+00	6.189566558021817855e+02
1.039847557392594934e+00	6.116809456409037011e+02
1.046126974943305088e+00	6.056772469746247225e+02
1.052403436811028659e+00	6.033225983608017486e+02
1.058680704651608684e+00	5.990146336148502542e+02
1.064964333065789193e+00	5.935830001862570953e+02
1.071256777440835473e+00	5.913409142748696468e+02
1.077544048801078125e+00	5.885350991062638286e+02
1.083824820188043603e+00	5.824907552964934894e+02
1.090108023942816695e+00	5.786394443604206117e+02
1.096389665956643222e+00	5.731821279482727505e+02
1.102681132058841440e+00	5.701022877102839175e+02
1.108963047594879958e+00	5.667018251756345535e+02
1.115225428463759272e+00	5.647345120002202066e+02
1.121502127614767863e+00	5.599005619338320230e+02
1.127792573824792033e+00	5.539794806732861616e+02
1.134089552668382961e+00	5.501343819944911502e+02
1.140364049650405942e+00	5.482709220037888826e+02
1.146639180320979445e+00	5.446538089839094710e+02
1.152942412991649901e+00	5.368813107277492236e+02
1.159228906751078814e+00	5.370666109645284223e+02
1.165508721887268173e+00	5.329247496690355774e+02
1.171793076256210320e+00	5.287497119978252158e+02
1.178087436369658958e+00	5.254971285819163995e+02
1.184367654251526902e+00	5.206334134838316459e+02
1.190634642299266632e+00	5.188765582298306072e+02
1.196912208834400859e+00	5.140736321046375679e+02
1.203201577354146234e+00	5.103646580360117468e+02
1.209486844441705733e+00	5.066002508125543500e+02
1.215763902074809888e+00	5.031200504524395569e+02
1.222049755171146668e+00	5.015278882362752029e+02
1.228340616621486969e+00	4.963777508531349554e+02
1.234632986576932767e+00	4.939801157087172783e+02
1.240902247176856488e+00	4.908764227544043592e+02
1.247174839144687519e+00	4.861425795191348129e+02
1.253465459933442272e+00	4.858947385052835557e+02
1.259749951892178421e+00	4.816063453832782102e+02
1.266032143127253873e+00	4.783812611792913003e+02
1.272316288472006507e+00	4.744875181603731562e+02
1.278604155058621350e+00	4.711376459136655512e+02
1.284886588933593865e+00	4.692880687829832596e+02
1.291175420066583257e+00	4.653416597454577754e+02
1.297465726373772332e+00	4.610679702287430928e+02
1.303741827011944299e+00	4.591623560059569513e+02
1.310017322922761851e+00	4.576338853447442148e+02
1.316301447662886703e+00	4.541914431285216551e+02
1.322586760363303249e+00	4.514438478005461093e+02
1.328865492452874664e+00	4.474617971933215586e+02
1.335144804954555564e+00	4.453184638749530677e+02
1.341440516272275119e+00	4.422023470424277320e+02
1.347730868417094552e+00	4.388125935189623306e+02
1.354001589994877630e+00	4.364880298132973167e+02
1.360282609297778444e+00	4.328229222126792592e+02
1.366565686457597906e+00	4.312180727028534193e+02
1.372851498482432708e+00	4.272988166692038590e+02
1.379135372929401804e+00	4.241916732014918239e+02
1.385409567149057164e+00	4.212754083326711907e+02
1.391698641219299315e+00	4.191523003212678304e+02
1.397984451439470810e+00	4.186960528937222534e+02
1.404267883409181961e+00	4.150507212634329903e+02
1.410554779484869181e+00	4.125960696044662086e+02
1.416837833547465397e+00	4.097519568772739262e+02
1.423118177187137068e+00	4.065269895713872188e+02
1.429397801164240089e+00	4.038981159983640055e+02
1.435686921822787232e+00	4.018309492357845443e+02
1.441977121769299597e+00	3.976694887390848407e+02
1.448253667853332427e+00	3.978912708410765617e+02
1.454532348972172651e+00	3.943286995009726184e+02
1.460819319151879903e+00	3.927768168063069538e+02
1.467110364402026468e+00	3.910465735391567819e+02
1.473392908948962132e+00	3.878012417156993479e+02
1.479669965243598950e+00	3.864675301455564522e+02
1.485956144602843532e+00	3.831555173364989741e+02
1.492233610763115115e+00	3.807323509993231028e+02
1.498502470379980078e+00	3.795333903422639423e+02
1.504785752051182701e+00	3.762446321802997318e+02
1.511075991894575976e+00	3.747710692269640731e+02
1.517361634985162189e+00	3.714698397825689540e+02
1.523648570969130533e+00	3.695028512346473235e+02
1.529938035715892264e+00	3.669632221343340461e+02
1.536230176913891965e+00	3.657397632771336475e+02
1.542510718779388279e+00	3.632673241571477547e+02
1.548783963082980275e+00	3.612991223749505139e+02
1.555073069779651318e+00	3.585121834232118090e+02
1.561357324927233892e+00	3.575789553394116069e+02
1.567629121053141006e+00	3.558728595423226011e+02
1.573913697404382583e+00	3.538176484574764800e+02
1.580203545230874029e+00	3.514303240207367480e+02
1.586485393434537983e+00	3.493919947996965902e+02
1.592760014263005841e+00	3.460979244745645929e+02
1.599046436394670812e+00	3.457118564069580202e+02
1.605342136637478934e+00	3.434500095378035667e+02
1.611619860919608627e+00	3.406378457715622972e+02
1.617897597081673799e+00	3.388685019495575261e+02
1.624183235481122756e+00	3.372576097070199808e+02
1.630464598531913722e+00	3.358403565359875529e+02
1.636748985747638274e+00	3.345883934881399000e+02
1.643030923698886259e+00	3.317213424647100624e+02
1.649309176648513064e+00	3.299338672677789646e+02
1.655593633940351861e+00	3.287653527400016173e+02
1.661879571405086464e+00	3.265159740575898013e+02
1.668169361685170271e+00	3.250905163267022999e+02
1.674450151530487485e+00	3.229876169213156913e+02
1.680722718978495900e+00	3.210175890081047214e+02
1.687013891340952476e+00	3.185160831175681437e+02
1.693308984907921033e+00	3.172677787766439224e+02
1.699582147428448486e+00	3.158732060934250399e+02
1.705863747055134105e+00	3.136569070225329483e+02
1.712154434283889470e+00	3.123046659134926699e+02
1.718438381579399321e+00	3.107951906742956112e+02
1.724721264464063930e+00	3.089705800737195318e+02
1.730997441276920679e+00	3.073551662258934130e+02
1.737287073528269499e+00	3.062744524185770842e+02
1.743567991878527401e+00	3.039385462996329466e+02
1.749840680212231048e+00	3.013156383750877580e+02
1.756128549091961144e+00	2.994183866225006909e+02
1.762413535324792502e+00	2.988524188049444774e+02
1.768696187669963837e+00	2.963638767968377579e+02
1.774979359379055266e+00	2.949213183386866604e+02
1.781265555576432957e+00	2.935219331057698469e+02
1.787549427830244619e+00	2.926472880136602726e+02
1.793834120011633004e+00	2.913388093418798803e+02
1.800115051552487300e+00	2.896222590667518944e+02
1.806393904854530330e+00	2.883592796012511030e+02
1.812674089667083432e+00	2.861436094039850104e+02
1.818956920109354058e+00	2.850017354819211732e+02
1.825244164118212220e+00	2.833993773386147268e+02
1.831527256642196955e+00	2.815341195873423317e+02
1.837811294935716599e+00	2.804618644141573895e+02
1.844100717411196744e+00	2.786454236324912586e+02
1.850384816792487230e+00	2.775924354087034658e+02
1.856666059735203822e+00	2.765780356957750428e+02
1.862947728675613979e+00	2.744943802964172050e+02
1.869229324466858078e+00	2.726599866569065966e+02
1.875517616802973686e+00	2.719802443347336975e+02
1.881800769033795229e+00	2.702658084302448742e+02
1.888078863416442710e+00	2.695546155168465816e+02
1.894353975182237582e+00	2.682839715309028179e+02
1.900642716154182565e+00	2.664374488189892531e+02
1.906933494748685121e+00	2.649366571911820643e+02
1.913207568676573933e+00	2.638468436126719894e+02
1.919490884732178992e+00	2.628449868630323749e+02
1.925776855684274480e+00	2.609417833399971869e+02
1.932064452961978152e+00	2.593866375088588256e+02
1.938342610030488800e+00	2.587410705644708742e+02
1.944618341543410178e+00	2.572029734832166241e+02
1.950906260203513876e+00	2.551712271213589815e+02
1.957194556613796488e+00	2.541250273696884676e+02
1.963479614559011432e+00	2.534326611847432673e+02
1.969760361532916226e+00	2.522852020495100760e+02
1.976048367034604736e+00	2.505357973854644911e+02
1.982337990217652335e+00	2.489771820494860890e+02
1.988617489259562721e+00	2.479409437754999601e+02
1.994896320665194178e+00	2.470118057023880169e+02
2.001179596222827151e+00	2.456864613754135291e+02
2.007459756923499761e+00	2.440885987530610635e+02
2.013737397779169935e+00	2.435342176005451620e+02
2.020017234677497164e+00	2.420415020711036220e+02
2.026310251015072783e+00	2.407701580628457521e+02
2.032600542948020284e+00	2.394875898997470074e+02
2.038873863192099289e+00	2.385394281766492099e+02
2.045154087821675404e+00	2.371718017777794216e+02
2.051444704514288730e+00	2.362903355712665245e+02
2.057730430280644729e+00	2.347242170106954688e+02
2.064013940455224461e+00	2.339673370044174305e+02
2.070299891179459895e+00	2.328931024582774967e+02
2.076589719964883951e+00	2.319347829254899693e+02
2.082865483794470673e+00	2.306226086001590261e+02
2.089134494859368640e+00	2.301241381909789538e+02
2.095424211360070288e+00	2.285514624381701196e+02
2.101707116664804254e+00	2.273720284928707827e+02
2.107986473933564309e+00	2.265382934686660121e+02
2.114271806543862375e+00	2.256473196775554868e+02
2.120552717288892275e+00	2.243400168138363995e+02
2.126836933207161717e+00	2.233320189106721898e+02
2.133122044791171845e+00	2.225352766489279759e+02
2.139411711910842673e+00	2.210545711809350848e+02
2.145697076775292089e+00	2.205366022621077207e+02
2.151973548606471276e+00	2.193290688536777964e+02
2.158259913555724108e+00	2.186820039464766978e+02
2.164545396699105506e+00	2.169784531183148601e+02
2.170830700377734068e+00	2.162530967704936984e+02
2.177114138849150393e+00	2.154751519974882399e+02
2.183387647576827018e+00	2.137344746974546013e+02
2.189670273687676971e+00	2.134709991676450329e+02
2.195960147934207463e+00	2.127132735476323262e+02
2.202242556317716371e+00	2.113148663743836266e+02
2.208521655981037668e+00	2.102177429063148963e+02
2.214804637081333016e+00	2.092478044714651446e+02
2.221092583349425276e+00	2.086524366402416319e+02
2.227372893591468728e+00	2.077540688481997790e+02
2.233657161144248171e+00	2.070729453618293689e+02
2.239943485394438660e+00	2.061219937425555315e+02
2.246224175264620815e+00	2.052816844669802663e+02
2.252506378421252009e+00	2.042062964900478335e+02
2.258783417054270437e+00	2.029163715607695053e+02
2.265069077371457684e+00	2.026402708896421530e+02
2.271350377044131452e+00	2.013697754051154902e+02
2.277633995145353918e+00	2.010232296630323674e+02
2.283922419579920149e+00	1.995384273096543950e+02
2.290202874392252674e+00	1.993810699657540795e+02
2.296490779970905560e+00	1.984518137743569639e+02
2.302771769934229162e+00	1.975829547503489891e+02
2.309051364164305564e+00	1.967352470485787990e+02
2.315338502539088239e+00	1.958765566728778538e+02
2.321627336503874428e+00	1.950425099278648702e+02
2.327911878297218795e+00	1.940333006260244133e+02
2.334186238580297168e+00	1.933675721368313134e+02
2.340467971862688401e+00	1.927545459978264830e+02
2.346756940970738725e+00	1.918565217648042278e+02
2.353044444556199988e+00	1.907062639155694512e+02
2.359327653314069906e+00	1.904409151805677425e+02
2.365603048789861607e+00	1.896104279139284756e+02
2.371885911737665165e+00	1.887448105710185189e+02
2.378173303594019572e+00	1.881761013554811939e+02
2.384454016539381271e+00	1.867988703448122010e+02
2.390736447344785187e+00	1.864469665905149611e+02
2.397014133897952259e+00	1.857038318600550326e+02
2.403295490074321972e+00	1.847558313485951373e+02
2.409585049672506862e+00	1.844019412612817348e+02
2.415871703165322071e+00	1.837247219068675008e+02
2.422160652369088840e+00	1.827765969433943383e+02
2.428440167222748691e+00	1.821555024610869680e+02
2.434717472383889803e+00	1.815021246904175882e+02
2.441002456202044257e+00	1.803892615343426371e+02
2.447289980304530488e+00	1.801269320626933279e+02
2.453571844729242279e+00	1.791410757464173003e+02
2.459852705114058846e+00	1.788844120485239841e+02
2.466139233225018934e+00	1.776351349424316481e+02
2.472421963421291391e+00	1.772249190422449772e+02
2.478698519174224568e+00	1.766101771713304061e+02
2.484980841400355800e+00	1.756903175104558841e+02
2.491269319409339822e+00	1.752535581926495354e+02
2.497548505139029373e+00	1.745032993146663500e+02
2.503831667172610853e+00	1.740871886527393428e+02
2.510117938323931153e+00	1.731856845196300583e+02
2.516400733681277480e+00	1.726358826787640623e+02
2.522688226833368130e+00	1.719902142502345725e+02
2.528971695852665569e+00	1.710442541814626622e+02
2.535252039407670299e+00	1.705902595428081838e+02
2.541537514142774512e+00	1.699057664231380897e+02
2.547823008847572179e+00	1.694685804559649966e+02
2.554100666580690238e+00	1.689694746915848214e+02
2.560376788884177301e+00	1.682798514039505449e+02
2.566667521601497359e+00	1.676524035988136916e+02
2.572955062237090473e+00	1.671541381535162429e+02
2.579233771797999175e+00	1.667062184478992606e+02
2.585520164300948220e+00	1.658675556122011585e+02
2.591805130332431872e+00	1.651165270905552518e+02
2.598084074692260881e+00	1.646860580217521033e+02
2.604360404197643586e+00	1.644955703439703996e+02
2.610647185140439142e+00	1.637190556217904884e+02
2.616931864059273138e+00	1.630016658240519121e+02
2.623206107911065565e+00	1.626107504145036842e+02
2.629491626543270844e+00	1.622582187523753419e+02
2.635778507982642349e+00	1.617579378285458347e+02
2.642061039325260818e+00	1.613389263883332774e+02
2.648343840729305843e+00	1.606650961850969566e+02
2.654631838974855551e+00	1.603026220146074365e+02
2.660919001246303761e+00	1.597579679862804483e+02
2.667198525130066056e+00	1.590897807998981079e+02
2.673484307038032526e+00	1.585032042280156190e+02
2.679773388053849459e+00	1.581743980512218286e+02
2.686058217632288692e+00	1.574991463854938445e+02
2.692338738200057868e+00	1.572683220279436682e+02
2.698618022887226964e+00	1.569951486216913565e+02
2.704895450708277860e+00	1.562332806088520840e+02
2.711175674923682166e+00	1.559598904661541212e+02
2.717459832966957922e+00	1.555758492816432579e+02
2.723745731959044569e+00	1.550177080204836670e+02
2.730038414850594730e+00	1.545282325413253375e+02
2.736317989800789441e+00	1.542514445737979543e+02
2.742591858549239703e+00	1.536062492582115340e+02
2.748879749010778362e+00	1.532725673195639331e+02
2.755163403825859447e+00	1.528797090247498147e+02
2.761446955625852073e+00	1.525092056680861674e+02
2.767732088935374701e+00	1.521700366990443456e+02
2.774015452421743966e+00	1.515785721730764237e+02
2.780298635700591436e+00	1.511601311657227882e+02
2.786577474762241380e+00	1.507789072285973475e+02
2.792857983210164541e+00	1.505703095942442928e+02
2.799143790920211483e+00	1.500772890163079865e+02
2.805430058399325244e+00	1.495516320055655513e+02
2.811715058209780072e+00	1.494037644809523897e+02
2.817989272498773623e+00	1.489805673811354723e+02
2.824269171595737760e+00	1.486622918566580722e+02
2.830563016441804081e+00	1.487001804034343309e+02
2.836848750951622034e+00	1.478977810015490206e+02
2.843130027866129783e+00	1.475929168664130771e+02
2.849413896912404986e+00	1.472901781398525998e+02
2.855697464522425566e+00	1.469825794027794927e+02
2.861978799810683594e+00	1.465197993846727513e+02
2.868262469415629567e+00	1.462084769308055172e+02
2.874547359206753860e+00	1.461415741808537518e+02
2.880831111471525041e+00	1.455578812500161234e+02
2.887113216972382546e+00	1.452208158214316995e+02
2.893394504725182781e+00	1.452079189911898993e+02
2.899673662137033592e+00	1.448012524494430693e+02
2.905953958587380814e+00	1.445663747765833591e+02
2.912241118105161064e+00	1.442416180243255610e+02
2.918525996366671205e+00	1.441701134653555698e+02
2.924809035425688819e+00	1.434492241022342114e+02
2.931095916293684933e+00	1.436010144300919080e+02
2.937378182606774413e+00	1.431521895818071073e+02
2.943659980254369923e+00	1.430444179109475726e+02
2.949946454403890250e+00	1.427840103782560277e+02
2.956227653702202307e+00	1.425691328853388598e+02
2.962510478867462993e+00	1.424300436076892709e+02
2.968796535179442309e+00	1.423597123964500781e+02
2.975077657376874907e+00	1.419881415034953704e+02
2.981359866759223376e+00	1.419619399790429100e+02
2.987646761575656562e+00	1.419907642135267167e+02
2.993929038370399365e+00	1.415572585571944444e+02
3.000206214840962726e+00	1.415814727968853504e+02
3.006486172402415669e+00	1.413747149813362967e+02
3.012769812211594456e+00	1.410980866189274820e+02
3.019053144326170113e+00	1.407599311186433226e+02
3.025337405144251424e+00	1.407206953086636076e+02
3.031623734799107961e+00	1.406019182992127128e+02
3.037908962055872575e+00	1.404231679171708151e+02
3.044195067146031608e+00	1.401569931317048088e+02
3.050475543482170426e+00	1.404577426781760607e+02
3.056754954538277502e+00	1.399943297521635373e+02
3.063040539557494668e+00	1.400383251363393242e+02
3.069323699454357346e+00	1.399306341818657415e+02
3.075610692642898769e+00	1.397759888392692744e+02
3.081893798009918584e+00	1.396809271248794460e+02
3.088174549548037717e+00	1.396788414581847633e+02
3.094458635632868493e+00	1.394079239339483252e+02
3.100743982931558840e+00	1.396733364743814150e+02
3.107028111748448396e+00	1.394927690716154700e+02
3.113309299655494300e+00	1.393583395116114900e+02
3.119590662867241626e+00	1.393689728022574741e+02
3.125874006820172912e+00	1.395096504306295628e+02
3.132159251154602586e+00	1.395865621552197524e+02
3.138439172765940643e+00	1.392927492208748674e+02
3.144723867719826593e+00	1.395766931741238182e+02
3.151003951258561031e+00	1.393912878308017014e+02
3.157283664131563139e+00	1.396149798363233003e+02
3.163569317183839935e+00	1.396709738181038460e+02
3.169851661717792091e+00	1.394868423376515523e+02
3.176137704316093657e+00	1.397819374961931942e+02
3.182420924828643916e+00	1.397547982272027127e+02
3.188702811875577581e+00	1.396252010583846754e+02
3.194990520008989865e+00	1.397638114907244358e+02
3.201275324656983834e+00	1.399962496639372205e+02
3.207551352179861759e+00	1.401083079472120403e+02
3.213835216737041645e+00	1.401643983576438472e+02
3.220122579819103770e+00	1.399857154301961373e+02
3.226406606618656525e+00	1.397925847409339610e+02
3.232687390085645429e+00	1.395204160908498068e+02
3.238969121280456331e+00	1.389264638519532298e+02
3.245254751548589667e+00	1.386797123509115863e+02
3.251534499036136783e+00	1.384488278177473148e+02
3.257817780791052442e+00	1.380005527255860045e+02
3.264102164154097263e+00	1.376267852388691040e+02
3.270384152138468892e+00	1.374480153219877820e+02
3.276669427476867735e+00	1.368519825051816667e+02
3.282954688864507808e+00	1.367625301015827119e+02
3.289237200334947264e+00	1.363195117705770656e+02
3.295519587088236779e+00	1.359469578266121346e+02
3.301805977329951958e+00	1.356685076537159205e+02
3.308087486222440088e+00	1.354915253858993083e+02
3.314367630234227313e+00	1.352141642612429280e+02
3.320651909732194262e+00	1.350069936440865490e+02
3.326931260376857047e+00	1.346765756885410781e+02
3.333216512447217728e+00	1.340246916811007907e+02
3.339504489419978128e+00	1.338817953665984817e+02
3.345786804809928405e+00	1.334210332373588699e+02
3.352071130016277767e+00	1.330479133708400354e+02
3.358351496304225581e+00	1.331321039942768039e+02
3.364630591073392019e+00	1.326162950750790515e+02
3.370916305215045483e+00	1.324170633829330654e+02
3.377197952029413752e+00	1.319879423759914800e+02
3.383483063818085501e+00	1.316460373356806883e+02
3.389769992424469969e+00	1.314070184903625602e+02
3.396051330885982100e+00	1.310801336796524481e+02
3.402330879139463971e+00	1.310114006232539623e+02
3.408610488352048495e+00	1.304580233642654150e+02
3.414897837696641236e+00	1.304017124345520244e+02
3.421180484052105619e+00	1.301662229672359956e+02
3.427461639653846870e+00	1.298873919852294705e+02
3.433749159643459059e+00	1.294792232979821733e+02
3.440032646656798310e+00	1.292398207063715176e+02
3.446313366033385339e+00	1.291696808724704510e+02
3.452600135384134905e+00	1.288984065487740622e+02
3.458883152815406703e+00	1.286800859280620841e+02
3.465163834403715448e+00	1.282738617371508667e+02
3.471449329786229221e+00	1.281386654505318177e+02
3.477734476754053894e+00	1.278409760142312734e+02
3.484019652467224226e+00	1.276860331745446757e+02
3.490297019369712928e+00	1.274612823294262824e+02
3.496582486484379970e+00	1.273851840073588448e+02
3.502868048046865024e+00	1.270287655969425913e+02
3.509144649545451244e+00	1.269306377286767571e+02
3.515428082003116295e+00	1.264217098261151477e+02
3.521711031624695565e+00	1.264107919013936510e+02
3.527991850954735664e+00	1.261096983414733046e+02
3.534275545726699885e+00	1.260059938727640798e+02
3.540562632020772149e+00	1.258130754427692182e+02
3.546844410757220789e+00	1.255422318018973300e+02
3.553131386753758836e+00	1.254166585970351662e+02
3.559419203211965144e+00	1.250406482589245059e+02
3.565697971577579839e+00	1.249765529602068597e+02
3.571979559134798254e+00	1.246476329630040425e+02
3.578265774595833726e+00	1.244223061570185394e+02
3.584548309769353125e+00	1.242639038525218496e+02
3.590826843920031486e+00	1.241331908640022448e+02
3.597107306745233934e+00	1.238490648436440580e+02
3.603392831792229245e+00	1.236965897019756113e+02
3.609673209822572559e+00	1.235393747265454039e+02
3.615955412133016189e+00	1.234096438188573757e+02
3.622241607772384686e+00	1.232993849492521576e+02
3.628520252736676444e+00	1.232109987592410505e+02
3.634804827569451113e+00	1.229782336606733395e+02
3.641094981788862928e+00	1.226867960470892882e+02
3.647383514928639325e+00	1.225827933140922852e+02
3.653663283927725658e+00	1.224618822353353380e+02
3.659943504072155296e+00	1.224215765260221787e+02
3.666232000281138603e+00	1.221022685016009035e+02
3.672514211678317597e+00	1.219434533058446419e+02
3.678794154686042539e+00	1.218013711222211271e+02
3.685078621861909820e+00	1.217996866140545649e+02
3.691359210097977961e+00	1.216644689899251830e+02
3.697642368173791105e+00	1.214895495685281048e+02
3.703925796735277665e+00	1.213640396710577107e+02
3.710208240364660348e+00	1.209395336926049964e+02
3.716494593122387169e+00	1.212649813189065924e+02
3.722775386659595398e+00	1.209147213338042661e+02
3.729058392883481510e+00	1.208580394777023486e+02
3.735339748210807720e+00	1.205209149141052052e+02
3.741620776392969638e+00	1.205185683921624076e+02
3.747904795418762980e+00	1.203434255887147799e+02
3.754190633281219380e+00	1.203668992330009928e+02
3.760478208018912749e+00	1.202754519408827463e+02
3.766755538573464346e+00	1.199236161415875017e+02
3.773032090135151506e+00	1.200927245539723458e+02
3.779322553012896879e+00	1.199636199950533779e+02
3.785609109731308930e+00	1.196474771236973567e+02
3.791889825936295200e+00	1.197946918916060071e+02
3.798174822702435893e+00	1.196357741358388296e+02
3.804458658753491651e+00	1.197065635683601243e+02
3.810738438095723435e+00	1.193388011565200628e+02
3.817018850285747167e+00	1.195589382673143461e+02
3.823305314209427763e+00	1.194266033839979002e+02
3.829591295197792178e+00	1.190936968947870440e+02
3.835872296070849341e+00	1.191203037010149330e+02
3.842156279590906109e+00	1.192773306059523293e+02
3.848441511099312429e+00	1.191080456258761870e+02
3.854723334376886079e+00	1.190675052062384367e+02
3.861004740704794713e+00	1.187808239696401245e+02
3.867284336650660848e+00	1.191219512969252037e+02
3.873567367678779849e+00	1.187121338714871257e+02
3.879850662830422792e+00	1.188618451448167406e+02
3.886137063198143338e+00	1.190283105868266205e+02
3.892419463049126005e+00	1.190062455228438409e+02
3.898703740328622658e+00	1.186701097154397644e+02
3.904991458788179326e+00	1.188585217700637315e+02
3.911270842222104083e+00	1.186419208322818548e+02
3.917549806479573071e+00	1.186554102065971961e+02
3.923836006203090587e+00	1.188050168276685952e+02
3.930121452497870926e+00	1.187282019121056038e+02
3.936398172858230460e+00	1.187342633116633266e+02
3.942683040425962293e+00	1.186568209567882661e+02
3.948974759704379611e+00	1.187404403830941675e+02
3.955259227995065352e+00	1.185690126469478685e+02
3.961537174921395454e+00	1.188511264824166176e+02
3.967820217617139544e+00	1.187621373680599106e+02
3.974105559832568968e+00	1.188322141106455803e+02
3.980384727931198352e+00	1.188262448911397797e+02
3.986664590839849698e+00	1.187662611693890824e+02
3.992949619150675034e+00	1.191006283742351997e+02
3.999235075769965952e+00	1.190019539164278939e+02
4.005515715515433506e+00	1.190610849462805163e+02
4.011798434346478537e+00	1.192951715680519698e+02
4.018083716245132386e+00	1.193156763428088709e+02
4.024365700052603856e+00	1.189523353331696853e+02
4.030643960839860540e+00	1.190291302254473180e+02
4.036928708926215137e+00	1.193031621390253179e+02
4.043218157412017177e+00	1.192878660162866851e+02
4.049503019487663558e+00	1.195682518149560138e+02
4.055781898960511000e+00	1.196775098275113720e+02
4.062060795621602161e+00	1.196367534560848753e+02
4.068347865354716042e+00	1.194094526050787550e+02
4.074631027173265529e+00	1.198316256629084222e+02
4.080910837526078971e+00	1.200704222663333525e+02
4.087201203341442657e+00	1.198105424278847693e+02
4.093486818591942189e+00	1.200159873591090332e+02
4.099764387336505500e+00	1.200889856110254925e+02
4.106049166937662420e+00	1.202148418736352937e+02
4.112334559041358695e+00	1.203129180175573225e+02
4.118618926059533614e+00	1.205440216223439194e+02
4.124898942031112625e+00	1.204995474934892030e+02
4.131175432561665417e+00	1.206840922881311826e+02
4.137461563786142271e+00	1.209187472978508850e+02
4.143746006210170307e+00	1.212462692910796136e+02
4.150029800482964326e+00	1.208704128611892799e+02
4.156313390684649001e+00	1.211186044467559384e+02
4.162596105843763716e+00	1.213023045346639321e+02
4.168881843141768684e+00	1.216307982220859145e+02
4.175162111073220217e+00	1.216150316628646664e+02
4.181448573417560155e+00	1.218539521166698307e+02
4.187738782464171194e+00	1.221512296576396608e+02
4.194017437180169061e+00	1.221210091317104656e+02
4.200293572701767175e+00	1.222131075803159916e+02
4.206580195481546269e+00	1.224679055894238218e+02
4.212860644652220543e+00	1.225170941177028396e+02
4.219138153430114002e+00	1.228457199672505311e+02
4.225426162098283811e+00	1.232114281325714984e+02
4.231713506719782636e+00	1.231133058129726834e+02
4.237990056577191744e+00	1.232724457793966479e+02
4.244267783646744618e+00	1.237848992388407936e+02
4.250560660182562955e+00	1.239297671937620180e+02
4.256847734842668096e+00	1.240377999291213769e+02
4.263127100734456221e+00	1.244249383758477023e+02
4.269406860432507500e+00	1.241818748416189635e+02
4.275691671482192646e+00	1.248615140378427384e+02
4.281972414189518794e+00	1.251696436477089946e+02
4.288253516806755705e+00	1.253449724988323908e+02
4.294540520160492925e+00	1.254990875315648395e+02
4.300825742921731809e+00	1.256237439558377247e+02
4.307109835491901961e+00	1.261596246105939230e+02
4.313390926478413157e+00	1.261137604216200430e+02
4.319667979480563247e+00	1.262304043536035323e+02
4.325952598143786076e+00	1.268023573402038693e+02
4.332241647035422361e+00	1.268675186527376155e+02
4.338524445619096781e+00	1.271388286636392735e+02
4.344809348131129845e+00	1.273684410619614340e+02
4.351090699193166600e+00	1.275762481514308035e+02
4.357369710808320029e+00	1.280577787741505347e+02
4.363659348967174445e+00	1.279703046647011604e+02
4.369947418280990981e+00	1.282913527994506921e+02
4.376226569265827315e+00	1.287981685760908590e+02
4.382499356631129217e+00	1.285347752745553578e+02
4.388784975178015024e+00	1.291325450557387740e+02
4.395068696309480494e+00	1.290117287633457579e+02
4.401347962382031298e+00	1.294240254985140268e+02
4.407628405096517099e+00	1.295285776698335951e+02
4.413915862185140426e+00	1.297451978458702513e+02
4.420203163534264235e+00	1.301185119649604758e+02
4.426480311003382795e+00	1.300469275988143636e+02
4.432765973643649104e+00	1.308587507455951595e+02
4.439053392023870614e+00	1.305827722769521131e+02
4.445336141335588742e+00	1.311064007674939376e+02
4.451617241414883352e+00	1.311263487897469986e+02
4.457901500730311106e+00	1.309986060282882931e+02
4.464189501093017043e+00	1.310989734495638857e+02
4.470470197548729985e+00	1.312929604997413549e+02
4.476748044268524573e+00	1.319488534375866493e+02
4.483035990164653484e+00	1.314488819754360804e+02
4.489323331650528104e+00	1.316309788999321881e+02
4.495599111667934800e+00	1.316749155880087301e+02
4.501870922878794090e+00	1.317251692725516534e+02
4.508155162877705457e+00	1.320226611476522010e+02
4.514446451153479423e+00	1.318633303313519320e+02
4.520723894043856994e+00	1.310969572374089296e+02
4.527003782460155890e+00	1.313081101058213562e+02
4.533293086610313161e+00	1.312467321579178190e+02
4.539578989864040182e+00	1.309458265812621107e+02
4.545857164866476730e+00	1.302912286052723232e+02
4.552138955546025656e+00	1.302259458393579052e+02
4.558432046889146605e+00	1.297362338135543496e+02
4.564713463378488711e+00	1.297839023080224194e+02
4.570987274133244682e+00	1.289916248347749672e+02
4.577274818151045643e+00	1.295398301752641714e+02
4.583563263889338657e+00	1.292846616620965108e+02
4.589844917004465508e+00	1.293056190994753365e+02
4.596126259982004747e+00	1.287887609023810569e+02
4.602409075598298926e+00	1.292395553212229231e+02
4.608696634867644804e+00	1.290325042903615156e+02
4.614977646498861219e+00	1.293482978693123471e+02
4.621258953029527383e+00	1.284979178202571006e+02
4.627547993978874175e+00	1.291459542951326114e+02
4.633830152730579854e+00	1.296452646301005700e+02
4.640104005367354567e+00	1.294247335751310288e+02
4.646382060386754276e+00	1.294219687146459421e+02
4.652674213731970987e+00	1.294632537846144658e+02
4.658958291796220230e+00	1.295496564612570864e+02
4.665233615070169648e+00	1.302632719779597608e+02
4.671520675710307380e+00	1.294585398337718800e+02
4.677814351732177300e+00	1.301887810765499864e+02
4.684093699744638073e+00	1.302143904163259265e+02
4.690368661472568590e+00	1.306898289135510822e+02
4.696663270746453733e+00	1.310068969129204959e+02
4.702945459248681459e+00	1.307619431872100790e+02
4.709209170841929470e+00	1.308255250115830393e+02
4.715491634753063543e+00	1.309686890958959964e+02
4.721784316284933780e+00	1.315261828565414817e+02
4.728063062331094635e+00	1.311877773666810754e+02
4.734337423381671073e+00	1.318276733552044107e+02
4.740627024094544062e+00	1.311934973613157354e+02
4.746914995664547554e+00	1.320098250955616379e+02
4.753194740071086777e+00	1.323675913755766942e+02
4.759478891864783456e+00	1.325776695080640195e+02
4.765762396877359031e+00	1.328314880347117253e+02
4.772049481246195768e+00	1.330492918560127578e+02
4.778335091022592351e+00	1.330757636392240215e+02
4.784610831402393849e+00	1.332257720152758509e+02
4.790907306208476157e+00	1.332714106829795924e+02
4.797204047706418173e+00	1.339574768284349773e+02
4.803470827697504220e+00	1.338787125405486336e+02
4.809748850577324042e+00	1.348314535591310062e+02
4.816045316586602176e+00	1.347892743757732035e+02
4.822329240673497885e+00	1.348355913691505634e+02
4.828596758226470165e+00	1.354517724180577147e+02
4.834890332961369275e+00	1.347829275655929280e+02
4.841191655056394261e+00	1.364812197734812571e+02
4.847460407468000554e+00	1.365232821940643362e+02
4.853732128521334843e+00	1.368848566316808046e+02
4.860029138783373170e+00	1.364772733820182111e+02
4.866314601732018019e+00	1.373002603193676521e+02
4.872587026269203925e+00	1.381174484904898918e+02
4.878874221748241702e+00	1.375337727940308525e+02
4.885171078138658807e+00	1.382207659594366476e+02
4.891450629931857641e+00	1.385541555668338276e+02
4.897716482750221978e+00	1.400040243052897324e+02
4.904002834596266069e+00	1.395135230611587076e+02
4.910295858205786068e+00	1.402380707532199722e+02
4.916575188115905881e+00	1.402965920581944772e+02
4.922847946197084212e+00	1.420334191992427861e+02
4.929131667457151700e+00	1.407915185250573415e+02
4.935434460144239033e+00	1.423644387688534891e+02
4.941718513303545279e+00	1.429987564621884815e+02
4.947978624761803168e+00	1.435318734115228665e+02
4.954274999209829389e+00	1.435185659587790781e+02
4.960571094729937514e+00	1.439218137043081924e+02
4.966823207626954506e+00	1.445028420158695894e+02
4.973097418390337587e+00	1.459249200234781370e+02
4.979415129936382023e+00	1.458031126257426990e+02
4.985702082330368157e+00	1.457971862900791677e+02
4.991949985828016523e+00	1.470989158852103458e+02
4.998241586316924057e+00	1.481778749448523058e+02
5.004556635606089543e+00	1.491277553234130266e+02
5.010828655701208945e+00	1.494881678378673655e+02
5.017077229702536556e+00	1.508976128056809216e+02
5.023374414758113637e+00	1.506117291820541482e+02
5.029688873569548413e+00	1.518185290248196964e+02
5.035958413584124216e+00	1.517443335376828486e+02
5.042232667658486989e+00	1.526096885351386163e+02
5.048528755870775875e+00	1.541817720827311859e+02
5.054821121427484520e+00	1.547639824652719938e+02
5.061069509814582368e+00	1.554824043307834245e+02
5.067347812754101177e+00	1.557068047480454140e+02
5.073675050630431116e+00	1.568009723887650750e+02
5.079945928388977627e+00	1.578024388869587256e+02
5.086192992546071601e+00	1.578666712467493483e+02
5.092484128970163226e+00	1.584701369675436524e+02
5.098802924706086870e+00	1.598456172058593552e+02
5.105078217426394005e+00	1.606892703540053731e+02
5.111325076574067872e+00	1.609807138431822580e+02
5.117628358851224135e+00	1.622622343844412853e+02
5.123935939383525984e+00	1.629466446800101096e+02
5.130199176325612065e+00	1.646174387501015417e+02
5.136469985878846956e+00	1.648357187898164113e+02
5.142797788696348071e+00	1.655739617580404115e+02
5.149090378043822192e+00	1.679091850217185709e+02
5.155289879840074363e+00	1.679680254434472886e+02
5.161564521234301317e+00	1.702067206894259357e+02
5.167916673496016244e+00	1.702614044662559820e+02
5.174205974602950064e+00	1.733835084650642955e+02
5.180434820793812456e+00	1.736096307969491761e+02
5.186729096569634656e+00	1.744763820633044134e+02
5.193058481037780894e+00	1.754944503319748321e+02
5.199319511444338460e+00	1.787042213949468135e+02
5.205574295584361799e+00	1.784234828393304610e+02
5.211894977074066126e+00	1.811756282675672196e+02
5.218201708336958511e+00	1.820806808922123992e+02
5.224411911780083351e+00	1.825767269370677468e+02
5.230677632666463239e+00	1.822618552051584970e+02
5.237056729559757429e+00	1.844101922723589837e+02
5.243336785035660697e+00	1.854056011801540933e+02
5.249493476178225038e+00	1.863253031831281135e+02
5.255787017738318134e+00	1.895977454916911427e+02
5.262205327426889845e+00	1.899674025732933274e+02
5.268477758348532269e+00	1.897854575699777797e+02
5.274632213654732560e+00	1.938847728619713280e+02
5.280950543314659740e+00	1.949190733933260731e+02
5.287327645024750389e+00	1.968475517265724477e+02
5.293582359180156516e+00	1.990793398484493366e+02
5.299789992649893478e+00	2.009965655330910295e+02
5.306111460381987222e+00	2.025590713627427704e+02
5.312452717892129250e+00	2.051606488727842645e+02
5.318650122853046724e+00	2.036534669406223941e+02
5.324923043129819789e+00	2.077156029343689454e+02
5.331330237158205421e+00	2.101896886825598472e+02
5.337586726886338617e+00	2.114973582784849668e+02
5.343685192440848830e+00	2.115635812260669013e+02
5.350070659715249199e+00	2.153092003364191385e+02
5.356556762554878226e+00	2.183591933952079103e+02
5.362691868684501095e+00	2.202086530422654107e+02
5.368769208912516966e+00	2.195776747183285806e+02
5.375270137997677722e+00	2.203949733892407323e+02
5.381769983045385786e+00	2.234389409104726099e+02
5.387701030372958222e+00	2.321825726403798740e+02
5.393786668001271600e+00	2.312052059628899201e+02
5.400446161099396569e+00	2.358601578617455630e+02
5.406957063684501463e+00	2.318149443683934123e+02
5.412655672453426270e+00	2.362973860749340247e+02
5.418821279260546575e+00	2.386893653312020547e+02
5.425690594366304076e+00	2.456096778991548319e+02
5.432217487502165376e+00	2.451343358877287244e+02
5.437649811577258241e+00	2.543892983199720845e+02
5.443914404015878006e+00	2.511129609354282195e+02
5.450953501686320202e+00	2.511193524549454992e+02
5.457483690405861232e+00	2.571705102301070269e+02
5.462715250135157241e+00	2.647948889479992545e+02
5.469033575551323523e+00	2.650811438781340144e+02
5.476177730420278778e+00	2.630512099852667802e+02
5.482708935702562236e+00	2.656622253820381161e+02
5.487722405008360838e+00	2.607393194728380763e+02
5.494194284996126498e+00	2.707661725877007939e+02
5.501391471009256406e+00	2.889103421797083797e+02
5.507128202673079009e+00	2.692967344570432715e+02
5.512278020050448646e+00	2.936635825198720795e+02
5.519395563377015534e+00	2.941888395354819750e+02
5.526598678609708770e+00	2.909432243262860425e+02
5.532162682462509196e+00	2.467090444113769934e+02
5.537397124017139127e+00	2.838095478285567879e+02
5.544582756485218589e+00	3.640178441401543523e+02
5.551739327507637434e+00	3.329098568334353558e+02
5.557493306674907707e+00	3.579346043500647170e+02
5.562281709102816940e+00	3.883637048464432837e+02
5.569272720323164449e+00	6.000381605860262653e+02
