8.899641224696953554e-03	4.567661666942182819e+03
1.507912216506557788e-02	8.210059579318367469e+03
2.144790186456836667e-02	8.381830223483797454e+03
2.783660776489276650e-02	7.880394710544931513e+03
3.435099785803411021e-02	7.721449850565807537e+03
4.047886761425745911e-02	6.720148710194351224e+03
4.676716683575679601e-02	6.211252456843909385e+03
5.308225101765951665e-02	5.690075759110231957e+03
5.945362440940590160e-02	5.365605887005127443e+03
6.576224814588792211e-02	4.798913041242980398e+03
7.196632906698736953e-02	4.403701246098827141e+03
7.827860915688347743e-02	4.199595597309308687e+03
8.470398945834539672e-02	3.885808428522269423e+03
9.096854620527369817e-02	3.554512887854607470e+03
9.720789776830213169e-02	3.402816599174064322e+03
1.034763038959366499e-01	2.888011426432591634e+03
1.097576444254559219e-01	2.568329043486298815e+03
1.160543084780093354e-01	2.492091539906238268e+03
1.223669666537485351e-01	2.286511175549509517e+03
1.286817263090294094e-01	2.266276063439327572e+03
1.349500801664080818e-01	2.173246160112260895e+03
1.411949558842147678e-01	2.085947167878872733e+03
1.475133575747468451e-01	2.011381359412506072e+03
1.537865074252268427e-01	1.835696644753727469e+03
1.600657544051110326e-01	1.735214963172362104e+03
1.663991168687080635e-01	1.695251958906052550e+03
1.727195645776442856e-01	1.591523674864050236e+03
1.789765213377084718e-01	1.486645775521805945e+03
1.852353690647852158e-01	1.430939022316716319e+03
1.914806787341157279e-01	1.354501291467041028e+03
1.977889868651535599e-01	1.304101713639198351e+03
2.040937735447724277e-01	1.253489250870329442e+03
2.103939302609846018e-01	1.191300091869799189e+03
2.166909709822301688e-01	1.164561690449356547e+03
2.229700281216152047e-01	1.098233976550001671e+03
2.292620027086341994e-01	1.076009621364954455e+03
2.355141508366812297e-01	1.033505017541302777e+03
2.417910583817859116e-01	9.908404984376107905e+02
2.480856539439619257e-01	9.478290959431058127e+02
2.543492256872954549e-01	9.094480700255903685e+02
2.606334251884805386e-01	8.919095733322261594e+02
2.669257370896960802e-01	8.757013687584289983e+02
2.732423343141155980e-01	8.483289860174544401e+02
2.795529680084415936e-01	8.116286723020367617e+02
2.858366292314493129e-01	7.881969542833073774e+02
2.920876271394311496e-01	7.785147333548075039e+02
2.983449844439822751e-01	7.628394542125467979e+02
3.046382639407197446e-01	7.328561645112024507e+02
3.109279127003197196e-01	7.204442207457233280e+02
3.172168171618398036e-01	6.882303381064143650e+02
3.235187567944423082e-01	6.811193471586618671e+02
3.298168217550395687e-01	6.623840130213208113e+02
3.361176429457156667e-01	6.340283004702138214e+02
3.423700375709273769e-01	6.304396575504085831e+02
3.486478192666269682e-01	6.168985691735525734e+02
3.549411614411318028e-01	6.067707773790566534e+02
3.611916935421040642e-01	5.840583630625337719e+02
3.674767089563572564e-01	5.801207431835359785e+02
3.737647795277591056e-01	5.619438904429839567e+02
3.800654031475132477e-01	5.518069598552901880e+02
3.863539861259823738e-01	5.417783917891522378e+02
3.926140181364449755e-01	5.319711214428014046e+02
3.989264500321934581e-01	5.195307899650634909e+02
4.052073244576828714e-01	5.079254143276206150e+02
4.114916477570477182e-01	5.012536603072311436e+02
4.177814272116491257e-01	4.954672876356489724e+02
4.240400648725131116e-01	4.871282906278007090e+02
4.303425690270192283e-01	4.743389045004813056e+02
4.366358560255625965e-01	4.687834084959043821e+02
4.428996183220763605e-01	4.546805781267732982e+02
4.491634418529859563e-01	4.550365898083654201e+02
4.554414146254732731e-01	4.435261363143911240e+02
4.617634470301058558e-01	4.352947873851737768e+02
4.680644242023710433e-01	4.300559913267122738e+02
4.743485242764365895e-01	4.240424650438822027e+02
4.806356136815400082e-01	4.197362307151682899e+02
4.869019258388697646e-01	4.120710012490388294e+02
4.931697099599955947e-01	4.023491778956909002e+02
4.994506747144535908e-01	3.993417011949507582e+02
5.057159051335421429e-01	3.919049023368815483e+02
5.119923996268095356e-01	3.890682716282138927e+02
5.183126097768406826e-01	3.801857959700432161e+02
5.246089638029100000e-01	3.775868035804793408e+02
5.308757308483337267e-01	3.740733918335824342e+02
5.371573527946726934e-01	3.668510466273089037e+02
5.434579563783791256e-01	3.641604054133835575e+02
5.497430652392217842e-01	3.583047412893405408e+02
5.559937427501778773e-01	3.537113276474960344e+02
5.622854676609657654e-01	3.488967235809060981e+02
5.686011537227265711e-01	3.448575205830202890e+02
5.748804589422079614e-01	3.410582838705186646e+02
5.811550210340560296e-01	3.411879416240138880e+02
5.874394496660968468e-01	3.333145783245157077e+02
5.937176220296899176e-01	3.295226326142777680e+02
5.999971954793682505e-01	3.257096460800792102e+02
6.062679115124277596e-01	3.197263444755550381e+02
6.125469576444534381e-01	3.191629050517244650e+02
6.188477733041515272e-01	3.159205685613447940e+02
6.251310567437898813e-01	3.142771705556475581e+02
6.314027450383210560e-01	3.088978124310899034e+02
6.377003562732055375e-01	3.055413661853705776e+02
6.439857783314556494e-01	3.018038985500999161e+02
6.502685417166111925e-01	2.989041360180733591e+02
6.565586117699038216e-01	2.945659126550338556e+02
6.628369282359254377e-01	2.919729321644055062e+02
6.691185444962194362e-01	2.903095603881995999e+02
6.754070198575605755e-01	2.896391280416228255e+02
6.816835514593204692e-01	2.868681969827220541e+02
6.879592533861698112e-01	2.824578889714403545e+02
6.942344317039531587e-01	2.805811477658001536e+02
7.005175402434737908e-01	2.784152464372997997e+02
7.068124956608716758e-01	2.741817610186389516e+02
7.131019009674921527e-01	2.721319572773967934e+02
7.193918251171427247e-01	2.696473900546434948e+02
7.256833807598113140e-01	2.657782983253727025e+02
7.319652682709349989e-01	2.621310074059554154e+02
7.382507990484923344e-01	2.632760924179762014e+02
7.445265842115937893e-01	2.597905076359905365e+02
7.507871101942712455e-01	2.574477844233061887e+02
7.570758465316046459e-01	2.555166663308293380e+02
7.633641233600957365e-01	2.534147563213828676e+02
7.696462959862266917e-01	2.516785053050995771e+02
7.759394865175414102e-01	2.497590848926444949e+02
7.822329141989586843e-01	2.489694696805862293e+02
7.885314936520240181e-01	2.458262415697424785e+02
7.947896566979522071e-01	2.429288507180999375e+02
8.010491096592354809e-01	2.401418652027715552e+02
8.073364061727361651e-01	2.398287851613710870e+02
8.136229488373866170e-01	2.388786978771559859e+02
8.199152998961036776e-01	2.362186938366265565e+02
8.261952636392789762e-01	2.338819830573314107e+02
8.324897070080405914e-01	2.321329248265508625e+02
8.387959309210778480e-01	2.306947136383600423e+02
8.450634639703045181e-01	2.289311677492976855e+02
8.513282867562648182e-01	2.289160606508014837e+02
8.576198263902009566e-01	2.272708561995061416e+02
8.639058477062415697e-01	2.243600402799177402e+02
8.701838745487597837e-01	2.218484130717640994e+02
8.764641096075268534e-01	2.211725063999330416e+02
8.827503873399735745e-01	2.202549871550298235e+02
8.890332768393869323e-01	2.180061707588926936e+02
8.953084247113127780e-01	2.162813530424612338e+02
9.015956521667095602e-01	2.148735618289458387e+02
9.078833328094829680e-01	2.132501947878341753e+02
9.141744106319863450e-01	2.117193059445222048e+02
9.204630817717615043e-01	2.101573931850602435e+02
9.267434415264711456e-01	2.098971099789703771e+02
9.330324197354928906e-01	2.083032710268640244e+02
9.393265785573878812e-01	2.074911312668423307e+02
9.455974810398196650e-01	2.052867431202289197e+02
9.518660018545171964e-01	2.045788949371471404e+02
9.581413255531838757e-01	2.027039760261328354e+02
9.644350945109106954e-01	2.018514178245874575e+02
9.707355633568249820e-01	2.002255587852388885e+02
9.770080768450029041e-01	1.989871704198919531e+02
9.832823325363413414e-01	1.980778214726211388e+02
9.895569691966674686e-01	1.964552016701271100e+02
9.958456301921106979e-01	1.959067590981510705e+02
1.002136210743837408e+00	1.942088371185216147e+02
1.008404825335135424e+00	1.932093004648911574e+02
1.014694149836243398e+00	1.914496442918116941e+02
1.020992555437297167e+00	1.908021570922058174e+02
1.027273980437394485e+00	1.896011715433380971e+02
1.033559181896017254e+00	1.889019630280924105e+02
1.039847557392594934e+00	1.872031681931540845e+02
1.046126974943305088e+00	1.867177776990791074e+02
1.052403436811028659e+00	1.856657936656095558e+02
1.058680704651608684e+00	1.842062086756671988e+02
1.064964333065789193e+00	1.832941506308606279e+02
1.071256777440835473e+00	1.826516841635686603e+02
1.077544048801078125e+00	1.814475633779567545e+02
1.083824820188043603e+00	1.807030739384955211e+02
1.090108023942816695e+00	1.789081113965885095e+02
1.096389665956643222e+00	1.780059199498680300e+02
1.102681132058841440e+00	1.777140262459473661e+02
1.108963047594879958e+00	1.770475125882302621e+02
1.115225428463759272e+00	1.754930973593878036e+02
1.121502127614767863e+00	1.741905037177222084e+02
1.127792573824792033e+00	1.743723145473036311e+02
1.134089552668382961e+00	1.726322348883093412e+02
1.140364049650405942e+00	1.717733551940843597e+02
1.146639180320979445e+00	1.709938732206072132e+02
1.152942412991649901e+00	1.707283148802488313e+02
1.159228906751078814e+00	1.690670535126591858e+02
1.165508721887268173e+00	1.682186742535779729e+02
1.171793076256210320e+00	1.677392802237965554e+02
1.178087436369658958e+00	1.671345406463036909e+02
1.184367654251526902e+00	1.657808729358951041e+02
1.190634642299266632e+00	1.651982451792766540e+02
1.196912208834400859e+00	1.634647504241665672e+02
1.203201577354146234e+00	1.635014952503395591e+02
1.209486844441705733e+00	1.624758105480643735e+02
1.215763902074809888e+00	1.617960271255057592e+02
1.222049755171146668e+00	1.612328241956623742e+02
1.228340616621486969e+00	1.596495314052752406e+02
1.234632986576932767e+00	1.587313641253324477e+02
1.240902247176856488e+00	1.590211664776607563e+02
1.247174839144687519e+00	1.582299585620924631e+02
1.253465459933442272e+00	1.573192995799685718e+02
1.259749951892178421e+00	1.566936567229583090e+02
1.266032143127253873e+00	1.552125464153591849e+02
1.272316288472006507e+00	1.549502348816963035e+02
1.278604155058621350e+00	1.538592930082582200e+02
1.284886588933593865e+00	1.536100555007500077e+02
1.291175420066583257e+00	1.528509742579446424e+02
1.297465726373772332e+00	1.514148666408694055e+02
1.303741827011944299e+00	1.513369147740136214e+02
1.310017322922761851e+00	1.507276047651672854e+02
1.316301447662886703e+00	1.500551135497283894e+02
1.322586760363303249e+00	1.484947146793368802e+02
1.328865492452874664e+00	1.483396475160034242e+02
1.335144804954555564e+00	1.478702633846375534e+02
1.341440516272275119e+00	1.470115867917947412e+02
1.347730868417094552e+00	1.462353651189388586e+02
1.354001589994877630e+00	1.454887778468005024e+02
1.360282609297778444e+00	1.449336262545352270e+02
1.366565686457597906e+00	1.444563600221519266e+02
1.372851498482432708e+00	1.437907070890071566e+02
1.379135372929401804e+00	1.431221706010763910e+02
1.385409567149057164e+00	1.426069802595635281e+02
1.391698641219299315e+00	1.420707076629750532e+02
1.397984451439470810e+00	1.417906602817863018e+02
1.404267883409181961e+00	1.408430856492372243e+02
1.410554779484869181e+00	1.402965700775418441e+02
1.416837833547465397e+00	1.401036085195638066e+02
1.423118177187137068e+00	1.389596881071968824e+02
1.429397801164240089e+00	1.381755255941895655e+02
1.435686921822787232e+00	1.378960374293501161e+02
1.441977121769299597e+00	1.373376971433686720e+02
1.448253667853332427e+00	1.369075240589084785e+02
1.454532348972172651e+00	1.359226852729962616e+02
1.460819319151879903e+00	1.356119636228450531e+02
1.467110364402026468e+00	1.350851065903749486e+02
1.473392908948962132e+00	1.340764423605795912e+02
1.479669965243598950e+00	1.338101707198248960e+02
1.485956144602843532e+00	1.333043000605788961e+02
1.492233610763115115e+00	1.328708957250390199e+02
1.498502470379980078e+00	1.325592575631179670e+02
1.504785752051182701e+00	1.316512226405728541e+02
1.511075991894575976e+00	1.311482067941259118e+02
1.517361634985162189e+00	1.307031673455197733e+02
1.523648570969130533e+00	1.302572823437892851e+02
1.529938035715892264e+00	1.297511791906061660e+02
1.536230176913891965e+00	1.291460388392638663e+02
1.542510718779388279e+00	1.287341003619781645e+02
1.548783963082980275e+00	1.280462244216475085e+02
1.555073069779651318e+00	1.272256166072405534e+02
1.561357324927233892e+00	1.271951240413630018e+02
1.567629121053141006e+00	1.265731434785660099e+02
1.573913697404382583e+00	1.259956046795460765e+02
1.580203545230874029e+00	1.255591565073296749e+02
1.586485393434537983e+00	1.253577554170141042e+02
1.592760014263005841e+00	1.245794069858858819e+02
1.599046436394670812e+00	1.240273130728284769e+02
1.605342136637478934e+00	1.232239025145003382e+02
1.611619860919608627e+00	1.231172565141174289e+02
1.617897597081673799e+00	1.231299544185822299e+02
1.624183235481122756e+00	1.223930802231758150e+02
1.630464598531913722e+00	1.216166175331754857e+02
1.636748985747638274e+00	1.212557327013649484e+02
1.643030923698886259e+00	1.211170227657669187e+02
1.649309176648513064e+00	1.201078319175106941e+02
1.655593633940351861e+00	1.198536173864998062e+02
1.661879571405086464e+00	1.193981192731498595e+02
1.668169361685170271e+00	1.185314292089162223e+02
1.674450151530487485e+00	1.186659569023535994e+02
1.680722718978495900e+00	1.177803644481819703e+02
1.687013891340952476e+00	1.176473641454269625e+02
1.693308984907921033e+00	1.169228224735301893e+02
1.699582147428448486e+00	1.168367936045319482e+02
1.705863747055134105e+00	1.159928051147898316e+02
1.712154434283889470e+00	1.159380499154363235e+02
1.718438381579399321e+00	1.156734282696098433e+02
1.724721264464063930e+00	1.147406072597458859e+02
1.730997441276920679e+00	1.146454677431371607e+02
1.737287073528269499e+00	1.140752061374170836e+02
1.743567991878527401e+00	1.140681985788203576e+02
1.749840680212231048e+00	1.136766826046215044e+02
1.756128549091961144e+00	1.128654303565853354e+02
1.762413535324792502e+00	1.127010391997385881e+02
1.768696187669963837e+00	1.124026195447033984e+02
1.774979359379055266e+00	1.115301628584829245e+02
1.781265555576432957e+00	1.112705487846102130e+02
1.787549427830244619e+00	1.107599816987385992e+02
1.793834120011633004e+00	1.103743643630170794e+02
1.800115051552487300e+00	1.099818670594546433e+02
1.806393904854530330e+00	1.097455323598179007e+02
1.812674089667083432e+00	1.092330308727165686e+02
1.818956920109354058e+00	1.088755696170549925e+02
1.825244164118212220e+00	1.086284614667631701e+02
1.831527256642196955e+00	1.080590219305065318e+02
1.837811294935716599e+00	1.078589049409948473e+02
1.844100717411196744e+00	1.073187808329091553e+02
1.850384816792487230e+00	1.068449734657805692e+02
1.856666059735203822e+00	1.066011429926455918e+02
1.862947728675613979e+00	1.060088280614575638e+02
1.869229324466858078e+00	1.059512736882286674e+02
1.875517616802973686e+00	1.055190536783207733e+02
1.881800769033795229e+00	1.049972562151736497e+02
1.888078863416442710e+00	1.050292436117923671e+02
1.894353975182237582e+00	1.043813535168278861e+02
1.900642716154182565e+00	1.042035198347996356e+02
1.906933494748685121e+00	1.037028525782207851e+02
1.913207568676573933e+00	1.031797591897904738e+02
1.919490884732178992e+00	1.029073980829272728e+02
1.925776855684274480e+00	1.024866609840102001e+02
1.932064452961978152e+00	1.024490012859601364e+02
1.938342610030488800e+00	1.020584874289172745e+02
1.944618341543410178e+00	1.015475110282193469e+02
1.950906260203513876e+00	1.010106850162305960e+02
1.957194556613796488e+00	1.006755262974459271e+02
1.963479614559011432e+00	1.005061397466815265e+02
1.969760361532916226e+00	9.997614240194010904e+01
1.976048367034604736e+00	9.968908023781897043e+01
1.982337990217652335e+00	9.944854544467087010e+01
1.988617489259562721e+00	9.919867108098580388e+01
1.994896320665194178e+00	9.868365989784540204e+01
2.001179596222827151e+00	9.841989916634960878e+01
2.007459756923499761e+00	9.810534642306303965e+01
2.013737397779169935e+00	9.770965137537518785e+01
2.020017234677497164e+00	9.722014806846696899e+01
2.026310251015072783e+00	9.704299134551172301e+01
2.032600542948020284e+00	9.684033252207277087e+01
2.038873863192099289e+00	9.636547542494443519e+01
2.045154087821675404e+00	9.601953730597664105e+01
2.051444704514288730e+00	9.589305932567295088e+01
2.057730430280644729e+00	9.539073702178043845e+01
2.064013940455224461e+00	9.523817953469837505e+01
2.070299891179459895e+00	9.494205821952144220e+01
2.076589719964883951e+00	9.445829452447883057e+01
2.082865483794470673e+00	9.421133169601608870e+01
2.089134494859368640e+00	9.393626161599625846e+01
2.095424211360070288e+00	9.361925814769033138e+01
2.101707116664804254e+00	9.300616555274997665e+01
2.107986473933564309e+00	9.308745727875792397e+01
2.114271806543862375e+00	9.275042672898891283e+01
2.120552717288892275e+00	9.252074834165655659e+01
2.126836933207161717e+00	9.195492097463849746e+01
2.133122044791171845e+00	9.167828459186840462e+01
2.139411711910842673e+00	9.143706824733557426e+01
2.145697076775292089e+00	9.093325919222218090e+01
2.151973548606471276e+00	9.088526378318933041e+01
2.158259913555724108e+00	9.055074455357535612e+01
2.164545396699105506e+00	9.029082614178877009e+01
2.170830700377734068e+00	9.007173351983836085e+01
2.177114138849150393e+00	8.950155869453669766e+01
2.183387647576827018e+00	8.929726445936488233e+01
2.189670273687676971e+00	8.911053666567696041e+01
2.195960147934207463e+00	8.896924752321494623e+01
2.202242556317716371e+00	8.871197452717989052e+01
2.208521655981037668e+00	8.827122282671412279e+01
2.214804637081333016e+00	8.802441120686196996e+01
2.221092583349425276e+00	8.791047435177975444e+01
2.227372893591468728e+00	8.744878719008681855e+01
2.233657161144248171e+00	8.728478605621828024e+01
2.239943485394438660e+00	8.672660066746229290e+01
2.246224175264620815e+00	8.667859295893916283e+01
2.252506378421252009e+00	8.646379351931700796e+01
2.258783417054270437e+00	8.614417392819464681e+01
2.265069077371457684e+00	8.571332622222566044e+01
2.271350377044131452e+00	8.568152584316814568e+01
2.277633995145353918e+00	8.529768025505958917e+01
2.283922419579920149e+00	8.525492313276944856e+01
2.290202874392252674e+00	8.492773902088694626e+01
2.296490779970905560e+00	8.472252358513208037e+01
2.302771769934229162e+00	8.434562327389549807e+01
2.309051364164305564e+00	8.411054892575172914e+01
2.315338502539088239e+00	8.395583603046856069e+01
2.321627336503874428e+00	8.365777596595737009e+01
2.327911878297218795e+00	8.346103865881889305e+01
2.334186238580297168e+00	8.321684661209971523e+01
2.340467971862688401e+00	8.290003378694589742e+01
2.346756940970738725e+00	8.256230390855873225e+01
2.353044444556199988e+00	8.243614617797349808e+01
2.359327653314069906e+00	8.211896161956818219e+01
2.365603048789861607e+00	8.210388748820055582e+01
2.371885911737665165e+00	8.170974666510547024e+01
2.378173303594019572e+00	8.150996396748435302e+01
2.384454016539381271e+00	8.117319810306983641e+01
2.390736447344785187e+00	8.095289056761805568e+01
2.397014133897952259e+00	8.057499187531114160e+01
2.403295490074321972e+00	8.060688914633479385e+01
2.409585049672506862e+00	8.019354280277512714e+01
2.415871703165322071e+00	8.013028392929815880e+01
2.422160652369088840e+00	7.983058668645048783e+01
2.428440167222748691e+00	7.969653495524380560e+01
2.434717472383889803e+00	7.946095853458693625e+01
2.441002456202044257e+00	7.919492431415328326e+01
2.447289980304530488e+00	7.901107387182457842e+01
2.453571844729242279e+00	7.875038801535603739e+01
2.459852705114058846e+00	7.854962025568929107e+01
2.466139233225018934e+00	7.836298731220183811e+01
2.472421963421291391e+00	7.815025548985317982e+01
2.478698519174224568e+00	7.798349399695210593e+01
2.484980841400355800e+00	7.768221112440029685e+01
2.491269319409339822e+00	7.740778933700772768e+01
2.497548505139029373e+00	7.728889124519798770e+01
2.503831667172610853e+00	7.704948845065533192e+01
2.510117938323931153e+00	7.718753084876215098e+01
2.516400733681277480e+00	7.681920951434156564e+01
2.522688226833368130e+00	7.643045588658203826e+01
2.528971695852665569e+00	7.642448064715919998e+01
2.535252039407670299e+00	7.614831520699351586e+01
2.541537514142774512e+00	7.586541711194286108e+01
2.547823008847572179e+00	7.577066034957175589e+01
2.554100666580690238e+00	7.560680422749058494e+01
2.560376788884177301e+00	7.561891457994882160e+01
2.566667521601497359e+00	7.529480784879358168e+01
2.572955062237090473e+00	7.494756513376444218e+01
2.579233771797999175e+00	7.488389952162503960e+01
2.585520164300948220e+00	7.482303891967625020e+01
2.591805130332431872e+00	7.440822704605356819e+01
2.598084074692260881e+00	7.449387206676826167e+01
2.604360404197643586e+00	7.426594756756190918e+01
2.610647185140439142e+00	7.397202916340735612e+01
2.616931864059273138e+00	7.381735135857690011e+01
2.623206107911065565e+00	7.364547554896240911e+01
2.629491626543270844e+00	7.347659590142735908e+01
2.635778507982642349e+00	7.344025156980779911e+01
2.642061039325260818e+00	7.315532477307802139e+01
2.648343840729305843e+00	7.294630006308409520e+01
2.654631838974855551e+00	7.285245500521568829e+01
2.660919001246303761e+00	7.264856885097779582e+01
2.667198525130066056e+00	7.266177065142291269e+01
2.673484307038032526e+00	7.246447363126313235e+01
2.679773388053849459e+00	7.215411804305344390e+01
2.686058217632288692e+00	7.217231289040147146e+01
2.692338738200057868e+00	7.197180151600085196e+01
2.698618022887226964e+00	7.190299773750372481e+01
2.704895450708277860e+00	7.173255789496883494e+01
2.711175674923682166e+00	7.145213163035424486e+01
2.717459832966957922e+00	7.140882154043390528e+01
2.723745731959044569e+00	7.131998680013229830e+01
2.730038414850594730e+00	7.118200880928839069e+01
2.736317989800789441e+00	7.104582113529750131e+01
2.742591858549239703e+00	7.087885519974783222e+01
2.748879749010778362e+00	7.082604203643005292e+01
2.755163403825859447e+00	7.060241188220240360e+01
2.761446955625852073e+00	7.048893287775543115e+01
2.767732088935374701e+00	7.028019354056796431e+01
2.774015452421743966e+00	7.024673215101543633e+01
2.780298635700591436e+00	7.024022569036668528e+01
2.786577474762241380e+00	7.005137558435227163e+01
2.792857983210164541e+00	6.987913663745437987e+01
2.799143790920211483e+00	6.984561046736304490e+01
2.805430058399325244e+00	6.980451678586625519e+01
2.811715058209780072e+00	6.963612436006820872e+01
2.817989272498773623e+00	6.947550622296945733e+01
2.824269171595737760e+00	6.938564451502908526e+01
2.830563016441804081e+00	6.922334639684120816e+01
2.836848750951622034e+00	6.927262532311944199e+01
2.843130027866129783e+00	6.916797223093210789e+01
2.849413896912404986e+00	6.904409642694177762e+01
2.855697464522425566e+00	6.901123752802985223e+01
2.861978799810683594e+00	6.884952045331175441e+01
2.868262469415629567e+00	6.875210153932401624e+01
2.874547359206753860e+00	6.874314161125366240e+01
2.880831111471525041e+00	6.864611790286674875e+01
2.887113216972382546e+00	6.853544897527682167e+01
2.893394504725182781e+00	6.840140766388987004e+01
2.899673662137033592e+00	6.835790498936067650e+01
2.905953958587380814e+00	6.830596303543586600e+01
2.912241118105161064e+00	6.823993214604143986e+01
2.918525996366671205e+00	6.812494149277171118e+01
2.924809035425688819e+00	6.801876224498266765e+01
2.931095916293684933e+00	6.810856361524997737e+01
2.937378182606774413e+00	6.803463680658843771e+01
2.943659980254369923e+00	6.804204525770731493e+01
2.949946454403890250e+00	6.791174739947238947e+01
2.956227653702202307e+00	6.791475461870224706e+01
2.962510478867462993e+00	6.796423944109351112e+01
2.968796535179442309e+00	6.776157575756755591e+01
2.975077657376874907e+00	6.776090861857937853e+01
2.981359866759223376e+00	6.768289886806360300e+01
2.987646761575656562e+00	6.764421253358665354e+01
2.993929038370399365e+00	6.766229581484216737e+01
3.000206214840962726e+00	6.765490954105000299e+01
3.006486172402415669e+00	6.752002782112577961e+01
3.012769812211594456e+00	6.763819727198301734e+01
3.019053144326170113e+00	6.749338594953343318e+01
3.025337405144251424e+00	6.759586233390014343e+01
3.031623734799107961e+00	6.753152043344276478e+01
3.037908962055872575e+00	6.740984195159863646e+01
3.044195067146031608e+00	6.748150430860226834e+01
3.050475543482170426e+00	6.735957109305276447e+01
3.056754954538277502e+00	6.754174895722026406e+01
3.063040539557494668e+00	6.756739042648982263e+01
3.069323699454357346e+00	6.757666500416128486e+01
3.075610692642898769e+00	6.755965950622072569e+01
3.081893798009918584e+00	6.760678651588260379e+01
3.088174549548037717e+00	6.758951814070483977e+01
3.094458635632868493e+00	6.753882650597266490e+01
3.100743982931558840e+00	6.762257929274180412e+01
3.107028111748448396e+00	6.764803024275096277e+01
3.113309299655494300e+00	6.774303208696147749e+01
3.119590662867241626e+00	6.772006004775224142e+01
3.125874006820172912e+00	6.761660376880405465e+01
3.132159251154602586e+00	6.773269283756599179e+01
3.138439172765940643e+00	6.777531384124830538e+01
3.144723867719826593e+00	6.775298240186138798e+01
3.151003951258561031e+00	6.791477778560587808e+01
3.157283664131563139e+00	6.816064275146251816e+01
3.163569317183839935e+00	6.807736146392181809e+01
3.169851661717792091e+00	6.813867592100554305e+01
3.176137704316093657e+00	6.825276259691710834e+01
3.182420924828643916e+00	6.838558384239891552e+01
3.188702811875577581e+00	6.835495694373229014e+01
3.194990520008989865e+00	6.842272848783687778e+01
3.201275324656983834e+00	6.859466153660656573e+01
3.207551352179861759e+00	6.873167024828231320e+01
3.213835216737041645e+00	6.872759442696624888e+01
3.220122579819103770e+00	6.875937383168434280e+01
3.226406606618656525e+00	6.860697178820483089e+01
3.232687390085645429e+00	6.855644282946460066e+01
3.238969121280456331e+00	6.842204287101556304e+01
3.245254751548589667e+00	6.829491103939078300e+01
3.251534499036136783e+00	6.810285081987524336e+01
3.257817780791052442e+00	6.798159511223467177e+01
3.264102164154097263e+00	6.794106063646533755e+01
3.270384152138468892e+00	6.773428405753931258e+01
3.276669427476867735e+00	6.764659291610365699e+01
3.282954688864507808e+00	6.744330057664809885e+01
3.289237200334947264e+00	6.735890864773334386e+01
3.295519587088236779e+00	6.719598562973141043e+01
3.301805977329951958e+00	6.714515208843386063e+01
3.308087486222440088e+00	6.702550415378817661e+01
3.314367630234227313e+00	6.691200582924165019e+01
3.320651909732194262e+00	6.687355632240902992e+01
3.326931260376857047e+00	6.670793004768933088e+01
3.333216512447217728e+00	6.661874004234083202e+01
3.339504489419978128e+00	6.647851264270842364e+01
3.345786804809928405e+00	6.646082377664944829e+01
3.352071130016277767e+00	6.626616579477251889e+01
3.358351496304225581e+00	6.619683948031095611e+01
3.364630591073392019e+00	6.610385335711910670e+01
3.370916305215045483e+00	6.607370406832829701e+01
3.377197952029413752e+00	6.592924105506797616e+01
3.383483063818085501e+00	6.581604559815667699e+01
3.389769992424469969e+00	6.585497769222656927e+01
3.396051330885982100e+00	6.556720992574614115e+01
3.402330879139463971e+00	6.549036207001807952e+01
3.408610488352048495e+00	6.551982491242156925e+01
3.414897837696641236e+00	6.533702648794626100e+01
3.421180484052105619e+00	6.530806310126743597e+01
3.427461639653846870e+00	6.521440207750295315e+01
3.433749159643459059e+00	6.513179705225962834e+01
3.440032646656798310e+00	6.497813809536799567e+01
3.446313366033385339e+00	6.498721329466383168e+01
3.452600135384134905e+00	6.487844058283904758e+01
3.458883152815406703e+00	6.478974686177592446e+01
3.465163834403715448e+00	6.480239559275500483e+01
3.471449329786229221e+00	6.457367997197532361e+01
3.477734476754053894e+00	6.456350688081317912e+01
3.484019652467224226e+00	6.450028549506853892e+01
3.490297019369712928e+00	6.442423371867613469e+01
3.496582486484379970e+00	6.431391477645011889e+01
3.502868048046865024e+00	6.422093506686010755e+01
3.509144649545451244e+00	6.410781615947929879e+01
3.515428082003116295e+00	6.415047737826296270e+01
3.521711031624695565e+00	6.409137284955012603e+01
3.527991850954735664e+00	6.389801284813854920e+01
3.534275545726699885e+00	6.393561857884752442e+01
3.540562632020772149e+00	6.384767393155084392e+01
3.546844410757220789e+00	6.374966023386024716e+01
3.553131386753758836e+00	6.374113647949977235e+01
3.559419203211965144e+00	6.372120887781280629e+01
3.565697971577579839e+00	6.367115853300369110e+01
3.571979559134798254e+00	6.354209058886483064e+01
3.578265774595833726e+00	6.347066601833259369e+01
3.584548309769353125e+00	6.353959136340451153e+01
3.590826843920031486e+00	6.348494619084262780e+01
3.597107306745233934e+00	6.333777485553886066e+01
3.603392831792229245e+00	6.337011623283284223e+01
3.609673209822572559e+00	6.319091877966251758e+01
3.615955412133016189e+00	6.317527688443401956e+01
3.622241607772384686e+00	6.325303319152920523e+01
3.628520252736676444e+00	6.308360177885492703e+01
3.634804827569451113e+00	6.310662379386169363e+01
3.641094981788862928e+00	6.303682167901843769e+01
3.647383514928639325e+00	6.313329349996683959e+01
3.653663283927725658e+00	6.286013184569523560e+01
3.659943504072155296e+00	6.294086857752150621e+01
3.666232000281138603e+00	6.293437381588676516e+01
3.672514211678317597e+00	6.283896713825645008e+01
3.678794154686042539e+00	6.277591017567215204e+01
3.685078621861909820e+00	6.283411032147539999e+01
3.691359210097977961e+00	6.273876338572745226e+01
3.697642368173791105e+00	6.258845671385081033e+01
3.703925796735277665e+00	6.264639710469673872e+01
3.710208240364660348e+00	6.274457607907443446e+01
3.716494593122387169e+00	6.260235498156630740e+01
3.722775386659595398e+00	6.267687963713876087e+01
3.729058392883481510e+00	6.258136963515028839e+01
3.735339748210807720e+00	6.265874434417707306e+01
3.741620776392969638e+00	6.258858377555316110e+01
3.747904795418762980e+00	6.256621947084829571e+01
3.754190633281219380e+00	6.250559323549089186e+01
3.760478208018912749e+00	6.248319926650443534e+01
3.766755538573464346e+00	6.248997200543677621e+01
3.773032090135151506e+00	6.254834891330141744e+01
3.779322553012896879e+00	6.246424332626973808e+01
3.785609109731308930e+00	6.239163043287693000e+01
3.791889825936295200e+00	6.240133723662584941e+01
3.798174822702435893e+00	6.248755232373853374e+01
3.804458658753491651e+00	6.247648548103737909e+01
3.810738438095723435e+00	6.253694567166984797e+01
3.817018850285747167e+00	6.244834032069947938e+01
3.823305314209427763e+00	6.247805412573433159e+01
3.829591295197792178e+00	6.251635364057032263e+01
3.835872296070849341e+00	6.236539729141239263e+01
3.842156279590906109e+00	6.240616318977549071e+01
3.848441511099312429e+00	6.253909547171132743e+01
3.854723334376886079e+00	6.242278904102693105e+01
3.861004740704794713e+00	6.249160480795458739e+01
3.867284336650660848e+00	6.252101679870631301e+01
3.873567367678779849e+00	6.251546347377652069e+01
3.879850662830422792e+00	6.249796532133616012e+01
3.886137063198143338e+00	6.258061878781435894e+01
3.892419463049126005e+00	6.249834785453111863e+01
3.898703740328622658e+00	6.258588455534162875e+01
3.904991458788179326e+00	6.271334572036531796e+01
3.911270842222104083e+00	6.262277195138413077e+01
3.917549806479573071e+00	6.266918718756661377e+01
3.923836006203090587e+00	6.273907911272173976e+01
3.930121452497870926e+00	6.272617526270517629e+01
3.936398172858230460e+00	6.276548975026302912e+01
3.942683040425962293e+00	6.295500469064866422e+01
3.948974759704379611e+00	6.287572462584790145e+01
3.955259227995065352e+00	6.291548008098082079e+01
3.961537174921395454e+00	6.298731327778432387e+01
3.967820217617139544e+00	6.290446310720403034e+01
3.974105559832568968e+00	6.311736898734471879e+01
3.980384727931198352e+00	6.310493498242234267e+01
3.986664590839849698e+00	6.312976073625331708e+01
3.992949619150675034e+00	6.310991133394711738e+01
3.999235075769965952e+00	6.318965030199997557e+01
4.005515715515433506e+00	6.322546854404789940e+01
4.011798434346478537e+00	6.339770692782818173e+01
4.018083716245132386e+00	6.337362650473303916e+01
4.024365700052603856e+00	6.360132657722617466e+01
4.030643960839860540e+00	6.354960227108735893e+01
4.036928708926215137e+00	6.365453721756593097e+01
4.043218157412017177e+00	6.379023629338831114e+01
4.049503019487663558e+00	6.380099900761165088e+01
4.055781898960511000e+00	6.383925056998469927e+01
4.062060795621602161e+00	6.387532100938229007e+01
4.068347865354716042e+00	6.402438756026872113e+01
4.074631027173265529e+00	6.402173141009262736e+01
4.080910837526078971e+00	6.413124203198749740e+01
4.087201203341442657e+00	6.431514101103041980e+01
4.093486818591942189e+00	6.441764417776255414e+01
4.099764387336505500e+00	6.439733819417656946e+01
4.106049166937662420e+00	6.448594980832753265e+01
4.112334559041358695e+00	6.473577503909929476e+01
4.118618926059533614e+00	6.476057712350227291e+01
4.124898942031112625e+00	6.486025287395302996e+01
4.131175432561665417e+00	6.494359277632038641e+01
4.137461563786142271e+00	6.493380038392491826e+01
4.143746006210170307e+00	6.502329101822795110e+01
4.150029800482964326e+00	6.534075847087754596e+01
4.156313390684649001e+00	6.530613816588368081e+01
4.162596105843763716e+00	6.559842611759377462e+01
4.168881843141768684e+00	6.553029987681922819e+01
4.175162111073220217e+00	6.568892744921838300e+01
4.181448573417560155e+00	6.579167179387317788e+01
4.187738782464171194e+00	6.614178652052652296e+01
4.194017437180169061e+00	6.616978469889004089e+01
4.200293572701767175e+00	6.639092421702697777e+01
4.206580195481546269e+00	6.641677313030848495e+01
4.212860644652220543e+00	6.658927161793140215e+01
4.219138153430114002e+00	6.672830709539583438e+01
4.225426162098283811e+00	6.686148245627964570e+01
4.231713506719782636e+00	6.698583858736328978e+01
4.237990056577191744e+00	6.707133075218658291e+01
4.244267783646744618e+00	6.725799619835618159e+01
4.250560660182562955e+00	6.747113199147513285e+01
4.256847734842668096e+00	6.744960284766561642e+01
4.263127100734456221e+00	6.784960505527121200e+01
4.269406860432507500e+00	6.783915300945085392e+01
4.275691671482192646e+00	6.790059163098344186e+01
4.281972414189518794e+00	6.823219789602160290e+01
4.288253516806755705e+00	6.830650015162721900e+01
4.294540520160492925e+00	6.855449230494370738e+01
4.300825742921731809e+00	6.848662887085868078e+01
4.307109835491901961e+00	6.872743001109797945e+01
4.313390926478413157e+00	6.900075093232231893e+01
4.319667979480563247e+00	6.897223327249758995e+01
4.325952598143786076e+00	6.952247979827843949e+01
4.332241647035422361e+00	6.942375996260003035e+01
4.338524445619096781e+00	6.968274044823283475e+01
4.344809348131129845e+00	6.976596479926635652e+01
4.351090699193166600e+00	6.993924729676659524e+01
4.357369710808320029e+00	7.025454742753015580e+01
4.363659348967174445e+00	7.010605303195941929e+01
4.369947418280990981e+00	7.044656704997763086e+01
4.376226569265827315e+00	7.071539967419566608e+01
4.382499356631129217e+00	7.080803939517907963e+01
4.388784975178015024e+00	7.091505948450499375e+01
4.395068696309480494e+00	7.115028837400106454e+01
4.401347962382031298e+00	7.131074917926223122e+01
4.407628405096517099e+00	7.151237362946146447e+01
4.413915862185140426e+00	7.149277523368618859e+01
4.420203163534264235e+00	7.174223908951401540e+01
4.426480311003382795e+00	7.173232258825115082e+01
4.432765973643649104e+00	7.200865008808662537e+01
4.439053392023870614e+00	7.188175775798396216e+01
4.445336141335588742e+00	7.220530893784348336e+01
4.451617241414883352e+00	7.229000935658801552e+01
4.457901500730311106e+00	7.223678378376420994e+01
4.464189501093017043e+00	7.253509388002464675e+01
4.470470197548729985e+00	7.258488291297500439e+01
4.476748044268524573e+00	7.292687625089993730e+01
4.483035990164653484e+00	7.275829919255291145e+01
4.489323331650528104e+00	7.292017976185135808e+01
4.495599111667934800e+00	7.297365603526095867e+01
4.501870922878794090e+00	7.287815134844825593e+01
4.508155162877705457e+00	7.300446984968679942e+01
4.514446451153479423e+00	7.280709343293086988e+01
4.520723894043856994e+00	7.288754545612236768e+01
4.527003782460155890e+00	7.273563219023117199e+01
4.533293086610313161e+00	7.275112432611518898e+01
4.539578989864040182e+00	7.267477695254638093e+01
4.545857164866476730e+00	7.255110165762999941e+01
4.552138955546025656e+00	7.230128362202556502e+01
4.558432046889146605e+00	7.216350857020097465e+01
4.564713463378488711e+00	7.223821922680122043e+01
4.570987274133244682e+00	7.205483785549132847e+01
4.577274818151045643e+00	7.213145360756074354e+01
4.583563263889338657e+00	7.213359051882933670e+01
4.589844917004465508e+00	7.228969626868672549e+01
4.596126259982004747e+00	7.203114536578435434e+01
4.602409075598298926e+00	7.212291051538355191e+01
4.608696634867644804e+00	7.214801446249551020e+01
4.614977646498861219e+00	7.205235749836018044e+01
4.621258953029527383e+00	7.252533158750068765e+01
4.627547993978874175e+00	7.243650589605226742e+01
4.633830152730579854e+00	7.242198062803605296e+01
4.640104005367354567e+00	7.256502273030901051e+01
4.646382060386754276e+00	7.256030510643694242e+01
4.652674213731970987e+00	7.250615546443347625e+01
4.658958291796220230e+00	7.277489157202774095e+01
4.665233615070169648e+00	7.277100472732570324e+01
4.671520675710307380e+00	7.281836069517575538e+01
4.677814351732177300e+00	7.295778635863834438e+01
4.684093699744638073e+00	7.314258683175710019e+01
4.690368661472568590e+00	7.338827190865283967e+01
4.696663270746453733e+00	7.354315584278036511e+01
4.702945459248681459e+00	7.353956405628699144e+01
4.709209170841929470e+00	7.356532971317072622e+01
4.715491634753063543e+00	7.382670693867605394e+01
4.721784316284933780e+00	7.396632299940361577e+01
4.728063062331094635e+00	7.406535708825558117e+01
4.734337423381671073e+00	7.395769170624053856e+01
4.740627024094544062e+00	7.454974501631278372e+01
4.746914995664547554e+00	7.437744454609695310e+01
4.753194740071086777e+00	7.479572433090982031e+01
4.759478891864783456e+00	7.455983661770477511e+01
4.765762396877359031e+00	7.478840106175040603e+01
4.772049481246195768e+00	7.497595458160655824e+01
4.778335091022592351e+00	7.514754185497875483e+01
4.784610831402393849e+00	7.547936820754507892e+01
4.790907306208476157e+00	7.562270666310318745e+01
4.797204047706418173e+00	7.603204597777320828e+01
4.803470827697504220e+00	7.602358649384377998e+01
4.809748850577324042e+00	7.615955358128984187e+01
4.816045316586602176e+00	7.683225112053034422e+01
4.822329240673497885e+00	7.661778257048116814e+01
4.828596758226470165e+00	7.686234708758401268e+01
4.834890332961369275e+00	7.687370236229718046e+01
4.841191655056394261e+00	7.779165704270255333e+01
4.847460407468000554e+00	7.764506514487325717e+01
4.853732128521334843e+00	7.780257251315282474e+01
4.860029138783373170e+00	7.770781452759685237e+01
4.866314601732018019e+00	7.831717423655032917e+01
4.872587026269203925e+00	7.885567300103653565e+01
4.878874221748241702e+00	7.879947895569014804e+01
4.885171078138658807e+00	7.886444645933067932e+01
4.891450629931857641e+00	7.950553697255377017e+01
4.897716482750221978e+00	7.970441041886681433e+01
4.904002834596266069e+00	7.986134825113893498e+01
4.910295858205786068e+00	8.025359813335744263e+01
4.916575188115905881e+00	8.056849394056519031e+01
4.922847946197084212e+00	8.048378729776564455e+01
4.929131667457151700e+00	8.150541559366115507e+01
4.935434460144239033e+00	8.125255168850256382e+01
4.941718513303545279e+00	8.185913836851312908e+01
4.947978624761803168e+00	8.201499092941283209e+01
4.954274999209829389e+00	8.265934220307757130e+01
4.960571094729937514e+00	8.262118601087770742e+01
4.966823207626954506e+00	8.290033990814652043e+01
4.973097418390337587e+00	8.379464114335355873e+01
4.979415129936382023e+00	8.396566887257762346e+01
4.985702082330368157e+00	8.464806237945953171e+01
4.991949985828016523e+00	8.417909885421288152e+01
4.998241586316924057e+00	8.522060790187124724e+01
5.004556635606089543e+00	8.496145593053792311e+01
5.010828655701208945e+00	8.600689632847969790e+01
5.017077229702536556e+00	8.662337037179028698e+01
5.023374414758113637e+00	8.685139310973757176e+01
5.029688873569548413e+00	8.691590215396884389e+01
5.035958413584124216e+00	8.766308505307119958e+01
5.042232667658486989e+00	8.845326025346828658e+01
5.048528755870775875e+00	8.852620071442373728e+01
5.054821121427484520e+00	8.859804525061792901e+01
5.061069509814582368e+00	9.005235153883226928e+01
5.067347812754101177e+00	9.001086647749059466e+01
5.073675050630431116e+00	9.024837506958658651e+01
5.079945928388977627e+00	9.120791288720408829e+01
5.086192992546071601e+00	9.135276975380874376e+01
5.092484128970163226e+00	9.241565087760433528e+01
5.098802924706086870e+00	9.326919807320280142e+01
5.105078217426394005e+00	9.298099560638993921e+01
5.111325076574067872e+00	9.359709720335557392e+01
5.117628358851224135e+00	9.395742009005691386e+01
5.123935939383525984e+00	9.517793998159159230e+01
5.130199176325612065e+00	9.540517957695037410e+01
5.136469985878846956e+00	9.652681722648866014e+01
5.142797788696348071e+00	9.657965575380461587e+01
5.149090378043822192e+00	9.719799305152110946e+01
5.155289879840074363e+00	9.819457268467071742e+01
5.161564521234301317e+00	9.907662175670172644e+01
5.167916673496016244e+00	9.969373742540625472e+01
5.174205974602950064e+00	1.001521687317001863e+02
5.180434820793812456e+00	1.008981915050726030e+02
5.186729096569634656e+00	1.007558575228666911e+02
5.193058481037780894e+00	1.019353508017939731e+02
5.199319511444338460e+00	1.029379094661714333e+02
5.205574295584361799e+00	1.042179857223225667e+02
5.211894977074066126e+00	1.052653895621045166e+02
5.218201708336958511e+00	1.046525472461175639e+02
5.224411911780083351e+00	1.072141409399550867e+02
5.230677632666463239e+00	1.070717995364414605e+02
5.237056729559757429e+00	1.081085892573014320e+02
5.243336785035660697e+00	1.073822695678976515e+02
5.249493476178225038e+00	1.104670119443544252e+02
5.255787017738318134e+00	1.101642140074249454e+02
5.262205327426889845e+00	1.106947741455610554e+02
5.268477758348532269e+00	1.125491180368421595e+02
5.274632213654732560e+00	1.129011859507429563e+02
5.280950543314659740e+00	1.136465643563509502e+02
5.287327645024750389e+00	1.163774905653680918e+02
5.293582359180156516e+00	1.165622573251928173e+02
5.299789992649893478e+00	1.154098254753072155e+02
5.306111460381987222e+00	1.149507520100501807e+02
5.312452717892129250e+00	1.199062818251444753e+02
5.318650122853046724e+00	1.205015012686587283e+02
5.324923043129819789e+00	1.217752380079368919e+02
5.331330237158205421e+00	1.229661149078922762e+02
5.337586726886338617e+00	1.262019295250445623e+02
5.343685192440848830e+00	1.230264500501080533e+02
5.350070659715249199e+00	1.245359013613116730e+02
5.356556762554878226e+00	1.272473083977331925e+02
5.362691868684501095e+00	1.274510698369901007e+02
5.368769208912516966e+00	1.299562433935944341e+02
5.375270137997677722e+00	1.305594919751913778e+02
5.381769983045385786e+00	1.324686745620394959e+02
5.387701030372958222e+00	1.348749545582264204e+02
5.393786668001271600e+00	1.375958226649699725e+02
5.400446161099396569e+00	1.356078730088604516e+02
5.406957063684501463e+00	1.368348201545651648e+02
5.412655672453426270e+00	1.401125795236052340e+02
5.418821279260546575e+00	1.411563649762193222e+02
5.425690594366304076e+00	1.428781795715065073e+02
5.432217487502165376e+00	1.458454707439256310e+02
5.437649811577258241e+00	1.451598007111723518e+02
5.443914404015878006e+00	1.466197981201295022e+02
5.450953501686320202e+00	1.503962323487858725e+02
5.457483690405861232e+00	1.543874321793428237e+02
5.462715250135157241e+00	1.532404110133930430e+02
5.469033575551323523e+00	1.561532356745821915e+02
5.476177730420278778e+00	1.621446426756488677e+02
5.482708935702562236e+00	1.542600981987785076e+02
5.487722405008360838e+00	1.585505833457618508e+02
5.494194284996126498e+00	1.617184363918490533e+02
5.501391471009256406e+00	1.631161366826399330e+02
5.507128202673079009e+00	1.647830583530546846e+02
5.512278020050448646e+00	1.633543517735791966e+02
5.519395563377015534e+00	1.655042151747310299e+02
5.526598678609708770e+00	1.783214378053587268e+02
5.532162682462509196e+00	1.735122093097284619e+02
5.537397124017139127e+00	1.614622999596265345e+02
5.544582756485218589e+00	1.723516305595760230e+02
5.551739327507637434e+00	1.782549717146407886e+02
5.557493306674907707e+00	1.853194676187959828e+02
5.562281709102816940e+00	1.563439585146294348e+02
5.569272720323164449e+00	9.956303417745364470e+01
