8.899641224696953554e-03	2.845209639726980240e+05
1.507912216506557788e-02	2.612873274668342783e+05
2.144790186456836667e-02	1.486344261927177722e+05
2.783660776489276650e-02	5.147443361125620868e+04
3.435099785803411021e-02	2.397900815799427801e+04
4.047886761425745911e-02	1.641311725822508379e+04
4.676716683575679601e-02	1.831911885326537231e+04
5.308225101765951665e-02	2.387615460041018741e+04
5.945362440940590160e-02	1.931451058830809052e+04
6.576224814588792211e-02	1.377579804106604934e+04
7.196632906698736953e-02	9.522014157120403979e+03
7.827860915688347743e-02	6.221125745913712308e+03
8.470398945834539672e-02	4.965320902918574575e+03
9.096854620527369817e-02	5.051338325890621491e+03
9.720789776830213169e-02	5.164140485988593355e+03
1.034763038959366499e-01	5.207003458410919848e+03
1.097576444254559219e-01	4.625083249628523845e+03
1.160543084780093354e-01	3.873854256144508327e+03
1.223669666537485351e-01	3.131657559124432282e+03
1.286817263090294094e-01	2.827598191621446404e+03
1.349500801664080818e-01	2.482611983696488551e+03
1.411949558842147678e-01	2.426954901714959306e+03
1.475133575747468451e-01	2.243864664338843795e+03
1.537865074252268427e-01	2.130645367137843095e+03
1.600657544051110326e-01	1.989058199107682640e+03
1.663991168687080635e-01	1.827445227708548828e+03
1.727195645776442856e-01	1.655887199343189423e+03
1.789765213377084718e-01	1.552709370370469060e+03
1.852353690647852158e-01	1.477967069376603376e+03
1.914806787341157279e-01	1.406388398751583964e+03
1.977889868651535599e-01	1.270225945044608807e+03
2.040937735447724277e-01	1.252849184377398160e+03
2.103939302609846018e-01	1.176404554430850339e+03
2.166909709822301688e-01	1.079091104469122229e+03
2.229700281216152047e-01	1.026392212777952409e+03
2.292620027086341994e-01	9.745316106453775546e+02
2.355141508366812297e-01	9.325901925095835168e+02
2.417910583817859116e-01	8.961595695736901916e+02
2.480856539439619257e-01	8.615645486300028324e+02
2.543492256872954549e-01	8.061602224308907125e+02
2.606334251884805386e-01	7.892748409349075018e+02
2.669257370896960802e-01	7.471416433609427941e+02
2.732423343141155980e-01	7.210586219031706605e+02
2.795529680084415936e-01	6.896795228960809254e+02
2.858366292314493129e-01	6.675437554217634215e+02
2.920876271394311496e-01	6.430994081906856081e+02
2.983449844439822751e-01	6.250381546745693413e+02
3.046382639407197446e-01	5.928024021688340781e+02
3.109279127003197196e-01	5.783556334033892199e+02
3.172168171618398036e-01	5.526267320835725059e+02
3.235187567944423082e-01	5.434591865900371204e+02
3.298168217550395687e-01	5.227678942938258615e+02
3.361176429457156667e-01	5.121308018730705953e+02
3.423700375709273769e-01	4.956703971790693686e+02
3.486478192666269682e-01	4.766277933939916238e+02
3.549411614411318028e-01	4.659310187185836867e+02
3.611916935421040642e-01	4.529555944674140164e+02
3.674767089563572564e-01	4.432873054176524192e+02
3.737647795277591056e-01	4.227737543097303501e+02
3.800654031475132477e-01	4.149266555477322527e+02
3.863539861259823738e-01	4.086755271289455891e+02
3.926140181364449755e-01	3.986992268570496663e+02
3.989264500321934581e-01	3.887626792508297058e+02
4.052073244576828714e-01	3.817424873051066925e+02
4.114916477570477182e-01	3.726221370389589538e+02
4.177814272116491257e-01	3.608070587208634379e+02
4.240400648725131116e-01	3.511507212536741918e+02
4.303425690270192283e-01	3.458526048969491171e+02
4.366358560255625965e-01	3.337499030098887260e+02
4.428996183220763605e-01	3.313904933810902662e+02
4.491634418529859563e-01	3.216518591345285358e+02
4.554414146254732731e-01	3.159501570706008238e+02
4.617634470301058558e-01	3.077540788940649463e+02
4.680644242023710433e-01	3.015042611219988089e+02
4.743485242764365895e-01	2.938556232870301983e+02
4.806356136815400082e-01	2.940420724417711540e+02
4.869019258388697646e-01	2.844889890909572614e+02
4.931697099599955947e-01	2.810176674294517625e+02
4.994506747144535908e-01	2.758919248203114876e+02
5.057159051335421429e-01	2.714023315215662251e+02
5.119923996268095356e-01	2.636062335880242813e+02
5.183126097768406826e-01	2.594653725234034027e+02
5.246089638029100000e-01	2.538006646347758988e+02
5.308757308483337267e-01	2.514896533456520160e+02
5.371573527946726934e-01	2.481071449834177827e+02
5.434579563783791256e-01	2.438666980029764204e+02
5.497430652392217842e-01	2.381793359764341176e+02
5.559937427501778773e-01	2.359339843924238949e+02
5.622854676609657654e-01	2.313000136882040749e+02
5.686011537227265711e-01	2.270441289351575733e+02
5.748804589422079614e-01	2.248977452672161235e+02
5.811550210340560296e-01	2.200805407000385685e+02
5.874394496660968468e-01	2.163429459513869517e+02
5.937176220296899176e-01	2.140401814362896005e+02
5.999971954793682505e-01	2.101952185878898263e+02
6.062679115124277596e-01	2.065273679426376532e+02
6.125469576444534381e-01	2.047727188967877225e+02
6.188477733041515272e-01	2.020299579840341551e+02
6.251310567437898813e-01	1.996790471586691069e+02
6.314027450383210560e-01	1.969717299470317471e+02
6.377003562732055375e-01	1.931769628290122398e+02
6.439857783314556494e-01	1.926189663000606629e+02
6.502685417166111925e-01	1.884654727796396685e+02
6.565586117699038216e-01	1.864340155423890337e+02
6.628369282359254377e-01	1.839379051996579619e+02
6.691185444962194362e-01	1.813267563086339180e+02
6.754070198575605755e-01	1.797670865616634615e+02
6.816835514593204692e-01	1.779880380095311239e+02
6.879592533861698112e-01	1.758765307262371209e+02
6.942344317039531587e-01	1.731584785491718605e+02
7.005175402434737908e-01	1.721127708880584919e+02
7.068124956608716758e-01	1.690508019440444798e+02
7.131019009674921527e-01	1.664682226890434720e+02
7.193918251171427247e-01	1.638883910106385429e+02
7.256833807598113140e-01	1.623583402176701895e+02
7.319652682709349989e-01	1.608587828627976535e+02
7.382507990484923344e-01	1.593933535798138053e+02
7.445265842115937893e-01	1.579679873084723454e+02
7.507871101942712455e-01	1.569599348584352470e+02
7.570758465316046459e-01	1.527496406465585039e+02
7.633641233600957365e-01	1.529853533741803631e+02
7.696462959862266917e-01	1.508282345188662248e+02
7.759394865175414102e-01	1.490973552393345756e+02
7.822329141989586843e-01	1.474416931013628584e+02
7.885314936520240181e-01	1.453335358755938955e+02
7.947896566979522071e-01	1.445423562940553097e+02
8.010491096592354809e-01	1.426853490751330469e+02
8.073364061727361651e-01	1.424568577261760822e+02
8.136229488373866170e-01	1.411047995741595287e+02
8.199152998961036776e-01	1.391168393340319653e+02
8.261952636392789762e-01	1.386206803650064785e+02
8.324897070080405914e-01	1.365269965006784787e+02
8.387959309210778480e-01	1.347980416826246142e+02
8.450634639703045181e-01	1.341248917097212825e+02
8.513282867562648182e-01	1.323476332937680695e+02
8.576198263902009566e-01	1.314361902270802318e+02
8.639058477062415697e-01	1.298583224258148618e+02
8.701838745487597837e-01	1.283923073911664119e+02
8.764641096075268534e-01	1.274042708085545570e+02
8.827503873399735745e-01	1.263803535116607435e+02
8.890332768393869323e-01	1.252054943517482855e+02
8.953084247113127780e-01	1.243508025662719092e+02
9.015956521667095602e-01	1.227687676056747819e+02
9.078833328094829680e-01	1.213029050070595076e+02
9.141744106319863450e-01	1.213472988010517355e+02
9.204630817717615043e-01	1.198108515839300168e+02
9.267434415264711456e-01	1.183876832581215126e+02
9.330324197354928906e-01	1.173845087477830731e+02
9.393265785573878812e-01	1.163153326412123931e+02
9.455974810398196650e-01	1.158681879808229667e+02
9.518660018545171964e-01	1.150146929860172662e+02
9.581413255531838757e-01	1.135933701374887903e+02
9.644350945109106954e-01	1.125456247707961381e+02
9.707355633568249820e-01	1.120258892575307073e+02
9.770080768450029041e-01	1.111798319357650797e+02
9.832823325363413414e-01	1.103920590821712011e+02
9.895569691966674686e-01	1.090451667798785564e+02
9.958456301921106979e-01	1.081400082357707078e+02
1.002136210743837408e+00	1.076544485570856864e+02
1.008404825335135424e+00	1.064110809219898783e+02
1.014694149836243398e+00	1.055834813881413083e+02
1.020992555437297167e+00	1.049116811835389740e+02
1.027273980437394485e+00	1.039021145157468311e+02
1.033559181896017254e+00	1.033238257565172660e+02
1.039847557392594934e+00	1.024404379883192604e+02
1.046126974943305088e+00	1.015451881432548902e+02
1.052403436811028659e+00	1.011780208970854460e+02
1.058680704651608684e+00	9.976590927002068554e+01
1.064964333065789193e+00	9.889725017849748667e+01
1.071256777440835473e+00	9.820724932458438161e+01
1.077544048801078125e+00	9.770302916401902849e+01
1.083824820188043603e+00	9.711225883404624426e+01
1.090108023942816695e+00	9.597133253177743484e+01
1.096389665956643222e+00	9.501351657926520033e+01
1.102681132058841440e+00	9.463876487439048901e+01
1.108963047594879958e+00	9.408816759951413644e+01
1.115225428463759272e+00	9.304476109426688879e+01
1.121502127614767863e+00	9.250368356866511022e+01
1.127792573824792033e+00	9.200274055296934250e+01
1.134089552668382961e+00	9.132471643367884440e+01
1.140364049650405942e+00	9.045879905158449219e+01
1.146639180320979445e+00	8.956083835171823182e+01
1.152942412991649901e+00	8.951426924391979867e+01
1.159228906751078814e+00	8.896221760042789128e+01
1.165508721887268173e+00	8.810688301537086886e+01
1.171793076256210320e+00	8.769976861307499405e+01
1.178087436369658958e+00	8.661159296075018688e+01
1.184367654251526902e+00	8.597501034873478432e+01
1.190634642299266632e+00	8.560320801748494546e+01
1.196912208834400859e+00	8.520433955985031105e+01
1.203201577354146234e+00	8.441017705745059629e+01
1.209486844441705733e+00	8.404597912532089765e+01
1.215763902074809888e+00	8.328507320422191640e+01
1.222049755171146668e+00	8.237166670733606111e+01
1.228340616621486969e+00	8.212551081050963830e+01
1.234632986576932767e+00	8.167610630352147894e+01
1.240902247176856488e+00	8.095510930662909743e+01
1.247174839144687519e+00	8.063950021892922848e+01
1.253465459933442272e+00	8.023811410061738059e+01
1.259749951892178421e+00	7.942579714826001691e+01
1.266032143127253873e+00	7.904998960541672659e+01
1.272316288472006507e+00	7.828295829032980180e+01
1.278604155058621350e+00	7.793074408161147915e+01
1.284886588933593865e+00	7.747600008960459661e+01
1.291175420066583257e+00	7.685316464958579274e+01
1.297465726373772332e+00	7.663465887855271319e+01
1.303741827011944299e+00	7.605798674478741361e+01
1.310017322922761851e+00	7.568786618267935751e+01
1.316301447662886703e+00	7.519321154212937586e+01
1.322586760363303249e+00	7.466072686639853373e+01
1.328865492452874664e+00	7.415225629013916375e+01
1.335144804954555564e+00	7.354581822193661367e+01
1.341440516272275119e+00	7.309785546384699728e+01
1.347730868417094552e+00	7.273195035052557955e+01
1.354001589994877630e+00	7.232999208742238295e+01
1.360282609297778444e+00	7.187145216003517589e+01
1.366565686457597906e+00	7.158765595108370405e+01
1.372851498482432708e+00	7.105598256400887180e+01
1.379135372929401804e+00	7.052058159498849932e+01
1.385409567149057164e+00	7.017598065266626861e+01
1.391698641219299315e+00	6.981999702192449320e+01
1.397984451439470810e+00	6.913632157191692329e+01
1.404267883409181961e+00	6.912016718186275455e+01
1.410554779484869181e+00	6.868829140445502901e+01
1.416837833547465397e+00	6.808565895719490868e+01
1.423118177187137068e+00	6.796795485925855473e+01
1.429397801164240089e+00	6.730932765560127962e+01
1.435686921822787232e+00	6.720043272622049813e+01
1.441977121769299597e+00	6.669838758336165085e+01
1.448253667853332427e+00	6.621609090646597906e+01
1.454532348972172651e+00	6.580885180981744043e+01
1.460819319151879903e+00	6.536321917848820817e+01
1.467110364402026468e+00	6.513090137092082443e+01
1.473392908948962132e+00	6.458016312045360507e+01
1.479669965243598950e+00	6.453843392676456858e+01
1.485956144602843532e+00	6.419767449090824130e+01
1.492233610763115115e+00	6.376224977684174888e+01
1.498502470379980078e+00	6.315780127281998801e+01
1.504785752051182701e+00	6.304068193446723001e+01
1.511075991894575976e+00	6.258696007957731666e+01
1.517361634985162189e+00	6.203215043305578291e+01
1.523648570969130533e+00	6.178684045227210220e+01
1.529938035715892264e+00	6.153490737076604944e+01
1.536230176913891965e+00	6.116483307803579095e+01
1.542510718779388279e+00	6.080522877650098934e+01
1.548783963082980275e+00	6.055276238331931893e+01
1.555073069779651318e+00	6.033826614848609893e+01
1.561357324927233892e+00	5.990403900954593297e+01
1.567629121053141006e+00	5.977743321623356110e+01
1.573913697404382583e+00	5.951741676446721385e+01
1.580203545230874029e+00	5.903403894788748119e+01
1.586485393434537983e+00	5.868387581753515292e+01
1.592760014263005841e+00	5.834150387296871543e+01
1.599046436394670812e+00	5.794567179676948143e+01
1.605342136637478934e+00	5.785292810458849289e+01
1.611619860919608627e+00	5.742830847642665759e+01
1.617897597081673799e+00	5.731417903714845608e+01
1.624183235481122756e+00	5.693591550844278970e+01
1.630464598531913722e+00	5.679916185581128474e+01
1.636748985747638274e+00	5.629403747473470077e+01
1.643030923698886259e+00	5.619795180673395407e+01
1.649309176648513064e+00	5.574777315614939965e+01
1.655593633940351861e+00	5.566026241491763216e+01
1.661879571405086464e+00	5.523206852441389714e+01
1.668169361685170271e+00	5.507023506192926732e+01
1.674450151530487485e+00	5.455131804165075238e+01
1.680722718978495900e+00	5.442542334295806938e+01
1.687013891340952476e+00	5.424537317863490671e+01
1.693308984907921033e+00	5.392679433710257797e+01
1.699582147428448486e+00	5.373004996809459755e+01
1.705863747055134105e+00	5.365020642010423302e+01
1.712154434283889470e+00	5.322800500020534997e+01
1.718438381579399321e+00	5.306354983010341897e+01
1.724721264464063930e+00	5.270167072677001130e+01
1.730997441276920679e+00	5.257731799222363378e+01
1.737287073528269499e+00	5.214780419702982783e+01
1.743567991878527401e+00	5.205626070730792065e+01
1.749840680212231048e+00	5.182928763951510831e+01
1.756128549091961144e+00	5.161565792154494403e+01
1.762413535324792502e+00	5.143571030444911685e+01
1.768696187669963837e+00	5.120305386624209376e+01
1.774979359379055266e+00	5.088583091955466386e+01
1.781265555576432957e+00	5.070171228297055421e+01
1.787549427830244619e+00	5.038442822631044749e+01
1.793834120011633004e+00	5.033092999845706572e+01
1.800115051552487300e+00	5.013245867993300919e+01
1.806393904854530330e+00	4.986239447265027991e+01
1.812674089667083432e+00	4.963734310191868815e+01
1.818956920109354058e+00	4.967790433110909021e+01
1.825244164118212220e+00	4.926031753550539349e+01
1.831527256642196955e+00	4.923949804169413369e+01
1.837811294935716599e+00	4.901119219576445829e+01
1.844100717411196744e+00	4.873915348747144805e+01
1.850384816792487230e+00	4.848901460213885173e+01
1.856666059735203822e+00	4.823652464496717585e+01
1.862947728675613979e+00	4.827626347162607345e+01
1.869229324466858078e+00	4.798328182589263236e+01
1.875517616802973686e+00	4.786201036510581730e+01
1.881800769033795229e+00	4.765820568573271743e+01
1.888078863416442710e+00	4.748046141180227409e+01
1.894353975182237582e+00	4.719030425436486809e+01
1.900642716154182565e+00	4.709598658065128518e+01
1.906933494748685121e+00	4.689043459577155204e+01
1.913207568676573933e+00	4.674816416445334966e+01
1.919490884732178992e+00	4.653706378674213795e+01
1.925776855684274480e+00	4.639912763110294947e+01
1.932064452961978152e+00	4.616652828069292269e+01
1.938342610030488800e+00	4.599187944422256891e+01
1.944618341543410178e+00	4.584187599601261809e+01
1.950906260203513876e+00	4.567883255524782982e+01
1.957194556613796488e+00	4.566318073387217424e+01
1.963479614559011432e+00	4.541180295384744880e+01
1.969760361532916226e+00	4.523839191550096217e+01
1.976048367034604736e+00	4.497728076078612247e+01
1.982337990217652335e+00	4.485565598572198809e+01
1.988617489259562721e+00	4.474527433165819446e+01
1.994896320665194178e+00	4.454204817773386793e+01
2.001179596222827151e+00	4.444820347503244307e+01
2.007459756923499761e+00	4.428723733655614581e+01
2.013737397779169935e+00	4.414555656271034678e+01
2.020017234677497164e+00	4.404089509851399953e+01
2.026310251015072783e+00	4.381333119677576349e+01
2.032600542948020284e+00	4.375206921717148134e+01
2.038873863192099289e+00	4.352222896692720866e+01
2.045154087821675404e+00	4.338052949362872113e+01
2.051444704514288730e+00	4.332624629436986652e+01
2.057730430280644729e+00	4.317144144096973690e+01
2.064013940455224461e+00	4.299817326725400335e+01
2.070299891179459895e+00	4.291151733292326043e+01
2.076589719964883951e+00	4.281372293920210836e+01
2.082865483794470673e+00	4.269013792747460911e+01
2.089134494859368640e+00	4.247852726875974128e+01
2.095424211360070288e+00	4.235731328576660104e+01
2.101707116664804254e+00	4.236540815553386352e+01
2.107986473933564309e+00	4.213819182848973810e+01
2.114271806543862375e+00	4.198948178257641217e+01
2.120552717288892275e+00	4.187226708174504353e+01
2.126836933207161717e+00	4.169499481376856664e+01
2.133122044791171845e+00	4.163869070960599572e+01
2.139411711910842673e+00	4.156479413437494230e+01
2.145697076775292089e+00	4.140485191156637512e+01
2.151973548606471276e+00	4.132390829043594493e+01
2.158259913555724108e+00	4.113824092021506118e+01
2.164545396699105506e+00	4.110222678422174170e+01
2.170830700377734068e+00	4.087964341154030024e+01
2.177114138849150393e+00	4.068519372555726932e+01
2.183387647576827018e+00	4.073187262660508878e+01
2.189670273687676971e+00	4.058247406103016175e+01
2.195960147934207463e+00	4.041862901665496821e+01
2.202242556317716371e+00	4.031397579870611025e+01
2.208521655981037668e+00	4.028101472482875067e+01
2.214804637081333016e+00	4.010833270155571739e+01
2.221092583349425276e+00	3.993513910793630117e+01
2.227372893591468728e+00	3.984445427556494934e+01
2.233657161144248171e+00	3.976659319216429367e+01
2.239943485394438660e+00	3.957119394243736821e+01
2.246224175264620815e+00	3.950914578832556145e+01
2.252506378421252009e+00	3.943278570012970619e+01
2.258783417054270437e+00	3.934293239741968051e+01
2.265069077371457684e+00	3.916931037900050683e+01
2.271350377044131452e+00	3.911292385825057494e+01
2.277633995145353918e+00	3.890889009555767331e+01
2.283922419579920149e+00	3.883032686259316080e+01
2.290202874392252674e+00	3.874715830947728534e+01
2.296490779970905560e+00	3.870474056855400846e+01
2.302771769934229162e+00	3.862461413980571479e+01
2.309051364164305564e+00	3.847686619288663223e+01
2.315338502539088239e+00	3.830723733559025845e+01
2.321627336503874428e+00	3.828514267756690259e+01
2.327911878297218795e+00	3.822274980480541018e+01
2.334186238580297168e+00	3.802454772262042582e+01
2.340467971862688401e+00	3.797491503267465163e+01
2.346756940970738725e+00	3.787692128257730673e+01
2.353044444556199988e+00	3.781485414539228174e+01
2.359327653314069906e+00	3.768817303073392111e+01
2.365603048789861607e+00	3.770948646332337262e+01
2.371885911737665165e+00	3.747808117688995111e+01
2.378173303594019572e+00	3.741609335452563556e+01
2.384454016539381271e+00	3.729348233004418489e+01
2.390736447344785187e+00	3.717600288312591772e+01
2.397014133897952259e+00	3.710405854406453585e+01
2.403295490074321972e+00	3.692504617448609139e+01
2.409585049672506862e+00	3.699454132513648830e+01
2.415871703165322071e+00	3.677656184079553725e+01
2.422160652369088840e+00	3.674689218364368770e+01
2.428440167222748691e+00	3.666328265327885561e+01
2.434717472383889803e+00	3.659001744736011119e+01
2.441002456202044257e+00	3.647730772259298959e+01
2.447289980304530488e+00	3.641030607067419567e+01
2.453571844729242279e+00	3.637200543889640159e+01
2.459852705114058846e+00	3.619172271508107031e+01
2.466139233225018934e+00	3.620331030524067017e+01
2.472421963421291391e+00	3.613289475046005350e+01
2.478698519174224568e+00	3.602612842256641557e+01
2.484980841400355800e+00	3.586902945652070684e+01
2.491269319409339822e+00	3.580596988766470901e+01
2.497548505139029373e+00	3.575489605777327284e+01
2.503831667172610853e+00	3.568198007070392208e+01
2.510117938323931153e+00	3.563078161756578766e+01
2.516400733681277480e+00	3.553943123660193493e+01
2.522688226833368130e+00	3.546106957625721634e+01
2.528971695852665569e+00	3.546340119615932451e+01
2.535252039407670299e+00	3.534886737001069434e+01
2.541537514142774512e+00	3.523344717669635173e+01
2.547823008847572179e+00	3.514573003728806100e+01
2.554100666580690238e+00	3.518095340491923650e+01
2.560376788884177301e+00	3.508700739258735979e+01
2.566667521601497359e+00	3.504365637058791094e+01
2.572955062237090473e+00	3.488568001188940571e+01
2.579233771797999175e+00	3.488464867065572150e+01
2.585520164300948220e+00	3.483439443817858461e+01
2.591805130332431872e+00	3.471519659052496110e+01
2.598084074692260881e+00	3.468610853741918731e+01
2.604360404197643586e+00	3.459168964668148760e+01
2.610647185140439142e+00	3.453919335114597544e+01
2.616931864059273138e+00	3.445429555424438206e+01
2.623206107911065565e+00	3.435649193608229979e+01
2.629491626543270844e+00	3.436659619281149247e+01
2.635778507982642349e+00	3.425520469813498181e+01
2.642061039325260818e+00	3.422725201310201726e+01
2.648343840729305843e+00	3.420152874000025633e+01
2.654631838974855551e+00	3.415268974564246918e+01
2.660919001246303761e+00	3.403253846387666925e+01
2.667198525130066056e+00	3.398052767945395658e+01
2.673484307038032526e+00	3.400008962481078356e+01
2.679773388053849459e+00	3.389868990721326014e+01
2.686058217632288692e+00	3.382999648771120604e+01
2.692338738200057868e+00	3.376668543888651186e+01
2.698618022887226964e+00	3.376414398079832324e+01
2.704895450708277860e+00	3.366398523178922630e+01
2.711175674923682166e+00	3.363557733622242552e+01
2.717459832966957922e+00	3.363191092266448834e+01
2.723745731959044569e+00	3.357941002491725158e+01
2.730038414850594730e+00	3.349880760192125706e+01
2.736317989800789441e+00	3.349944686434798768e+01
2.742591858549239703e+00	3.340254186826456362e+01
2.748879749010778362e+00	3.335512951998078535e+01
2.755163403825859447e+00	3.333953121009390941e+01
2.761446955625852073e+00	3.321083260656730118e+01
2.767732088935374701e+00	3.324525307485073000e+01
2.774015452421743966e+00	3.316562688539966786e+01
2.780298635700591436e+00	3.322193940968415404e+01
2.786577474762241380e+00	3.308587619160106641e+01
2.792857983210164541e+00	3.310007240426754294e+01
2.799143790920211483e+00	3.307549269304550421e+01
2.805430058399325244e+00	3.308421113049737983e+01
2.811715058209780072e+00	3.302574377513953863e+01
2.817989272498773623e+00	3.303025749145660939e+01
2.824269171595737760e+00	3.292966583242747447e+01
2.830563016441804081e+00	3.295680979418203549e+01
2.836848750951622034e+00	3.292123283117889798e+01
2.843130027866129783e+00	3.289483888090286001e+01
2.849413896912404986e+00	3.282523506340756825e+01
2.855697464522425566e+00	3.282393310292741972e+01
2.861978799810683594e+00	3.283028518075563085e+01
2.868262469415629567e+00	3.276230703801894606e+01
2.874547359206753860e+00	3.278249675266548735e+01
2.880831111471525041e+00	3.268588330496042005e+01
2.887113216972382546e+00	3.272005628062113658e+01
2.893394504725182781e+00	3.265691390903673863e+01
2.899673662137033592e+00	3.262042895732818693e+01
2.905953958587380814e+00	3.259032917972467658e+01
2.912241118105161064e+00	3.258431913087539300e+01
2.918525996366671205e+00	3.259718180112063379e+01
2.924809035425688819e+00	3.257859662700693804e+01
2.931095916293684933e+00	3.256112755973853012e+01
2.937378182606774413e+00	3.253048277166032420e+01
2.943659980254369923e+00	3.251240504505265250e+01
2.949946454403890250e+00	3.251496691263378125e+01
2.956227653702202307e+00	3.254048112610394838e+01
2.962510478867462993e+00	3.248792032021999887e+01
2.968796535179442309e+00	3.252728996458687050e+01
2.975077657376874907e+00	3.247791099482746091e+01
2.981359866759223376e+00	3.250918591284847992e+01
2.987646761575656562e+00	3.253221731432294916e+01
2.993929038370399365e+00	3.251470653647138676e+01
3.000206214840962726e+00	3.252477515266252084e+01
3.006486172402415669e+00	3.251699626015920330e+01
3.012769812211594456e+00	3.253115583740838446e+01
3.019053144326170113e+00	3.253916535595420356e+01
3.025337405144251424e+00	3.254433153673235779e+01
3.031623734799107961e+00	3.258441244637684520e+01
3.037908962055872575e+00	3.260118219674868101e+01
3.044195067146031608e+00	3.262481718602371217e+01
3.050475543482170426e+00	3.264519415611935926e+01
3.056754954538277502e+00	3.263707909073954738e+01
3.063040539557494668e+00	3.269548790243646152e+01
3.069323699454357346e+00	3.265010193745646916e+01
3.075610692642898769e+00	3.270022892859415009e+01
3.081893798009918584e+00	3.277338817766148082e+01
3.088174549548037717e+00	3.271410228980850121e+01
3.094458635632868493e+00	3.281076103878820049e+01
3.100743982931558840e+00	3.286420962986794336e+01
3.107028111748448396e+00	3.292397363737544680e+01
3.113309299655494300e+00	3.293528068925549945e+01
3.119590662867241626e+00	3.294554400639924552e+01
3.125874006820172912e+00	3.298373260531553797e+01
3.132159251154602586e+00	3.309368113456611127e+01
3.138439172765940643e+00	3.306883030659694356e+01
3.144723867719826593e+00	3.312936292995475895e+01
3.151003951258561031e+00	3.324171370075717391e+01
3.157283664131563139e+00	3.324101026370765766e+01
3.163569317183839935e+00	3.329141108874331678e+01
3.169851661717792091e+00	3.333139390528918966e+01
3.176137704316093657e+00	3.340722053450613771e+01
3.182420924828643916e+00	3.342944021791167586e+01
3.188702811875577581e+00	3.352913599550367962e+01
3.194990520008989865e+00	3.351311333803404580e+01
3.201275324656983834e+00	3.365996438801123247e+01
3.207551352179861759e+00	3.369459817093758858e+01
3.213835216737041645e+00	3.377681781187952481e+01
3.220122579819103770e+00	3.370499114217663816e+01
3.226406606618656525e+00	3.354163771206615507e+01
3.232687390085645429e+00	3.338100316199543016e+01
3.238969121280456331e+00	3.325377305335706524e+01
3.245254751548589667e+00	3.313762671294350781e+01
3.251534499036136783e+00	3.298345879021118066e+01
3.257817780791052442e+00	3.280491349414380409e+01
3.264102164154097263e+00	3.274498718161002841e+01
3.270384152138468892e+00	3.263544587798189411e+01
3.276669427476867735e+00	3.248986663350488868e+01
3.282954688864507808e+00	3.235028879332895713e+01
3.289237200334947264e+00	3.229446715171210514e+01
3.295519587088236779e+00	3.217942060993410536e+01
3.301805977329951958e+00	3.212331742031153681e+01
3.308087486222440088e+00	3.207572294237552768e+01
3.314367630234227313e+00	3.192939743105151962e+01
3.320651909732194262e+00	3.183574187857495374e+01
3.326931260376857047e+00	3.182799609803279139e+01
3.333216512447217728e+00	3.167468996039003670e+01
3.339504489419978128e+00	3.162635164090977824e+01
3.345786804809928405e+00	3.154614065784988597e+01
3.352071130016277767e+00	3.149822338320332094e+01
3.358351496304225581e+00	3.144719789974231716e+01
3.364630591073392019e+00	3.134045685075818710e+01
3.370916305215045483e+00	3.127991566536434576e+01
3.377197952029413752e+00	3.129643313583146025e+01
3.383483063818085501e+00	3.115915405085300449e+01
3.389769992424469969e+00	3.117663872655803914e+01
3.396051330885982100e+00	3.112563195098223545e+01
3.402330879139463971e+00	3.114975320583189244e+01
3.408610488352048495e+00	3.106483309550601390e+01
3.414897837696641236e+00	3.097975668546787631e+01
3.421180484052105619e+00	3.095548052391926319e+01
3.427461639653846870e+00	3.092007381554459045e+01
3.433749159643459059e+00	3.090517392949390540e+01
3.440032646656798310e+00	3.087332379155235174e+01
3.446313366033385339e+00	3.089828471950754007e+01
3.452600135384134905e+00	3.085110751574664789e+01
3.458883152815406703e+00	3.082684569859386770e+01
3.465163834403715448e+00	3.079129915903257952e+01
3.471449329786229221e+00	3.078426699018098489e+01
3.477734476754053894e+00	3.073790005796956137e+01
3.484019652467224226e+00	3.071139115379853735e+01
3.490297019369712928e+00	3.075988159441215686e+01
3.496582486484379970e+00	3.072343683150855753e+01
3.502868048046865024e+00	3.063107367220842292e+01
3.509144649545451244e+00	3.065502951855093983e+01
3.515428082003116295e+00	3.061980178750003390e+01
3.521711031624695565e+00	3.066228076645960243e+01
3.527991850954735664e+00	3.064397368695025747e+01
3.534275545726699885e+00	3.067046583956565797e+01
3.540562632020772149e+00	3.057496004202906903e+01
3.546844410757220789e+00	3.059843914835875722e+01
3.553131386753758836e+00	3.060185571612434430e+01
3.559419203211965144e+00	3.057116373002018150e+01
3.565697971577579839e+00	3.059408586033032051e+01
3.571979559134798254e+00	3.059086161569543094e+01
3.578265774595833726e+00	3.056157697971215725e+01
3.584548309769353125e+00	3.057130220896099004e+01
3.590826843920031486e+00	3.051347502091681463e+01
3.597107306745233934e+00	3.059750281647272629e+01
3.603392831792229245e+00	3.052663667089565891e+01
3.609673209822572559e+00	3.056311549795284321e+01
3.615955412133016189e+00	3.065346675926355857e+01
3.622241607772384686e+00	3.063061680925165930e+01
3.628520252736676444e+00	3.055894504533949174e+01
3.634804827569451113e+00	3.063892973726807867e+01
3.641094981788862928e+00	3.064672048879024047e+01
3.647383514928639325e+00	3.069774523070802630e+01
3.653663283927725658e+00	3.069322236957937378e+01
3.659943504072155296e+00	3.067004658269528861e+01
3.666232000281138603e+00	3.069859821517702159e+01
3.672514211678317597e+00	3.075681833416288669e+01
3.678794154686042539e+00	3.072827069270426037e+01
3.685078621861909820e+00	3.073202908373868425e+01
3.691359210097977961e+00	3.075418584826493884e+01
3.697642368173791105e+00	3.075093791737463178e+01
3.703925796735277665e+00	3.075939685316900452e+01
3.710208240364660348e+00	3.081058450280242056e+01
3.716494593122387169e+00	3.073113176299499472e+01
3.722775386659595398e+00	3.081681635186862778e+01
3.729058392883481510e+00	3.086047564110366181e+01
3.735339748210807720e+00	3.076681678513850215e+01
3.741620776392969638e+00	3.090361133984463393e+01
3.747904795418762980e+00	3.096491474575248759e+01
3.754190633281219380e+00	3.096011038338281907e+01
3.760478208018912749e+00	3.087369541600720879e+01
3.766755538573464346e+00	3.098588538062789155e+01
3.773032090135151506e+00	3.099380257020949259e+01
3.779322553012896879e+00	3.107912514397175130e+01
3.785609109731308930e+00	3.106309085335213283e+01
3.791889825936295200e+00	3.111892242035749945e+01
3.798174822702435893e+00	3.108534063964660987e+01
3.804458658753491651e+00	3.105232383988511913e+01
3.810738438095723435e+00	3.114105259329122077e+01
3.817018850285747167e+00	3.117751917278517126e+01
3.823305314209427763e+00	3.121387631994733169e+01
3.829591295197792178e+00	3.121704319817379059e+01
3.835872296070849341e+00	3.126726615039231660e+01
3.842156279590906109e+00	3.126094268432969514e+01
3.848441511099312429e+00	3.129317000083035438e+01
3.854723334376886079e+00	3.134740895384008397e+01
3.861004740704794713e+00	3.141697263840937282e+01
3.867284336650660848e+00	3.141481754476842525e+01
3.873567367678779849e+00	3.149551022037635661e+01
3.879850662830422792e+00	3.145799194693435297e+01
3.886137063198143338e+00	3.155456742421266014e+01
3.892419463049126005e+00	3.161786166075115645e+01
3.898703740328622658e+00	3.168837803391025787e+01
3.904991458788179326e+00	3.169287343549753544e+01
3.911270842222104083e+00	3.169443578148905161e+01
3.917549806479573071e+00	3.174520267262119688e+01
3.923836006203090587e+00	3.173311961018434957e+01
3.930121452497870926e+00	3.188266113034827498e+01
3.936398172858230460e+00	3.186850069780359362e+01
3.942683040425962293e+00	3.192889403387653502e+01
3.948974759704379611e+00	3.197194131671900053e+01
3.955259227995065352e+00	3.203427633124795904e+01
3.961537174921395454e+00	3.203442902259418901e+01
3.967820217617139544e+00	3.216859486501679299e+01
3.974105559832568968e+00	3.217614939436568022e+01
3.980384727931198352e+00	3.219180735936704707e+01
3.986664590839849698e+00	3.215349921144733969e+01
3.992949619150675034e+00	3.228569894685745112e+01
3.999235075769965952e+00	3.236665258447101934e+01
4.005515715515433506e+00	3.240403289111068830e+01
4.011798434346478537e+00	3.246474866952779337e+01
4.018083716245132386e+00	3.247581706545550873e+01
4.024365700052603856e+00	3.252316202340717410e+01
4.030643960839860540e+00	3.258833407527170323e+01
4.036928708926215137e+00	3.261597375388010533e+01
4.043218157412017177e+00	3.271305208502143103e+01
4.049503019487663558e+00	3.277371177402631730e+01
4.055781898960511000e+00	3.287097018917066293e+01
4.062060795621602161e+00	3.286851037707398859e+01
4.068347865354716042e+00	3.296232386195730868e+01
4.074631027173265529e+00	3.296171077988650921e+01
4.080910837526078971e+00	3.309560633717619282e+01
4.087201203341442657e+00	3.318257485272895480e+01
4.093486818591942189e+00	3.322832924323822112e+01
4.099764387336505500e+00	3.336645100177770473e+01
4.106049166937662420e+00	3.332320213044088320e+01
4.112334559041358695e+00	3.340227211356335602e+01
4.118618926059533614e+00	3.352321591168510651e+01
4.124898942031112625e+00	3.362441369571190819e+01
4.131175432561665417e+00	3.364333948385033324e+01
4.137461563786142271e+00	3.372976443205627817e+01
4.143746006210170307e+00	3.389295327392999013e+01
4.150029800482964326e+00	3.391744500210634783e+01
4.156313390684649001e+00	3.400221576805402890e+01
4.162596105843763716e+00	3.404787765866996097e+01
4.168881843141768684e+00	3.412793735790178573e+01
4.175162111073220217e+00	3.423887073203607656e+01
4.181448573417560155e+00	3.430269155682429982e+01
4.187738782464171194e+00	3.441666289445951321e+01
4.194017437180169061e+00	3.455000209922973653e+01
4.200293572701767175e+00	3.460966610236065577e+01
4.206580195481546269e+00	3.469306151128518678e+01
4.212860644652220543e+00	3.467246369700846742e+01
4.219138153430114002e+00	3.486722815789037355e+01
4.225426162098283811e+00	3.492146814797786902e+01
4.231713506719782636e+00	3.505201159102220743e+01
4.237990056577191744e+00	3.515906881020114128e+01
4.244267783646744618e+00	3.515990829040445931e+01
4.250560660182562955e+00	3.527963571129973985e+01
4.256847734842668096e+00	3.532249471116259087e+01
4.263127100734456221e+00	3.551140336466009728e+01
4.269406860432507500e+00	3.555892373560426023e+01
4.275691671482192646e+00	3.570816345234681677e+01
4.281972414189518794e+00	3.578474338488818063e+01
4.288253516806755705e+00	3.583190802992972834e+01
4.294540520160492925e+00	3.598532774455988914e+01
4.300825742921731809e+00	3.605768018076605586e+01
4.307109835491901961e+00	3.620407077033185317e+01
4.313390926478413157e+00	3.626519036136556906e+01
4.319667979480563247e+00	3.629352265940192979e+01
4.325952598143786076e+00	3.651453599178981335e+01
4.332241647035422361e+00	3.660306814285167576e+01
4.338524445619096781e+00	3.661772695718678250e+01
4.344809348131129845e+00	3.684798641554520060e+01
4.351090699193166600e+00	3.686331464647827971e+01
4.357369710808320029e+00	3.701510423347859557e+01
4.363659348967174445e+00	3.695253687157063638e+01
4.369947418280990981e+00	3.715540945554417362e+01
4.376226569265827315e+00	3.732016339310442277e+01
4.382499356631129217e+00	3.742827672410874129e+01
4.388784975178015024e+00	3.752167172860286826e+01
4.395068696309480494e+00	3.754781754899017443e+01
4.401347962382031298e+00	3.776419316739915644e+01
4.407628405096517099e+00	3.777716440282283372e+01
4.413915862185140426e+00	3.777727429331589093e+01
4.420203163534264235e+00	3.792311092128074534e+01
4.426480311003382795e+00	3.795361799092674460e+01
4.432765973643649104e+00	3.825058406801485944e+01
4.439053392023870614e+00	3.812631581504075484e+01
4.445336141335588742e+00	3.841799969964002059e+01
4.451617241414883352e+00	3.835040602074074911e+01
4.457901500730311106e+00	3.845700559444928501e+01
4.464189501093017043e+00	3.851700994897995400e+01
4.470470197548729985e+00	3.841318155843964632e+01
4.476748044268524573e+00	3.869205049401654151e+01
4.483035990164653484e+00	3.861825815750971458e+01
4.489323331650528104e+00	3.864514698705335149e+01
4.495599111667934800e+00	3.880058906562025101e+01
4.501870922878794090e+00	3.863441608745674216e+01
4.508155162877705457e+00	3.872213951829173340e+01
4.514446451153479423e+00	3.875441346699774670e+01
4.520723894043856994e+00	3.880277845957988347e+01
4.527003782460155890e+00	3.866416455405879304e+01
4.533293086610313161e+00	3.863644845046487575e+01
4.539578989864040182e+00	3.866320859690282674e+01
4.545857164866476730e+00	3.852042849293671622e+01
4.552138955546025656e+00	3.845696306299122824e+01
4.558432046889146605e+00	3.851582486438547903e+01
4.564713463378488711e+00	3.837486085165186722e+01
4.570987274133244682e+00	3.848134521534358754e+01
4.577274818151045643e+00	3.853984132841688393e+01
4.583563263889338657e+00	3.845288059907686318e+01
4.589844917004465508e+00	3.856276035697759852e+01
4.596126259982004747e+00	3.857911212851396954e+01
4.602409075598298926e+00	3.864373143758805185e+01
4.608696634867644804e+00	3.865283435494225017e+01
4.614977646498861219e+00	3.856878763357943996e+01
4.621258953029527383e+00	3.865142706521042726e+01
4.627547993978874175e+00	3.881062411606071549e+01
4.633830152730579854e+00	3.894943127889980161e+01
4.640104005367354567e+00	3.890489022641421002e+01
4.646382060386754276e+00	3.918385856120906396e+01
4.652674213731970987e+00	3.914658927666744859e+01
4.658958291796220230e+00	3.934115307701589614e+01
4.665233615070169648e+00	3.925745007326723623e+01
4.671520675710307380e+00	3.939794584335938055e+01
4.677814351732177300e+00	3.936219119800279032e+01
4.684093699744638073e+00	3.960731008652258822e+01
4.690368661472568590e+00	3.966562122891493658e+01
4.696663270746453733e+00	3.978698813766780518e+01
4.702945459248681459e+00	3.979553887219329056e+01
4.709209170841929470e+00	4.003574733924372708e+01
4.715491634753063543e+00	4.017356402428254825e+01
4.721784316284933780e+00	4.014934250208747102e+01
4.728063062331094635e+00	4.027783064679005776e+01
4.734337423381671073e+00	4.037518906240745764e+01
4.740627024094544062e+00	4.055976771572147044e+01
4.746914995664547554e+00	4.077912477526677293e+01
4.753194740071086777e+00	4.074936001897004445e+01
4.759478891864783456e+00	4.084384970460543229e+01
4.765762396877359031e+00	4.084352003013245280e+01
4.772049481246195768e+00	4.125503152735497281e+01
4.778335091022592351e+00	4.146654474917635014e+01
4.784610831402393849e+00	4.145269652092441959e+01
4.790907306208476157e+00	4.156860860272065850e+01
4.797204047706418173e+00	4.180336785587848425e+01
4.803470827697504220e+00	4.185645797331342521e+01
4.809748850577324042e+00	4.203359420998276619e+01
4.816045316586602176e+00	4.214366310519857706e+01
4.822329240673497885e+00	4.214125310935189361e+01
4.828596758226470165e+00	4.267509094988096763e+01
4.834890332961369275e+00	4.263445125576942729e+01
4.841191655056394261e+00	4.282563571742348785e+01
4.847460407468000554e+00	4.298039559488637451e+01
4.853732128521334843e+00	4.294051243174476440e+01
4.860029138783373170e+00	4.342004492109598601e+01
4.866314601732018019e+00	4.347635160485150152e+01
4.872587026269203925e+00	4.367504023275055403e+01
4.878874221748241702e+00	4.378912418689990460e+01
4.885171078138658807e+00	4.402075219094486869e+01
4.891450629931857641e+00	4.425657011647218297e+01
4.897716482750221978e+00	4.450795546736878094e+01
4.904002834596266069e+00	4.467955971140884941e+01
4.910295858205786068e+00	4.493241895890030690e+01
4.916575188115905881e+00	4.504367258712348843e+01
4.922847946197084212e+00	4.516625097098049935e+01
4.929131667457151700e+00	4.539920173102084533e+01
4.935434460144239033e+00	4.579154328120687012e+01
4.941718513303545279e+00	4.605468043693777958e+01
4.947978624761803168e+00	4.627532923591903824e+01
4.954274999209829389e+00	4.650563208503199775e+01
4.960571094729937514e+00	4.674908912783133985e+01
4.966823207626954506e+00	4.656971892066645324e+01
4.973097418390337587e+00	4.679570837725638199e+01
4.979415129936382023e+00	4.730847199033126316e+01
4.985702082330368157e+00	4.775421699665822928e+01
4.991949985828016523e+00	4.804480124077041125e+01
4.998241586316924057e+00	4.807934610739488335e+01
5.004556635606089543e+00	4.847360107995177714e+01
5.010828655701208945e+00	4.847185055350949057e+01
5.017077229702536556e+00	4.883416824814240442e+01
5.023374414758113637e+00	4.895491573642662786e+01
5.029688873569548413e+00	4.931209224403507108e+01
5.035958413584124216e+00	4.942682873379207109e+01
5.042232667658486989e+00	5.013648920939034781e+01
5.048528755870775875e+00	5.020575075841441048e+01
5.054821121427484520e+00	5.053709875979696875e+01
5.061069509814582368e+00	5.078041881626461418e+01
5.067347812754101177e+00	5.099525463996997132e+01
5.073675050630431116e+00	5.143965273555603090e+01
5.079945928388977627e+00	5.198474385361338790e+01
5.086192992546071601e+00	5.227444588066181552e+01
5.092484128970163226e+00	5.269646065266992707e+01
5.098802924706086870e+00	5.282345504713708806e+01
5.105078217426394005e+00	5.336402826195266869e+01
5.111325076574067872e+00	5.345932077598751420e+01
5.117628358851224135e+00	5.387799774945259657e+01
5.123935939383525984e+00	5.395249996941251425e+01
5.130199176325612065e+00	5.460441630254140932e+01
5.136469985878846956e+00	5.498004009723511842e+01
5.142797788696348071e+00	5.485422219289830537e+01
5.149090378043822192e+00	5.552692303755089398e+01
5.155289879840074363e+00	5.658944558553574922e+01
5.161564521234301317e+00	5.664403866100850848e+01
5.167916673496016244e+00	5.702183870351920092e+01
5.174205974602950064e+00	5.754404029611543336e+01
5.180434820793812456e+00	5.784116554704658597e+01
5.186729096569634656e+00	5.773184156298654557e+01
5.193058481037780894e+00	5.830793700100706900e+01
5.199319511444338460e+00	5.873975749313031969e+01
5.205574295584361799e+00	5.950796577110349261e+01
5.211894977074066126e+00	5.958072109676950845e+01
5.218201708336958511e+00	6.046320153303950917e+01
5.224411911780083351e+00	6.048872824212760690e+01
5.230677632666463239e+00	6.148893559944085041e+01
5.237056729559757429e+00	6.173251728084581202e+01
5.243336785035660697e+00	6.237482733187361816e+01
5.249493476178225038e+00	6.233737587368096911e+01
5.255787017738318134e+00	6.358783563734986899e+01
5.262205327426889845e+00	6.413321189870984540e+01
5.268477758348532269e+00	6.495296370506429184e+01
5.274632213654732560e+00	6.514038809006230224e+01
5.280950543314659740e+00	6.476008451833216384e+01
5.287327645024750389e+00	6.618237995198684587e+01
5.293582359180156516e+00	6.761698019294253470e+01
5.299789992649893478e+00	6.661214058979768993e+01
5.306111460381987222e+00	6.858195167426327998e+01
5.312452717892129250e+00	6.960911246110391914e+01
5.318650122853046724e+00	6.986365456523553519e+01
5.324923043129819789e+00	7.002910319661648941e+01
5.331330237158205421e+00	7.111956174276468801e+01
5.337586726886338617e+00	7.264854201677371748e+01
5.343685192440848830e+00	7.176048782407563920e+01
5.350070659715249199e+00	7.358189390917286232e+01
5.356556762554878226e+00	7.444234720649845372e+01
5.362691868684501095e+00	7.423604963110773269e+01
5.368769208912516966e+00	7.436995058482514764e+01
5.375270137997677722e+00	7.652035169328252096e+01
5.381769983045385786e+00	7.812054443977581286e+01
5.387701030372958222e+00	7.769548089080508646e+01
5.393786668001271600e+00	7.713313754120829913e+01
5.400446161099396569e+00	7.974361856986750752e+01
5.406957063684501463e+00	8.106516332279824155e+01
5.412655672453426270e+00	7.892716908117529329e+01
5.418821279260546575e+00	8.429542653832820065e+01
5.425690594366304076e+00	8.262527385549284986e+01
5.432217487502165376e+00	8.181742126979028740e+01
5.437649811577258241e+00	8.520124934230713620e+01
5.443914404015878006e+00	8.576566432207305013e+01
5.450953501686320202e+00	8.675470172954118198e+01
5.457483690405861232e+00	8.533469572111542334e+01
5.462715250135157241e+00	8.533527730373376130e+01
5.469033575551323523e+00	8.974997776533108151e+01
5.476177730420278778e+00	9.275447320147911512e+01
5.482708935702562236e+00	9.051894348193522433e+01
5.487722405008360838e+00	9.109026912616583616e+01
5.494194284996126498e+00	9.425652704953870398e+01
5.501391471009256406e+00	9.327070554620831899e+01
5.507128202673079009e+00	9.679460707895826488e+01
5.512278020050448646e+00	9.585403005367219009e+01
5.519395563377015534e+00	9.555882759554255301e+01
5.526598678609708770e+00	1.002818837889717116e+02
5.532162682462509196e+00	1.014271024155758596e+02
5.537397124017139127e+00	9.679742672526234060e+01
5.544582756485218589e+00	1.113664398872736285e+02
5.551739327507637434e+00	1.084046061596379786e+02
5.557493306674907707e+00	1.080082702779327661e+02
5.562281709102816940e+00	9.745305411159284859e+01
5.569272720323164449e+00	3.898734867252631631e+01
