8.899641224696953554e-03	1.120675189228950512e+04
1.507912216506557788e-02	1.603419770487490132e+04
2.144790186456836667e-02	1.346003646740115619e+04
2.783660776489276650e-02	1.417790895340221323e+04
3.435099785803411021e-02	1.129872004312216268e+04
4.047886761425745911e-02	9.896052784123823585e+03
4.676716683575679601e-02	7.767329456855306489e+03
5.308225101765951665e-02	7.500929062770996097e+03
5.945362440940590160e-02	6.465931364344541180e+03
6.576224814588792211e-02	6.245438182132204929e+03
7.196632906698736953e-02	5.530125952972863161e+03
7.827860915688347743e-02	4.927454050273609937e+03
8.470398945834539672e-02	4.151024214588064751e+03
9.096854620527369817e-02	3.843610227385365761e+03
9.720789776830213169e-02	3.588179523973644336e+03
1.034763038959366499e-01	3.230058952462874458e+03
1.097576444254559219e-01	3.059712603548912739e+03
1.160543084780093354e-01	2.924149758240407209e+03
1.223669666537485351e-01	2.693769783544920301e+03
1.286817263090294094e-01	2.530657225247523911e+03
1.349500801664080818e-01	2.263630229740854702e+03
1.411949558842147678e-01	2.143838148923372955e+03
1.475133575747468451e-01	1.934467397635485213e+03
1.537865074252268427e-01	1.839569288410883019e+03
1.600657544051110326e-01	1.742855496882705211e+03
1.663991168687080635e-01	1.668373997765317881e+03
1.727195645776442856e-01	1.606235261679672249e+03
1.789765213377084718e-01	1.509637642122823308e+03
1.852353690647852158e-01	1.448415441008519338e+03
1.914806787341157279e-01	1.424335027456158969e+03
1.977889868651535599e-01	1.288683046826245800e+03
2.040937735447724277e-01	1.216667196791757533e+03
2.103939302609846018e-01	1.171418885699268230e+03
2.166909709822301688e-01	1.115001702621782442e+03
2.229700281216152047e-01	1.080500439560064478e+03
2.292620027086341994e-01	1.035005764409244421e+03
2.355141508366812297e-01	9.973764063677530203e+02
2.417910583817859116e-01	9.675471391368051854e+02
2.480856539439619257e-01	9.292001791042524701e+02
2.543492256872954549e-01	8.936315274498600729e+02
2.606334251884805386e-01	8.603863804168289562e+02
2.669257370896960802e-01	8.296939656065399049e+02
2.732423343141155980e-01	8.162073680633483264e+02
2.795529680084415936e-01	7.949573713316154908e+02
2.858366292314493129e-01	7.503721815781577789e+02
2.920876271394311496e-01	7.349746382796845410e+02
2.983449844439822751e-01	7.056076246566866530e+02
3.046382639407197446e-01	6.930758622254663806e+02
3.109279127003197196e-01	6.735867934706856204e+02
3.172168171618398036e-01	6.575135697526718559e+02
3.235187567944423082e-01	6.354611257198810108e+02
3.298168217550395687e-01	6.223220667755530258e+02
3.361176429457156667e-01	5.947758409650598423e+02
3.423700375709273769e-01	5.919463449183559760e+02
3.486478192666269682e-01	5.710710595931612943e+02
3.549411614411318028e-01	5.623536365413845033e+02
3.611916935421040642e-01	5.431607038241398868e+02
3.674767089563572564e-01	5.363604852160384553e+02
3.737647795277591056e-01	5.193926271336240461e+02
3.800654031475132477e-01	5.063759477055323259e+02
3.863539861259823738e-01	5.044658577233490178e+02
3.926140181364449755e-01	4.892321773084191250e+02
3.989264500321934581e-01	4.805090928199276163e+02
4.052073244576828714e-01	4.642873250119836257e+02
4.114916477570477182e-01	4.589486375458073439e+02
4.177814272116491257e-01	4.481969405804909456e+02
4.240400648725131116e-01	4.393453990021154141e+02
4.303425690270192283e-01	4.350470008163290458e+02
4.366358560255625965e-01	4.238740740095105366e+02
4.428996183220763605e-01	4.202507366858725391e+02
4.491634418529859563e-01	4.099850340313306560e+02
4.554414146254732731e-01	4.003913740186428072e+02
4.617634470301058558e-01	4.000833731363284755e+02
4.680644242023710433e-01	3.899500066235754616e+02
4.743485242764365895e-01	3.804009066018134035e+02
4.806356136815400082e-01	3.774391243436591026e+02
4.869019258388697646e-01	3.714783467818499503e+02
4.931697099599955947e-01	3.652458685778003655e+02
4.994506747144535908e-01	3.556114793081146672e+02
5.057159051335421429e-01	3.515471159775423757e+02
5.119923996268095356e-01	3.500340308512699607e+02
5.183126097768406826e-01	3.436064990328725912e+02
5.246089638029100000e-01	3.365397617750147106e+02
5.308757308483337267e-01	3.350929321791365965e+02
5.371573527946726934e-01	3.278715151504762844e+02
5.434579563783791256e-01	3.254958345994597266e+02
5.497430652392217842e-01	3.161862347922996719e+02
5.559937427501778773e-01	3.145337453584206173e+02
5.622854676609657654e-01	3.103156305845275824e+02
5.686011537227265711e-01	3.070515818097226770e+02
5.748804589422079614e-01	3.025391678685347756e+02
5.811550210340560296e-01	2.987938365336584638e+02
5.874394496660968468e-01	2.949718967550081743e+02
5.937176220296899176e-01	2.912176700184238030e+02
5.999971954793682505e-01	2.868177030190016126e+02
6.062679115124277596e-01	2.847171923760847108e+02
6.125469576444534381e-01	2.810037945163427935e+02
6.188477733041515272e-01	2.776847734744148966e+02
6.251310567437898813e-01	2.742906453368111102e+02
6.314027450383210560e-01	2.723893866375243533e+02
6.377003562732055375e-01	2.686515118461003908e+02
6.439857783314556494e-01	2.644666085974574798e+02
6.502685417166111925e-01	2.614659743823914937e+02
6.565586117699038216e-01	2.593550888114262420e+02
6.628369282359254377e-01	2.564693810679574995e+02
6.691185444962194362e-01	2.524388458837120766e+02
6.754070198575605755e-01	2.509498279747326137e+02
6.816835514593204692e-01	2.495604250699402371e+02
6.879592533861698112e-01	2.443503922063109997e+02
6.942344317039531587e-01	2.445667608411663707e+02
7.005175402434737908e-01	2.410204897841880722e+02
7.068124956608716758e-01	2.407277936254822066e+02
7.131019009674921527e-01	2.361406197312303163e+02
7.193918251171427247e-01	2.345809658607409744e+02
7.256833807598113140e-01	2.302285688705564723e+02
7.319652682709349989e-01	2.296990012111988051e+02
7.382507990484923344e-01	2.283216558855645815e+02
7.445265842115937893e-01	2.255606034796970789e+02
7.507871101942712455e-01	2.231166309569902637e+02
7.570758465316046459e-01	2.201571368277370482e+02
7.633641233600957365e-01	2.190647188461064161e+02
7.696462959862266917e-01	2.163098145676590320e+02
7.759394865175414102e-01	2.156697582072396244e+02
7.822329141989586843e-01	2.150749702374778565e+02
7.885314936520240181e-01	2.125693528025821308e+02
7.947896566979522071e-01	2.096219898479911308e+02
8.010491096592354809e-01	2.075717670449707839e+02
8.073364061727361651e-01	2.052407564348769995e+02
8.136229488373866170e-01	2.041519230490118275e+02
8.199152998961036776e-01	2.036272107021286786e+02
8.261952636392789762e-01	2.022457236202615434e+02
8.324897070080405914e-01	2.001985371950898696e+02
8.387959309210778480e-01	1.978312099182155350e+02
8.450634639703045181e-01	1.971886107084520461e+02
8.513282867562648182e-01	1.938168545737585760e+02
8.576198263902009566e-01	1.933839485887389742e+02
8.639058477062415697e-01	1.919043389268039164e+02
8.701838745487597837e-01	1.901902378745693909e+02
8.764641096075268534e-01	1.881100874777610557e+02
8.827503873399735745e-01	1.871708109335147299e+02
8.890332768393869323e-01	1.862731842952426007e+02
8.953084247113127780e-01	1.851735687019382794e+02
9.015956521667095602e-01	1.843762931061105235e+02
9.078833328094829680e-01	1.822446839498857685e+02
9.141744106319863450e-01	1.803632584047429930e+02
9.204630817717615043e-01	1.802496511905374348e+02
9.267434415264711456e-01	1.784625584298617014e+02
9.330324197354928906e-01	1.764104792584947177e+02
9.393265785573878812e-01	1.756722377521200542e+02
9.455974810398196650e-01	1.752105723086806393e+02
9.518660018545171964e-01	1.734041521372170678e+02
9.581413255531838757e-01	1.721270609065086887e+02
9.644350945109106954e-01	1.708725912842628247e+02
9.707355633568249820e-01	1.696440691125690705e+02
9.770080768450029041e-01	1.693208627015108902e+02
9.832823325363413414e-01	1.677853731562499036e+02
9.895569691966674686e-01	1.666131988880877088e+02
9.958456301921106979e-01	1.655235675674412335e+02
1.002136210743837408e+00	1.640648709215108738e+02
1.008404825335135424e+00	1.643923842273795799e+02
1.014694149836243398e+00	1.617032647703287864e+02
1.020992555437297167e+00	1.606811678655741957e+02
1.027273980437394485e+00	1.604540757152266508e+02
1.033559181896017254e+00	1.591774043451545708e+02
1.039847557392594934e+00	1.584661064042533383e+02
1.046126974943305088e+00	1.567284181068469024e+02
1.052403436811028659e+00	1.561589579783897364e+02
1.058680704651608684e+00	1.555297794648777767e+02
1.064964333065789193e+00	1.544184157919105189e+02
1.071256777440835473e+00	1.537224028214283180e+02
1.077544048801078125e+00	1.524951872087329718e+02
1.083824820188043603e+00	1.515365551709144256e+02
1.090108023942816695e+00	1.503719766336877228e+02
1.096389665956643222e+00	1.497345389299862290e+02
1.102681132058841440e+00	1.488698212561606340e+02
1.108963047594879958e+00	1.481321859309068429e+02
1.115225428463759272e+00	1.470049587574293639e+02
1.121502127614767863e+00	1.458317918947183500e+02
1.127792573824792033e+00	1.453342519045997676e+02
1.134089552668382961e+00	1.444848243126964178e+02
1.140364049650405942e+00	1.438883758976563456e+02
1.146639180320979445e+00	1.430524599480339134e+02
1.152942412991649901e+00	1.417281253633452138e+02
1.159228906751078814e+00	1.419128444950390247e+02
1.165508721887268173e+00	1.408606995340214496e+02
1.171793076256210320e+00	1.402297211661574750e+02
1.178087436369658958e+00	1.393316019200041467e+02
1.184367654251526902e+00	1.381795125080178082e+02
1.190634642299266632e+00	1.374920670812167600e+02
1.196912208834400859e+00	1.365870563941837190e+02
1.203201577354146234e+00	1.360508749920263369e+02
1.209486844441705733e+00	1.348267864966681486e+02
1.215763902074809888e+00	1.345885452211517759e+02
1.222049755171146668e+00	1.332118608502714494e+02
1.228340616621486969e+00	1.332734825253288591e+02
1.234632986576932767e+00	1.322373862322304774e+02
1.240902247176856488e+00	1.322731998156110080e+02
1.247174839144687519e+00	1.308128243081562516e+02
1.253465459933442272e+00	1.304805654679583427e+02
1.259749951892178421e+00	1.301027430870002490e+02
1.266032143127253873e+00	1.292010465048577146e+02
1.272316288472006507e+00	1.287296267073216995e+02
1.278604155058621350e+00	1.275324061906203923e+02
1.284886588933593865e+00	1.271837073406860839e+02
1.291175420066583257e+00	1.266154258977680342e+02
1.297465726373772332e+00	1.261887713645704565e+02
1.303741827011944299e+00	1.256689422471590944e+02
1.310017322922761851e+00	1.245699083248666739e+02
1.316301447662886703e+00	1.241594040533080801e+02
1.322586760363303249e+00	1.232502413721156245e+02
1.328865492452874664e+00	1.226830219092384766e+02
1.335144804954555564e+00	1.228051654216933741e+02
1.341440516272275119e+00	1.217375266315224849e+02
1.347730868417094552e+00	1.208459415017423737e+02
1.354001589994877630e+00	1.203254911286904019e+02
1.360282609297778444e+00	1.196844190660059581e+02
1.366565686457597906e+00	1.192188027715795187e+02
1.372851498482432708e+00	1.185705418771741932e+02
1.379135372929401804e+00	1.184415518356178865e+02
1.385409567149057164e+00	1.178158440495943040e+02
1.391698641219299315e+00	1.172736525280725601e+02
1.397984451439470810e+00	1.166167570318697102e+02
1.404267883409181961e+00	1.159523284052759209e+02
1.410554779484869181e+00	1.158704510749942784e+02
1.416837833547465397e+00	1.151542016631633487e+02
1.423118177187137068e+00	1.149207162731498215e+02
1.429397801164240089e+00	1.142984544824003024e+02
1.435686921822787232e+00	1.135120715707913632e+02
1.441977121769299597e+00	1.129031007036003160e+02
1.448253667853332427e+00	1.128151062263984130e+02
1.454532348972172651e+00	1.118592031490198906e+02
1.460819319151879903e+00	1.116423282399970418e+02
1.467110364402026468e+00	1.112716854068715122e+02
1.473392908948962132e+00	1.109418444142546321e+02
1.479669965243598950e+00	1.098089440603968967e+02
1.485956144602843532e+00	1.095943625217530695e+02
1.492233610763115115e+00	1.092958104970867907e+02
1.498502470379980078e+00	1.086965325779038949e+02
1.504785752051182701e+00	1.082510743225036123e+02
1.511075991894575976e+00	1.076025077413288784e+02
1.517361634985162189e+00	1.071817467309561636e+02
1.523648570969130533e+00	1.066788331235843827e+02
1.529938035715892264e+00	1.065304134029337888e+02
1.536230176913891965e+00	1.057820770674952513e+02
1.542510718779388279e+00	1.055955980375641587e+02
1.548783963082980275e+00	1.054688868929539183e+02
1.555073069779651318e+00	1.047900188279180327e+02
1.561357324927233892e+00	1.041798853128535853e+02
1.567629121053141006e+00	1.035413886250665314e+02
1.573913697404382583e+00	1.032787450366293172e+02
1.580203545230874029e+00	1.030561398571490912e+02
1.586485393434537983e+00	1.025395553662293793e+02
1.592760014263005841e+00	1.022709703576114606e+02
1.599046436394670812e+00	1.018171732767893047e+02
1.605342136637478934e+00	1.012596521156842186e+02
1.611619860919608627e+00	1.008522368601666273e+02
1.617897597081673799e+00	1.004366271757264002e+02
1.624183235481122756e+00	1.002015353695847892e+02
1.630464598531913722e+00	9.995218124658711645e+01
1.636748985747638274e+00	9.932095150584207488e+01
1.643030923698886259e+00	9.895489190998476658e+01
1.649309176648513064e+00	9.850333515004845708e+01
1.655593633940351861e+00	9.805003664939776797e+01
1.661879571405086464e+00	9.806490404269423777e+01
1.668169361685170271e+00	9.750834762595850691e+01
1.674450151530487485e+00	9.716275888533473903e+01
1.680722718978495900e+00	9.634553324737234448e+01
1.687013891340952476e+00	9.612383587512127292e+01
1.693308984907921033e+00	9.582536005638974075e+01
1.699582147428448486e+00	9.539840856113687551e+01
1.705863747055134105e+00	9.535075125811073349e+01
1.712154434283889470e+00	9.466409609303579487e+01
1.718438381579399321e+00	9.452298221647993159e+01
1.724721264464063930e+00	9.416876549484231873e+01
1.730997441276920679e+00	9.349292509892208614e+01
1.737287073528269499e+00	9.317767605380551288e+01
1.743567991878527401e+00	9.310823057113566392e+01
1.749840680212231048e+00	9.278600066398571755e+01
1.756128549091961144e+00	9.231372759988545340e+01
1.762413535324792502e+00	9.211789089239361772e+01
1.768696187669963837e+00	9.167943329837282818e+01
1.774979359379055266e+00	9.135130734411352194e+01
1.781265555576432957e+00	9.109493558095438459e+01
1.787549427830244619e+00	9.084245936149252998e+01
1.793834120011633004e+00	9.011612566710093120e+01
1.800115051552487300e+00	9.004273729621442612e+01
1.806393904854530330e+00	8.960918873491375791e+01
1.812674089667083432e+00	8.909253203923454123e+01
1.818956920109354058e+00	8.882100421165954174e+01
1.825244164118212220e+00	8.868592596899470948e+01
1.831527256642196955e+00	8.842176132662446264e+01
1.837811294935716599e+00	8.815724514361380670e+01
1.844100717411196744e+00	8.766906668779310507e+01
1.850384816792487230e+00	8.746283133027210965e+01
1.856666059735203822e+00	8.694055086147260170e+01
1.862947728675613979e+00	8.684159079786698499e+01
1.869229324466858078e+00	8.639654565786807439e+01
1.875517616802973686e+00	8.620448313583621314e+01
1.881800769033795229e+00	8.605469543520212028e+01
1.888078863416442710e+00	8.552145728546422276e+01
1.894353975182237582e+00	8.521350077066396977e+01
1.900642716154182565e+00	8.500119652769768663e+01
1.906933494748685121e+00	8.492515139034857441e+01
1.913207568676573933e+00	8.463926320039523432e+01
1.919490884732178992e+00	8.418213385056166942e+01
1.925776855684274480e+00	8.387099086416962734e+01
1.932064452961978152e+00	8.379045497728257885e+01
1.938342610030488800e+00	8.320662338901726685e+01
1.944618341543410178e+00	8.285963807211361143e+01
1.950906260203513876e+00	8.280525500611761913e+01
1.957194556613796488e+00	8.239019444784202051e+01
1.963479614559011432e+00	8.204799893178099524e+01
1.969760361532916226e+00	8.204603752536840489e+01
1.976048367034604736e+00	8.166819305603232237e+01
1.982337990217652335e+00	8.120572307630918374e+01
1.988617489259562721e+00	8.095737309845759455e+01
1.994896320665194178e+00	8.084847091325337942e+01
2.001179596222827151e+00	8.044276889090224358e+01
2.007459756923499761e+00	8.031532199490501966e+01
2.013737397779169935e+00	7.987800771038020287e+01
2.020017234677497164e+00	7.973263094283822738e+01
2.026310251015072783e+00	7.918549823418096878e+01
2.032600542948020284e+00	7.915221375599067244e+01
2.038873863192099289e+00	7.904948743695297253e+01
2.045154087821675404e+00	7.869258726510214785e+01
2.051444704514288730e+00	7.830074492228233396e+01
2.057730430280644729e+00	7.808684180935806296e+01
2.064013940455224461e+00	7.793069128555589486e+01
2.070299891179459895e+00	7.747413547990905158e+01
2.076589719964883951e+00	7.738367328374948784e+01
2.082865483794470673e+00	7.702298831237023080e+01
2.089134494859368640e+00	7.679424012246690268e+01
2.095424211360070288e+00	7.657110843259999911e+01
2.101707116664804254e+00	7.640664835689418055e+01
2.107986473933564309e+00	7.611422808388833516e+01
2.114271806543862375e+00	7.588165326754526063e+01
2.120552717288892275e+00	7.561841730549434715e+01
2.126836933207161717e+00	7.534053748045197096e+01
2.133122044791171845e+00	7.517791320688900214e+01
2.139411711910842673e+00	7.499082331241095289e+01
2.145697076775292089e+00	7.467061301061575307e+01
2.151973548606471276e+00	7.443660935758659036e+01
2.158259913555724108e+00	7.418268211484938490e+01
2.164545396699105506e+00	7.390042288807569548e+01
2.170830700377734068e+00	7.358062994356015452e+01
2.177114138849150393e+00	7.339914494561496383e+01
2.183387647576827018e+00	7.316825540183548071e+01
2.189670273687676971e+00	7.292257604365781276e+01
2.195960147934207463e+00	7.262116296014545469e+01
2.202242556317716371e+00	7.249618250656737928e+01
2.208521655981037668e+00	7.236411065713734558e+01
2.214804637081333016e+00	7.213936737829517654e+01
2.221092583349425276e+00	7.175114952856674222e+01
2.227372893591468728e+00	7.161652864088917170e+01
2.233657161144248171e+00	7.143394801005781858e+01
2.239943485394438660e+00	7.127903732785878788e+01
2.246224175264620815e+00	7.090110527942530894e+01
2.252506378421252009e+00	7.064829937014592076e+01
2.258783417054270437e+00	7.050439168528599510e+01
2.265069077371457684e+00	7.016438636718110899e+01
2.271350377044131452e+00	7.002567722831830110e+01
2.277633995145353918e+00	6.986102293876379576e+01
2.283922419579920149e+00	6.957298104339636780e+01
2.290202874392252674e+00	6.941219020025106090e+01
2.296490779970905560e+00	6.931368896935286728e+01
2.302771769934229162e+00	6.896333689686169066e+01
2.309051364164305564e+00	6.885680885136747520e+01
2.315338502539088239e+00	6.867214414459937188e+01
2.321627336503874428e+00	6.853499849654092202e+01
2.327911878297218795e+00	6.811592916876313097e+01
2.334186238580297168e+00	6.799807738343653796e+01
2.340467971862688401e+00	6.775956058498792345e+01
2.346756940970738725e+00	6.775677699647135910e+01
2.353044444556199988e+00	6.743843249630430137e+01
2.359327653314069906e+00	6.728942219908800837e+01
2.365603048789861607e+00	6.706527479958232618e+01
2.371885911737665165e+00	6.695496976365694763e+01
2.378173303594019572e+00	6.665849652900112687e+01
2.384454016539381271e+00	6.648003242029963644e+01
2.390736447344785187e+00	6.629884644828420903e+01
2.397014133897952259e+00	6.607921578939279073e+01
2.403295490074321972e+00	6.595445885251564277e+01
2.409585049672506862e+00	6.573382634638980448e+01
2.415871703165322071e+00	6.558894804593447247e+01
2.422160652369088840e+00	6.531764302064632943e+01
2.428440167222748691e+00	6.528831028036522355e+01
2.434717472383889803e+00	6.510482180431858978e+01
2.441002456202044257e+00	6.485162435159023175e+01
2.447289980304530488e+00	6.465406211044113149e+01
2.453571844729242279e+00	6.457207280003279948e+01
2.459852705114058846e+00	6.432594957729988039e+01
2.466139233225018934e+00	6.422570654349031827e+01
2.472421963421291391e+00	6.397164773084011813e+01
2.478698519174224568e+00	6.391013022292830215e+01
2.484980841400355800e+00	6.369063556368910639e+01
2.491269319409339822e+00	6.342377943702169318e+01
2.497548505139029373e+00	6.335414424182996385e+01
2.503831667172610853e+00	6.319935265029595683e+01
2.510117938323931153e+00	6.306462895097521226e+01
2.516400733681277480e+00	6.277837586537201986e+01
2.522688226833368130e+00	6.265776186343288146e+01
2.528971695852665569e+00	6.263533035161520246e+01
2.535252039407670299e+00	6.234969802032080111e+01
2.541537514142774512e+00	6.240500330584953304e+01
2.547823008847572179e+00	6.204596852827260989e+01
2.554100666580690238e+00	6.188987454787819331e+01
2.560376788884177301e+00	6.183611718859813067e+01
2.566667521601497359e+00	6.158162397274667654e+01
2.572955062237090473e+00	6.149337257486730124e+01
2.579233771797999175e+00	6.139098215679877768e+01
2.585520164300948220e+00	6.115833260379228165e+01
2.591805130332431872e+00	6.112261038244238875e+01
2.598084074692260881e+00	6.093820714365703850e+01
2.604360404197643586e+00	6.087830004977856646e+01
2.610647185140439142e+00	6.062238241629746938e+01
2.616931864059273138e+00	6.049057649268956993e+01
2.623206107911065565e+00	6.040635370913391711e+01
2.629491626543270844e+00	6.033169194712947103e+01
2.635778507982642349e+00	6.011404699223918158e+01
2.642061039325260818e+00	5.994482975370232936e+01
2.648343840729305843e+00	5.994998258088266851e+01
2.654631838974855551e+00	5.971067022705378946e+01
2.660919001246303761e+00	5.964618448362917036e+01
2.667198525130066056e+00	5.938975524999880662e+01
2.673484307038032526e+00	5.938755740347473022e+01
2.679773388053849459e+00	5.914885174957417036e+01
2.686058217632288692e+00	5.911371374839828974e+01
2.692338738200057868e+00	5.896883997315161707e+01
2.698618022887226964e+00	5.876385480868204070e+01
2.704895450708277860e+00	5.867759648517880322e+01
2.711175674923682166e+00	5.860876293701153372e+01
2.717459832966957922e+00	5.854402085276613832e+01
2.723745731959044569e+00	5.839066101074416082e+01
2.730038414850594730e+00	5.838488657504110790e+01
2.736317989800789441e+00	5.821703736898712123e+01
2.742591858549239703e+00	5.816824450004143898e+01
2.748879749010778362e+00	5.805214010098904254e+01
2.755163403825859447e+00	5.789433170728505473e+01
2.761446955625852073e+00	5.799469058115355580e+01
2.767732088935374701e+00	5.783170654294488600e+01
2.774015452421743966e+00	5.758590724761260304e+01
2.780298635700591436e+00	5.750833262638155219e+01
2.786577474762241380e+00	5.748587200469818015e+01
2.792857983210164541e+00	5.738068701322857379e+01
2.799143790920211483e+00	5.731077129017608485e+01
2.805430058399325244e+00	5.724799536576672665e+01
2.811715058209780072e+00	5.697533842820697458e+01
2.817989272498773623e+00	5.710202627938748066e+01
2.824269171595737760e+00	5.693889743654313662e+01
2.830563016441804081e+00	5.687182677299168176e+01
2.836848750951622034e+00	5.671148599056375872e+01
2.843130027866129783e+00	5.669100358695101960e+01
2.849413896912404986e+00	5.657842920520546670e+01
2.855697464522425566e+00	5.659560660040870772e+01
2.861978799810683594e+00	5.654811758680312295e+01
2.868262469415629567e+00	5.650522610711897187e+01
2.874547359206753860e+00	5.635342613970206571e+01
2.880831111471525041e+00	5.626158635982660172e+01
2.887113216972382546e+00	5.630954542425116927e+01
2.893394504725182781e+00	5.629635993217183199e+01
2.899673662137033592e+00	5.622479704841705939e+01
2.905953958587380814e+00	5.614269462071051464e+01
2.912241118105161064e+00	5.601239181593606276e+01
2.918525996366671205e+00	5.597741150687826206e+01
2.924809035425688819e+00	5.596672011919215350e+01
2.931095916293684933e+00	5.588828208612276427e+01
2.937378182606774413e+00	5.579890226697993683e+01
2.943659980254369923e+00	5.579159069145066496e+01
2.949946454403890250e+00	5.580143174489696634e+01
2.956227653702202307e+00	5.575568421527378860e+01
2.962510478867462993e+00	5.571247594313854279e+01
2.968796535179442309e+00	5.563208961383492124e+01
2.975077657376874907e+00	5.554570235101070352e+01
2.981359866759223376e+00	5.559217189265285697e+01
2.987646761575656562e+00	5.562675547379711816e+01
2.993929038370399365e+00	5.551051216620992079e+01
3.000206214840962726e+00	5.556915196047877714e+01
3.006486172402415669e+00	5.552741669117490630e+01
3.012769812211594456e+00	5.550190989080763160e+01
3.019053144326170113e+00	5.547330597073624148e+01
3.025337405144251424e+00	5.547533121410695145e+01
3.031623734799107961e+00	5.548867255637143359e+01
3.037908962055872575e+00	5.539360857223494605e+01
3.044195067146031608e+00	5.547777439486461049e+01
3.050475543482170426e+00	5.546538368427471966e+01
3.056754954538277502e+00	5.555466632488173673e+01
3.063040539557494668e+00	5.550392661981005915e+01
3.069323699454357346e+00	5.546020344632267296e+01
3.075610692642898769e+00	5.545630356887657086e+01
3.081893798009918584e+00	5.550703347489541528e+01
3.088174549548037717e+00	5.541154968762096900e+01
3.094458635632868493e+00	5.552919674338679101e+01
3.100743982931558840e+00	5.561508018924464380e+01
3.107028111748448396e+00	5.564649691910967277e+01
3.113309299655494300e+00	5.559205050517982016e+01
3.119590662867241626e+00	5.561900444884147277e+01
3.125874006820172912e+00	5.568454721756902615e+01
3.132159251154602586e+00	5.578841650672435293e+01
3.138439172765940643e+00	5.583438904646509826e+01
3.144723867719826593e+00	5.590296460766866460e+01
3.151003951258561031e+00	5.591071602249154182e+01
3.157283664131563139e+00	5.603257785671550550e+01
3.163569317183839935e+00	5.605933536002164175e+01
3.169851661717792091e+00	5.604729239128272411e+01
3.176137704316093657e+00	5.613256258620851469e+01
3.182420924828643916e+00	5.623084743858049706e+01
3.188702811875577581e+00	5.627306730132318791e+01
3.194990520008989865e+00	5.636391103290914373e+01
3.201275324656983834e+00	5.655967441793139727e+01
3.207551352179861759e+00	5.657795816020050950e+01
3.213835216737041645e+00	5.664275014256093499e+01
3.220122579819103770e+00	5.658397433507896324e+01
3.226406606618656525e+00	5.648628357712970427e+01
3.232687390085645429e+00	5.632996010211957127e+01
3.238969121280456331e+00	5.619744651347325970e+01
3.245254751548589667e+00	5.606681237633429049e+01
3.251534499036136783e+00	5.598891256654007975e+01
3.257817780791052442e+00	5.586667927404952394e+01
3.264102164154097263e+00	5.571387337062785150e+01
3.270384152138468892e+00	5.559379020366188939e+01
3.276669427476867735e+00	5.541511076682518677e+01
3.282954688864507808e+00	5.540809569409922375e+01
3.289237200334947264e+00	5.526305077749773886e+01
3.295519587088236779e+00	5.521442786297171068e+01
3.301805977329951958e+00	5.518489737407617923e+01
3.308087486222440088e+00	5.496806435061855467e+01
3.314367630234227313e+00	5.487103649667037075e+01
3.320651909732194262e+00	5.484593361624537522e+01
3.326931260376857047e+00	5.472276713179594054e+01
3.333216512447217728e+00	5.462934571424366936e+01
3.339504489419978128e+00	5.461002395576528556e+01
3.345786804809928405e+00	5.448022950639911244e+01
3.352071130016277767e+00	5.443428281784258616e+01
3.358351496304225581e+00	5.428995509186066215e+01
3.364630591073392019e+00	5.425911263902489168e+01
3.370916305215045483e+00	5.421639280910640935e+01
3.377197952029413752e+00	5.408740720180338712e+01
3.383483063818085501e+00	5.394996351986118555e+01
3.389769992424469969e+00	5.395938851909409806e+01
3.396051330885982100e+00	5.382339670017667999e+01
3.402330879139463971e+00	5.376115151970430617e+01
3.408610488352048495e+00	5.367401966359517473e+01
3.414897837696641236e+00	5.358837673987861194e+01
3.421180484052105619e+00	5.352949463971520316e+01
3.427461639653846870e+00	5.348476615080887342e+01
3.433749159643459059e+00	5.340806366760474333e+01
3.440032646656798310e+00	5.333294536998901236e+01
3.446313366033385339e+00	5.331794030143556995e+01
3.452600135384134905e+00	5.325019377769650220e+01
3.458883152815406703e+00	5.319355443665612881e+01
3.465163834403715448e+00	5.308484782710232963e+01
3.471449329786229221e+00	5.312322244053642351e+01
3.477734476754053894e+00	5.299083067778776979e+01
3.484019652467224226e+00	5.288384653728311235e+01
3.490297019369712928e+00	5.281568972173258203e+01
3.496582486484379970e+00	5.275959344383728222e+01
3.502868048046865024e+00	5.277653017356261955e+01
3.509144649545451244e+00	5.266912604107094609e+01
3.515428082003116295e+00	5.257408214829007420e+01
3.521711031624695565e+00	5.259790929171169438e+01
3.527991850954735664e+00	5.248699862065227251e+01
3.534275545726699885e+00	5.244177246368678880e+01
3.540562632020772149e+00	5.236579559988259547e+01
3.546844410757220789e+00	5.235467913665649320e+01
3.553131386753758836e+00	5.227579647887647241e+01
3.559419203211965144e+00	5.233041950318839497e+01
3.565697971577579839e+00	5.229052399847441279e+01
3.571979559134798254e+00	5.223890923158912614e+01
3.578265774595833726e+00	5.209779722428435633e+01
3.584548309769353125e+00	5.207836257672268232e+01
3.590826843920031486e+00	5.212469145473075827e+01
3.597107306745233934e+00	5.204188234192500317e+01
3.603392831792229245e+00	5.202960393629430769e+01
3.609673209822572559e+00	5.192371318554226178e+01
3.615955412133016189e+00	5.196504650801861658e+01
3.622241607772384686e+00	5.190874973332689990e+01
3.628520252736676444e+00	5.190184437327241795e+01
3.634804827569451113e+00	5.187177657210710890e+01
3.641094981788862928e+00	5.176550589680124403e+01
3.647383514928639325e+00	5.181375489169198545e+01
3.653663283927725658e+00	5.176169498605989361e+01
3.659943504072155296e+00	5.174667641886538405e+01
3.666232000281138603e+00	5.167648331330811828e+01
3.672514211678317597e+00	5.174065351551477221e+01
3.678794154686042539e+00	5.161557553023591538e+01
3.685078621861909820e+00	5.177202945201664619e+01
3.691359210097977961e+00	5.160027689627778358e+01
3.697642368173791105e+00	5.161962586852486368e+01
3.703925796735277665e+00	5.159664208871325286e+01
3.710208240364660348e+00	5.163631529401282449e+01
3.716494593122387169e+00	5.157929555729971582e+01
3.722775386659595398e+00	5.158613819311632653e+01
3.729058392883481510e+00	5.152766460615368516e+01
3.735339748210807720e+00	5.155504924330313798e+01
3.741620776392969638e+00	5.151082021673029487e+01
3.747904795418762980e+00	5.144891362685412162e+01
3.754190633281219380e+00	5.149150847651604579e+01
3.760478208018912749e+00	5.145945945438150915e+01
3.766755538573464346e+00	5.145910166165138833e+01
3.773032090135151506e+00	5.139101170871180102e+01
3.779322553012896879e+00	5.145831755132586949e+01
3.785609109731308930e+00	5.145450348723874612e+01
3.791889825936295200e+00	5.142590820627115988e+01
3.798174822702435893e+00	5.145271053287498120e+01
3.804458658753491651e+00	5.135011408691762114e+01
3.810738438095723435e+00	5.153237433270562207e+01
3.817018850285747167e+00	5.152043567659285372e+01
3.823305314209427763e+00	5.140571124950061233e+01
3.829591295197792178e+00	5.147180548062775785e+01
3.835872296070849341e+00	5.152125225951177612e+01
3.842156279590906109e+00	5.149459039012288741e+01
3.848441511099312429e+00	5.150189521037235352e+01
3.854723334376886079e+00	5.149323572009734562e+01
3.861004740704794713e+00	5.154872289997227597e+01
3.867284336650660848e+00	5.153184055686202214e+01
3.873567367678779849e+00	5.164551912236078124e+01
3.879850662830422792e+00	5.155797991454212337e+01
3.886137063198143338e+00	5.157353645292742783e+01
3.892419463049126005e+00	5.155577785190192230e+01
3.898703740328622658e+00	5.164565717932747191e+01
3.904991458788179326e+00	5.166187120179777281e+01
3.911270842222104083e+00	5.167707751075309375e+01
3.917549806479573071e+00	5.173578333730465317e+01
3.923836006203090587e+00	5.178165337714736438e+01
3.930121452497870926e+00	5.197341151117438329e+01
3.936398172858230460e+00	5.180170190861684887e+01
3.942683040425962293e+00	5.191814710618535855e+01
3.948974759704379611e+00	5.201802308398248442e+01
3.955259227995065352e+00	5.199310476348854593e+01
3.961537174921395454e+00	5.191711034392547219e+01
3.967820217617139544e+00	5.207084103194664237e+01
3.974105559832568968e+00	5.209271808575813623e+01
3.980384727931198352e+00	5.214806081616576705e+01
3.986664590839849698e+00	5.215843745557619116e+01
3.992949619150675034e+00	5.215366613409772611e+01
3.999235075769965952e+00	5.227015824371574126e+01
4.005515715515433506e+00	5.243032633717984936e+01
4.011798434346478537e+00	5.233309199237213960e+01
4.018083716245132386e+00	5.246284991199738101e+01
4.024365700052603856e+00	5.245902592463616543e+01
4.030643960839860540e+00	5.258670707592976612e+01
4.036928708926215137e+00	5.252402795482724684e+01
4.043218157412017177e+00	5.269278934620313493e+01
4.049503019487663558e+00	5.270459749914807901e+01
4.055781898960511000e+00	5.281912176522176594e+01
4.062060795621602161e+00	5.291489959685787170e+01
4.068347865354716042e+00	5.298033492130534228e+01
4.074631027173265529e+00	5.300582411800476024e+01
4.080910837526078971e+00	5.301428822480047387e+01
4.087201203341442657e+00	5.316375694480370129e+01
4.093486818591942189e+00	5.337409041068518434e+01
4.099764387336505500e+00	5.339031974277715165e+01
4.106049166937662420e+00	5.352895198916363739e+01
4.112334559041358695e+00	5.353647594418386291e+01
4.118618926059533614e+00	5.372931715292281751e+01
4.124898942031112625e+00	5.372036754202722619e+01
4.131175432561665417e+00	5.379657348476519729e+01
4.137461563786142271e+00	5.385929947788151395e+01
4.143746006210170307e+00	5.409035755234914689e+01
4.150029800482964326e+00	5.410121307675849778e+01
4.156313390684649001e+00	5.421471117783065097e+01
4.162596105843763716e+00	5.437597164095458879e+01
4.168881843141768684e+00	5.435025702957938165e+01
4.175162111073220217e+00	5.444552211033554556e+01
4.181448573417560155e+00	5.459654428422967953e+01
4.187738782464171194e+00	5.475686412514947676e+01
4.194017437180169061e+00	5.475076447688005743e+01
4.200293572701767175e+00	5.492705632599339793e+01
4.206580195481546269e+00	5.503082133806148590e+01
4.212860644652220543e+00	5.514901406552807117e+01
4.219138153430114002e+00	5.531906883593372015e+01
4.225426162098283811e+00	5.533778233463196017e+01
4.231713506719782636e+00	5.550847501727535160e+01
4.237990056577191744e+00	5.565932511189466680e+01
4.244267783646744618e+00	5.573450257380731188e+01
4.250560660182562955e+00	5.587062543995584463e+01
4.256847734842668096e+00	5.599904839007766100e+01
4.263127100734456221e+00	5.621216104272004799e+01
4.269406860432507500e+00	5.617272056345316855e+01
4.275691671482192646e+00	5.637665494079292472e+01
4.281972414189518794e+00	5.657487455472919180e+01
4.288253516806755705e+00	5.669984420851203311e+01
4.294540520160492925e+00	5.680487055395990126e+01
4.300825742921731809e+00	5.695504101770969640e+01
4.307109835491901961e+00	5.710853633059293344e+01
4.313390926478413157e+00	5.732779031566143857e+01
4.319667979480563247e+00	5.729362831435359027e+01
4.325952598143786076e+00	5.760841716663071566e+01
4.332241647035422361e+00	5.755873174618986354e+01
4.338524445619096781e+00	5.774151155830588067e+01
4.344809348131129845e+00	5.803193789899160038e+01
4.351090699193166600e+00	5.800191155863500114e+01
4.357369710808320029e+00	5.824908057535320438e+01
4.363659348967174445e+00	5.840489887286769033e+01
4.369947418280990981e+00	5.861186950714062505e+01
4.376226569265827315e+00	5.862467477434238816e+01
4.382499356631129217e+00	5.882689899444276449e+01
4.388784975178015024e+00	5.897404938381183825e+01
4.395068696309480494e+00	5.889965443283550428e+01
4.401347962382031298e+00	5.952080251021999402e+01
4.407628405096517099e+00	5.939571271619537640e+01
4.413915862185140426e+00	5.941127550169512261e+01
4.420203163534264235e+00	5.961804656950950232e+01
4.426480311003382795e+00	5.962358949503883565e+01
4.432765973643649104e+00	6.007597326341277721e+01
4.439053392023870614e+00	5.981949481522273970e+01
4.445336141335588742e+00	6.005980581293472653e+01
4.451617241414883352e+00	6.006226373654042305e+01
4.457901500730311106e+00	6.023517776763573295e+01
4.464189501093017043e+00	6.036114199655810353e+01
4.470470197548729985e+00	6.039494192980802723e+01
4.476748044268524573e+00	6.058437244269731536e+01
4.483035990164653484e+00	6.040257823649581326e+01
4.489323331650528104e+00	6.070665303524345546e+01
4.495599111667934800e+00	6.068692983777503258e+01
4.501870922878794090e+00	6.069213535739324072e+01
4.508155162877705457e+00	6.087435041567831462e+01
4.514446451153479423e+00	6.046443044188701776e+01
4.520723894043856994e+00	6.076424919122825230e+01
4.527003782460155890e+00	6.054841025235029406e+01
4.533293086610313161e+00	6.051150723468261816e+01
4.539578989864040182e+00	6.050419352499850589e+01
4.545857164866476730e+00	6.037456201703624714e+01
4.552138955546025656e+00	6.016662200673051331e+01
4.558432046889146605e+00	6.025421003983014856e+01
4.564713463378488711e+00	6.005449692456722488e+01
4.570987274133244682e+00	5.998721083204278415e+01
4.577274818151045643e+00	6.004412896035547931e+01
4.583563263889338657e+00	6.015279517546812116e+01
4.589844917004465508e+00	6.013118004783547121e+01
4.596126259982004747e+00	6.004126237364088325e+01
4.602409075598298926e+00	6.015641057164001637e+01
4.608696634867644804e+00	6.022070489083230171e+01
4.614977646498861219e+00	6.028698202868686451e+01
4.621258953029527383e+00	6.026175038217431279e+01
4.627547993978874175e+00	6.026402795407450697e+01
4.633830152730579854e+00	6.019755049203877206e+01
4.640104005367354567e+00	6.056018260561283739e+01
4.646382060386754276e+00	6.045348910143921728e+01
4.652674213731970987e+00	6.056508293863158343e+01
4.658958291796220230e+00	6.074156725365745757e+01
4.665233615070169648e+00	6.048716525583386527e+01
4.671520675710307380e+00	6.076011927461659923e+01
4.677814351732177300e+00	6.102398199072926843e+01
4.684093699744638073e+00	6.105349923588053684e+01
4.690368661472568590e+00	6.116164560121085714e+01
4.696663270746453733e+00	6.107536172346290471e+01
4.702945459248681459e+00	6.150107928723750206e+01
4.709209170841929470e+00	6.146899333317445979e+01
4.715491634753063543e+00	6.157064756282213835e+01
4.721784316284933780e+00	6.181938568052535743e+01
4.728063062331094635e+00	6.166517654926578729e+01
4.734337423381671073e+00	6.223182734486015022e+01
4.740627024094544062e+00	6.183997813587790660e+01
4.746914995664547554e+00	6.216445989494553714e+01
4.753194740071086777e+00	6.240376567164326360e+01
4.759478891864783456e+00	6.234834913210661256e+01
4.765762396877359031e+00	6.262149922121982115e+01
4.772049481246195768e+00	6.282732942177989344e+01
4.778335091022592351e+00	6.305142686574632194e+01
4.784610831402393849e+00	6.294392270731971450e+01
4.790907306208476157e+00	6.328940314720345839e+01
4.797204047706418173e+00	6.346811895787815416e+01
4.803470827697504220e+00	6.346464971078703599e+01
4.809748850577324042e+00	6.394583325499709758e+01
4.816045316586602176e+00	6.382072508660883869e+01
4.822329240673497885e+00	6.395737310875025372e+01
4.828596758226470165e+00	6.450247771476409753e+01
4.834890332961369275e+00	6.457307527699381922e+01
4.841191655056394261e+00	6.460771885551939420e+01
4.847460407468000554e+00	6.490770141057349463e+01
4.853732128521334843e+00	6.520281102547896523e+01
4.860029138783373170e+00	6.553241247279406423e+01
4.866314601732018019e+00	6.565872901845496301e+01
4.872587026269203925e+00	6.568069883256968922e+01
4.878874221748241702e+00	6.590270892852305451e+01
4.885171078138658807e+00	6.591774390627936953e+01
4.891450629931857641e+00	6.664697255071989446e+01
4.897716482750221978e+00	6.678905588146893990e+01
4.904002834596266069e+00	6.687320270128380173e+01
4.910295858205786068e+00	6.727992626920124053e+01
4.916575188115905881e+00	6.758256308105536903e+01
4.922847946197084212e+00	6.786830524828103250e+01
4.929131667457151700e+00	6.772947736495009963e+01
4.935434460144239033e+00	6.851302605951575231e+01
4.941718513303545279e+00	6.880176358135408066e+01
4.947978624761803168e+00	6.847611178440048718e+01
4.954274999209829389e+00	6.888727827814064142e+01
4.960571094729937514e+00	6.998065490415616807e+01
4.966823207626954506e+00	6.989242071489545083e+01
4.973097418390337587e+00	7.048962947776439592e+01
4.979415129936382023e+00	7.036581548705531475e+01
4.985702082330368157e+00	7.092028358685470835e+01
4.991949985828016523e+00	7.127158444135862680e+01
4.998241586316924057e+00	7.168597166868417503e+01
5.004556635606089543e+00	7.168102112419407490e+01
5.010828655701208945e+00	7.209554165679196558e+01
5.017077229702536556e+00	7.284061056619766816e+01
5.023374414758113637e+00	7.332280835720020207e+01
5.029688873569548413e+00	7.309286851777801530e+01
5.035958413584124216e+00	7.388254488160961841e+01
5.042232667658486989e+00	7.373837501746021417e+01
5.048528755870775875e+00	7.420129351027733833e+01
5.054821121427484520e+00	7.445890658990937538e+01
5.061069509814582368e+00	7.546359578166354254e+01
5.067347812754101177e+00	7.572501476008098109e+01
5.073675050630431116e+00	7.588739355887648230e+01
5.079945928388977627e+00	7.653200428527328825e+01
5.086192992546071601e+00	7.684161636441722010e+01
5.092484128970163226e+00	7.753551929059607062e+01
5.098802924706086870e+00	7.742404105868948250e+01
5.105078217426394005e+00	7.786791343658408948e+01
5.111325076574067872e+00	7.955397178834687111e+01
5.117628358851224135e+00	7.935419520710991037e+01
5.123935939383525984e+00	7.956927758510752824e+01
5.130199176325612065e+00	8.100364990281879329e+01
5.136469985878846956e+00	8.082498698024404860e+01
5.142797788696348071e+00	8.109132572166289776e+01
5.149090378043822192e+00	8.156667455037293735e+01
5.155289879840074363e+00	8.275640381048476968e+01
5.161564521234301317e+00	8.282253273055981424e+01
5.167916673496016244e+00	8.419883428789262325e+01
5.174205974602950064e+00	8.480237065771744653e+01
5.180434820793812456e+00	8.529458639569277523e+01
5.186729096569634656e+00	8.528385863024873004e+01
5.193058481037780894e+00	8.620188064635998160e+01
5.199319511444338460e+00	8.761761956553044683e+01
5.205574295584361799e+00	8.774945263590986144e+01
5.211894977074066126e+00	8.885370718336865536e+01
5.218201708336958511e+00	8.916974105272146289e+01
5.224411911780083351e+00	8.954385811355402325e+01
5.230677632666463239e+00	9.022952867935467225e+01
5.237056729559757429e+00	9.096415562848795844e+01
5.243336785035660697e+00	9.192075305747376035e+01
5.249493476178225038e+00	9.183293611225070663e+01
5.255787017738318134e+00	9.360525435450924192e+01
5.262205327426889845e+00	9.360704824581875982e+01
5.268477758348532269e+00	9.580501708056429777e+01
5.274632213654732560e+00	9.549822724861492418e+01
5.280950543314659740e+00	9.609612970431003021e+01
5.287327645024750389e+00	9.698930153219309602e+01
5.293582359180156516e+00	9.792478103894377739e+01
5.299789992649893478e+00	9.850020424372245031e+01
5.306111460381987222e+00	9.958371087893510776e+01
5.312452717892129250e+00	1.013708400332570108e+02
5.318650122853046724e+00	1.011358851274987245e+02
5.324923043129819789e+00	1.013964264736196981e+02
5.331330237158205421e+00	1.036102478725972418e+02
5.337586726886338617e+00	1.053616294837668192e+02
5.343685192440848830e+00	1.052788243271454149e+02
5.350070659715249199e+00	1.073681103843944555e+02
5.356556762554878226e+00	1.068447441235603605e+02
5.362691868684501095e+00	1.096537258053858039e+02
5.368769208912516966e+00	1.113776201386161517e+02
5.375270137997677722e+00	1.110589441787849125e+02
5.381769983045385786e+00	1.113200928363080635e+02
5.387701030372958222e+00	1.153154494757757647e+02
5.393786668001271600e+00	1.133237752708770500e+02
5.400446161099396569e+00	1.147724231482774968e+02
5.406957063684501463e+00	1.167780848823350794e+02
5.412655672453426270e+00	1.199358257876769045e+02
5.418821279260546575e+00	1.193475568887375573e+02
5.425690594366304076e+00	1.181112306311723898e+02
5.432217487502165376e+00	1.204605382809851335e+02
5.437649811577258241e+00	1.220008899581334703e+02
5.443914404015878006e+00	1.265318054960014962e+02
5.450953501686320202e+00	1.251573522995036996e+02
5.457483690405861232e+00	1.282788672656515416e+02
5.462715250135157241e+00	1.297473573333230945e+02
5.469033575551323523e+00	1.293833867226088046e+02
5.476177730420278778e+00	1.308983345306497199e+02
5.482708935702562236e+00	1.309499319382624662e+02
5.487722405008360838e+00	1.280587348160156580e+02
5.494194284996126498e+00	1.362040948324370220e+02
5.501391471009256406e+00	1.365002031429936267e+02
5.507128202673079009e+00	1.340821851706884331e+02
5.512278020050448646e+00	1.314147064235864946e+02
5.519395563377015534e+00	1.350776665010533577e+02
5.526598678609708770e+00	1.340039476624221777e+02
5.532162682462509196e+00	1.522022600405994979e+02
5.537397124017139127e+00	1.399960870024654298e+02
5.544582756485218589e+00	1.626112026676494793e+02
5.551739327507637434e+00	1.448678649248475381e+02
5.557493306674907707e+00	1.661944028664727284e+02
5.562281709102816940e+00	1.829396697591078009e+02
5.569272720323164449e+00	1.640719452798177826e+02
