8.899641224696953554e-03	4.850595323795526201e+04
1.507912216506557788e-02	3.903460554258456978e+04
2.144790186456836667e-02	3.747761692897317698e+04
2.783660776489276650e-02	3.601505443835844198e+04
3.435099785803411021e-02	2.906078301063550316e+04
4.047886761425745911e-02	2.337557603517752796e+04
4.676716683575679601e-02	1.993665635491851572e+04
5.308225101765951665e-02	1.667001110671159040e+04
5.945362440940590160e-02	1.635751287491412768e+04
6.576224814588792211e-02	1.466368510563455311e+04
7.196632906698736953e-02	1.304574878171649652e+04
7.827860915688347743e-02	1.260538439151667080e+04
8.470398945834539672e-02	1.074873601542508550e+04
9.096854620527369817e-02	9.950296881209078492e+03
9.720789776830213169e-02	9.232369889048321056e+03
1.034763038959366499e-01	8.095262516162326392e+03
1.097576444254559219e-01	7.388102982883581717e+03
1.160543084780093354e-01	6.775786239372777345e+03
1.223669666537485351e-01	6.607155272658839749e+03
1.286817263090294094e-01	6.295875055452976994e+03
1.349500801664080818e-01	5.897415348741784328e+03
1.411949558842147678e-01	5.482696654460930404e+03
1.475133575747468451e-01	5.143452998219347137e+03
1.537865074252268427e-01	4.868959027635331950e+03
1.600657544051110326e-01	4.577114636740148853e+03
1.663991168687080635e-01	4.333961086470458213e+03
1.727195645776442856e-01	4.186122953718907411e+03
1.789765213377084718e-01	3.926657271980923269e+03
1.852353690647852158e-01	3.797891946285445556e+03
1.914806787341157279e-01	3.599321937300985155e+03
1.977889868651535599e-01	3.423930455223605350e+03
2.040937735447724277e-01	3.393461511540193442e+03
2.103939302609846018e-01	3.199504091561188488e+03
2.166909709822301688e-01	3.102526563573731892e+03
2.229700281216152047e-01	2.928669967115897634e+03
2.292620027086341994e-01	2.955684472534654105e+03
2.355141508366812297e-01	2.813265073393036801e+03
2.417910583817859116e-01	2.699973612304928793e+03
2.480856539439619257e-01	2.652085181989704324e+03
2.543492256872954549e-01	2.533850879944436656e+03
2.606334251884805386e-01	2.449163844877608426e+03
2.669257370896960802e-01	2.387391948312321801e+03
2.732423343141155980e-01	2.344418940031931015e+03
2.795529680084415936e-01	2.268706946836493444e+03
2.858366292314493129e-01	2.221027447725399270e+03
2.920876271394311496e-01	2.189012156310208411e+03
2.983449844439822751e-01	2.184220507561894919e+03
3.046382639407197446e-01	2.065109022450696102e+03
3.109279127003197196e-01	2.029307315300961591e+03
3.172168171618398036e-01	1.969925088150768488e+03
3.235187567944423082e-01	1.956505843658218282e+03
3.298168217550395687e-01	1.900266886881982145e+03
3.361176429457156667e-01	1.875227710072701939e+03
3.423700375709273769e-01	1.821211904500533137e+03
3.486478192666269682e-01	1.795361758293335470e+03
3.549411614411318028e-01	1.749061529095372407e+03
3.611916935421040642e-01	1.735313079965893394e+03
3.674767089563572564e-01	1.694029563045967052e+03
3.737647795277591056e-01	1.650278121555145162e+03
3.800654031475132477e-01	1.651945121621026601e+03
3.863539861259823738e-01	1.612226777091733084e+03
3.926140181364449755e-01	1.565146850551001080e+03
3.989264500321934581e-01	1.570493300188808917e+03
4.052073244576828714e-01	1.531640963604989338e+03
4.114916477570477182e-01	1.510797152111529613e+03
4.177814272116491257e-01	1.481960660807798831e+03
4.240400648725131116e-01	1.476518363842065355e+03
4.303425690270192283e-01	1.458054692621839877e+03
4.366358560255625965e-01	1.426902824014222006e+03
4.428996183220763605e-01	1.393462034574670724e+03
4.491634418529859563e-01	1.382973479192620289e+03
4.554414146254732731e-01	1.361759072681104044e+03
4.617634470301058558e-01	1.346774365622245796e+03
4.680644242023710433e-01	1.330158712176037170e+03
4.743485242764365895e-01	1.321747732789459405e+03
4.806356136815400082e-01	1.306996904280338413e+03
4.869019258388697646e-01	1.273411089323433544e+03
4.931697099599955947e-01	1.271957613572864602e+03
4.994506747144535908e-01	1.246981739116899689e+03
5.057159051335421429e-01	1.235763225595021595e+03
5.119923996268095356e-01	1.221291284751015610e+03
5.183126097768406826e-01	1.198041188788235331e+03
5.246089638029100000e-01	1.195596540688697814e+03
5.308757308483337267e-01	1.183083171205227927e+03
5.371573527946726934e-01	1.162865751002492743e+03
5.434579563783791256e-01	1.151194300193747949e+03
5.497430652392217842e-01	1.132689098138132749e+03
5.559937427501778773e-01	1.129051999526154987e+03
5.622854676609657654e-01	1.116860844980881666e+03
5.686011537227265711e-01	1.103306815966576778e+03
5.748804589422079614e-01	1.092452385091031829e+03
5.811550210340560296e-01	1.076954830368163812e+03
5.874394496660968468e-01	1.069892117676507041e+03
5.937176220296899176e-01	1.054344261498667720e+03
5.999971954793682505e-01	1.042819465155124590e+03
6.062679115124277596e-01	1.035310687338988146e+03
6.125469576444534381e-01	1.023620173698904750e+03
6.188477733041515272e-01	1.015537849505299619e+03
6.251310567437898813e-01	1.006342127384192963e+03
6.314027450383210560e-01	9.950043334241868251e+02
6.377003562732055375e-01	9.812126497472537494e+02
6.439857783314556494e-01	9.794276304086431537e+02
6.502685417166111925e-01	9.772192519715870276e+02
6.565586117699038216e-01	9.590739509614868439e+02
6.628369282359254377e-01	9.513568873164713295e+02
6.691185444962194362e-01	9.415273696780016053e+02
6.754070198575605755e-01	9.302066055780722991e+02
6.816835514593204692e-01	9.280883321526459895e+02
6.879592533861698112e-01	9.157214735657936444e+02
6.942344317039531587e-01	9.100677579107103838e+02
7.005175402434737908e-01	9.012183664284624456e+02
7.068124956608716758e-01	8.931715166240708186e+02
7.131019009674921527e-01	8.923703540434486285e+02
7.193918251171427247e-01	8.804378073335409454e+02
7.256833807598113140e-01	8.715046788205813755e+02
7.319652682709349989e-01	8.655432455269303773e+02
7.382507990484923344e-01	8.557488385980105932e+02
7.445265842115937893e-01	8.518849331065080150e+02
7.507871101942712455e-01	8.458778042902373500e+02
7.570758465316046459e-01	8.383496318982623734e+02
7.633641233600957365e-01	8.323848886490873156e+02
7.696462959862266917e-01	8.214184029290018998e+02
7.759394865175414102e-01	8.134861347494885422e+02
7.822329141989586843e-01	8.082603582622224394e+02
7.885314936520240181e-01	8.071786350650186250e+02
7.947896566979522071e-01	7.965235509686260684e+02
8.010491096592354809e-01	7.874667175717667078e+02
8.073364061727361651e-01	7.838922070815050347e+02
8.136229488373866170e-01	7.798628207869126072e+02
8.199152998961036776e-01	7.724931416681444034e+02
8.261952636392789762e-01	7.686993589414997814e+02
8.324897070080405914e-01	7.598659696942640949e+02
8.387959309210778480e-01	7.490175260464719713e+02
8.450634639703045181e-01	7.455799849736173428e+02
8.513282867562648182e-01	7.398565687246027665e+02
8.576198263902009566e-01	7.370154665525269593e+02
8.639058477062415697e-01	7.318908461377833419e+02
8.701838745487597837e-01	7.221935942275842990e+02
8.764641096075268534e-01	7.201187575958284697e+02
8.827503873399735745e-01	7.193056835444574517e+02
8.890332768393869323e-01	7.080589943383582749e+02
8.953084247113127780e-01	7.002381870892850202e+02
9.015956521667095602e-01	6.946945958714082963e+02
9.078833328094829680e-01	6.917719175075793601e+02
9.141744106319863450e-01	6.857537145014648559e+02
9.204630817717615043e-01	6.843556879333815459e+02
9.267434415264711456e-01	6.758616239733092925e+02
9.330324197354928906e-01	6.746654354073658624e+02
9.393265785573878812e-01	6.721208924592400535e+02
9.455974810398196650e-01	6.624367476586847943e+02
9.518660018545171964e-01	6.589702578555751415e+02
9.581413255531838757e-01	6.558055775682107651e+02
9.644350945109106954e-01	6.515919138227394569e+02
9.707355633568249820e-01	6.437559712843818716e+02
9.770080768450029041e-01	6.373070326341086229e+02
9.832823325363413414e-01	6.329690889332929373e+02
9.895569691966674686e-01	6.291966091720047416e+02
9.958456301921106979e-01	6.232153931562365869e+02
1.002136210743837408e+00	6.205201424847286944e+02
1.008404825335135424e+00	6.139719763636657035e+02
1.014694149836243398e+00	6.112013525210388707e+02
1.020992555437297167e+00	6.078093794886060550e+02
1.027273980437394485e+00	6.052008432606702399e+02
1.033559181896017254e+00	5.989917711600733128e+02
1.039847557392594934e+00	5.929513039199895275e+02
1.046126974943305088e+00	5.949430500129049051e+02
1.052403436811028659e+00	5.872408147491536283e+02
1.058680704651608684e+00	5.841018905499969378e+02
1.064964333065789193e+00	5.776236444024362982e+02
1.071256777440835473e+00	5.769742350399501447e+02
1.077544048801078125e+00	5.727257899682164179e+02
1.083824820188043603e+00	5.678258441905733207e+02
1.090108023942816695e+00	5.637733681427193915e+02
1.096389665956643222e+00	5.608191686001659946e+02
1.102681132058841440e+00	5.537091696431646142e+02
1.108963047594879958e+00	5.532257944575528654e+02
1.115225428463759272e+00	5.458236506758514679e+02
1.121502127614767863e+00	5.451823408467649870e+02
1.127792573824792033e+00	5.414112222154587926e+02
1.134089552668382961e+00	5.344845710991016858e+02
1.140364049650405942e+00	5.319528897428755272e+02
1.146639180320979445e+00	5.266835799096197661e+02
1.152942412991649901e+00	5.242948809350208421e+02
1.159228906751078814e+00	5.213823208841887435e+02
1.165508721887268173e+00	5.169010276327429665e+02
1.171793076256210320e+00	5.140546387819817937e+02
1.178087436369658958e+00	5.121703501863041765e+02
1.184367654251526902e+00	5.104904709026030218e+02
1.190634642299266632e+00	5.048557836569628421e+02
1.196912208834400859e+00	5.027203562300183535e+02
1.203201577354146234e+00	4.991045621873423670e+02
1.209486844441705733e+00	4.954794814076884677e+02
1.215763902074809888e+00	4.921253325039992319e+02
1.222049755171146668e+00	4.880110385358291865e+02
1.228340616621486969e+00	4.860761093039881757e+02
1.234632986576932767e+00	4.834501472226676242e+02
1.240902247176856488e+00	4.799446874306727864e+02
1.247174839144687519e+00	4.784062834489544116e+02
1.253465459933442272e+00	4.729508619159414593e+02
1.259749951892178421e+00	4.712380973550979775e+02
1.266032143127253873e+00	4.663830170518125442e+02
1.272316288472006507e+00	4.635254659610657768e+02
1.278604155058621350e+00	4.627404958084886175e+02
1.284886588933593865e+00	4.570411662476584524e+02
1.291175420066583257e+00	4.568878880440317403e+02
1.297465726373772332e+00	4.510158140454418003e+02
1.303741827011944299e+00	4.487153651129053173e+02
1.310017322922761851e+00	4.469629779554297784e+02
1.316301447662886703e+00	4.439811925130595114e+02
1.322586760363303249e+00	4.411810441947939125e+02
1.328865492452874664e+00	4.383243114411720285e+02
1.335144804954555564e+00	4.361389831991734809e+02
1.341440516272275119e+00	4.330264349763151017e+02
1.347730868417094552e+00	4.300206417512461599e+02
1.354001589994877630e+00	4.284872504884480122e+02
1.360282609297778444e+00	4.248190430852233135e+02
1.366565686457597906e+00	4.236002415927245011e+02
1.372851498482432708e+00	4.200374479403879491e+02
1.379135372929401804e+00	4.169394277305917171e+02
1.385409567149057164e+00	4.146946324874380707e+02
1.391698641219299315e+00	4.132303963889756915e+02
1.397984451439470810e+00	4.118916757475553254e+02
1.404267883409181961e+00	4.066380281850835559e+02
1.410554779484869181e+00	4.066939502319172561e+02
1.416837833547465397e+00	4.029262510460047224e+02
1.423118177187137068e+00	4.022002437831594079e+02
1.429397801164240089e+00	3.979628179514510862e+02
1.435686921822787232e+00	3.961971778156109849e+02
1.441977121769299597e+00	3.934238330730956363e+02
1.448253667853332427e+00	3.915778400533345120e+02
1.454532348972172651e+00	3.884868848153073486e+02
1.460819319151879903e+00	3.865389784187347573e+02
1.467110364402026468e+00	3.845215645656963943e+02
1.473392908948962132e+00	3.825843005967311683e+02
1.479669965243598950e+00	3.805953207048464151e+02
1.485956144602843532e+00	3.786460395005925648e+02
1.492233610763115115e+00	3.752649119726504523e+02
1.498502470379980078e+00	3.719546636157473358e+02
1.504785752051182701e+00	3.716393082624018689e+02
1.511075991894575976e+00	3.696672242806599797e+02
1.517361634985162189e+00	3.669534186894181857e+02
1.523648570969130533e+00	3.650357140184548257e+02
1.529938035715892264e+00	3.622337499473098887e+02
1.536230176913891965e+00	3.596983287817473638e+02
1.542510718779388279e+00	3.575308493598394648e+02
1.548783963082980275e+00	3.561009923412651688e+02
1.555073069779651318e+00	3.547022180805172411e+02
1.561357324927233892e+00	3.517643066498013127e+02
1.567629121053141006e+00	3.492358934214634019e+02
1.573913697404382583e+00	3.475591665342047918e+02
1.580203545230874029e+00	3.456258737460999555e+02
1.586485393434537983e+00	3.432208295901918973e+02
1.592760014263005841e+00	3.421951929499873017e+02
1.599046436394670812e+00	3.410374812464142451e+02
1.605342136637478934e+00	3.386954606011322539e+02
1.611619860919608627e+00	3.358341991175220187e+02
1.617897597081673799e+00	3.342560199893300137e+02
1.624183235481122756e+00	3.329830830114029823e+02
1.630464598531913722e+00	3.302870281770688052e+02
1.636748985747638274e+00	3.288878798999197670e+02
1.643030923698886259e+00	3.272739028940716253e+02
1.649309176648513064e+00	3.245246274897344847e+02
1.655593633940351861e+00	3.232423033613081884e+02
1.661879571405086464e+00	3.221944107811004869e+02
1.668169361685170271e+00	3.194392828601078236e+02
1.674450151530487485e+00	3.179220021161874570e+02
1.680722718978495900e+00	3.162925858844591858e+02
1.687013891340952476e+00	3.145221993583542144e+02
1.693308984907921033e+00	3.127649359228266235e+02
1.699582147428448486e+00	3.120457323068305868e+02
1.705863747055134105e+00	3.090682593718313456e+02
1.712154434283889470e+00	3.076622673895096796e+02
1.718438381579399321e+00	3.055514778745102262e+02
1.724721264464063930e+00	3.040744650062163146e+02
1.730997441276920679e+00	3.023971511277035233e+02
1.737287073528269499e+00	3.013317557389345325e+02
1.743567991878527401e+00	2.990776338572949271e+02
1.749840680212231048e+00	2.976595291786140365e+02
1.756128549091961144e+00	2.964671556719402474e+02
1.762413535324792502e+00	2.942561980715549339e+02
1.768696187669963837e+00	2.931197462907919089e+02
1.774979359379055266e+00	2.917660025767437446e+02
1.781265555576432957e+00	2.904720432450902194e+02
1.787549427830244619e+00	2.890602314060751610e+02
1.793834120011633004e+00	2.873607320699698562e+02
1.800115051552487300e+00	2.860335028935439254e+02
1.806393904854530330e+00	2.843203338755271830e+02
1.812674089667083432e+00	2.819778185360441398e+02
1.818956920109354058e+00	2.814248168809726280e+02
1.825244164118212220e+00	2.792501295600258118e+02
1.831527256642196955e+00	2.777747258327812574e+02
1.837811294935716599e+00	2.773361745410124968e+02
1.844100717411196744e+00	2.755472822466433058e+02
1.850384816792487230e+00	2.742409106165200114e+02
1.856666059735203822e+00	2.727755365440294781e+02
1.862947728675613979e+00	2.706323155405356147e+02
1.869229324466858078e+00	2.690703259804607228e+02
1.875517616802973686e+00	2.680689384059531903e+02
1.881800769033795229e+00	2.670760418559113987e+02
1.888078863416442710e+00	2.661693906429588878e+02
1.894353975182237582e+00	2.640778788584681251e+02
1.900642716154182565e+00	2.622046865135092730e+02
1.906933494748685121e+00	2.615975763524798481e+02
1.913207568676573933e+00	2.601450738041717159e+02
1.919490884732178992e+00	2.587874612923997120e+02
1.925776855684274480e+00	2.576318032854457556e+02
1.932064452961978152e+00	2.560440266974821384e+02
1.938342610030488800e+00	2.546374469134150900e+02
1.944618341543410178e+00	2.528067891420581077e+02
1.950906260203513876e+00	2.517485918479665656e+02
1.957194556613796488e+00	2.512608403444655494e+02
1.963479614559011432e+00	2.497985410059157516e+02
1.969760361532916226e+00	2.483060963605524023e+02
1.976048367034604736e+00	2.473693809838497941e+02
1.982337990217652335e+00	2.456898177320938146e+02
1.988617489259562721e+00	2.449144023491460018e+02
1.994896320665194178e+00	2.439391622221699834e+02
2.001179596222827151e+00	2.422994485872326891e+02
2.007459756923499761e+00	2.413927780427584651e+02
2.013737397779169935e+00	2.400345327715447752e+02
2.020017234677497164e+00	2.387703020078335214e+02
2.026310251015072783e+00	2.378717047716104958e+02
2.032600542948020284e+00	2.370103953275225024e+02
2.038873863192099289e+00	2.355044908944676649e+02
2.045154087821675404e+00	2.346378045631056466e+02
2.051444704514288730e+00	2.332031337129292297e+02
2.057730430280644729e+00	2.324586009566315568e+02
2.064013940455224461e+00	2.313582445444609448e+02
2.070299891179459895e+00	2.299000660524186515e+02
2.076589719964883951e+00	2.294041976240889937e+02
2.082865483794470673e+00	2.281151565123398370e+02
2.089134494859368640e+00	2.269948053601527818e+02
2.095424211360070288e+00	2.255385815285465014e+02
2.101707116664804254e+00	2.247110086910231814e+02
2.107986473933564309e+00	2.234786542927798223e+02
2.114271806543862375e+00	2.228989879233228635e+02
2.120552717288892275e+00	2.214965704313493404e+02
2.126836933207161717e+00	2.207432490095594630e+02
2.133122044791171845e+00	2.193635072712446004e+02
2.139411711910842673e+00	2.182012302094032066e+02
2.145697076775292089e+00	2.175639400018228002e+02
2.151973548606471276e+00	2.162720081133207941e+02
2.158259913555724108e+00	2.151695607988839356e+02
2.164545396699105506e+00	2.148023097777704606e+02
2.170830700377734068e+00	2.135770548504953581e+02
2.177114138849150393e+00	2.126183224526328672e+02
2.183387647576827018e+00	2.116455773880395270e+02
2.189670273687676971e+00	2.108440869714312669e+02
2.195960147934207463e+00	2.097301234598394615e+02
2.202242556317716371e+00	2.087723401237952316e+02
2.208521655981037668e+00	2.079037769928167165e+02
2.214804637081333016e+00	2.065643622479818760e+02
2.221092583349425276e+00	2.059574529665856346e+02
2.227372893591468728e+00	2.048411175003861615e+02
2.233657161144248171e+00	2.044110974277374453e+02
2.239943485394438660e+00	2.034647279032992344e+02
2.246224175264620815e+00	2.023389915569511572e+02
2.252506378421252009e+00	2.014686218601400185e+02
2.258783417054270437e+00	2.003817585673909036e+02
2.265069077371457684e+00	1.995615427824616575e+02
2.271350377044131452e+00	1.988142287370463350e+02
2.277633995145353918e+00	1.978720847877609970e+02
2.283922419579920149e+00	1.967670877507258638e+02
2.290202874392252674e+00	1.962630782187303566e+02
2.296490779970905560e+00	1.954998846340212708e+02
2.302771769934229162e+00	1.945464474920417217e+02
2.309051364164305564e+00	1.940653132122344005e+02
2.315338502539088239e+00	1.930197381825119578e+02
2.321627336503874428e+00	1.919218346285485381e+02
2.327911878297218795e+00	1.913308780360468404e+02
2.334186238580297168e+00	1.902692302297506330e+02
2.340467971862688401e+00	1.900049161035707641e+02
2.346756940970738725e+00	1.889821077995139262e+02
2.353044444556199988e+00	1.879568343786701519e+02
2.359327653314069906e+00	1.873112611063630482e+02
2.365603048789861607e+00	1.864355025023808423e+02
2.371885911737665165e+00	1.860896568055597697e+02
2.378173303594019572e+00	1.849399066358501784e+02
2.384454016539381271e+00	1.843503896190001967e+02
2.390736447344785187e+00	1.836282493729390239e+02
2.397014133897952259e+00	1.830907787479492868e+02
2.403295490074321972e+00	1.826559142884933351e+02
2.409585049672506862e+00	1.815229425847881828e+02
2.415871703165322071e+00	1.807727577765168974e+02
2.422160652369088840e+00	1.799673936357951050e+02
2.428440167222748691e+00	1.795429779127205450e+02
2.434717472383889803e+00	1.787843526678036596e+02
2.441002456202044257e+00	1.779624486770520377e+02
2.447289980304530488e+00	1.772935971542012510e+02
2.453571844729242279e+00	1.767388245709153125e+02
2.459852705114058846e+00	1.759377369577898946e+02
2.466139233225018934e+00	1.751132420889437071e+02
2.472421963421291391e+00	1.746831862817514036e+02
2.478698519174224568e+00	1.737344642916510509e+02
2.484980841400355800e+00	1.731754220716756834e+02
2.491269319409339822e+00	1.725135309953895444e+02
2.497548505139029373e+00	1.718847009487665218e+02
2.503831667172610853e+00	1.710298527435990366e+02
2.510117938323931153e+00	1.708805156022153255e+02
2.516400733681277480e+00	1.700891390503067271e+02
2.522688226833368130e+00	1.692313905565820278e+02
2.528971695852665569e+00	1.689713378892332685e+02
2.535252039407670299e+00	1.682133133983141420e+02
2.541537514142774512e+00	1.673434527597813144e+02
2.547823008847572179e+00	1.669702047543974288e+02
2.554100666580690238e+00	1.664582505883529109e+02
2.560376788884177301e+00	1.656172615211527273e+02
2.566667521601497359e+00	1.652013690218400370e+02
2.572955062237090473e+00	1.647135702504934329e+02
2.579233771797999175e+00	1.643684761243140429e+02
2.585520164300948220e+00	1.632340643332999264e+02
2.591805130332431872e+00	1.629225817141319794e+02
2.598084074692260881e+00	1.626479243166397168e+02
2.604360404197643586e+00	1.617970340410195718e+02
2.610647185140439142e+00	1.612419816756309388e+02
2.616931864059273138e+00	1.607954025383606051e+02
2.623206107911065565e+00	1.599667618516545531e+02
2.629491626543270844e+00	1.597760992017491049e+02
2.635778507982642349e+00	1.592502808885242871e+02
2.642061039325260818e+00	1.586930466374058710e+02
2.648343840729305843e+00	1.583221195628755140e+02
2.654631838974855551e+00	1.575673788763658365e+02
2.660919001246303761e+00	1.571156068649867734e+02
2.667198525130066056e+00	1.568059627313308226e+02
2.673484307038032526e+00	1.560204121413582072e+02
2.679773388053849459e+00	1.557619053832870293e+02
2.686058217632288692e+00	1.551464158286454165e+02
2.692338738200057868e+00	1.548132381136312290e+02
2.698618022887226964e+00	1.542160205837715523e+02
2.704895450708277860e+00	1.536233225069474315e+02
2.711175674923682166e+00	1.531885743570239811e+02
2.717459832966957922e+00	1.531481161939368292e+02
2.723745731959044569e+00	1.522451746725679982e+02
2.730038414850594730e+00	1.517517161013990403e+02
2.736317989800789441e+00	1.515388338723471691e+02
2.742591858549239703e+00	1.511006380498634769e+02
2.748879749010778362e+00	1.503637417068170237e+02
2.755163403825859447e+00	1.500741307555016419e+02
2.761446955625852073e+00	1.498637466050946330e+02
2.767732088935374701e+00	1.494351382523900611e+02
2.774015452421743966e+00	1.490790184963862544e+02
2.780298635700591436e+00	1.485837678827054731e+02
2.786577474762241380e+00	1.481131863883755386e+02
2.792857983210164541e+00	1.476901937460935699e+02
2.799143790920211483e+00	1.474877956390880627e+02
2.805430058399325244e+00	1.471854218691188407e+02
2.811715058209780072e+00	1.467739209109107037e+02
2.817989272498773623e+00	1.462126651259924586e+02
2.824269171595737760e+00	1.460220806880877831e+02
2.830563016441804081e+00	1.458628058136774825e+02
2.836848750951622034e+00	1.455890444902000525e+02
2.843130027866129783e+00	1.450288122991021282e+02
2.849413896912404986e+00	1.446390011031807603e+02
2.855697464522425566e+00	1.439350689618229069e+02
2.861978799810683594e+00	1.439144991720193332e+02
2.868262469415629567e+00	1.439183180199586047e+02
2.874547359206753860e+00	1.435768070584179554e+02
2.880831111471525041e+00	1.431085095477909022e+02
2.887113216972382546e+00	1.427012489138621447e+02
2.893394504725182781e+00	1.422909366262068431e+02
2.899673662137033592e+00	1.424703296516874218e+02
2.905953958587380814e+00	1.418079924035988881e+02
2.912241118105161064e+00	1.416789870485459346e+02
2.918525996366671205e+00	1.414732466428885118e+02
2.924809035425688819e+00	1.410352377517885429e+02
2.931095916293684933e+00	1.409313801416606964e+02
2.937378182606774413e+00	1.405380380768257851e+02
2.943659980254369923e+00	1.403747651033058617e+02
2.949946454403890250e+00	1.401727307480419995e+02
2.956227653702202307e+00	1.400071387257865467e+02
2.962510478867462993e+00	1.399909145946492970e+02
2.968796535179442309e+00	1.395611779653505380e+02
2.975077657376874907e+00	1.394663888275254919e+02
2.981359866759223376e+00	1.390589727999526417e+02
2.987646761575656562e+00	1.392472009024637600e+02
2.993929038370399365e+00	1.387768725777118846e+02
3.000206214840962726e+00	1.386035965828137932e+02
3.006486172402415669e+00	1.385364891150039739e+02
3.012769812211594456e+00	1.383376500382958341e+02
3.019053144326170113e+00	1.382429218211554200e+02
3.025337405144251424e+00	1.378710228817150778e+02
3.031623734799107961e+00	1.378756794967803501e+02
3.037908962055872575e+00	1.375572562144972721e+02
3.044195067146031608e+00	1.377039412821473832e+02
3.050475543482170426e+00	1.375001835404432882e+02
3.056754954538277502e+00	1.371842957528507441e+02
3.063040539557494668e+00	1.372304228911892778e+02
3.069323699454357346e+00	1.371587384882967910e+02
3.075610692642898769e+00	1.369894063114671781e+02
3.081893798009918584e+00	1.370436483877192302e+02
3.088174549548037717e+00	1.370183487054491991e+02
3.094458635632868493e+00	1.369751886758225794e+02
3.100743982931558840e+00	1.367610318136279943e+02
3.107028111748448396e+00	1.367807560560448508e+02
3.113309299655494300e+00	1.365664309136458314e+02
3.119590662867241626e+00	1.366268453039368467e+02
3.125874006820172912e+00	1.366290153601486281e+02
3.132159251154602586e+00	1.367421243062044596e+02
3.138439172765940643e+00	1.365408723587019608e+02
3.144723867719826593e+00	1.367148701141848335e+02
3.151003951258561031e+00	1.366365760952446919e+02
3.157283664131563139e+00	1.367879804796509404e+02
3.163569317183839935e+00	1.367926920374487736e+02
3.169851661717792091e+00	1.366212449021930695e+02
3.176137704316093657e+00	1.367231953396874360e+02
3.182420924828643916e+00	1.371378011928380545e+02
3.188702811875577581e+00	1.368999274296962199e+02
3.194990520008989865e+00	1.368663819904272714e+02
3.201275324656983834e+00	1.371702621884918187e+02
3.207551352179861759e+00	1.371063084550642373e+02
3.213835216737041645e+00	1.372642255975403316e+02
3.220122579819103770e+00	1.371980322208525536e+02
3.226406606618656525e+00	1.369491003793064579e+02
3.232687390085645429e+00	1.364163223354186130e+02
3.238969121280456331e+00	1.362364229118673222e+02
3.245254751548589667e+00	1.358171188733517738e+02
3.251534499036136783e+00	1.355590319634129344e+02
3.257817780791052442e+00	1.353568200303018330e+02
3.264102164154097263e+00	1.348168531419252645e+02
3.270384152138468892e+00	1.346286858175377859e+02
3.276669427476867735e+00	1.341812312574072621e+02
3.282954688864507808e+00	1.339062902635866408e+02
3.289237200334947264e+00	1.336324668972023630e+02
3.295519587088236779e+00	1.332514191369527907e+02
3.301805977329951958e+00	1.331410103915201830e+02
3.308087486222440088e+00	1.326401917255804221e+02
3.314367630234227313e+00	1.323309601052312416e+02
3.320651909732194262e+00	1.321945507289506452e+02
3.326931260376857047e+00	1.318661130797411829e+02
3.333216512447217728e+00	1.315146250815225528e+02
3.339504489419978128e+00	1.312790071840186670e+02
3.345786804809928405e+00	1.308841784747597217e+02
3.352071130016277767e+00	1.307696515482498398e+02
3.358351496304225581e+00	1.302826037429764199e+02
3.364630591073392019e+00	1.299443678717982209e+02
3.370916305215045483e+00	1.297118516202925491e+02
3.377197952029413752e+00	1.296781505024936507e+02
3.383483063818085501e+00	1.292314108504644423e+02
3.389769992424469969e+00	1.290643420003114841e+02
3.396051330885982100e+00	1.287814665814759678e+02
3.402330879139463971e+00	1.285001464582805113e+02
3.408610488352048495e+00	1.283076977008086317e+02
3.414897837696641236e+00	1.278320461712089582e+02
3.421180484052105619e+00	1.276814233546570563e+02
3.427461639653846870e+00	1.275895659680204943e+02
3.433749159643459059e+00	1.271428231239268882e+02
3.440032646656798310e+00	1.272365281052626926e+02
3.446313366033385339e+00	1.266664602460809164e+02
3.452600135384134905e+00	1.263419425655933992e+02
3.458883152815406703e+00	1.262021841681740568e+02
3.465163834403715448e+00	1.259865919806055672e+02
3.471449329786229221e+00	1.256045107093508335e+02
3.477734476754053894e+00	1.256229340351360548e+02
3.484019652467224226e+00	1.255365458436748725e+02
3.490297019369712928e+00	1.253107386809071926e+02
3.496582486484379970e+00	1.249346817016288753e+02
3.502868048046865024e+00	1.245784087025361089e+02
3.509144649545451244e+00	1.244569930689658150e+02
3.515428082003116295e+00	1.245250327171016949e+02
3.521711031624695565e+00	1.238157747295611273e+02
3.527991850954735664e+00	1.237484548309787442e+02
3.534275545726699885e+00	1.235559513089363719e+02
3.540562632020772149e+00	1.232542412570532946e+02
3.546844410757220789e+00	1.231676473881175156e+02
3.553131386753758836e+00	1.231060739429324968e+02
3.559419203211965144e+00	1.228377861261617880e+02
3.565697971577579839e+00	1.224946283313107358e+02
3.571979559134798254e+00	1.225037579524952633e+02
3.578265774595833726e+00	1.222089182963061518e+02
3.584548309769353125e+00	1.220914419778053457e+02
3.590826843920031486e+00	1.217244791215766782e+02
3.597107306745233934e+00	1.216785157660816168e+02
3.603392831792229245e+00	1.216421522258760461e+02
3.609673209822572559e+00	1.212677240836339649e+02
3.615955412133016189e+00	1.211850690931316592e+02
3.622241607772384686e+00	1.209915780462399368e+02
3.628520252736676444e+00	1.208724537744647449e+02
3.634804827569451113e+00	1.204744856104988173e+02
3.641094981788862928e+00	1.202086939352683572e+02
3.647383514928639325e+00	1.202404537512887686e+02
3.653663283927725658e+00	1.202816256538592512e+02
3.659943504072155296e+00	1.199852813173391297e+02
3.666232000281138603e+00	1.198476407199027420e+02
3.672514211678317597e+00	1.197783987394003304e+02
3.678794154686042539e+00	1.195886588274043589e+02
3.685078621861909820e+00	1.195330208212553345e+02
3.691359210097977961e+00	1.193093117801074925e+02
3.697642368173791105e+00	1.191893967676220711e+02
3.703925796735277665e+00	1.190526991971016173e+02
3.710208240364660348e+00	1.187428242968120315e+02
3.716494593122387169e+00	1.188237307254414219e+02
3.722775386659595398e+00	1.185463788480786604e+02
3.729058392883481510e+00	1.185490986159076527e+02
3.735339748210807720e+00	1.184216874020757189e+02
3.741620776392969638e+00	1.182453695683090444e+02
3.747904795418762980e+00	1.182019788472334341e+02
3.754190633281219380e+00	1.180959512441971242e+02
3.760478208018912749e+00	1.178404285461355698e+02
3.766755538573464346e+00	1.180700077344120160e+02
3.773032090135151506e+00	1.176004652095050602e+02
3.779322553012896879e+00	1.175433810449617908e+02
3.785609109731308930e+00	1.174950548828471000e+02
3.791889825936295200e+00	1.174868810051897725e+02
3.798174822702435893e+00	1.175154053095403412e+02
3.804458658753491651e+00	1.173681458180931827e+02
3.810738438095723435e+00	1.173863518151906220e+02
3.817018850285747167e+00	1.170167502101722903e+02
3.823305314209427763e+00	1.171356934030735317e+02
3.829591295197792178e+00	1.170396008526439147e+02
3.835872296070849341e+00	1.169153166002907795e+02
3.842156279590906109e+00	1.168794203665199802e+02
3.848441511099312429e+00	1.168774944052225209e+02
3.854723334376886079e+00	1.166620816558839806e+02
3.861004740704794713e+00	1.169362873808380385e+02
3.867284336650660848e+00	1.166351585609811821e+02
3.873567367678779849e+00	1.165399497750548790e+02
3.879850662830422792e+00	1.166961067066529552e+02
3.886137063198143338e+00	1.165160173718821994e+02
3.892419463049126005e+00	1.165351803341838206e+02
3.898703740328622658e+00	1.166128570201731520e+02
3.904991458788179326e+00	1.164291928868750574e+02
3.911270842222104083e+00	1.161879813306108247e+02
3.917549806479573071e+00	1.166649442554923439e+02
3.923836006203090587e+00	1.162982864942315615e+02
3.930121452497870926e+00	1.165114734714429119e+02
3.936398172858230460e+00	1.164724583732527492e+02
3.942683040425962293e+00	1.164047446408489321e+02
3.948974759704379611e+00	1.163299977445583266e+02
3.955259227995065352e+00	1.164655595996029547e+02
3.961537174921395454e+00	1.164544296176231484e+02
3.967820217617139544e+00	1.164413603694979997e+02
3.974105559832568968e+00	1.165138983303698978e+02
3.980384727931198352e+00	1.166741059395577906e+02
3.986664590839849698e+00	1.166275741643864450e+02
3.992949619150675034e+00	1.164769402235102973e+02
3.999235075769965952e+00	1.166559122361767180e+02
4.005515715515433506e+00	1.166566119190846820e+02
4.011798434346478537e+00	1.166205008761532156e+02
4.018083716245132386e+00	1.166876394835971951e+02
4.024365700052603856e+00	1.167814928411274167e+02
4.030643960839860540e+00	1.168686993133036793e+02
4.036928708926215137e+00	1.169754191788327375e+02
4.043218157412017177e+00	1.170091782280115780e+02
4.049503019487663558e+00	1.169159227662395608e+02
4.055781898960511000e+00	1.170550598153696740e+02
4.062060795621602161e+00	1.174195056785419808e+02
4.068347865354716042e+00	1.172939303354117868e+02
4.074631027173265529e+00	1.174896071029340874e+02
4.080910837526078971e+00	1.175188327009109770e+02
4.087201203341442657e+00	1.175958044604481501e+02
4.093486818591942189e+00	1.176177137232386940e+02
4.099764387336505500e+00	1.178880413594339558e+02
4.106049166937662420e+00	1.179326867856574523e+02
4.112334559041358695e+00	1.179832339203780691e+02
4.118618926059533614e+00	1.182283871217435802e+02
4.124898942031112625e+00	1.184523827379334762e+02
4.131175432561665417e+00	1.185597689974266160e+02
4.137461563786142271e+00	1.186324268307974990e+02
4.143746006210170307e+00	1.186419774682753285e+02
4.150029800482964326e+00	1.188597753512594295e+02
4.156313390684649001e+00	1.190340828927066923e+02
4.162596105843763716e+00	1.192185318597406933e+02
4.168881843141768684e+00	1.193405715674513630e+02
4.175162111073220217e+00	1.196514889100031951e+02
4.181448573417560155e+00	1.197388932605618095e+02
4.187738782464171194e+00	1.196423686572162950e+02
4.194017437180169061e+00	1.198726686661223937e+02
4.200293572701767175e+00	1.199826312735597753e+02
4.206580195481546269e+00	1.201841343536113982e+02
4.212860644652220543e+00	1.204403005590042284e+02
4.219138153430114002e+00	1.202677210488602952e+02
4.225426162098283811e+00	1.210478351894226421e+02
4.231713506719782636e+00	1.211262288443560635e+02
4.237990056577191744e+00	1.212566793926912112e+02
4.244267783646744618e+00	1.213145029190564088e+02
4.250560660182562955e+00	1.217101109530540270e+02
4.256847734842668096e+00	1.216259301251196945e+02
4.263127100734456221e+00	1.219096463910289714e+02
4.269406860432507500e+00	1.223698707266675143e+02
4.275691671482192646e+00	1.224821260855459713e+02
4.281972414189518794e+00	1.225909507350669685e+02
4.288253516806755705e+00	1.228438481899879378e+02
4.294540520160492925e+00	1.228931977936035196e+02
4.300825742921731809e+00	1.233721175459699424e+02
4.307109835491901961e+00	1.234662989120640901e+02
4.313390926478413157e+00	1.239117150254569140e+02
4.319667979480563247e+00	1.242064467448691545e+02
4.325952598143786076e+00	1.245788805287675274e+02
4.332241647035422361e+00	1.246626720405421054e+02
4.338524445619096781e+00	1.250563082004768205e+02
4.344809348131129845e+00	1.247974048029615943e+02
4.351090699193166600e+00	1.251855391805873268e+02
4.357369710808320029e+00	1.259432424053694319e+02
4.363659348967174445e+00	1.260121734298410274e+02
4.369947418280990981e+00	1.260633346745041194e+02
4.376226569265827315e+00	1.263773394074025447e+02
4.382499356631129217e+00	1.265188883580040198e+02
4.388784975178015024e+00	1.270034526458821489e+02
4.395068696309480494e+00	1.266130397550807203e+02
4.401347962382031298e+00	1.273818207234341457e+02
4.407628405096517099e+00	1.274454532337051944e+02
4.413915862185140426e+00	1.272022548019745471e+02
4.420203163534264235e+00	1.279939748901390004e+02
4.426480311003382795e+00	1.276660887070678427e+02
4.432765973643649104e+00	1.281109059520684355e+02
4.439053392023870614e+00	1.281884387365837483e+02
4.445336141335588742e+00	1.287892732448553659e+02
4.451617241414883352e+00	1.287590099234467402e+02
4.457901500730311106e+00	1.287012112903291836e+02
4.464189501093017043e+00	1.290688874982598975e+02
4.470470197548729985e+00	1.288606554683536274e+02
4.476748044268524573e+00	1.293715996845737379e+02
4.483035990164653484e+00	1.292028189632323745e+02
4.489323331650528104e+00	1.292776534901496461e+02
4.495599111667934800e+00	1.293809785484359907e+02
4.501870922878794090e+00	1.290130706349573586e+02
4.508155162877705457e+00	1.291545348111617386e+02
4.514446451153479423e+00	1.287963519391064438e+02
4.520723894043856994e+00	1.290626801721377603e+02
4.527003782460155890e+00	1.283940476257531600e+02
4.533293086610313161e+00	1.285354719652522988e+02
4.539578989864040182e+00	1.284238395550603400e+02
4.545857164866476730e+00	1.283477831608172153e+02
4.552138955546025656e+00	1.274432636947142328e+02
4.558432046889146605e+00	1.274452545817562168e+02
4.564713463378488711e+00	1.271940791907950938e+02
4.570987274133244682e+00	1.268493355071195765e+02
4.577274818151045643e+00	1.272262821011483283e+02
4.583563263889338657e+00	1.267739506693413176e+02
4.589844917004465508e+00	1.266390362768868698e+02
4.596126259982004747e+00	1.268856984390907883e+02
4.602409075598298926e+00	1.265008295060520709e+02
4.608696634867644804e+00	1.267261691672787123e+02
4.614977646498861219e+00	1.270347819695050902e+02
4.621258953029527383e+00	1.268513759482720360e+02
4.627547993978874175e+00	1.265162281133962949e+02
4.633830152730579854e+00	1.270434674061814491e+02
4.640104005367354567e+00	1.271221149733315201e+02
4.646382060386754276e+00	1.267378221154187372e+02
4.652674213731970987e+00	1.268901014611149805e+02
4.658958291796220230e+00	1.274535030934006699e+02
4.665233615070169648e+00	1.276057116779740142e+02
4.671520675710307380e+00	1.269435480590391023e+02
4.677814351732177300e+00	1.275360463486110660e+02
4.684093699744638073e+00	1.281318528580684983e+02
4.690368661472568590e+00	1.280275363590595248e+02
4.696663270746453733e+00	1.277277322636618209e+02
4.702945459248681459e+00	1.278818833595210549e+02
4.709209170841929470e+00	1.284116303819588438e+02
4.715491634753063543e+00	1.282168355968097160e+02
4.721784316284933780e+00	1.284237624559240487e+02
4.728063062331094635e+00	1.286211422192539544e+02
4.734337423381671073e+00	1.289759333965927226e+02
4.740627024094544062e+00	1.287433605175804985e+02
4.746914995664547554e+00	1.291237205708863485e+02
4.753194740071086777e+00	1.293224832323054159e+02
4.759478891864783456e+00	1.297158059836410189e+02
4.765762396877359031e+00	1.299938905408621110e+02
4.772049481246195768e+00	1.302658380500897977e+02
4.778335091022592351e+00	1.306956746656237840e+02
4.784610831402393849e+00	1.305189171349748278e+02
4.790907306208476157e+00	1.306328461154779177e+02
4.797204047706418173e+00	1.314586845813578009e+02
4.803470827697504220e+00	1.313219715505344141e+02
4.809748850577324042e+00	1.321984871525251322e+02
4.816045316586602176e+00	1.317314897796672994e+02
4.822329240673497885e+00	1.328354256169106407e+02
4.828596758226470165e+00	1.329099845615129141e+02
4.834890332961369275e+00	1.325834906198581393e+02
4.841191655056394261e+00	1.334103654450781562e+02
4.847460407468000554e+00	1.341056761829112816e+02
4.853732128521334843e+00	1.338471690221245751e+02
4.860029138783373170e+00	1.344390427096253120e+02
4.866314601732018019e+00	1.346032236350154392e+02
4.872587026269203925e+00	1.352142767675160542e+02
4.878874221748241702e+00	1.354891907232853612e+02
4.885171078138658807e+00	1.356345799835679600e+02
4.891450629931857641e+00	1.363868421411357019e+02
4.897716482750221978e+00	1.371318999489403438e+02
4.904002834596266069e+00	1.369902521796219048e+02
4.910295858205786068e+00	1.380124416923061688e+02
4.916575188115905881e+00	1.378518934937042388e+02
4.922847946197084212e+00	1.389161739074940272e+02
4.929131667457151700e+00	1.394186290133678767e+02
4.935434460144239033e+00	1.393221224749905218e+02
4.941718513303545279e+00	1.396812402277076899e+02
4.947978624761803168e+00	1.397779446107314811e+02
4.954274999209829389e+00	1.408264946315690906e+02
4.960571094729937514e+00	1.416533797338561271e+02
4.966823207626954506e+00	1.424301147737299971e+02
4.973097418390337587e+00	1.421608651275982140e+02
4.979415129936382023e+00	1.436067376615494595e+02
4.985702082330368157e+00	1.436397584035770194e+02
4.991949985828016523e+00	1.440624693079311669e+02
4.998241586316924057e+00	1.446583974220590392e+02
5.004556635606089543e+00	1.439935318458967402e+02
5.010828655701208945e+00	1.458597129380632964e+02
5.017077229702536556e+00	1.473699331896558249e+02
5.023374414758113637e+00	1.483478168669757338e+02
5.029688873569548413e+00	1.481705652728643372e+02
5.035958413584124216e+00	1.490971990121241788e+02
5.042232667658486989e+00	1.494849699205795730e+02
5.048528755870775875e+00	1.508209541723291238e+02
5.054821121427484520e+00	1.506251151051885131e+02
5.061069509814582368e+00	1.527788428830762086e+02
5.067347812754101177e+00	1.525551626982059474e+02
5.073675050630431116e+00	1.531418569064788642e+02
5.079945928388977627e+00	1.552762947200362760e+02
5.086192992546071601e+00	1.554687768669492414e+02
5.092484128970163226e+00	1.553951873293812014e+02
5.098802924706086870e+00	1.561499845977284622e+02
5.105078217426394005e+00	1.576395522290474958e+02
5.111325076574067872e+00	1.585977707238158985e+02
5.117628358851224135e+00	1.593237209896574029e+02
5.123935939383525984e+00	1.604995028854285692e+02
5.130199176325612065e+00	1.623616113989601786e+02
5.136469985878846956e+00	1.617822329993166477e+02
5.142797788696348071e+00	1.630466449908424806e+02
5.149090378043822192e+00	1.641382892444871970e+02
5.155289879840074363e+00	1.660081247052030164e+02
5.161564521234301317e+00	1.669076950225612279e+02
5.167916673496016244e+00	1.664650448043683184e+02
5.174205974602950064e+00	1.696930210365284211e+02
5.180434820793812456e+00	1.687208001618140543e+02
5.186729096569634656e+00	1.729448776605900093e+02
5.193058481037780894e+00	1.721870901061592178e+02
5.199319511444338460e+00	1.722711045242589023e+02
5.205574295584361799e+00	1.749288554580358266e+02
5.211894977074066126e+00	1.761426306513643567e+02
5.218201708336958511e+00	1.772220494796098933e+02
5.224411911780083351e+00	1.789524268627956189e+02
5.230677632666463239e+00	1.797735350580155114e+02
5.237056729559757429e+00	1.818879610922731729e+02
5.243336785035660697e+00	1.831442476190009359e+02
5.249493476178225038e+00	1.852410492746521982e+02
5.255787017738318134e+00	1.839868022177790010e+02
5.262205327426889845e+00	1.877561734632449486e+02
5.268477758348532269e+00	1.888822464705069422e+02
5.274632213654732560e+00	1.911465914228841143e+02
5.280950543314659740e+00	1.930824021160280779e+02
5.287327645024750389e+00	1.946444051964883784e+02
5.293582359180156516e+00	1.963763338240317751e+02
5.299789992649893478e+00	1.958342213447252220e+02
5.306111460381987222e+00	1.979754761018415365e+02
5.312452717892129250e+00	2.001400331974937785e+02
5.318650122853046724e+00	2.043643936598203652e+02
5.324923043129819789e+00	2.031364079277419137e+02
5.331330237158205421e+00	2.069047812943235840e+02
5.337586726886338617e+00	2.065359922494588716e+02
5.343685192440848830e+00	2.110395269165766479e+02
5.350070659715249199e+00	2.096402229926191012e+02
5.356556762554878226e+00	2.145430374325256651e+02
5.362691868684501095e+00	2.168421773616646817e+02
5.368769208912516966e+00	2.195303549256931603e+02
5.375270137997677722e+00	2.204394133920288255e+02
5.381769983045385786e+00	2.239027007921424399e+02
5.387701030372958222e+00	2.301206568309578984e+02
5.393786668001271600e+00	2.289086808445539134e+02
5.400446161099396569e+00	2.298713818677373979e+02
5.406957063684501463e+00	2.295578353755558112e+02
5.412655672453426270e+00	2.315909770058576385e+02
5.418821279260546575e+00	2.403720696916910242e+02
5.425690594366304076e+00	2.420513358252616172e+02
5.432217487502165376e+00	2.392735158363124128e+02
5.437649811577258241e+00	2.477155504901169820e+02
5.443914404015878006e+00	2.436974692188987603e+02
5.450953501686320202e+00	2.518122035008431396e+02
5.457483690405861232e+00	2.538017309126496741e+02
5.462715250135157241e+00	2.511396169247955470e+02
5.469033575551323523e+00	2.539491965152176078e+02
5.476177730420278778e+00	2.699062882872988780e+02
5.482708935702562236e+00	2.684563779574841078e+02
5.487722405008360838e+00	2.604741658406763349e+02
5.494194284996126498e+00	2.741150805787702893e+02
5.501391471009256406e+00	2.734921092073622617e+02
5.507128202673079009e+00	2.561946554187398419e+02
5.512278020050448646e+00	2.879137592924740261e+02
5.519395563377015534e+00	2.734462686389465489e+02
5.526598678609708770e+00	2.963543577890013125e+02
5.532162682462509196e+00	2.831049018248901348e+02
5.537397124017139127e+00	3.089362745849084604e+02
5.544582756485218589e+00	2.989775979428529240e+02
5.551739327507637434e+00	3.162844340473062061e+02
5.557493306674907707e+00	3.002762024218449142e+02
5.562281709102816940e+00	2.893366033034848215e+02
5.569272720323164449e+00	3.957580335727394072e+02
