8.899641224696953554e-03	1.020193089530900907e+05
1.507912216506557788e-02	7.252759019706411345e+04
2.144790186456836667e-02	5.084637429413133941e+04
2.783660776489276650e-02	3.338858003421003377e+04
3.435099785803411021e-02	2.824282946025520505e+04
4.047886761425745911e-02	2.031419503453395009e+04
4.676716683575679601e-02	1.751274961160136809e+04
5.308225101765951665e-02	1.411866369221708919e+04
5.945362440940590160e-02	1.344549560450370336e+04
6.576224814588792211e-02	1.239409743342203728e+04
7.196632906698736953e-02	1.121082829915170078e+04
7.827860915688347743e-02	9.423826584399492276e+03
8.470398945834539672e-02	7.672721695564634501e+03
9.096854620527369817e-02	6.324193071821745434e+03
9.720789776830213169e-02	5.852536646856236985e+03
1.034763038959366499e-01	5.443578386351275185e+03
1.097576444254559219e-01	4.929014411764268516e+03
1.160543084780093354e-01	4.536714266901482006e+03
1.223669666537485351e-01	4.205683180622727377e+03
1.286817263090294094e-01	4.086858646398859946e+03
1.349500801664080818e-01	3.767928007970771432e+03
1.411949558842147678e-01	3.631822401492310746e+03
1.475133575747468451e-01	3.145167302779639613e+03
1.537865074252268427e-01	2.982792863989974649e+03
1.600657544051110326e-01	2.803607126618979237e+03
1.663991168687080635e-01	2.580356424616494223e+03
1.727195645776442856e-01	2.456347892725248130e+03
1.789765213377084718e-01	2.435622176493227926e+03
1.852353690647852158e-01	2.259306745131932075e+03
1.914806787341157279e-01	2.152016856119015301e+03
1.977889868651535599e-01	2.034680732077958510e+03
2.040937735447724277e-01	1.935954088724036183e+03
2.103939302609846018e-01	1.875489822346637538e+03
2.166909709822301688e-01	1.753886703725876487e+03
2.229700281216152047e-01	1.722727568041531640e+03
2.292620027086341994e-01	1.642575682654703769e+03
2.355141508366812297e-01	1.576846953874435940e+03
2.417910583817859116e-01	1.486277103645080615e+03
2.480856539439619257e-01	1.454563618893632110e+03
2.543492256872954549e-01	1.402681086952156420e+03
2.606334251884805386e-01	1.367383449946631799e+03
2.669257370896960802e-01	1.316775822621388443e+03
2.732423343141155980e-01	1.281142660885665236e+03
2.795529680084415936e-01	1.240987885362003453e+03
2.858366292314493129e-01	1.224855438159670030e+03
2.920876271394311496e-01	1.165558001697821055e+03
2.983449844439822751e-01	1.128236687830225037e+03
3.046382639407197446e-01	1.109019892810280226e+03
3.109279127003197196e-01	1.064742656693847493e+03
3.172168171618398036e-01	1.031054687221939275e+03
3.235187567944423082e-01	1.006647223121295838e+03
3.298168217550395687e-01	9.827476127964556554e+02
3.361176429457156667e-01	9.701783670196116418e+02
3.423700375709273769e-01	9.438187665467302168e+02
3.486478192666269682e-01	9.223616333796650224e+02
3.549411614411318028e-01	9.062647241917342171e+02
3.611916935421040642e-01	8.873201643361703645e+02
3.674767089563572564e-01	8.632297879297408372e+02
3.737647795277591056e-01	8.414881406292303154e+02
3.800654031475132477e-01	8.319252138182393992e+02
3.863539861259823738e-01	8.032528186763335043e+02
3.926140181364449755e-01	7.880972499781797751e+02
3.989264500321934581e-01	7.753493693079553850e+02
4.052073244576828714e-01	7.610598624616226289e+02
4.114916477570477182e-01	7.466074998228723416e+02
4.177814272116491257e-01	7.376412808127188327e+02
4.240400648725131116e-01	7.199479009097918834e+02
4.303425690270192283e-01	6.966466539741815041e+02
4.366358560255625965e-01	6.917422885782211779e+02
4.428996183220763605e-01	6.819804435148671473e+02
4.491634418529859563e-01	6.700280081015458791e+02
4.554414146254732731e-01	6.613054980868539587e+02
4.617634470301058558e-01	6.462181108328683194e+02
4.680644242023710433e-01	6.410812309051331113e+02
4.743485242764365895e-01	6.301515048856331305e+02
4.806356136815400082e-01	6.180469821449324854e+02
4.869019258388697646e-01	6.121297211496392947e+02
4.931697099599955947e-01	5.993489876584251306e+02
4.994506747144535908e-01	5.920974509867158986e+02
5.057159051335421429e-01	5.843071986157326592e+02
5.119923996268095356e-01	5.776318264526571511e+02
5.183126097768406826e-01	5.669745607089308805e+02
5.246089638029100000e-01	5.626990949217632760e+02
5.308757308483337267e-01	5.518309013442122932e+02
5.371573527946726934e-01	5.473747980563656483e+02
5.434579563783791256e-01	5.375438732740975638e+02
5.497430652392217842e-01	5.301159928006458131e+02
5.559937427501778773e-01	5.238783268684587711e+02
5.622854676609657654e-01	5.142729439784405940e+02
5.686011537227265711e-01	5.126071225715603532e+02
5.748804589422079614e-01	5.092285512334436817e+02
5.811550210340560296e-01	4.989876798548903594e+02
5.874394496660968468e-01	4.926143388347380210e+02
5.937176220296899176e-01	4.887732923213930576e+02
5.999971954793682505e-01	4.817617721574907819e+02
6.062679115124277596e-01	4.739781956194595409e+02
6.125469576444534381e-01	4.728537714947060522e+02
6.188477733041515272e-01	4.694550785554596359e+02
6.251310567437898813e-01	4.590621258939703466e+02
6.314027450383210560e-01	4.576843374865505893e+02
6.377003562732055375e-01	4.520696318486726568e+02
6.439857783314556494e-01	4.488260824108158999e+02
6.502685417166111925e-01	4.404072163649424283e+02
6.565586117699038216e-01	4.372932115106597166e+02
6.628369282359254377e-01	4.338875721082529253e+02
6.691185444962194362e-01	4.288955463599133395e+02
6.754070198575605755e-01	4.253106639546475662e+02
6.816835514593204692e-01	4.184556238822005980e+02
6.879592533861698112e-01	4.144004180945777875e+02
6.942344317039531587e-01	4.139280534882135498e+02
7.005175402434737908e-01	4.079594001603068705e+02
7.068124956608716758e-01	4.045069126368726984e+02
7.131019009674921527e-01	4.018005435733102786e+02
7.193918251171427247e-01	3.980718453034397157e+02
7.256833807598113140e-01	3.948461337436133363e+02
7.319652682709349989e-01	3.918090782893059441e+02
7.382507990484923344e-01	3.875594249045493029e+02
7.445265842115937893e-01	3.849298922482371381e+02
7.507871101942712455e-01	3.767423617670409044e+02
7.570758465316046459e-01	3.777536115071240488e+02
7.633641233600957365e-01	3.742995186257617775e+02
7.696462959862266917e-01	3.710454831817168042e+02
7.759394865175414102e-01	3.670908934716791805e+02
7.822329141989586843e-01	3.659051732988837102e+02
7.885314936520240181e-01	3.626102783908038987e+02
7.947896566979522071e-01	3.587156990342746212e+02
8.010491096592354809e-01	3.550523128536302693e+02
8.073364061727361651e-01	3.528265019766744786e+02
8.136229488373866170e-01	3.504064898935351380e+02
8.199152998961036776e-01	3.469473623825836057e+02
8.261952636392789762e-01	3.429384875785937652e+02
8.324897070080405914e-01	3.413160997148087290e+02
8.387959309210778480e-01	3.376191638252948906e+02
8.450634639703045181e-01	3.351930568676699522e+02
8.513282867562648182e-01	3.337995040007382386e+02
8.576198263902009566e-01	3.295586723811394450e+02
8.639058477062415697e-01	3.271638286222927263e+02
8.701838745487597837e-01	3.262765874040409813e+02
8.764641096075268534e-01	3.250781196229128227e+02
8.827503873399735745e-01	3.217558713326049542e+02
8.890332768393869323e-01	3.178564930785958040e+02
8.953084247113127780e-01	3.175472917494489025e+02
9.015956521667095602e-01	3.140126170515031276e+02
9.078833328094829680e-01	3.119188781224627292e+02
9.141744106319863450e-01	3.101086620703136418e+02
9.204630817717615043e-01	3.088563523084866915e+02
9.267434415264711456e-01	3.048289025450571330e+02
9.330324197354928906e-01	3.037290366688397967e+02
9.393265785573878812e-01	3.010441119463579298e+02
9.455974810398196650e-01	2.988469619311849215e+02
9.518660018545171964e-01	2.959202539025759506e+02
9.581413255531838757e-01	2.945235863435816555e+02
9.644350945109106954e-01	2.925413270764240110e+02
9.707355633568249820e-01	2.913151059518382340e+02
9.770080768450029041e-01	2.883779356705772443e+02
9.832823325363413414e-01	2.859041794687724973e+02
9.895569691966674686e-01	2.860308070776102909e+02
9.958456301921106979e-01	2.823316119448393238e+02
1.002136210743837408e+00	2.808565223593981841e+02
1.008404825335135424e+00	2.781996927531010328e+02
1.014694149836243398e+00	2.765644918334292015e+02
1.020992555437297167e+00	2.747579980673303908e+02
1.027273980437394485e+00	2.736336710243418224e+02
1.033559181896017254e+00	2.723728806857234304e+02
1.039847557392594934e+00	2.695920673869028406e+02
1.046126974943305088e+00	2.688021246227856977e+02
1.052403436811028659e+00	2.676977046615965605e+02
1.058680704651608684e+00	2.648832125326874234e+02
1.064964333065789193e+00	2.635667847406666624e+02
1.071256777440835473e+00	2.603241771790438861e+02
1.077544048801078125e+00	2.598715266881218326e+02
1.083824820188043603e+00	2.575909808786176427e+02
1.090108023942816695e+00	2.565694992845029105e+02
1.096389665956643222e+00	2.553185119009883977e+02
1.102681132058841440e+00	2.530790291637152336e+02
1.108963047594879958e+00	2.513983961953727544e+02
1.115225428463759272e+00	2.505642609110814760e+02
1.121502127614767863e+00	2.486170881952356240e+02
1.127792573824792033e+00	2.476380245166375857e+02
1.134089552668382961e+00	2.459822835123882214e+02
1.140364049650405942e+00	2.448046085306657744e+02
1.146639180320979445e+00	2.434288946834070089e+02
1.152942412991649901e+00	2.414582511442249881e+02
1.159228906751078814e+00	2.405992392121945329e+02
1.165508721887268173e+00	2.378135930270516667e+02
1.171793076256210320e+00	2.364875867093165311e+02
1.178087436369658958e+00	2.362330771353070418e+02
1.184367654251526902e+00	2.339898101689705925e+02
1.190634642299266632e+00	2.327528021461875767e+02
1.196912208834400859e+00	2.313425558300442617e+02
1.203201577354146234e+00	2.295852453836636187e+02
1.209486844441705733e+00	2.289778308680836858e+02
1.215763902074809888e+00	2.275717437967148271e+02
1.222049755171146668e+00	2.272174671132337380e+02
1.228340616621486969e+00	2.258912231094533922e+02
1.234632986576932767e+00	2.225315812519509393e+02
1.240902247176856488e+00	2.217381003903694250e+02
1.247174839144687519e+00	2.204606826135573954e+02
1.253465459933442272e+00	2.189720671621087718e+02
1.259749951892178421e+00	2.187994371831664182e+02
1.266032143127253873e+00	2.161522484248432647e+02
1.272316288472006507e+00	2.162553587107707074e+02
1.278604155058621350e+00	2.143401934306073144e+02
1.284886588933593865e+00	2.132849018239547547e+02
1.291175420066583257e+00	2.122132045272284699e+02
1.297465726373772332e+00	2.111036984025769812e+02
1.303741827011944299e+00	2.099967414434595980e+02
1.310017322922761851e+00	2.088426436364365770e+02
1.316301447662886703e+00	2.069669925661843024e+02
1.322586760363303249e+00	2.059101218852597981e+02
1.328865492452874664e+00	2.048642536415308086e+02
1.335144804954555564e+00	2.047812440654545867e+02
1.341440516272275119e+00	2.029784375319030403e+02
1.347730868417094552e+00	2.018375370929451549e+02
1.354001589994877630e+00	2.005514445528304464e+02
1.360282609297778444e+00	1.996225432063289702e+02
1.366565686457597906e+00	1.991363287755001181e+02
1.372851498482432708e+00	1.967911270310748364e+02
1.379135372929401804e+00	1.962916159458116283e+02
1.385409567149057164e+00	1.947899293271144643e+02
1.391698641219299315e+00	1.946681477953587205e+02
1.397984451439470810e+00	1.934639331901625496e+02
1.404267883409181961e+00	1.923129643368725112e+02
1.410554779484869181e+00	1.911587896296746294e+02
1.416837833547465397e+00	1.902421964004674066e+02
1.423118177187137068e+00	1.892615034149966675e+02
1.429397801164240089e+00	1.882476357720453848e+02
1.435686921822787232e+00	1.872436126862940569e+02
1.441977121769299597e+00	1.863169758867822452e+02
1.448253667853332427e+00	1.849295373959104438e+02
1.454532348972172651e+00	1.849235283396124885e+02
1.460819319151879903e+00	1.838399289161660306e+02
1.467110364402026468e+00	1.830177444551186738e+02
1.473392908948962132e+00	1.815187625918705976e+02
1.479669965243598950e+00	1.805662904923572967e+02
1.485956144602843532e+00	1.799273461123494258e+02
1.492233610763115115e+00	1.791781237406830485e+02
1.498502470379980078e+00	1.782440246405370203e+02
1.504785752051182701e+00	1.771286464931597209e+02
1.511075991894575976e+00	1.765857447063555128e+02
1.517361634985162189e+00	1.752633720652953002e+02
1.523648570969130533e+00	1.741512422596927081e+02
1.529938035715892264e+00	1.733722648576481333e+02
1.536230176913891965e+00	1.726919145003599851e+02
1.542510718779388279e+00	1.724348459068503416e+02
1.548783963082980275e+00	1.710805953217638944e+02
1.555073069779651318e+00	1.706454693106074387e+02
1.561357324927233892e+00	1.701313387931809586e+02
1.567629121053141006e+00	1.686588111180462590e+02
1.573913697404382583e+00	1.682777680612838083e+02
1.580203545230874029e+00	1.672404438317149982e+02
1.586485393434537983e+00	1.664738984419551571e+02
1.592760014263005841e+00	1.653088062164313499e+02
1.599046436394670812e+00	1.643873939101379449e+02
1.605342136637478934e+00	1.639525139526861608e+02
1.611619860919608627e+00	1.629600974118099828e+02
1.617897597081673799e+00	1.621764019717049905e+02
1.624183235481122756e+00	1.617287182028513826e+02
1.630464598531913722e+00	1.605069219544167538e+02
1.636748985747638274e+00	1.597600371859124380e+02
1.643030923698886259e+00	1.592874378493978043e+02
1.649309176648513064e+00	1.584011777704176041e+02
1.655593633940351861e+00	1.575872213433335673e+02
1.661879571405086464e+00	1.570616665764795812e+02
1.668169361685170271e+00	1.563778060057007906e+02
1.674450151530487485e+00	1.555286816476999832e+02
1.680722718978495900e+00	1.552351742509723636e+02
1.687013891340952476e+00	1.542777471542813998e+02
1.693308984907921033e+00	1.535772712712129078e+02
1.699582147428448486e+00	1.528028811453506819e+02
1.705863747055134105e+00	1.516845626520632777e+02
1.712154434283889470e+00	1.513784469882617429e+02
1.718438381579399321e+00	1.505133011088543071e+02
1.724721264464063930e+00	1.499385916809437447e+02
1.730997441276920679e+00	1.488104323156546798e+02
1.737287073528269499e+00	1.488683987978273819e+02
1.743567991878527401e+00	1.477262249217519638e+02
1.749840680212231048e+00	1.471547895763886515e+02
1.756128549091961144e+00	1.464950531639961184e+02
1.762413535324792502e+00	1.459788083904802818e+02
1.768696187669963837e+00	1.451685374883640804e+02
1.774979359379055266e+00	1.447030751552470349e+02
1.781265555576432957e+00	1.438471072869115233e+02
1.787549427830244619e+00	1.432183532029799835e+02
1.793834120011633004e+00	1.424687326322981846e+02
1.800115051552487300e+00	1.422379852238155991e+02
1.806393904854530330e+00	1.413768408620014725e+02
1.812674089667083432e+00	1.405081907409889652e+02
1.818956920109354058e+00	1.399850692394848295e+02
1.825244164118212220e+00	1.394234178711639629e+02
1.831527256642196955e+00	1.386724741354703383e+02
1.837811294935716599e+00	1.378788453465764121e+02
1.844100717411196744e+00	1.374959492510952828e+02
1.850384816792487230e+00	1.368773856950383845e+02
1.856666059735203822e+00	1.362007170864305579e+02
1.862947728675613979e+00	1.357549916933639622e+02
1.869229324466858078e+00	1.347963913026738396e+02
1.875517616802973686e+00	1.346070526506240697e+02
1.881800769033795229e+00	1.338177355222619269e+02
1.888078863416442710e+00	1.334225753185515657e+02
1.894353975182237582e+00	1.329617777970862562e+02
1.900642716154182565e+00	1.324547690397229189e+02
1.906933494748685121e+00	1.318348400775244897e+02
1.913207568676573933e+00	1.308433467478235457e+02
1.919490884732178992e+00	1.306626040453012365e+02
1.925776855684274480e+00	1.300571620347368764e+02
1.932064452961978152e+00	1.294292137439952342e+02
1.938342610030488800e+00	1.288008203211500415e+02
1.944618341543410178e+00	1.282617584227030250e+02
1.950906260203513876e+00	1.276668039161638006e+02
1.957194556613796488e+00	1.273877645045658795e+02
1.963479614559011432e+00	1.265774450181369986e+02
1.969760361532916226e+00	1.259508116125017665e+02
1.976048367034604736e+00	1.253974367068138775e+02
1.982337990217652335e+00	1.250558865951021232e+02
1.988617489259562721e+00	1.245653041610703013e+02
1.994896320665194178e+00	1.242277666701415484e+02
2.001179596222827151e+00	1.237271492815188338e+02
2.007459756923499761e+00	1.230786176674399428e+02
2.013737397779169935e+00	1.225761752665739976e+02
2.020017234677497164e+00	1.219335423540052830e+02
2.026310251015072783e+00	1.215868682757236598e+02
2.032600542948020284e+00	1.211022397185172821e+02
2.038873863192099289e+00	1.205123806827081268e+02
2.045154087821675404e+00	1.199736206697927940e+02
2.051444704514288730e+00	1.196137630570196251e+02
2.057730430280644729e+00	1.192433983200456709e+02
2.064013940455224461e+00	1.183902822687021654e+02
2.070299891179459895e+00	1.181891282483574770e+02
2.076589719964883951e+00	1.172767766961423774e+02
2.082865483794470673e+00	1.170366493508100803e+02
2.089134494859368640e+00	1.164296987499984368e+02
2.095424211360070288e+00	1.164701125570598634e+02
2.101707116664804254e+00	1.156805677056641457e+02
2.107986473933564309e+00	1.154459320039250940e+02
2.114271806543862375e+00	1.147676223131250879e+02
2.120552717288892275e+00	1.145176705080168347e+02
2.126836933207161717e+00	1.137916650036288360e+02
2.133122044791171845e+00	1.134258802966647437e+02
2.139411711910842673e+00	1.127416086627498402e+02
2.145697076775292089e+00	1.124827846606678747e+02
2.151973548606471276e+00	1.121021138960727370e+02
2.158259913555724108e+00	1.115483575727535595e+02
2.164545396699105506e+00	1.109806403893232130e+02
2.170830700377734068e+00	1.107489503846123142e+02
2.177114138849150393e+00	1.104289300561645035e+02
2.183387647576827018e+00	1.099573403692204607e+02
2.189670273687676971e+00	1.093672763563330506e+02
2.195960147934207463e+00	1.090041330406764502e+02
2.202242556317716371e+00	1.085715051952118415e+02
2.208521655981037668e+00	1.081632255981232333e+02
2.214804637081333016e+00	1.077028125196718946e+02
2.221092583349425276e+00	1.075570074193639272e+02
2.227372893591468728e+00	1.066903211173054871e+02
2.233657161144248171e+00	1.066999746806272640e+02
2.239943485394438660e+00	1.060815739033818232e+02
2.246224175264620815e+00	1.057946447917387189e+02
2.252506378421252009e+00	1.051663583435202582e+02
2.258783417054270437e+00	1.050061583577524544e+02
2.265069077371457684e+00	1.045257173302662324e+02
2.271350377044131452e+00	1.040002157449167299e+02
2.277633995145353918e+00	1.036169108318540850e+02
2.283922419579920149e+00	1.033848040825460259e+02
2.290202874392252674e+00	1.029304573455505789e+02
2.296490779970905560e+00	1.024669982516056592e+02
2.302771769934229162e+00	1.021554083696188400e+02
2.309051364164305564e+00	1.019848722423800353e+02
2.315338502539088239e+00	1.015727972480294596e+02
2.321627336503874428e+00	1.011358265984820974e+02
2.327911878297218795e+00	1.009797007409757299e+02
2.334186238580297168e+00	1.004594862675530749e+02
2.340467971862688401e+00	1.001349517990982037e+02
2.346756940970738725e+00	9.966331960196562534e+01
2.353044444556199988e+00	9.929107086813790772e+01
2.359327653314069906e+00	9.907719452444443675e+01
2.365603048789861607e+00	9.859840282948120205e+01
2.371885911737665165e+00	9.830499732652313583e+01
2.378173303594019572e+00	9.799408530552132390e+01
2.384454016539381271e+00	9.747657754452326628e+01
2.390736447344785187e+00	9.718581077406878421e+01
2.397014133897952259e+00	9.702596560131659942e+01
2.403295490074321972e+00	9.654178078711146327e+01
2.409585049672506862e+00	9.623364434336754414e+01
2.415871703165322071e+00	9.609450929495018556e+01
2.422160652369088840e+00	9.575301553452770520e+01
2.428440167222748691e+00	9.543012680320623531e+01
2.434717472383889803e+00	9.494056956756051591e+01
2.441002456202044257e+00	9.437140393057568133e+01
2.447289980304530488e+00	9.462664547686325989e+01
2.453571844729242279e+00	9.384902541546622956e+01
2.459852705114058846e+00	9.383258300107785033e+01
2.466139233225018934e+00	9.358453619583526972e+01
2.472421963421291391e+00	9.320806484631090427e+01
2.478698519174224568e+00	9.281508852388310515e+01
2.484980841400355800e+00	9.270643992225134866e+01
2.491269319409339822e+00	9.234142663878891710e+01
2.497548505139029373e+00	9.208798524458880763e+01
2.503831667172610853e+00	9.163030212052433399e+01
2.510117938323931153e+00	9.142852901870566029e+01
2.516400733681277480e+00	9.112747059890692469e+01
2.522688226833368130e+00	9.083197941747459936e+01
2.528971695852665569e+00	9.051969279551227032e+01
2.535252039407670299e+00	9.026740298361737302e+01
2.541537514142774512e+00	8.988798824056921433e+01
2.547823008847572179e+00	8.975874883570499208e+01
2.554100666580690238e+00	8.935379862115601668e+01
2.560376788884177301e+00	8.913361032021427377e+01
2.566667521601497359e+00	8.889218504951969635e+01
2.572955062237090473e+00	8.863042495232652129e+01
2.579233771797999175e+00	8.850689301262984543e+01
2.585520164300948220e+00	8.803544441219354155e+01
2.591805130332431872e+00	8.773648751239322507e+01
2.598084074692260881e+00	8.772886779178357131e+01
2.604360404197643586e+00	8.727087071286426578e+01
2.610647185140439142e+00	8.718119437235401392e+01
2.616931864059273138e+00	8.676699557456858258e+01
2.623206107911065565e+00	8.660700266199761188e+01
2.629491626543270844e+00	8.637180676646605093e+01
2.635778507982642349e+00	8.622658485021632657e+01
2.642061039325260818e+00	8.593823617315027263e+01
2.648343840729305843e+00	8.564556053921539558e+01
2.654631838974855551e+00	8.542508075235238607e+01
2.660919001246303761e+00	8.511665896531644648e+01
2.667198525130066056e+00	8.485474305617209723e+01
2.673484307038032526e+00	8.479444975628659620e+01
2.679773388053849459e+00	8.458109774132923064e+01
2.686058217632288692e+00	8.440851765846016974e+01
2.692338738200057868e+00	8.414520941372987295e+01
2.698618022887226964e+00	8.391009362536426863e+01
2.704895450708277860e+00	8.356745190202114770e+01
2.711175674923682166e+00	8.345249752706574498e+01
2.717459832966957922e+00	8.310669968096190985e+01
2.723745731959044569e+00	8.286117832352105950e+01
2.730038414850594730e+00	8.271466258907651081e+01
2.736317989800789441e+00	8.280813835178759064e+01
2.742591858549239703e+00	8.236950610646138671e+01
2.748879749010778362e+00	8.230567823027962504e+01
2.755163403825859447e+00	8.209969796565682998e+01
2.761446955625852073e+00	8.180794438571074068e+01
2.767732088935374701e+00	8.169419978173922914e+01
2.774015452421743966e+00	8.153816174497471536e+01
2.780298635700591436e+00	8.144522823981161253e+01
2.786577474762241380e+00	8.119486800175347696e+01
2.792857983210164541e+00	8.097127446736534750e+01
2.799143790920211483e+00	8.082558329095492411e+01
2.805430058399325244e+00	8.057260077354676753e+01
2.811715058209780072e+00	8.054265325107087392e+01
2.817989272498773623e+00	8.030681572703439031e+01
2.824269171595737760e+00	8.013654047084497734e+01
2.830563016441804081e+00	8.008189044326441319e+01
2.836848750951622034e+00	7.997028986614925827e+01
2.843130027866129783e+00	7.973399369809081350e+01
2.849413896912404986e+00	7.969518612986242090e+01
2.855697464522425566e+00	7.955286605163544777e+01
2.861978799810683594e+00	7.936789278743262344e+01
2.868262469415629567e+00	7.924172472076141105e+01
2.874547359206753860e+00	7.920093253452053261e+01
2.880831111471525041e+00	7.897855824823955118e+01
2.887113216972382546e+00	7.880366003655032614e+01
2.893394504725182781e+00	7.867004888112950312e+01
2.899673662137033592e+00	7.852968625696922800e+01
2.905953958587380814e+00	7.847765505048330681e+01
2.912241118105161064e+00	7.844244161600877874e+01
2.918525996366671205e+00	7.830619346547290149e+01
2.924809035425688819e+00	7.825493033050224767e+01
2.931095916293684933e+00	7.808416360169395887e+01
2.937378182606774413e+00	7.796425053864575716e+01
2.943659980254369923e+00	7.787313292973220769e+01
2.949946454403890250e+00	7.783011183187751669e+01
2.956227653702202307e+00	7.767246854050839033e+01
2.962510478867462993e+00	7.765196653302392349e+01
2.968796535179442309e+00	7.747035724030521919e+01
2.975077657376874907e+00	7.741361991239472218e+01
2.981359866759223376e+00	7.734879199139361106e+01
2.987646761575656562e+00	7.735576732638347153e+01
2.993929038370399365e+00	7.730787404236028237e+01
3.000206214840962726e+00	7.717361591625558503e+01
3.006486172402415669e+00	7.694890559043636813e+01
3.012769812211594456e+00	7.717706258290915855e+01
3.019053144326170113e+00	7.701435385770531639e+01
3.025337405144251424e+00	7.693993811888930168e+01
3.031623734799107961e+00	7.691962795671781805e+01
3.037908962055872575e+00	7.681142036194897571e+01
3.044195067146031608e+00	7.683269025403706110e+01
3.050475543482170426e+00	7.681065900293756954e+01
3.056754954538277502e+00	7.676568950983831030e+01
3.063040539557494668e+00	7.682832017885164078e+01
3.069323699454357346e+00	7.659529652759971441e+01
3.075610692642898769e+00	7.658796349972554651e+01
3.081893798009918584e+00	7.668350345300903825e+01
3.088174549548037717e+00	7.673268696188671356e+01
3.094458635632868493e+00	7.670855734563950534e+01
3.100743982931558840e+00	7.668404255264869107e+01
3.107028111748448396e+00	7.665207660045508931e+01
3.113309299655494300e+00	7.661930992060639767e+01
3.119590662867241626e+00	7.674721902015831176e+01
3.125874006820172912e+00	7.667082631855738839e+01
3.132159251154602586e+00	7.682759004413222215e+01
3.138439172765940643e+00	7.668971981718645736e+01
3.144723867719826593e+00	7.680392909708841387e+01
3.151003951258561031e+00	7.687298182308397543e+01
3.157283664131563139e+00	7.683761730001099011e+01
3.163569317183839935e+00	7.687838001440086089e+01
3.169851661717792091e+00	7.695888709451108411e+01
3.176137704316093657e+00	7.704762786056272716e+01
3.182420924828643916e+00	7.716630853451660244e+01
3.188702811875577581e+00	7.708182436501128620e+01
3.194990520008989865e+00	7.719473345960275878e+01
3.201275324656983834e+00	7.733264681453867695e+01
3.207551352179861759e+00	7.732177594322192249e+01
3.213835216737041645e+00	7.745625528810651872e+01
3.220122579819103770e+00	7.744165535112047394e+01
3.226406606618656525e+00	7.718546501238029123e+01
3.232687390085645429e+00	7.696260987998384451e+01
3.238969121280456331e+00	7.685820921943560791e+01
3.245254751548589667e+00	7.677076039368900240e+01
3.251534499036136783e+00	7.641708559370432852e+01
3.257817780791052442e+00	7.643100655892220630e+01
3.264102164154097263e+00	7.616269461617361003e+01
3.270384152138468892e+00	7.605430646300312958e+01
3.276669427476867735e+00	7.597508332746222948e+01
3.282954688864507808e+00	7.574131365157529672e+01
3.289237200334947264e+00	7.549939374847627960e+01
3.295519587088236779e+00	7.534745978985709769e+01
3.301805977329951958e+00	7.520122068278860183e+01
3.308087486222440088e+00	7.507061843141460145e+01
3.314367630234227313e+00	7.484783246160145609e+01
3.320651909732194262e+00	7.477664524588480788e+01
3.326931260376857047e+00	7.458055331122271525e+01
3.333216512447217728e+00	7.441898209515531448e+01
3.339504489419978128e+00	7.433791907838416080e+01
3.345786804809928405e+00	7.412315323653338339e+01
3.352071130016277767e+00	7.393293063382438390e+01
3.358351496304225581e+00	7.394476489684929277e+01
3.364630591073392019e+00	7.388273756716029084e+01
3.370916305215045483e+00	7.368568580206679997e+01
3.377197952029413752e+00	7.354298320360257435e+01
3.383483063818085501e+00	7.343464413829840964e+01
3.389769992424469969e+00	7.332130906460190545e+01
3.396051330885982100e+00	7.315861260446585845e+01
3.402330879139463971e+00	7.293431870756306523e+01
3.408610488352048495e+00	7.291636709583944764e+01
3.414897837696641236e+00	7.280601140880335720e+01
3.421180484052105619e+00	7.255273953377771079e+01
3.427461639653846870e+00	7.255278137095532998e+01
3.433749159643459059e+00	7.244843243295755997e+01
3.440032646656798310e+00	7.215876959961437365e+01
3.446313366033385339e+00	7.214851866036028127e+01
3.452600135384134905e+00	7.205540419886696668e+01
3.458883152815406703e+00	7.195242774357637927e+01
3.465163834403715448e+00	7.186066270069326833e+01
3.471449329786229221e+00	7.172374418030912580e+01
3.477734476754053894e+00	7.157171474632144736e+01
3.484019652467224226e+00	7.160024758733321448e+01
3.490297019369712928e+00	7.137485466383881771e+01
3.496582486484379970e+00	7.137461346341898150e+01
3.502868048046865024e+00	7.123884103607259988e+01
3.509144649545451244e+00	7.108667548427926874e+01
3.515428082003116295e+00	7.105288890720703421e+01
3.521711031624695565e+00	7.085951364488815329e+01
3.527991850954735664e+00	7.083081350671236009e+01
3.534275545726699885e+00	7.070195487427139369e+01
3.540562632020772149e+00	7.074207455683546186e+01
3.546844410757220789e+00	7.064442182559552919e+01
3.553131386753758836e+00	7.050581771482677595e+01
3.559419203211965144e+00	7.039039233155477859e+01
3.565697971577579839e+00	7.035871074190268359e+01
3.571979559134798254e+00	7.029779670715835493e+01
3.578265774595833726e+00	7.015594781722509765e+01
3.584548309769353125e+00	7.003588852783553875e+01
3.590826843920031486e+00	6.988427429450038630e+01
3.597107306745233934e+00	7.001929082482345734e+01
3.603392831792229245e+00	6.993169598267648723e+01
3.609673209822572559e+00	6.976991215800292423e+01
3.615955412133016189e+00	6.983068015226102432e+01
3.622241607772384686e+00	6.966657194168510614e+01
3.628520252736676444e+00	6.959405801875568898e+01
3.634804827569451113e+00	6.958378306325762708e+01
3.641094981788862928e+00	6.956521296097548657e+01
3.647383514928639325e+00	6.947415158800957613e+01
3.653663283927725658e+00	6.931114313744529909e+01
3.659943504072155296e+00	6.940334786048302362e+01
3.666232000281138603e+00	6.921559200699417147e+01
3.672514211678317597e+00	6.919147313475933458e+01
3.678794154686042539e+00	6.907117177698438582e+01
3.685078621861909820e+00	6.911772372070390702e+01
3.691359210097977961e+00	6.895181916665173105e+01
3.697642368173791105e+00	6.902573601202317377e+01
3.703925796735277665e+00	6.877447869551764370e+01
3.710208240364660348e+00	6.895111632539142477e+01
3.716494593122387169e+00	6.881700485866304007e+01
3.722775386659595398e+00	6.878787995317613024e+01
3.729058392883481510e+00	6.873467821659203025e+01
3.735339748210807720e+00	6.876837477409804933e+01
3.741620776392969638e+00	6.857897643521141617e+01
3.747904795418762980e+00	6.863619817909274445e+01
3.754190633281219380e+00	6.860295686735565823e+01
3.760478208018912749e+00	6.855097931183446747e+01
3.766755538573464346e+00	6.846047728033869362e+01
3.773032090135151506e+00	6.850888579303580173e+01
3.779322553012896879e+00	6.850374791399029561e+01
3.785609109731308930e+00	6.845954896222690422e+01
3.791889825936295200e+00	6.844561962798616150e+01
3.798174822702435893e+00	6.829465839288306483e+01
3.804458658753491651e+00	6.835711659132385876e+01
3.810738438095723435e+00	6.831118871539509030e+01
3.817018850285747167e+00	6.820729044182876066e+01
3.823305314209427763e+00	6.834881034150869539e+01
3.829591295197792178e+00	6.824254475800900366e+01
3.835872296070849341e+00	6.826070568894324708e+01
3.842156279590906109e+00	6.837121574700964288e+01
3.848441511099312429e+00	6.817708620209107551e+01
3.854723334376886079e+00	6.816178925204769712e+01
3.861004740704794713e+00	6.824412683831417326e+01
3.867284336650660848e+00	6.820581351347038890e+01
3.873567367678779849e+00	6.818753373898935877e+01
3.879850662830422792e+00	6.814556150492910547e+01
3.886137063198143338e+00	6.834541717199992661e+01
3.892419463049126005e+00	6.825624240116530927e+01
3.898703740328622658e+00	6.811914989275690857e+01
3.904991458788179326e+00	6.818727731760114352e+01
3.911270842222104083e+00	6.816140119431402411e+01
3.917549806479573071e+00	6.821975266265218352e+01
3.923836006203090587e+00	6.827241034439782652e+01
3.930121452497870926e+00	6.832255899694281709e+01
3.936398172858230460e+00	6.820900569732069130e+01
3.942683040425962293e+00	6.847368902998884721e+01
3.948974759704379611e+00	6.834409662313170486e+01
3.955259227995065352e+00	6.844761266682185408e+01
3.961537174921395454e+00	6.839767870180803300e+01
3.967820217617139544e+00	6.852759881596827540e+01
3.974105559832568968e+00	6.853149612545850289e+01
3.980384727931198352e+00	6.863425517239610940e+01
3.986664590839849698e+00	6.867722007784846028e+01
3.992949619150675034e+00	6.863383828177482826e+01
3.999235075769965952e+00	6.863173059724707059e+01
4.005515715515433506e+00	6.865156485562151545e+01
4.011798434346478537e+00	6.868366087342089088e+01
4.018083716245132386e+00	6.880624436252249154e+01
4.024365700052603856e+00	6.898281489154953761e+01
4.030643960839860540e+00	6.894947201274543147e+01
4.036928708926215137e+00	6.909893010796112378e+01
4.043218157412017177e+00	6.901912556718305325e+01
4.049503019487663558e+00	6.902200693211706550e+01
4.055781898960511000e+00	6.910407860890362031e+01
4.062060795621602161e+00	6.928623599807644950e+01
4.068347865354716042e+00	6.930181658537497924e+01
4.074631027173265529e+00	6.941104595066110505e+01
4.080910837526078971e+00	6.959843120464931587e+01
4.087201203341442657e+00	6.962264363001342815e+01
4.093486818591942189e+00	6.967944350325146274e+01
4.099764387336505500e+00	6.983692736255287059e+01
4.106049166937662420e+00	6.979157715613352764e+01
4.112334559041358695e+00	6.986896933093572670e+01
4.118618926059533614e+00	6.994617210137781171e+01
4.124898942031112625e+00	7.007445745641798851e+01
4.131175432561665417e+00	7.012017355097167126e+01
4.137461563786142271e+00	7.040631149637401620e+01
4.143746006210170307e+00	7.056744586061179803e+01
4.150029800482964326e+00	7.048264062554031284e+01
4.156313390684649001e+00	7.047654719866520168e+01
4.162596105843763716e+00	7.079305634237273637e+01
4.168881843141768684e+00	7.066221710768445519e+01
4.175162111073220217e+00	7.096570336389248723e+01
4.181448573417560155e+00	7.114988669453610726e+01
4.187738782464171194e+00	7.130449069702140719e+01
4.194017437180169061e+00	7.129169828932909070e+01
4.200293572701767175e+00	7.152227997093181955e+01
4.206580195481546269e+00	7.156875087134655189e+01
4.212860644652220543e+00	7.171735566588162669e+01
4.219138153430114002e+00	7.188093929700963258e+01
4.225426162098283811e+00	7.192049215315515198e+01
4.231713506719782636e+00	7.215178652334263631e+01
4.237990056577191744e+00	7.228862254801831000e+01
4.244267783646744618e+00	7.241516516463407527e+01
4.250560660182562955e+00	7.273751304444418508e+01
4.256847734842668096e+00	7.276665336613571355e+01
4.263127100734456221e+00	7.307011263555182268e+01
4.269406860432507500e+00	7.303077295367221211e+01
4.275691671482192646e+00	7.310108179168064169e+01
4.281972414189518794e+00	7.353721215950299950e+01
4.288253516806755705e+00	7.356684083766839422e+01
4.294540520160492925e+00	7.382192581017162070e+01
4.300825742921731809e+00	7.381403060130340066e+01
4.307109835491901961e+00	7.412875861461105842e+01
4.313390926478413157e+00	7.418015828527286715e+01
4.319667979480563247e+00	7.435298430901336530e+01
4.325952598143786076e+00	7.446769193846915869e+01
4.332241647035422361e+00	7.468034379429936109e+01
4.338524445619096781e+00	7.485917025344789977e+01
4.344809348131129845e+00	7.503446136311242753e+01
4.351090699193166600e+00	7.492388962714070999e+01
4.357369710808320029e+00	7.537989843609020113e+01
4.363659348967174445e+00	7.534611495569380679e+01
4.369947418280990981e+00	7.565266485919512718e+01
4.376226569265827315e+00	7.583154673090567144e+01
4.382499356631129217e+00	7.601428555953381760e+01
4.388784975178015024e+00	7.623956279850750661e+01
4.395068696309480494e+00	7.625436214807170643e+01
4.401347962382031298e+00	7.647148594638294128e+01
4.407628405096517099e+00	7.658676816961245493e+01
4.413915862185140426e+00	7.663343121743075415e+01
4.420203163534264235e+00	7.701557562748433838e+01
4.426480311003382795e+00	7.697054881280233474e+01
4.432765973643649104e+00	7.718580940531813894e+01
4.439053392023870614e+00	7.713613021393578606e+01
4.445336141335588742e+00	7.751443918483602147e+01
4.451617241414883352e+00	7.752631681714781564e+01
4.457901500730311106e+00	7.755591921646883691e+01
4.464189501093017043e+00	7.789377263899122283e+01
4.470470197548729985e+00	7.750699340608768750e+01
4.476748044268524573e+00	7.790061159209267316e+01
4.483035990164653484e+00	7.799263409002608682e+01
4.489323331650528104e+00	7.803937019922204854e+01
4.495599111667934800e+00	7.803484202076815279e+01
4.501870922878794090e+00	7.815125205295915123e+01
4.508155162877705457e+00	7.796313070989955918e+01
4.514446451153479423e+00	7.767114602538984514e+01
4.520723894043856994e+00	7.792650033024838763e+01
4.527003782460155890e+00	7.769823735563777234e+01
4.533293086610313161e+00	7.778670311981362318e+01
4.539578989864040182e+00	7.766780302574927930e+01
4.545857164866476730e+00	7.738394596706061179e+01
4.552138955546025656e+00	7.719300368743802210e+01
4.558432046889146605e+00	7.705103511664168536e+01
4.564713463378488711e+00	7.711687020432252382e+01
4.570987274133244682e+00	7.698358604505362734e+01
4.577274818151045643e+00	7.693399519918166618e+01
4.583563263889338657e+00	7.704307157161129282e+01
4.589844917004465508e+00	7.693109070929666871e+01
4.596126259982004747e+00	7.694164311852641447e+01
4.602409075598298926e+00	7.677143725131833207e+01
4.608696634867644804e+00	7.717855596914932903e+01
4.614977646498861219e+00	7.693859933634487902e+01
4.621258953029527383e+00	7.693351564408797572e+01
4.627547993978874175e+00	7.723671423154642923e+01
4.633830152730579854e+00	7.708624633392695102e+01
4.640104005367354567e+00	7.734914726635012983e+01
4.646382060386754276e+00	7.717641105127449919e+01
4.652674213731970987e+00	7.731070698124874241e+01
4.658958291796220230e+00	7.751132020500979536e+01
4.665233615070169648e+00	7.746815598531733826e+01
4.671520675710307380e+00	7.757097889883981168e+01
4.677814351732177300e+00	7.759495987197459499e+01
4.684093699744638073e+00	7.770166587186901097e+01
4.690368661472568590e+00	7.766365361980076898e+01
4.696663270746453733e+00	7.782347613880548920e+01
4.702945459248681459e+00	7.807598743109959116e+01
4.709209170841929470e+00	7.840836763985322477e+01
4.715491634753063543e+00	7.858882539175512250e+01
4.721784316284933780e+00	7.859157472419313706e+01
4.728063062331094635e+00	7.882463453598383296e+01
4.734337423381671073e+00	7.896065055517956921e+01
4.740627024094544062e+00	7.898302056190141229e+01
4.746914995664547554e+00	7.892525578085557925e+01
4.753194740071086777e+00	7.938032348699198337e+01
4.759478891864783456e+00	7.960579786571732086e+01
4.765762396877359031e+00	7.929786520939335048e+01
4.772049481246195768e+00	7.991966201090487232e+01
4.778335091022592351e+00	8.011173028181073619e+01
4.784610831402393849e+00	8.017662377872808577e+01
4.790907306208476157e+00	8.028819166014517350e+01
4.797204047706418173e+00	8.061730422732421175e+01
4.803470827697504220e+00	8.030398366195653637e+01
4.809748850577324042e+00	8.102430078915246270e+01
4.816045316586602176e+00	8.111790170737920391e+01
4.822329240673497885e+00	8.122594952970167981e+01
4.828596758226470165e+00	8.165021911550438460e+01
4.834890332961369275e+00	8.154794718843123746e+01
4.841191655056394261e+00	8.169905145764111865e+01
4.847460407468000554e+00	8.200817819770894346e+01
4.853732128521334843e+00	8.241782729003008967e+01
4.860029138783373170e+00	8.296439761673755697e+01
4.866314601732018019e+00	8.331562191460965039e+01
4.872587026269203925e+00	8.341706974303711775e+01
4.878874221748241702e+00	8.344409498745564235e+01
4.885171078138658807e+00	8.376531765932993778e+01
4.891450629931857641e+00	8.417688716644340730e+01
4.897716482750221978e+00	8.472764603089315472e+01
4.904002834596266069e+00	8.468196090918625885e+01
4.910295858205786068e+00	8.488735110181441712e+01
4.916575188115905881e+00	8.535855917797074710e+01
4.922847946197084212e+00	8.548037645748382829e+01
4.929131667457151700e+00	8.559383083404257775e+01
4.935434460144239033e+00	8.606496749861176454e+01
4.941718513303545279e+00	8.686162678376459212e+01
4.947978624761803168e+00	8.708667437522788646e+01
4.954274999209829389e+00	8.716812740917004021e+01
4.960571094729937514e+00	8.817885474463649587e+01
4.966823207626954506e+00	8.817351292184463318e+01
4.973097418390337587e+00	8.809003961291139717e+01
4.979415129936382023e+00	8.907015944570943589e+01
4.985702082330368157e+00	8.865400386518282971e+01
4.991949985828016523e+00	8.954030065298826457e+01
4.998241586316924057e+00	9.000037115725970693e+01
5.004556635606089543e+00	9.054604154814488481e+01
5.010828655701208945e+00	9.077463673272072242e+01
5.017077229702536556e+00	9.140649400532838342e+01
5.023374414758113637e+00	9.167015237033187702e+01
5.029688873569548413e+00	9.194643687885184136e+01
5.035958413584124216e+00	9.251681197494023934e+01
5.042232667658486989e+00	9.330596245976948921e+01
5.048528755870775875e+00	9.333241268894285270e+01
5.054821121427484520e+00	9.442797884081079474e+01
5.061069509814582368e+00	9.426025881162473752e+01
5.067347812754101177e+00	9.531934253289907133e+01
5.073675050630431116e+00	9.608250669635052077e+01
5.079945928388977627e+00	9.619140758182534512e+01
5.086192992546071601e+00	9.680565278131066975e+01
5.092484128970163226e+00	9.748932566332025829e+01
5.098802924706086870e+00	9.776002783075901448e+01
5.105078217426394005e+00	9.889760619382575157e+01
5.111325076574067872e+00	9.883709665497480046e+01
5.117628358851224135e+00	9.950804900424743948e+01
5.123935939383525984e+00	1.004606921552693990e+02
5.130199176325612065e+00	1.013650910065536976e+02
5.136469985878846956e+00	1.015716119002893265e+02
5.142797788696348071e+00	1.025307556371131170e+02
5.149090378043822192e+00	1.029983282260178186e+02
5.155289879840074363e+00	1.033551392650806378e+02
5.161564521234301317e+00	1.049883178439258415e+02
5.167916673496016244e+00	1.046702830135449460e+02
5.174205974602950064e+00	1.065655365582351521e+02
5.180434820793812456e+00	1.061461934571123322e+02
5.186729096569634656e+00	1.075725332033172492e+02
5.193058481037780894e+00	1.089753205988055669e+02
5.199319511444338460e+00	1.086755083410583467e+02
5.205574295584361799e+00	1.100558928628720281e+02
5.211894977074066126e+00	1.099439676763600460e+02
5.218201708336958511e+00	1.106593249997473123e+02
5.224411911780083351e+00	1.113254259827151742e+02
5.230677632666463239e+00	1.128043153341371294e+02
5.237056729559757429e+00	1.134757751455792913e+02
5.243336785035660697e+00	1.140418129310706803e+02
5.249493476178225038e+00	1.157394716992452999e+02
5.255787017738318134e+00	1.178065773583169857e+02
5.262205327426889845e+00	1.178202188144419011e+02
5.268477758348532269e+00	1.198871926827141721e+02
5.274632213654732560e+00	1.196921045721642827e+02
5.280950543314659740e+00	1.209956818420733953e+02
5.287327645024750389e+00	1.219045057079278536e+02
5.293582359180156516e+00	1.225245856047210680e+02
5.299789992649893478e+00	1.230458263296842603e+02
5.306111460381987222e+00	1.254482864226172723e+02
5.312452717892129250e+00	1.252531273085338910e+02
5.318650122853046724e+00	1.268951825026887406e+02
5.324923043129819789e+00	1.262932404040094667e+02
5.331330237158205421e+00	1.309607252746727966e+02
5.337586726886338617e+00	1.317162585660669265e+02
5.343685192440848830e+00	1.326556308256390935e+02
5.350070659715249199e+00	1.323835470170974702e+02
5.356556762554878226e+00	1.347465440023858037e+02
5.362691868684501095e+00	1.350140531120786136e+02
5.368769208912516966e+00	1.378896114470905161e+02
5.375270137997677722e+00	1.418699897229922442e+02
5.381769983045385786e+00	1.407991587645641118e+02
5.387701030372958222e+00	1.425806422152232642e+02
5.393786668001271600e+00	1.425032672383559031e+02
5.400446161099396569e+00	1.445272018569989996e+02
5.406957063684501463e+00	1.453889649492359695e+02
5.412655672453426270e+00	1.487505528704058406e+02
5.418821279260546575e+00	1.489465056611162765e+02
5.425690594366304076e+00	1.481752021384568536e+02
5.432217487502165376e+00	1.510178388748386737e+02
5.437649811577258241e+00	1.557249144726235102e+02
5.443914404015878006e+00	1.519172638981901287e+02
5.450953501686320202e+00	1.616585169004148383e+02
5.457483690405861232e+00	1.620718610832687148e+02
5.462715250135157241e+00	1.576751214703193966e+02
5.469033575551323523e+00	1.631343362503602634e+02
5.476177730420278778e+00	1.716972946932827710e+02
5.482708935702562236e+00	1.644154903307847349e+02
5.487722405008360838e+00	1.722331858639075790e+02
5.494194284996126498e+00	1.681021983769501844e+02
5.501391471009256406e+00	1.649910523139936629e+02
5.507128202673079009e+00	1.769868279098553785e+02
5.512278020050448646e+00	1.794945539894511342e+02
5.519395563377015534e+00	1.818617678409559346e+02
5.526598678609708770e+00	1.785497144419339861e+02
5.532162682462509196e+00	1.774487980517916696e+02
5.537397124017139127e+00	1.769703865341060691e+02
5.544582756485218589e+00	1.824118751983923516e+02
5.551739327507637434e+00	1.966784643129889787e+02
5.557493306674907707e+00	1.371987578351991033e+02
5.562281709102816940e+00	1.617879469936812598e+02
5.569272720323164449e+00	5.844420951768568528e+01
