8.899641224696953554e-03	2.961559613782676752e+04
1.507912216506557788e-02	4.273457475595576398e+04
2.144790186456836667e-02	3.588551575394430256e+04
2.783660776489276650e-02	3.602481090899975970e+04
3.435099785803411021e-02	2.111932066105290869e+04
4.047886761425745911e-02	1.674867785252272006e+04
4.676716683575679601e-02	1.342540686277939858e+04
5.308225101765951665e-02	1.303166789760587926e+04
5.945362440940590160e-02	1.143866828684206666e+04
6.576224814588792211e-02	1.009608931158344603e+04
7.196632906698736953e-02	9.335068897940102033e+03
7.827860915688347743e-02	7.975436332415743891e+03
8.470398945834539672e-02	7.284295863312086112e+03
9.096854620527369817e-02	6.494454546630981895e+03
9.720789776830213169e-02	5.772058048672412951e+03
1.034763038959366499e-01	4.858360010935341961e+03
1.097576444254559219e-01	4.460642979626860324e+03
1.160543084780093354e-01	4.012396077103105199e+03
1.223669666537485351e-01	3.871715179424932558e+03
1.286817263090294094e-01	3.616536217019287960e+03
1.349500801664080818e-01	3.605586711702709181e+03
1.411949558842147678e-01	3.208386088825011939e+03
1.475133575747468451e-01	3.055522876483226355e+03
1.537865074252268427e-01	2.852804079810211078e+03
1.600657544051110326e-01	2.662484292180296961e+03
1.663991168687080635e-01	2.448880054528533492e+03
1.727195645776442856e-01	2.307914179311007501e+03
1.789765213377084718e-01	2.176824269261956488e+03
1.852353690647852158e-01	2.026930169681064172e+03
1.914806787341157279e-01	2.046357420978977188e+03
1.977889868651535599e-01	1.927524421296363926e+03
2.040937735447724277e-01	1.864256874038254409e+03
2.103939302609846018e-01	1.784446049756641969e+03
2.166909709822301688e-01	1.737688395651135806e+03
2.229700281216152047e-01	1.618921271559375327e+03
2.292620027086341994e-01	1.549006363499515146e+03
2.355141508366812297e-01	1.498933850484583445e+03
2.417910583817859116e-01	1.452351326850400483e+03
2.480856539439619257e-01	1.389836961045585895e+03
2.543492256872954549e-01	1.301690603720597665e+03
2.606334251884805386e-01	1.288200693643619616e+03
2.669257370896960802e-01	1.265973515992967123e+03
2.732423343141155980e-01	1.232130379942435866e+03
2.795529680084415936e-01	1.183502524075754991e+03
2.858366292314493129e-01	1.135068614691703942e+03
2.920876271394311496e-01	1.104137142273848440e+03
2.983449844439822751e-01	1.082829406490749534e+03
3.046382639407197446e-01	1.069564316830922735e+03
3.109279127003197196e-01	1.020597430175255113e+03
3.172168171618398036e-01	9.874142879390465168e+02
3.235187567944423082e-01	9.620200653543244016e+02
3.298168217550395687e-01	9.403989932841145674e+02
3.361176429457156667e-01	9.205294668371600437e+02
3.423700375709273769e-01	8.939201342036570850e+02
3.486478192666269682e-01	8.708194162167005743e+02
3.549411614411318028e-01	8.566814139024883161e+02
3.611916935421040642e-01	8.351584909350871158e+02
3.674767089563572564e-01	8.201856912105027959e+02
3.737647795277591056e-01	8.116990122412792061e+02
3.800654031475132477e-01	7.843753207984858591e+02
3.863539861259823738e-01	7.732028896976298711e+02
3.926140181364449755e-01	7.650527192410980888e+02
3.989264500321934581e-01	7.418695057114547353e+02
4.052073244576828714e-01	7.364155068367335844e+02
4.114916477570477182e-01	7.169470368791162400e+02
4.177814272116491257e-01	6.987076892395854202e+02
4.240400648725131116e-01	6.879639810843915484e+02
4.303425690270192283e-01	6.756182063837237592e+02
4.366358560255625965e-01	6.672307282546447595e+02
4.428996183220763605e-01	6.538382189969856881e+02
4.491634418529859563e-01	6.374091413228255760e+02
4.554414146254732731e-01	6.319452101911540467e+02
4.617634470301058558e-01	6.209281718836037953e+02
4.680644242023710433e-01	6.094796437451748261e+02
4.743485242764365895e-01	6.073310292398523416e+02
4.806356136815400082e-01	5.952710379002638774e+02
4.869019258388697646e-01	5.830070712962541393e+02
4.931697099599955947e-01	5.749052648308964990e+02
4.994506747144535908e-01	5.687943985770774589e+02
5.057159051335421429e-01	5.570222924523893653e+02
5.119923996268095356e-01	5.516739122655345682e+02
5.183126097768406826e-01	5.474110338271796081e+02
5.246089638029100000e-01	5.349740220170168641e+02
5.308757308483337267e-01	5.288740009772010353e+02
5.371573527946726934e-01	5.211420360980356463e+02
5.434579563783791256e-01	5.176311706561513120e+02
5.497430652392217842e-01	5.074765012934133779e+02
5.559937427501778773e-01	5.011737410176008325e+02
5.622854676609657654e-01	5.007851656492161396e+02
5.686011537227265711e-01	4.917448302974897842e+02
5.748804589422079614e-01	4.837427970373448716e+02
5.811550210340560296e-01	4.817681086149006546e+02
5.874394496660968468e-01	4.722012169622586271e+02
5.937176220296899176e-01	4.673483245250048412e+02
5.999971954793682505e-01	4.624420288418101563e+02
6.062679115124277596e-01	4.569302878060690318e+02
6.125469576444534381e-01	4.551254659788187951e+02
6.188477733041515272e-01	4.494583024115775061e+02
6.251310567437898813e-01	4.416068681271762557e+02
6.314027450383210560e-01	4.393516610631283470e+02
6.377003562732055375e-01	4.319300991158842749e+02
6.439857783314556494e-01	4.285507878009083242e+02
6.502685417166111925e-01	4.232373841401344521e+02
6.565586117699038216e-01	4.190375313164012709e+02
6.628369282359254377e-01	4.176141402695419629e+02
6.691185444962194362e-01	4.126419828701857568e+02
6.754070198575605755e-01	4.057182133249527851e+02
6.816835514593204692e-01	4.071871283008956084e+02
6.879592533861698112e-01	3.975340446774688985e+02
6.942344317039531587e-01	3.937737649631455383e+02
7.005175402434737908e-01	3.935055603519913916e+02
7.068124956608716758e-01	3.858843136315760489e+02
7.131019009674921527e-01	3.851588516168393994e+02
7.193918251171427247e-01	3.802424930985306446e+02
7.256833807598113140e-01	3.773870757797973852e+02
7.319652682709349989e-01	3.740225499514266403e+02
7.382507990484923344e-01	3.711406739715306458e+02
7.445265842115937893e-01	3.654573915012121574e+02
7.507871101942712455e-01	3.660820031475644214e+02
7.570758465316046459e-01	3.603487259169785375e+02
7.633641233600957365e-01	3.591650964117496301e+02
7.696462959862266917e-01	3.573884897472074726e+02
7.759394865175414102e-01	3.519144430257243243e+02
7.822329141989586843e-01	3.488516030169652709e+02
7.885314936520240181e-01	3.457790614909204692e+02
7.947896566979522071e-01	3.419930705828767259e+02
8.010491096592354809e-01	3.398773775102754939e+02
8.073364061727361651e-01	3.389944710499742655e+02
8.136229488373866170e-01	3.352708246717618294e+02
8.199152998961036776e-01	3.325642775682713363e+02
8.261952636392789762e-01	3.295901830837178750e+02
8.324897070080405914e-01	3.275094419663513463e+02
8.387959309210778480e-01	3.258177429772371738e+02
8.450634639703045181e-01	3.201374008780420013e+02
8.513282867562648182e-01	3.191942538331612127e+02
8.576198263902009566e-01	3.179702001446730151e+02
8.639058477062415697e-01	3.143613765086302578e+02
8.701838745487597837e-01	3.108729926515700868e+02
8.764641096075268534e-01	3.091333388297930469e+02
8.827503873399735745e-01	3.091263893911542482e+02
8.890332768393869323e-01	3.041555089117424018e+02
8.953084247113127780e-01	3.022523018622565019e+02
9.015956521667095602e-01	3.009723997756702261e+02
9.078833328094829680e-01	2.997725279814903843e+02
9.141744106319863450e-01	2.967583068405227209e+02
9.204630817717615043e-01	2.949890234223182688e+02
9.267434415264711456e-01	2.925934443599865062e+02
9.330324197354928906e-01	2.889947936794054044e+02
9.393265785573878812e-01	2.885672101798298854e+02
9.455974810398196650e-01	2.860797061204024772e+02
9.518660018545171964e-01	2.844736211303974187e+02
9.581413255531838757e-01	2.819978073369106824e+02
9.644350945109106954e-01	2.803031265354697439e+02
9.707355633568249820e-01	2.785915978851308523e+02
9.770080768450029041e-01	2.766808716997664988e+02
9.832823325363413414e-01	2.749341013577703734e+02
9.895569691966674686e-01	2.726338645458661745e+02
9.958456301921106979e-01	2.701656472634569468e+02
1.002136210743837408e+00	2.679277120984974658e+02
1.008404825335135424e+00	2.666190601171369963e+02
1.014694149836243398e+00	2.648647130179012947e+02
1.020992555437297167e+00	2.622726830295780474e+02
1.027273980437394485e+00	2.618298068359753188e+02
1.033559181896017254e+00	2.599171816675853961e+02
1.039847557392594934e+00	2.593821739087120477e+02
1.046126974943305088e+00	2.564987697512225964e+02
1.052403436811028659e+00	2.552585402823759182e+02
1.058680704651608684e+00	2.522999044708425060e+02
1.064964333065789193e+00	2.518047410626738269e+02
1.071256777440835473e+00	2.499599290947344343e+02
1.077544048801078125e+00	2.477322926445844473e+02
1.083824820188043603e+00	2.467145611356010306e+02
1.090108023942816695e+00	2.443552668947160100e+02
1.096389665956643222e+00	2.430664312276930445e+02
1.102681132058841440e+00	2.427452779291435832e+02
1.108963047594879958e+00	2.405529999987062695e+02
1.115225428463759272e+00	2.385120462799403072e+02
1.121502127614767863e+00	2.382127165266624900e+02
1.127792573824792033e+00	2.358543194190816905e+02
1.134089552668382961e+00	2.343736420118793831e+02
1.140364049650405942e+00	2.336504844413781825e+02
1.146639180320979445e+00	2.318525485763132679e+02
1.152942412991649901e+00	2.300531902531506603e+02
1.159228906751078814e+00	2.291281935171054158e+02
1.165508721887268173e+00	2.291558736174669093e+02
1.171793076256210320e+00	2.258237007239702905e+02
1.178087436369658958e+00	2.250040393928430262e+02
1.184367654251526902e+00	2.240104716135797105e+02
1.190634642299266632e+00	2.228781953840938286e+02
1.196912208834400859e+00	2.208295559138337012e+02
1.203201577354146234e+00	2.201648976772523838e+02
1.209486844441705733e+00	2.179726031636992900e+02
1.215763902074809888e+00	2.168932776619481615e+02
1.222049755171146668e+00	2.165569960464938504e+02
1.228340616621486969e+00	2.141755213197660055e+02
1.234632986576932767e+00	2.132075825231787860e+02
1.240902247176856488e+00	2.114253086792878946e+02
1.247174839144687519e+00	2.106044757288169080e+02
1.253465459933442272e+00	2.095371018125388218e+02
1.259749951892178421e+00	2.080732218340120880e+02
1.266032143127253873e+00	2.071798711011120133e+02
1.272316288472006507e+00	2.057103084014094918e+02
1.278604155058621350e+00	2.052669615472669875e+02
1.284886588933593865e+00	2.044840113250179456e+02
1.291175420066583257e+00	2.028159766156191210e+02
1.297465726373772332e+00	2.015922129970696517e+02
1.303741827011944299e+00	2.009132587736708331e+02
1.310017322922761851e+00	1.997044728757629741e+02
1.316301447662886703e+00	1.978184812977727347e+02
1.322586760363303249e+00	1.974001563071829537e+02
1.328865492452874664e+00	1.966706984294241352e+02
1.335144804954555564e+00	1.947955254454664669e+02
1.341440516272275119e+00	1.938394697718532029e+02
1.347730868417094552e+00	1.934013368320041479e+02
1.354001589994877630e+00	1.921146919512075044e+02
1.360282609297778444e+00	1.904306310510128526e+02
1.366565686457597906e+00	1.896657164043665489e+02
1.372851498482432708e+00	1.888956670521089904e+02
1.379135372929401804e+00	1.878672246388900930e+02
1.385409567149057164e+00	1.868407909430483755e+02
1.391698641219299315e+00	1.865755735010210685e+02
1.397984451439470810e+00	1.850339290272063693e+02
1.404267883409181961e+00	1.842511711947802269e+02
1.410554779484869181e+00	1.832821438921250206e+02
1.416837833547465397e+00	1.821243309138224902e+02
1.423118177187137068e+00	1.817263142539028706e+02
1.429397801164240089e+00	1.798058731142973272e+02
1.435686921822787232e+00	1.793115499515273541e+02
1.441977121769299597e+00	1.778736319064060751e+02
1.448253667853332427e+00	1.773910777600960955e+02
1.454532348972172651e+00	1.765221932177309156e+02
1.460819319151879903e+00	1.756983047268063558e+02
1.467110364402026468e+00	1.745423671299531065e+02
1.473392908948962132e+00	1.735523516452981028e+02
1.479669965243598950e+00	1.726331296918897920e+02
1.485956144602843532e+00	1.718231863305387037e+02
1.492233610763115115e+00	1.712238882877971093e+02
1.498502470379980078e+00	1.701492873944115445e+02
1.504785752051182701e+00	1.691935181653452673e+02
1.511075991894575976e+00	1.683737391328004946e+02
1.517361634985162189e+00	1.674387699340000779e+02
1.523648570969130533e+00	1.671229418196238896e+02
1.529938035715892264e+00	1.656737067653139945e+02
1.536230176913891965e+00	1.649776412695291867e+02
1.542510718779388279e+00	1.644684279305088523e+02
1.548783963082980275e+00	1.634362926045274094e+02
1.555073069779651318e+00	1.627778971555422913e+02
1.561357324927233892e+00	1.623145588752412891e+02
1.567629121053141006e+00	1.613790755684241844e+02
1.573913697404382583e+00	1.605589860820255410e+02
1.580203545230874029e+00	1.598580845086224542e+02
1.586485393434537983e+00	1.587158613881442761e+02
1.592760014263005841e+00	1.586282926647419345e+02
1.599046436394670812e+00	1.571829407576852304e+02
1.605342136637478934e+00	1.570508981768973342e+02
1.611619860919608627e+00	1.561495908700169082e+02
1.617897597081673799e+00	1.554321303030686181e+02
1.624183235481122756e+00	1.545156292721220836e+02
1.630464598531913722e+00	1.536956605244637046e+02
1.636748985747638274e+00	1.526025062480346435e+02
1.643030923698886259e+00	1.519115862706481721e+02
1.649309176648513064e+00	1.516491656546182014e+02
1.655593633940351861e+00	1.506779338289938721e+02
1.661879571405086464e+00	1.498399559694495338e+02
1.668169361685170271e+00	1.495172166862323024e+02
1.674450151530487485e+00	1.488908622211519059e+02
1.680722718978495900e+00	1.477869318525134759e+02
1.687013891340952476e+00	1.471530777608077187e+02
1.693308984907921033e+00	1.462197843245042463e+02
1.699582147428448486e+00	1.457393006333830385e+02
1.705863747055134105e+00	1.451788236832987877e+02
1.712154434283889470e+00	1.440866458780979258e+02
1.718438381579399321e+00	1.439925044232758182e+02
1.724721264464063930e+00	1.432050653054655527e+02
1.730997441276920679e+00	1.424561199953747348e+02
1.737287073528269499e+00	1.416577808413681225e+02
1.743567991878527401e+00	1.407388840172627624e+02
1.749840680212231048e+00	1.407313150140161895e+02
1.756128549091961144e+00	1.398202354809194503e+02
1.762413535324792502e+00	1.391899310603322419e+02
1.768696187669963837e+00	1.384067611730479825e+02
1.774979359379055266e+00	1.381370159706416416e+02
1.781265555576432957e+00	1.374173040955584213e+02
1.787549427830244619e+00	1.366431234704635642e+02
1.793834120011633004e+00	1.360291266794205569e+02
1.800115051552487300e+00	1.355209155912974950e+02
1.806393904854530330e+00	1.347257355914474601e+02
1.812674089667083432e+00	1.348366807063645467e+02
1.818956920109354058e+00	1.332440701468285340e+02
1.825244164118212220e+00	1.331619076712577225e+02
1.831527256642196955e+00	1.329134132589522608e+02
1.837811294935716599e+00	1.319078838544623125e+02
1.844100717411196744e+00	1.316611465411757536e+02
1.850384816792487230e+00	1.307251101847471944e+02
1.856666059735203822e+00	1.302431438414015474e+02
1.862947728675613979e+00	1.296743937987234006e+02
1.869229324466858078e+00	1.292489004594916082e+02
1.875517616802973686e+00	1.286249669124191257e+02
1.881800769033795229e+00	1.277870193652539967e+02
1.888078863416442710e+00	1.274744103113456930e+02
1.894353975182237582e+00	1.269727164993253439e+02
1.900642716154182565e+00	1.263176578828373522e+02
1.906933494748685121e+00	1.255496110462295434e+02
1.913207568676573933e+00	1.253691228361988550e+02
1.919490884732178992e+00	1.248111020454264519e+02
1.925776855684274480e+00	1.243195492339829968e+02
1.932064452961978152e+00	1.237319014555421717e+02
1.938342610030488800e+00	1.229925322020294658e+02
1.944618341543410178e+00	1.223158627455099037e+02
1.950906260203513876e+00	1.221166979897696905e+02
1.957194556613796488e+00	1.214567514034495161e+02
1.963479614559011432e+00	1.211173847945540416e+02
1.969760361532916226e+00	1.203292057285537595e+02
1.976048367034604736e+00	1.201940629618815706e+02
1.982337990217652335e+00	1.194977942533324580e+02
1.988617489259562721e+00	1.191533407746244535e+02
1.994896320665194178e+00	1.182041400431972136e+02
2.001179596222827151e+00	1.177435059289925903e+02
2.007459756923499761e+00	1.175489171826458517e+02
2.013737397779169935e+00	1.169981666538709675e+02
2.020017234677497164e+00	1.162761751207736722e+02
2.026310251015072783e+00	1.160719050146509232e+02
2.032600542948020284e+00	1.157656943628100237e+02
2.038873863192099289e+00	1.151983561255302533e+02
2.045154087821675404e+00	1.146440606923757741e+02
2.051444704514288730e+00	1.141506175262110787e+02
2.057730430280644729e+00	1.134195155480917663e+02
2.064013940455224461e+00	1.130101779142537737e+02
2.070299891179459895e+00	1.130493420991406452e+02
2.076589719964883951e+00	1.120683547130233109e+02
2.082865483794470673e+00	1.118487726870665426e+02
2.089134494859368640e+00	1.114282973805247963e+02
2.095424211360070288e+00	1.108984969929217215e+02
2.101707116664804254e+00	1.103824001423234478e+02
2.107986473933564309e+00	1.098268824913353683e+02
2.114271806543862375e+00	1.096126420888703734e+02
2.120552717288892275e+00	1.088816565093675592e+02
2.126836933207161717e+00	1.086325041874084860e+02
2.133122044791171845e+00	1.082467163804535204e+02
2.139411711910842673e+00	1.080022275096747535e+02
2.145697076775292089e+00	1.073480781457987803e+02
2.151973548606471276e+00	1.069076860256335664e+02
2.158259913555724108e+00	1.067687353363015887e+02
2.164545396699105506e+00	1.060836213523387102e+02
2.170830700377734068e+00	1.057572932392255041e+02
2.177114138849150393e+00	1.052632800952431325e+02
2.183387647576827018e+00	1.051649873790627510e+02
2.189670273687676971e+00	1.045564796543853419e+02
2.195960147934207463e+00	1.041338241224154189e+02
2.202242556317716371e+00	1.037584541186157878e+02
2.208521655981037668e+00	1.032890649548287598e+02
2.214804637081333016e+00	1.027827115334526979e+02
2.221092583349425276e+00	1.025074229011705000e+02
2.227372893591468728e+00	1.020749730971454028e+02
2.233657161144248171e+00	1.017744022607744512e+02
2.239943485394438660e+00	1.012000568062846213e+02
2.246224175264620815e+00	1.008605651646902004e+02
2.252506378421252009e+00	1.005692487773337831e+02
2.258783417054270437e+00	9.999193336706463242e+01
2.265069077371457684e+00	9.966057756109623256e+01
2.271350377044131452e+00	9.947615380144047492e+01
2.277633995145353918e+00	9.901816134112522150e+01
2.283922419579920149e+00	9.886446667423231816e+01
2.290202874392252674e+00	9.823491337366105824e+01
2.296490779970905560e+00	9.795606488174720994e+01
2.302771769934229162e+00	9.761995528443009107e+01
2.309051364164305564e+00	9.727598440391581391e+01
2.315338502539088239e+00	9.674139208192630690e+01
2.321627336503874428e+00	9.648055378839340790e+01
2.327911878297218795e+00	9.620465399302079845e+01
2.334186238580297168e+00	9.574607880670377824e+01
2.340467971862688401e+00	9.563597688262207441e+01
2.346756940970738725e+00	9.506350269999809655e+01
2.353044444556199988e+00	9.464193981595283844e+01
2.359327653314069906e+00	9.449513295771977539e+01
2.365603048789861607e+00	9.410275542433880958e+01
2.371885911737665165e+00	9.385179148218290379e+01
2.378173303594019572e+00	9.327919477751926536e+01
2.384454016539381271e+00	9.328201956304712894e+01
2.390736447344785187e+00	9.274070570333492469e+01
2.397014133897952259e+00	9.249734989386602990e+01
2.403295490074321972e+00	9.209823761645124307e+01
2.409585049672506862e+00	9.181530249799511978e+01
2.415871703165322071e+00	9.137007645806217226e+01
2.422160652369088840e+00	9.122029008548020101e+01
2.428440167222748691e+00	9.102093798502062327e+01
2.434717472383889803e+00	9.053753461389693769e+01
2.441002456202044257e+00	9.025826574226123000e+01
2.447289980304530488e+00	8.979472483815561645e+01
2.453571844729242279e+00	8.962988362181937418e+01
2.459852705114058846e+00	8.911948599135189397e+01
2.466139233225018934e+00	8.905474816526519533e+01
2.472421963421291391e+00	8.888810683290500947e+01
2.478698519174224568e+00	8.846519196003586671e+01
2.484980841400355800e+00	8.822306706914640984e+01
2.491269319409339822e+00	8.790537402176030923e+01
2.497548505139029373e+00	8.777626364871673559e+01
2.503831667172610853e+00	8.737622704480051539e+01
2.510117938323931153e+00	8.709477740719363226e+01
2.516400733681277480e+00	8.675912889844981635e+01
2.522688226833368130e+00	8.638969646486805232e+01
2.528971695852665569e+00	8.616440031894492790e+01
2.535252039407670299e+00	8.600846090496726504e+01
2.541537514142774512e+00	8.571344496964832160e+01
2.547823008847572179e+00	8.538185172773977172e+01
2.554100666580690238e+00	8.513455903926065105e+01
2.560376788884177301e+00	8.479418677899411705e+01
2.566667521601497359e+00	8.469169767060942888e+01
2.572955062237090473e+00	8.434483699779532628e+01
2.579233771797999175e+00	8.426069598923466231e+01
2.585520164300948220e+00	8.397729476394373194e+01
2.591805130332431872e+00	8.382382331625694860e+01
2.598084074692260881e+00	8.342797787243577545e+01
2.604360404197643586e+00	8.323625517166799170e+01
2.610647185140439142e+00	8.286352259100985407e+01
2.616931864059273138e+00	8.271586619668890705e+01
2.623206107911065565e+00	8.238701273209406395e+01
2.629491626543270844e+00	8.231496953101621727e+01
2.635778507982642349e+00	8.213713634922267204e+01
2.642061039325260818e+00	8.172456786082716462e+01
2.648343840729305843e+00	8.161696222852904725e+01
2.654631838974855551e+00	8.145132801764508201e+01
2.660919001246303761e+00	8.118008766844344848e+01
2.667198525130066056e+00	8.084812171591086383e+01
2.673484307038032526e+00	8.065900742391325196e+01
2.679773388053849459e+00	8.046330108220585942e+01
2.686058217632288692e+00	8.031766196917018874e+01
2.692338738200057868e+00	8.006853019854139575e+01
2.698618022887226964e+00	7.976734441764686778e+01
2.704895450708277860e+00	7.962432297154342109e+01
2.711175674923682166e+00	7.952391211224946233e+01
2.717459832966957922e+00	7.917107859976312056e+01
2.723745731959044569e+00	7.911343742253383482e+01
2.730038414850594730e+00	7.884323867604402380e+01
2.736317989800789441e+00	7.871721965786379371e+01
2.742591858549239703e+00	7.862739809667199609e+01
2.748879749010778362e+00	7.837015594400557461e+01
2.755163403825859447e+00	7.805165198504415969e+01
2.761446955625852073e+00	7.790244341132824957e+01
2.767732088935374701e+00	7.760225601797208128e+01
2.774015452421743966e+00	7.765891408846032107e+01
2.780298635700591436e+00	7.749106090679376280e+01
2.786577474762241380e+00	7.730438199642728136e+01
2.792857983210164541e+00	7.712418233996153560e+01
2.799143790920211483e+00	7.697910030897237732e+01
2.805430058399325244e+00	7.665379979417531331e+01
2.811715058209780072e+00	7.658286401725523262e+01
2.817989272498773623e+00	7.643231957335234483e+01
2.824269171595737760e+00	7.635986689358232127e+01
2.830563016441804081e+00	7.622658568486598085e+01
2.836848750951622034e+00	7.596414266361209400e+01
2.843130027866129783e+00	7.584139923503309433e+01
2.849413896912404986e+00	7.584945074947248145e+01
2.855697464522425566e+00	7.556544057970353379e+01
2.861978799810683594e+00	7.542610033815148540e+01
2.868262469415629567e+00	7.556668007604788784e+01
2.874547359206753860e+00	7.534982877976747773e+01
2.880831111471525041e+00	7.515961347146834726e+01
2.887113216972382546e+00	7.506228511948513926e+01
2.893394504725182781e+00	7.490087421099609344e+01
2.899673662137033592e+00	7.474324855438777604e+01
2.905953958587380814e+00	7.462359216049134147e+01
2.912241118105161064e+00	7.442425966901534196e+01
2.918525996366671205e+00	7.439363447212427616e+01
2.924809035425688819e+00	7.445727920535907174e+01
2.931095916293684933e+00	7.419450789720808359e+01
2.937378182606774413e+00	7.418622530324043396e+01
2.943659980254369923e+00	7.416593198669484366e+01
2.949946454403890250e+00	7.402789904250261088e+01
2.956227653702202307e+00	7.379123955495440157e+01
2.962510478867462993e+00	7.376537814331481968e+01
2.968796535179442309e+00	7.375412914094827954e+01
2.975077657376874907e+00	7.357164074709352519e+01
2.981359866759223376e+00	7.360608359144333690e+01
2.987646761575656562e+00	7.354285140665862741e+01
2.993929038370399365e+00	7.346458142178119033e+01
3.000206214840962726e+00	7.334310062340637160e+01
3.006486172402415669e+00	7.330921992977312129e+01
3.012769812211594456e+00	7.330283610197226096e+01
3.019053144326170113e+00	7.326238229407400127e+01
3.025337405144251424e+00	7.305727813851856922e+01
3.031623734799107961e+00	7.311259551759849273e+01
3.037908962055872575e+00	7.316118920891558730e+01
3.044195067146031608e+00	7.318120365297123442e+01
3.050475543482170426e+00	7.297032774291419344e+01
3.056754954538277502e+00	7.292963826342635514e+01
3.063040539557494668e+00	7.293173850104086853e+01
3.069323699454357346e+00	7.295212254289566545e+01
3.075610692642898769e+00	7.290439549406376329e+01
3.081893798009918584e+00	7.293235351925194720e+01
3.088174549548037717e+00	7.287605165296066900e+01
3.094458635632868493e+00	7.298403201301506726e+01
3.100743982931558840e+00	7.297015668692391444e+01
3.107028111748448396e+00	7.295101869790693172e+01
3.113309299655494300e+00	7.292300459686524050e+01
3.119590662867241626e+00	7.295157568827288230e+01
3.125874006820172912e+00	7.298352313503772848e+01
3.132159251154602586e+00	7.293814989901102308e+01
3.138439172765940643e+00	7.294188410093782693e+01
3.144723867719826593e+00	7.311695577985685190e+01
3.151003951258561031e+00	7.304342826726831106e+01
3.157283664131563139e+00	7.299802618239630192e+01
3.163569317183839935e+00	7.322025639293464394e+01
3.169851661717792091e+00	7.312260400195862076e+01
3.176137704316093657e+00	7.318664390062632208e+01
3.182420924828643916e+00	7.326713642823361283e+01
3.188702811875577581e+00	7.332303501436071258e+01
3.194990520008989865e+00	7.346173702423581631e+01
3.201275324656983834e+00	7.347659007528743302e+01
3.207551352179861759e+00	7.363938708441735059e+01
3.213835216737041645e+00	7.362688103663671768e+01
3.220122579819103770e+00	7.366886107181329635e+01
3.226406606618656525e+00	7.352762695467554011e+01
3.232687390085645429e+00	7.332920856213441141e+01
3.238969121280456331e+00	7.322291550572919050e+01
3.245254751548589667e+00	7.293244721989347568e+01
3.251534499036136783e+00	7.285899880968288755e+01
3.257817780791052442e+00	7.264227141701853441e+01
3.264102164154097263e+00	7.247544674758736960e+01
3.270384152138468892e+00	7.226270226721541690e+01
3.276669427476867735e+00	7.211023608929804141e+01
3.282954688864507808e+00	7.201730344461752509e+01
3.289237200334947264e+00	7.181713856200512680e+01
3.295519587088236779e+00	7.161380626039726849e+01
3.301805977329951958e+00	7.160706428960700975e+01
3.308087486222440088e+00	7.146913098696113309e+01
3.314367630234227313e+00	7.131918003874234557e+01
3.320651909732194262e+00	7.125306166488576309e+01
3.326931260376857047e+00	7.092968095102277459e+01
3.333216512447217728e+00	7.082793204862663572e+01
3.339504489419978128e+00	7.070584213491194703e+01
3.345786804809928405e+00	7.051588498128135996e+01
3.352071130016277767e+00	7.041986557095646049e+01
3.358351496304225581e+00	7.047430373947180726e+01
3.364630591073392019e+00	7.021863815342486248e+01
3.370916305215045483e+00	7.004872797656456385e+01
3.377197952029413752e+00	6.998867279671205210e+01
3.383483063818085501e+00	6.978183172948502033e+01
3.389769992424469969e+00	6.966013732183492380e+01
3.396051330885982100e+00	6.967788012118786867e+01
3.402330879139463971e+00	6.938173735037246104e+01
3.408610488352048495e+00	6.934458800865232320e+01
3.414897837696641236e+00	6.917412081864678441e+01
3.421180484052105619e+00	6.903290421973244406e+01
3.427461639653846870e+00	6.904495458997911328e+01
3.433749159643459059e+00	6.883407954872001255e+01
3.440032646656798310e+00	6.884089474168666811e+01
3.446313366033385339e+00	6.862876527178787001e+01
3.452600135384134905e+00	6.857864403744184756e+01
3.458883152815406703e+00	6.853292782031867603e+01
3.465163834403715448e+00	6.836270573334513756e+01
3.471449329786229221e+00	6.825210835887790495e+01
3.477734476754053894e+00	6.809786437775854040e+01
3.484019652467224226e+00	6.814206631276736914e+01
3.490297019369712928e+00	6.796243169177265031e+01
3.496582486484379970e+00	6.779329265213783628e+01
3.502868048046865024e+00	6.776753579291909091e+01
3.509144649545451244e+00	6.777483135137204329e+01
3.515428082003116295e+00	6.766834166644407844e+01
3.521711031624695565e+00	6.759449331672871608e+01
3.527991850954735664e+00	6.739072329044482501e+01
3.534275545726699885e+00	6.721442500420903343e+01
3.540562632020772149e+00	6.723565475775392031e+01
3.546844410757220789e+00	6.716689993955716886e+01
3.553131386753758836e+00	6.708333103789057361e+01
3.559419203211965144e+00	6.699557518443791082e+01
3.565697971577579839e+00	6.675559458632555732e+01
3.571979559134798254e+00	6.676711006098449275e+01
3.578265774595833726e+00	6.669081536534089594e+01
3.584548309769353125e+00	6.668325238546962908e+01
3.590826843920031486e+00	6.667297325524263840e+01
3.597107306745233934e+00	6.656517673980532379e+01
3.603392831792229245e+00	6.639714305807555661e+01
3.609673209822572559e+00	6.631335451724906704e+01
3.615955412133016189e+00	6.619432751480091781e+01
3.622241607772384686e+00	6.623481195487308071e+01
3.628520252736676444e+00	6.621546565688124986e+01
3.634804827569451113e+00	6.618846209128489022e+01
3.641094981788862928e+00	6.609315067062003379e+01
3.647383514928639325e+00	6.606936488764365834e+01
3.653663283927725658e+00	6.596521424939192002e+01
3.659943504072155296e+00	6.590283587821448918e+01
3.666232000281138603e+00	6.579781843965464816e+01
3.672514211678317597e+00	6.577304740229411095e+01
3.678794154686042539e+00	6.566318718759970352e+01
3.685078621861909820e+00	6.570561838333148330e+01
3.691359210097977961e+00	6.557646760027931521e+01
3.697642368173791105e+00	6.554616205734710377e+01
3.703925796735277665e+00	6.550717289302670565e+01
3.710208240364660348e+00	6.543547836271412166e+01
3.716494593122387169e+00	6.548119878106103897e+01
3.722775386659595398e+00	6.544653637508920951e+01
3.729058392883481510e+00	6.528347054408740746e+01
3.735339748210807720e+00	6.519336536151614325e+01
3.741620776392969638e+00	6.517672275141720206e+01
3.747904795418762980e+00	6.519502006399105198e+01
3.754190633281219380e+00	6.506764332490696745e+01
3.760478208018912749e+00	6.524231944832511942e+01
3.766755538573464346e+00	6.515037269135453357e+01
3.773032090135151506e+00	6.511430910862604549e+01
3.779322553012896879e+00	6.508015332585158319e+01
3.785609109731308930e+00	6.499614596228632024e+01
3.791889825936295200e+00	6.495146191652850121e+01
3.798174822702435893e+00	6.494404702997269396e+01
3.804458658753491651e+00	6.498575539337919338e+01
3.810738438095723435e+00	6.506208997220836920e+01
3.817018850285747167e+00	6.501172474740840812e+01
3.823305314209427763e+00	6.495108298124861790e+01
3.829591295197792178e+00	6.500053023588530721e+01
3.835872296070849341e+00	6.481339599357126247e+01
3.842156279590906109e+00	6.496492835868146187e+01
3.848441511099312429e+00	6.480591607689726175e+01
3.854723334376886079e+00	6.482188272825460729e+01
3.861004740704794713e+00	6.490721326870415453e+01
3.867284336650660848e+00	6.493045832889258406e+01
3.873567367678779849e+00	6.484246056505283207e+01
3.879850662830422792e+00	6.478989748279271055e+01
3.886137063198143338e+00	6.485712282904631820e+01
3.892419463049126005e+00	6.495495856370560261e+01
3.898703740328622658e+00	6.501563879421665604e+01
3.904991458788179326e+00	6.495184250305702278e+01
3.911270842222104083e+00	6.486831968298230322e+01
3.917549806479573071e+00	6.504061059341771056e+01
3.923836006203090587e+00	6.493981846366079935e+01
3.930121452497870926e+00	6.486879686794284794e+01
3.936398172858230460e+00	6.494169133687158535e+01
3.942683040425962293e+00	6.514535791613815263e+01
3.948974759704379611e+00	6.502337885085343316e+01
3.955259227995065352e+00	6.505175782491546954e+01
3.961537174921395454e+00	6.494521655973223062e+01
3.967820217617139544e+00	6.513669998998170740e+01
3.974105559832568968e+00	6.508839310622143159e+01
3.980384727931198352e+00	6.517307986733466407e+01
3.986664590839849698e+00	6.525119360569694038e+01
3.992949619150675034e+00	6.524457064020290886e+01
3.999235075769965952e+00	6.519924553588296590e+01
4.005515715515433506e+00	6.530063909101718878e+01
4.011798434346478537e+00	6.549821722522148093e+01
4.018083716245132386e+00	6.544328484438321425e+01
4.024365700052603856e+00	6.543216940564637696e+01
4.030643960839860540e+00	6.557333706706867815e+01
4.036928708926215137e+00	6.556911714848310169e+01
4.043218157412017177e+00	6.576664850212280555e+01
4.049503019487663558e+00	6.566165456678288592e+01
4.055781898960511000e+00	6.568506943987563318e+01
4.062060795621602161e+00	6.588264993256980517e+01
4.068347865354716042e+00	6.587636585942873069e+01
4.074631027173265529e+00	6.605758409447871315e+01
4.080910837526078971e+00	6.615793638344428018e+01
4.087201203341442657e+00	6.614841891338097923e+01
4.093486818591942189e+00	6.617678550269042148e+01
4.099764387336505500e+00	6.637029720981018954e+01
4.106049166937662420e+00	6.635436841057519075e+01
4.112334559041358695e+00	6.644531923288317898e+01
4.118618926059533614e+00	6.670111219237567468e+01
4.124898942031112625e+00	6.658571251268386959e+01
4.131175432561665417e+00	6.664789635701073678e+01
4.137461563786142271e+00	6.681589338710210768e+01
4.143746006210170307e+00	6.690168005110388094e+01
4.150029800482964326e+00	6.711711812729480187e+01
4.156313390684649001e+00	6.716878946458993482e+01
4.162596105843763716e+00	6.725731919753715715e+01
4.168881843141768684e+00	6.720771038195299241e+01
4.175162111073220217e+00	6.738864710146937398e+01
4.181448573417560155e+00	6.744619803512513556e+01
4.187738782464171194e+00	6.763650587617971155e+01
4.194017437180169061e+00	6.777889045148879177e+01
4.200293572701767175e+00	6.782136546154249856e+01
4.206580195481546269e+00	6.784855415782469379e+01
4.212860644652220543e+00	6.821751884967693513e+01
4.219138153430114002e+00	6.832209641938213451e+01
4.225426162098283811e+00	6.832718149067521551e+01
4.231713506719782636e+00	6.856032247414776748e+01
4.237990056577191744e+00	6.873665017824278323e+01
4.244267783646744618e+00	6.869631572866349245e+01
4.250560660182562955e+00	6.890710690381136772e+01
4.256847734842668096e+00	6.894760918678498740e+01
4.263127100734456221e+00	6.930175987505990065e+01
4.269406860432507500e+00	6.938122333718973778e+01
4.275691671482192646e+00	6.965588317396343143e+01
4.281972414189518794e+00	6.978420963245167741e+01
4.288253516806755705e+00	6.965430570537422739e+01
4.294540520160492925e+00	6.972868635744696064e+01
4.300825742921731809e+00	7.019624157008473730e+01
4.307109835491901961e+00	7.014535638152818819e+01
4.313390926478413157e+00	7.041803708890698488e+01
4.319667979480563247e+00	7.036890875716483151e+01
4.325952598143786076e+00	7.067769004777304076e+01
4.332241647035422361e+00	7.075268110556326917e+01
4.338524445619096781e+00	7.118123567267245733e+01
4.344809348131129845e+00	7.100360481634591281e+01
4.351090699193166600e+00	7.131414410574541307e+01
4.357369710808320029e+00	7.141646387707716315e+01
4.363659348967174445e+00	7.161432609786231751e+01
4.369947418280990981e+00	7.173722339370189616e+01
4.376226569265827315e+00	7.198122617015911828e+01
4.382499356631129217e+00	7.196043396709045226e+01
4.388784975178015024e+00	7.222829338390567955e+01
4.395068696309480494e+00	7.230134659144482612e+01
4.401347962382031298e+00	7.253560498255501443e+01
4.407628405096517099e+00	7.269860812820544993e+01
4.413915862185140426e+00	7.288694915919981554e+01
4.420203163534264235e+00	7.295789425787671689e+01
4.426480311003382795e+00	7.295668643725126401e+01
4.432765973643649104e+00	7.341052123192730505e+01
4.439053392023870614e+00	7.324004714504754077e+01
4.445336141335588742e+00	7.332328507142189267e+01
4.451617241414883352e+00	7.357902103859342446e+01
4.457901500730311106e+00	7.358337228270130481e+01
4.464189501093017043e+00	7.395273619434173895e+01
4.470470197548729985e+00	7.359667518496058847e+01
4.476748044268524573e+00	7.378390904468264466e+01
4.483035990164653484e+00	7.396861189606686082e+01
4.489323331650528104e+00	7.405906530988589509e+01
4.495599111667934800e+00	7.424867648970290190e+01
4.501870922878794090e+00	7.403061311095746078e+01
4.508155162877705457e+00	7.406501160844432263e+01
4.514446451153479423e+00	7.374559832980261831e+01
4.520723894043856994e+00	7.404156735254851185e+01
4.527003782460155890e+00	7.362293372973178407e+01
4.533293086610313161e+00	7.371835657114338858e+01
4.539578989864040182e+00	7.369899956059171586e+01
4.545857164866476730e+00	7.327037286202518374e+01
4.552138955546025656e+00	7.327513927413166073e+01
4.558432046889146605e+00	7.331773738611234137e+01
4.564713463378488711e+00	7.312305689938928310e+01
4.570987274133244682e+00	7.293876469061511614e+01
4.577274818151045643e+00	7.284378480854290672e+01
4.583563263889338657e+00	7.268487069487699159e+01
4.589844917004465508e+00	7.314253640945142365e+01
4.596126259982004747e+00	7.305616463562655838e+01
4.602409075598298926e+00	7.300153393048512385e+01
4.608696634867644804e+00	7.308490993210460829e+01
4.614977646498861219e+00	7.292821320134952146e+01
4.621258953029527383e+00	7.297566355947587624e+01
4.627547993978874175e+00	7.318533938084014778e+01
4.633830152730579854e+00	7.304933955072831964e+01
4.640104005367354567e+00	7.352800092912153218e+01
4.646382060386754276e+00	7.330342609191356473e+01
4.652674213731970987e+00	7.328171568455127272e+01
4.658958291796220230e+00	7.349231855677257386e+01
4.665233615070169648e+00	7.352136268956853371e+01
4.671520675710307380e+00	7.351840673097821366e+01
4.677814351732177300e+00	7.366018845390200909e+01
4.684093699744638073e+00	7.394265918990052455e+01
4.690368661472568590e+00	7.407851553799741851e+01
4.696663270746453733e+00	7.412388195369942423e+01
4.702945459248681459e+00	7.390624429170810572e+01
4.709209170841929470e+00	7.408784104798643000e+01
4.715491634753063543e+00	7.435988687909745920e+01
4.721784316284933780e+00	7.468307998036665651e+01
4.728063062331094635e+00	7.450901196502492496e+01
4.734337423381671073e+00	7.491726003699882597e+01
4.740627024094544062e+00	7.455240558805795104e+01
4.746914995664547554e+00	7.471407251684510697e+01
4.753194740071086777e+00	7.537789844407052442e+01
4.759478891864783456e+00	7.506637512040387605e+01
4.765762396877359031e+00	7.546767477439136940e+01
4.772049481246195768e+00	7.607757555195360055e+01
4.778335091022592351e+00	7.611731998710747860e+01
4.784610831402393849e+00	7.572150779326993586e+01
4.790907306208476157e+00	7.587648686197427139e+01
4.797204047706418173e+00	7.640974175779618349e+01
4.803470827697504220e+00	7.637427924755873221e+01
4.809748850577324042e+00	7.649482848674834656e+01
4.816045316586602176e+00	7.702672873757671823e+01
4.822329240673497885e+00	7.725227716015440649e+01
4.828596758226470165e+00	7.740880049602978374e+01
4.834890332961369275e+00	7.745748550551736855e+01
4.841191655056394261e+00	7.798725171490045227e+01
4.847460407468000554e+00	7.772361049110256204e+01
4.853732128521334843e+00	7.797441514156528797e+01
4.860029138783373170e+00	7.855981184747886914e+01
4.866314601732018019e+00	7.891777340798340390e+01
4.872587026269203925e+00	7.908623914726121029e+01
4.878874221748241702e+00	7.947499872747835070e+01
4.885171078138658807e+00	7.940119715372780718e+01
4.891450629931857641e+00	7.935525961317873112e+01
4.897716482750221978e+00	8.010453533097984291e+01
4.904002834596266069e+00	7.994563672901414009e+01
4.910295858205786068e+00	8.052631724901270616e+01
4.916575188115905881e+00	8.097605198602583698e+01
4.922847946197084212e+00	8.080850208276150681e+01
4.929131667457151700e+00	8.182955651995997925e+01
4.935434460144239033e+00	8.208318902181305532e+01
4.941718513303545279e+00	8.237257573921242226e+01
4.947978624761803168e+00	8.229725078809147476e+01
4.954274999209829389e+00	8.278919237926804442e+01
4.960571094729937514e+00	8.315725103311211797e+01
4.966823207626954506e+00	8.323766265135844833e+01
4.973097418390337587e+00	8.407830612764998079e+01
4.979415129936382023e+00	8.424166433729996584e+01
4.985702082330368157e+00	8.424677041574774705e+01
4.991949985828016523e+00	8.526300354471027276e+01
4.998241586316924057e+00	8.569296751897023512e+01
5.004556635606089543e+00	8.535133447328308876e+01
5.010828655701208945e+00	8.633398098416094513e+01
5.017077229702536556e+00	8.648462544157905540e+01
5.023374414758113637e+00	8.657705921229020873e+01
5.029688873569548413e+00	8.685899317818970644e+01
5.035958413584124216e+00	8.829472434059086083e+01
5.042232667658486989e+00	8.858491000456798758e+01
5.048528755870775875e+00	8.917590407792151552e+01
5.054821121427484520e+00	8.899072741554813604e+01
5.061069509814582368e+00	9.007931296861481485e+01
5.067347812754101177e+00	9.024705850208913205e+01
5.073675050630431116e+00	8.989992273801696854e+01
5.079945928388977627e+00	9.104206852057440358e+01
5.086192992546071601e+00	9.163550362603150745e+01
5.092484128970163226e+00	9.205610000930464309e+01
5.098802924706086870e+00	9.233925162489863681e+01
5.105078217426394005e+00	9.348131198871661240e+01
5.111325076574067872e+00	9.431741818601861382e+01
5.117628358851224135e+00	9.430061904208129420e+01
5.123935939383525984e+00	9.524772062668134254e+01
5.130199176325612065e+00	9.562237825110500467e+01
5.136469985878846956e+00	9.576717433035616978e+01
5.142797788696348071e+00	9.712159598327286858e+01
5.149090378043822192e+00	9.778220079449117463e+01
5.155289879840074363e+00	9.808887658809497623e+01
5.161564521234301317e+00	9.854726692299824720e+01
5.167916673496016244e+00	9.930451626097215012e+01
5.174205974602950064e+00	1.008037900923681036e+02
5.180434820793812456e+00	1.013255665523111304e+02
5.186729096569634656e+00	1.014882490215820496e+02
5.193058481037780894e+00	1.021391335233657571e+02
5.199319511444338460e+00	1.023086426796323565e+02
5.205574295584361799e+00	1.052375778885476620e+02
5.211894977074066126e+00	1.050923810805110463e+02
5.218201708336958511e+00	1.050460650824545752e+02
5.224411911780083351e+00	1.064886269547280051e+02
5.230677632666463239e+00	1.072893146778268374e+02
5.237056729559757429e+00	1.089604843367627325e+02
5.243336785035660697e+00	1.089553885729572897e+02
5.249493476178225038e+00	1.098375209543349058e+02
5.255787017738318134e+00	1.104467402325792165e+02
5.262205327426889845e+00	1.116876034237144495e+02
5.268477758348532269e+00	1.118038252467384410e+02
5.274632213654732560e+00	1.146513280400522490e+02
5.280950543314659740e+00	1.153260421866763181e+02
5.287327645024750389e+00	1.141512352730229765e+02
5.293582359180156516e+00	1.154445227086131922e+02
5.299789992649893478e+00	1.167115496462847801e+02
5.306111460381987222e+00	1.176980923192320176e+02
5.312452717892129250e+00	1.194040653621504191e+02
5.318650122853046724e+00	1.210650842849990312e+02
5.324923043129819789e+00	1.216363759319689137e+02
5.331330237158205421e+00	1.216525512537352540e+02
5.337586726886338617e+00	1.263116655856406965e+02
5.343685192440848830e+00	1.259713222348461130e+02
5.350070659715249199e+00	1.266459231702915673e+02
5.356556762554878226e+00	1.278762827846418446e+02
5.362691868684501095e+00	1.288741581327067820e+02
5.368769208912516966e+00	1.300218074611726138e+02
5.375270137997677722e+00	1.317652096770802359e+02
5.381769983045385786e+00	1.333651162237809444e+02
5.387701030372958222e+00	1.357245108411916021e+02
5.393786668001271600e+00	1.372510300872269795e+02
5.400446161099396569e+00	1.382069923699369838e+02
5.406957063684501463e+00	1.394200957063909243e+02
5.412655672453426270e+00	1.413147055220333641e+02
5.418821279260546575e+00	1.414725312720211434e+02
5.425690594366304076e+00	1.422923125814159278e+02
5.432217487502165376e+00	1.457396801471212484e+02
5.437649811577258241e+00	1.456651890674287415e+02
5.443914404015878006e+00	1.474622319386679692e+02
5.450953501686320202e+00	1.511453682553801343e+02
5.457483690405861232e+00	1.539589620078084238e+02
5.462715250135157241e+00	1.506980414100305836e+02
5.469033575551323523e+00	1.586870521109800336e+02
5.476177730420278778e+00	1.656719814455762503e+02
5.482708935702562236e+00	1.607506009958388518e+02
5.487722405008360838e+00	1.663820855261875522e+02
5.494194284996126498e+00	1.684022072995571477e+02
5.501391471009256406e+00	1.671443720721369459e+02
5.507128202673079009e+00	1.775524762500727718e+02
5.512278020050448646e+00	1.655258539770740924e+02
5.519395563377015534e+00	1.763255810412130131e+02
5.526598678609708770e+00	1.686767173813103113e+02
5.532162682462509196e+00	1.776123687503114184e+02
5.537397124017139127e+00	1.787700930114081928e+02
5.544582756485218589e+00	1.612630539619880494e+02
5.551739327507637434e+00	1.865376647532943366e+02
5.557493306674907707e+00	2.534761716543166017e+02
5.562281709102816940e+00	1.598680051693741007e+02
5.569272720323164449e+00	2.915236625690016581e+02
