8.899641224696953554e-03	3.694737278687767230e+03
1.507912216506557788e-02	6.189867432831106271e+03
2.144790186456836667e-02	6.301867286940439044e+03
2.783660776489276650e-02	7.842264254379198974e+03
3.435099785803411021e-02	6.525037170153422267e+03
4.047886761425745911e-02	6.201562004614821490e+03
4.676716683575679601e-02	6.345202085454562621e+03
5.308225101765951665e-02	5.401015878098655776e+03
5.945362440940590160e-02	5.540762727534814985e+03
6.576224814588792211e-02	4.730755227600152466e+03
7.196632906698736953e-02	4.829548854624176784e+03
7.827860915688347743e-02	4.654329989086948444e+03
8.470398945834539672e-02	4.169441880706145639e+03
9.096854620527369817e-02	3.856087956509461492e+03
9.720789776830213169e-02	3.824695438430861032e+03
1.034763038959366499e-01	3.306559324930729417e+03
1.097576444254559219e-01	3.228382357162030985e+03
1.160543084780093354e-01	3.040814566311485578e+03
1.223669666537485351e-01	2.848345400187282848e+03
1.286817263090294094e-01	2.728855606064314088e+03
1.349500801664080818e-01	2.564460315186944172e+03
1.411949558842147678e-01	2.419450897278094544e+03
1.475133575747468451e-01	2.361529446488524172e+03
1.537865074252268427e-01	2.211411880928492792e+03
1.600657544051110326e-01	2.105172903571601637e+03
1.663991168687080635e-01	2.022634250771607412e+03
1.727195645776442856e-01	1.934357099320097632e+03
1.789765213377084718e-01	1.839131441259035455e+03
1.852353690647852158e-01	1.778317550520411487e+03
1.914806787341157279e-01	1.671430838756514277e+03
1.977889868651535599e-01	1.585700206484788851e+03
2.040937735447724277e-01	1.525302263580668523e+03
2.103939302609846018e-01	1.497745633973806889e+03
2.166909709822301688e-01	1.434972855365017040e+03
2.229700281216152047e-01	1.414642559281171998e+03
2.292620027086341994e-01	1.354233929774414264e+03
2.355141508366812297e-01	1.311555348838238388e+03
2.417910583817859116e-01	1.269659317298415090e+03
2.480856539439619257e-01	1.248960229045972255e+03
2.543492256872954549e-01	1.168812607871299861e+03
2.606334251884805386e-01	1.156274150755370101e+03
2.669257370896960802e-01	1.110346286075090802e+03
2.732423343141155980e-01	1.092479101669124702e+03
2.795529680084415936e-01	1.068411750403478663e+03
2.858366292314493129e-01	1.033571852201402407e+03
2.920876271394311496e-01	1.004099940847952439e+03
2.983449844439822751e-01	9.695100618167832636e+02
3.046382639407197446e-01	9.598489032595947492e+02
3.109279127003197196e-01	9.349266575225698261e+02
3.172168171618398036e-01	9.267610715559570735e+02
3.235187567944423082e-01	8.990054358642501029e+02
3.298168217550395687e-01	8.595728711375730882e+02
3.361176429457156667e-01	8.456803203885772291e+02
3.423700375709273769e-01	8.291562408452832642e+02
3.486478192666269682e-01	8.150495269402402982e+02
3.549411614411318028e-01	8.018807137801861700e+02
3.611916935421040642e-01	7.804115780814913705e+02
3.674767089563572564e-01	7.678655043766651715e+02
3.737647795277591056e-01	7.478887099867646384e+02
3.800654031475132477e-01	7.442876245091877081e+02
3.863539861259823738e-01	7.264511897821338380e+02
3.926140181364449755e-01	7.085691181796790943e+02
3.989264500321934581e-01	6.987976714309997988e+02
4.052073244576828714e-01	6.913241534772089381e+02
4.114916477570477182e-01	6.794225581902331896e+02
4.177814272116491257e-01	6.674105023037280944e+02
4.240400648725131116e-01	6.528573915591703098e+02
4.303425690270192283e-01	6.430101522742666020e+02
4.366358560255625965e-01	6.358094146471859176e+02
4.428996183220763605e-01	6.207580146469986175e+02
4.491634418529859563e-01	6.146814652560009336e+02
4.554414146254732731e-01	6.051240345093201540e+02
4.617634470301058558e-01	5.965611660577840212e+02
4.680644242023710433e-01	5.889847479184221584e+02
4.743485242764365895e-01	5.845710440522752833e+02
4.806356136815400082e-01	5.759031920613464308e+02
4.869019258388697646e-01	5.676672197650362932e+02
4.931697099599955947e-01	5.583023122130404090e+02
4.994506747144535908e-01	5.498863625270960256e+02
5.057159051335421429e-01	5.433922391364128544e+02
5.119923996268095356e-01	5.437808304444840815e+02
5.183126097768406826e-01	5.297626442443839778e+02
5.246089638029100000e-01	5.255481429840536975e+02
5.308757308483337267e-01	5.170852902106968259e+02
5.371573527946726934e-01	5.147650829352128312e+02
5.434579563783791256e-01	5.061711432801325827e+02
5.497430652392217842e-01	5.035287638328221647e+02
5.559937427501778773e-01	4.962271159306637855e+02
5.622854676609657654e-01	4.874052265898973246e+02
5.686011537227265711e-01	4.820820519746921491e+02
5.748804589422079614e-01	4.787032154216204844e+02
5.811550210340560296e-01	4.732013369206526932e+02
5.874394496660968468e-01	4.717300055912489256e+02
5.937176220296899176e-01	4.653895206544109442e+02
5.999971954793682505e-01	4.581089736850350960e+02
6.062679115124277596e-01	4.571637169918126915e+02
6.125469576444534381e-01	4.518242013764860872e+02
6.188477733041515272e-01	4.437164234918832904e+02
6.251310567437898813e-01	4.403848479752327307e+02
6.314027450383210560e-01	4.349388528588447684e+02
6.377003562732055375e-01	4.308598864952469967e+02
6.439857783314556494e-01	4.286872033246687010e+02
6.502685417166111925e-01	4.261216950227644134e+02
6.565586117699038216e-01	4.216140465534791133e+02
6.628369282359254377e-01	4.170964821053312903e+02
6.691185444962194362e-01	4.136732943333806816e+02
6.754070198575605755e-01	4.095064048564825612e+02
6.816835514593204692e-01	4.074480025897406108e+02
6.879592533861698112e-01	4.026130537381974364e+02
6.942344317039531587e-01	4.007789537034697105e+02
7.005175402434737908e-01	3.987880447417155665e+02
7.068124956608716758e-01	3.929993001957475371e+02
7.131019009674921527e-01	3.889048040939842963e+02
7.193918251171427247e-01	3.875445667916997081e+02
7.256833807598113140e-01	3.866095624252843095e+02
7.319652682709349989e-01	3.795358097279280400e+02
7.382507990484923344e-01	3.783361056177332102e+02
7.445265842115937893e-01	3.732969711306077443e+02
7.507871101942712455e-01	3.706174926842311947e+02
7.570758465316046459e-01	3.669860460675924969e+02
7.633641233600957365e-01	3.667173949391649330e+02
7.696462959862266917e-01	3.627969110597402960e+02
7.759394865175414102e-01	3.613306781460522075e+02
7.822329141989586843e-01	3.595505994531678766e+02
7.885314936520240181e-01	3.558899862723915817e+02
7.947896566979522071e-01	3.537261786337725198e+02
8.010491096592354809e-01	3.475368812315274454e+02
8.073364061727361651e-01	3.478705392574547091e+02
8.136229488373866170e-01	3.449949538696554896e+02
8.199152998961036776e-01	3.436747809960004361e+02
8.261952636392789762e-01	3.397635674679323188e+02
8.324897070080405914e-01	3.390502110032045948e+02
8.387959309210778480e-01	3.360073918997733813e+02
8.450634639703045181e-01	3.329369002769668668e+02
8.513282867562648182e-01	3.305075109059582701e+02
8.576198263902009566e-01	3.284340526697185965e+02
8.639058477062415697e-01	3.273810380797611401e+02
8.701838745487597837e-01	3.256937275352384518e+02
8.764641096075268534e-01	3.215004422162579658e+02
8.827503873399735745e-01	3.200274607332144114e+02
8.890332768393869323e-01	3.191639359030036758e+02
8.953084247113127780e-01	3.157668628193171685e+02
9.015956521667095602e-01	3.133638109141716086e+02
9.078833328094829680e-01	3.120300989005315273e+02
9.141744106319863450e-01	3.104504356673989491e+02
9.204630817717615043e-01	3.089672196246847307e+02
9.267434415264711456e-01	3.061628534565475093e+02
9.330324197354928906e-01	3.048592053410410472e+02
9.393265785573878812e-01	3.034258227887934254e+02
9.455974810398196650e-01	3.009829049038701214e+02
9.518660018545171964e-01	3.000341397924587454e+02
9.581413255531838757e-01	2.971226807995413424e+02
9.644350945109106954e-01	2.948550795803081428e+02
9.707355633568249820e-01	2.941686332829651747e+02
9.770080768450029041e-01	2.921889007978730319e+02
9.832823325363413414e-01	2.913213286664264956e+02
9.895569691966674686e-01	2.883294652043203996e+02
9.958456301921106979e-01	2.869580764771242798e+02
1.002136210743837408e+00	2.854421291987308109e+02
1.008404825335135424e+00	2.829903063770088920e+02
1.014694149836243398e+00	2.833654608651254989e+02
1.020992555437297167e+00	2.792172350685540891e+02
1.027273980437394485e+00	2.785490974816276548e+02
1.033559181896017254e+00	2.780577797340274628e+02
1.039847557392594934e+00	2.749240666652758591e+02
1.046126974943305088e+00	2.726850300071787956e+02
1.052403436811028659e+00	2.717218416505641585e+02
1.058680704651608684e+00	2.704197379754715485e+02
1.064964333065789193e+00	2.697241738949391561e+02
1.071256777440835473e+00	2.685555911793221071e+02
1.077544048801078125e+00	2.660828011691481265e+02
1.083824820188043603e+00	2.652786452596500339e+02
1.090108023942816695e+00	2.649131501365415033e+02
1.096389665956643222e+00	2.614201612595495590e+02
1.102681132058841440e+00	2.603196874351891097e+02
1.108963047594879958e+00	2.601272374762760364e+02
1.115225428463759272e+00	2.582732325691281403e+02
1.121502127614767863e+00	2.574717819520231501e+02
1.127792573824792033e+00	2.559359846874234563e+02
1.134089552668382961e+00	2.542114652675730611e+02
1.140364049650405942e+00	2.532892542361513506e+02
1.146639180320979445e+00	2.518780466208504265e+02
1.152942412991649901e+00	2.498845568040598550e+02
1.159228906751078814e+00	2.490849079333840166e+02
1.165508721887268173e+00	2.483755714464726907e+02
1.171793076256210320e+00	2.469562638708979136e+02
1.178087436369658958e+00	2.452102695654853619e+02
1.184367654251526902e+00	2.444441533006553584e+02
1.190634642299266632e+00	2.432010517173561368e+02
1.196912208834400859e+00	2.421026481998241877e+02
1.203201577354146234e+00	2.403342994570543851e+02
1.209486844441705733e+00	2.392653478704184238e+02
1.215763902074809888e+00	2.377622158953940925e+02
1.222049755171146668e+00	2.373910648149690417e+02
1.228340616621486969e+00	2.358756234336144075e+02
1.234632986576932767e+00	2.341912049954615895e+02
1.240902247176856488e+00	2.340602744561168436e+02
1.247174839144687519e+00	2.326032975764355797e+02
1.253465459933442272e+00	2.308234086981287021e+02
1.259749951892178421e+00	2.297917428950159433e+02
1.266032143127253873e+00	2.289248026100400750e+02
1.272316288472006507e+00	2.276951681571160009e+02
1.278604155058621350e+00	2.267559425192181664e+02
1.284886588933593865e+00	2.260064036492565265e+02
1.291175420066583257e+00	2.245200518968210019e+02
1.297465726373772332e+00	2.237052695650575913e+02
1.303741827011944299e+00	2.224968438769726049e+02
1.310017322922761851e+00	2.217769259361053287e+02
1.316301447662886703e+00	2.215478996327085213e+02
1.322586760363303249e+00	2.194692503977539104e+02
1.328865492452874664e+00	2.192859249278827178e+02
1.335144804954555564e+00	2.173683954855958120e+02
1.341440516272275119e+00	2.165762433575707746e+02
1.347730868417094552e+00	2.152308954787444293e+02
1.354001589994877630e+00	2.143596135166383476e+02
1.360282609297778444e+00	2.142768879102682433e+02
1.366565686457597906e+00	2.133259774719758184e+02
1.372851498482432708e+00	2.119487761917292517e+02
1.379135372929401804e+00	2.111533037925619851e+02
1.385409567149057164e+00	2.099717707091338355e+02
1.391698641219299315e+00	2.090636704854961465e+02
1.397984451439470810e+00	2.080031909636863077e+02
1.404267883409181961e+00	2.062812198802420482e+02
1.410554779484869181e+00	2.058980029156629712e+02
1.416837833547465397e+00	2.048067805775133081e+02
1.423118177187137068e+00	2.038847335436875028e+02
1.429397801164240089e+00	2.034779578554615682e+02
1.435686921822787232e+00	2.025428789186861138e+02
1.441977121769299597e+00	2.011585861970977192e+02
1.448253667853332427e+00	2.011099126260486116e+02
1.454532348972172651e+00	1.993181972053188815e+02
1.460819319151879903e+00	1.985709327073608108e+02
1.467110364402026468e+00	1.981709797734817471e+02
1.473392908948962132e+00	1.975598151392236730e+02
1.479669965243598950e+00	1.956503647661709238e+02
1.485956144602843532e+00	1.953014152622501172e+02
1.492233610763115115e+00	1.949536685954654160e+02
1.498502470379980078e+00	1.939713466034785085e+02
1.504785752051182701e+00	1.929749543252980573e+02
1.511075991894575976e+00	1.920196716791970744e+02
1.517361634985162189e+00	1.911591107932104023e+02
1.523648570969130533e+00	1.903564603107230369e+02
1.529938035715892264e+00	1.897437712822087690e+02
1.536230176913891965e+00	1.887018640487206937e+02
1.542510718779388279e+00	1.878661120112925289e+02
1.548783963082980275e+00	1.868714668199642688e+02
1.555073069779651318e+00	1.857845819208795888e+02
1.561357324927233892e+00	1.858771626373738854e+02
1.567629121053141006e+00	1.849087205206801912e+02
1.573913697404382583e+00	1.838841971350346967e+02
1.580203545230874029e+00	1.829134885778699129e+02
1.586485393434537983e+00	1.827073470360874126e+02
1.592760014263005841e+00	1.814550549580485779e+02
1.599046436394670812e+00	1.811572836053398987e+02
1.605342136637478934e+00	1.803587734397204656e+02
1.611619860919608627e+00	1.790678663361875351e+02
1.617897597081673799e+00	1.785069366106013149e+02
1.624183235481122756e+00	1.779383591279765255e+02
1.630464598531913722e+00	1.772574675803202524e+02
1.636748985747638274e+00	1.763998734894667848e+02
1.643030923698886259e+00	1.756668802702875212e+02
1.649309176648513064e+00	1.751423741894053023e+02
1.655593633940351861e+00	1.744605490093971696e+02
1.661879571405086464e+00	1.734862213451932860e+02
1.668169361685170271e+00	1.728225359556305989e+02
1.674450151530487485e+00	1.721479143953464757e+02
1.680722718978495900e+00	1.710475633026494791e+02
1.687013891340952476e+00	1.708722914684162220e+02
1.693308984907921033e+00	1.702199678796569629e+02
1.699582147428448486e+00	1.688756205797024563e+02
1.705863747055134105e+00	1.685148928121948870e+02
1.712154434283889470e+00	1.676004497403326354e+02
1.718438381579399321e+00	1.670152051086350866e+02
1.724721264464063930e+00	1.665862887135847927e+02
1.730997441276920679e+00	1.659266901900191726e+02
1.737287073528269499e+00	1.649444167127905700e+02
1.743567991878527401e+00	1.646392676921063014e+02
1.749840680212231048e+00	1.639613700956083164e+02
1.756128549091961144e+00	1.635071894720339287e+02
1.762413535324792502e+00	1.622534313417456815e+02
1.768696187669963837e+00	1.619681010941665704e+02
1.774979359379055266e+00	1.614337745888949769e+02
1.781265555576432957e+00	1.607317092464177506e+02
1.787549427830244619e+00	1.598998748021888616e+02
1.793834120011633004e+00	1.591873641942509323e+02
1.800115051552487300e+00	1.590041293244512701e+02
1.806393904854530330e+00	1.578305632795901658e+02
1.812674089667083432e+00	1.573008623826672192e+02
1.818956920109354058e+00	1.567335603084269167e+02
1.825244164118212220e+00	1.563261347944631439e+02
1.831527256642196955e+00	1.556275346996607993e+02
1.837811294935716599e+00	1.551314518996971401e+02
1.844100717411196744e+00	1.542730459562208978e+02
1.850384816792487230e+00	1.538663483132857834e+02
1.856666059735203822e+00	1.530845937743610534e+02
1.862947728675613979e+00	1.526535918699844672e+02
1.869229324466858078e+00	1.519343554741830928e+02
1.875517616802973686e+00	1.510948704460053591e+02
1.881800769033795229e+00	1.508133288214884260e+02
1.888078863416442710e+00	1.498449739800457223e+02
1.894353975182237582e+00	1.499143544727351411e+02
1.900642716154182565e+00	1.490319849544818283e+02
1.906933494748685121e+00	1.482533910604574032e+02
1.913207568676573933e+00	1.480765679409383324e+02
1.919490884732178992e+00	1.474381833911146202e+02
1.925776855684274480e+00	1.467754447313785420e+02
1.932064452961978152e+00	1.462400932663655908e+02
1.938342610030488800e+00	1.456438125270955481e+02
1.944618341543410178e+00	1.450399644633133107e+02
1.950906260203513876e+00	1.443554322888626587e+02
1.957194556613796488e+00	1.438309201684968457e+02
1.963479614559011432e+00	1.438246116334127862e+02
1.969760361532916226e+00	1.431277325496358230e+02
1.976048367034604736e+00	1.421855433494474710e+02
1.982337990217652335e+00	1.417526247019381458e+02
1.988617489259562721e+00	1.415801220795192137e+02
1.994896320665194178e+00	1.408404764820657817e+02
2.001179596222827151e+00	1.402259594562466418e+02
2.007459756923499761e+00	1.397490426256309490e+02
2.013737397779169935e+00	1.391247002991639761e+02
2.020017234677497164e+00	1.382937526392491350e+02
2.026310251015072783e+00	1.381725281644758923e+02
2.032600542948020284e+00	1.377511813072197242e+02
2.038873863192099289e+00	1.368438720033321374e+02
2.045154087821675404e+00	1.368546071025789956e+02
2.051444704514288730e+00	1.358460070835630518e+02
2.057730430280644729e+00	1.354280426088583056e+02
2.064013940455224461e+00	1.350235269376235294e+02
2.070299891179459895e+00	1.345602574932297273e+02
2.076589719964883951e+00	1.339200769338728207e+02
2.082865483794470673e+00	1.334914496131010822e+02
2.089134494859368640e+00	1.330472841020477404e+02
2.095424211360070288e+00	1.325870021543395012e+02
2.101707116664804254e+00	1.320028278304291121e+02
2.107986473933564309e+00	1.316066134469664064e+02
2.114271806543862375e+00	1.310338495157020304e+02
2.120552717288892275e+00	1.308020023752957286e+02
2.126836933207161717e+00	1.302101738566479412e+02
2.133122044791171845e+00	1.298380507311938459e+02
2.139411711910842673e+00	1.290676069462632825e+02
2.145697076775292089e+00	1.291055916198638158e+02
2.151973548606471276e+00	1.284606200951407118e+02
2.158259913555724108e+00	1.280281379899648471e+02
2.164545396699105506e+00	1.274298858841331992e+02
2.170830700377734068e+00	1.271491508773588350e+02
2.177114138849150393e+00	1.266491993272873771e+02
2.183387647576827018e+00	1.260807453093060246e+02
2.189670273687676971e+00	1.254440097736443249e+02
2.195960147934207463e+00	1.250138372996349432e+02
2.202242556317716371e+00	1.248496920803669070e+02
2.208521655981037668e+00	1.243594968172217392e+02
2.214804637081333016e+00	1.238198781686799776e+02
2.221092583349425276e+00	1.236715974014494037e+02
2.227372893591468728e+00	1.231827237857185082e+02
2.233657161144248171e+00	1.224897242963873509e+02
2.239943485394438660e+00	1.222196735272283519e+02
2.246224175264620815e+00	1.215809615718791434e+02
2.252506378421252009e+00	1.215312325916606397e+02
2.258783417054270437e+00	1.209880610349638630e+02
2.265069077371457684e+00	1.206965953080437544e+02
2.271350377044131452e+00	1.201908905744961942e+02
2.277633995145353918e+00	1.193737653777099013e+02
2.283922419579920149e+00	1.193726181474705612e+02
2.290202874392252674e+00	1.188074595244031570e+02
2.296490779970905560e+00	1.184736302490237989e+02
2.302771769934229162e+00	1.181632365219730048e+02
2.309051364164305564e+00	1.176725109339853503e+02
2.315338502539088239e+00	1.171859208625275670e+02
2.321627336503874428e+00	1.170376486581601370e+02
2.327911878297218795e+00	1.166280628541136650e+02
2.334186238580297168e+00	1.163492533464954306e+02
2.340467971862688401e+00	1.156041639427282917e+02
2.346756940970738725e+00	1.154370720218449122e+02
2.353044444556199988e+00	1.150592622979490756e+02
2.359327653314069906e+00	1.146928864284819412e+02
2.365603048789861607e+00	1.142353259818784039e+02
2.371885911737665165e+00	1.135472709114555983e+02
2.378173303594019572e+00	1.138359130520808691e+02
2.384454016539381271e+00	1.131734992500991694e+02
2.390736447344785187e+00	1.127865026462143021e+02
2.397014133897952259e+00	1.124147188484663218e+02
2.403295490074321972e+00	1.120484032830492538e+02
2.409585049672506862e+00	1.118314183568101186e+02
2.415871703165322071e+00	1.116554951407078988e+02
2.422160652369088840e+00	1.112267396879205137e+02
2.428440167222748691e+00	1.109413976725632835e+02
2.434717472383889803e+00	1.104823885012296358e+02
2.441002456202044257e+00	1.101343774250424730e+02
2.447289980304530488e+00	1.097554413444885455e+02
2.453571844729242279e+00	1.093627257115287392e+02
2.459852705114058846e+00	1.090314012804546167e+02
2.466139233225018934e+00	1.086700877520398478e+02
2.472421963421291391e+00	1.083823596894432058e+02
2.478698519174224568e+00	1.080290122881088166e+02
2.484980841400355800e+00	1.077792012895936153e+02
2.491269319409339822e+00	1.074056905960821808e+02
2.497548505139029373e+00	1.071794087155226123e+02
2.503831667172610853e+00	1.068897905638951329e+02
2.510117938323931153e+00	1.066858755712999027e+02
2.516400733681277480e+00	1.063710217373162976e+02
2.522688226833368130e+00	1.060555197652889774e+02
2.528971695852665569e+00	1.054318961571324991e+02
2.535252039407670299e+00	1.054783364099203311e+02
2.541537514142774512e+00	1.048715811666231161e+02
2.547823008847572179e+00	1.046513199518835080e+02
2.554100666580690238e+00	1.045717021197330467e+02
2.560376788884177301e+00	1.041873265798329982e+02
2.566667521601497359e+00	1.037604934082609986e+02
2.572955062237090473e+00	1.035917402508024452e+02
2.579233771797999175e+00	1.032200937486215508e+02
2.585520164300948220e+00	1.032303548160694220e+02
2.591805130332431872e+00	1.028259545554008696e+02
2.598084074692260881e+00	1.024383938435389894e+02
2.604360404197643586e+00	1.023197114992447894e+02
2.610647185140439142e+00	1.019012424437818680e+02
2.616931864059273138e+00	1.017933375526495325e+02
2.623206107911065565e+00	1.014462662174186107e+02
2.629491626543270844e+00	1.012366198683275229e+02
2.635778507982642349e+00	1.009334322032164124e+02
2.642061039325260818e+00	1.006617560218026455e+02
2.648343840729305843e+00	1.003262770155221375e+02
2.654631838974855551e+00	1.002371100664828703e+02
2.660919001246303761e+00	9.984160942876221156e+01
2.667198525130066056e+00	9.974020902974062608e+01
2.673484307038032526e+00	9.949808494413163373e+01
2.679773388053849459e+00	9.927557666717807194e+01
2.686058217632288692e+00	9.916731579427384702e+01
2.692338738200057868e+00	9.868489091198959784e+01
2.698618022887226964e+00	9.866245021460926523e+01
2.704895450708277860e+00	9.827779214695074472e+01
2.711175674923682166e+00	9.817152825243614700e+01
2.717459832966957922e+00	9.780318452324050327e+01
2.723745731959044569e+00	9.758533782797202605e+01
2.730038414850594730e+00	9.756020148777930956e+01
2.736317989800789441e+00	9.733953592049904557e+01
2.742591858549239703e+00	9.716053171488090356e+01
2.748879749010778362e+00	9.692290476642452290e+01
2.755163403825859447e+00	9.673284132764963772e+01
2.761446955625852073e+00	9.636076676581738809e+01
2.767732088935374701e+00	9.639520256679971055e+01
2.774015452421743966e+00	9.615664221471898543e+01
2.780298635700591436e+00	9.592095007888384828e+01
2.786577474762241380e+00	9.583106838140891170e+01
2.792857983210164541e+00	9.576956348039196598e+01
2.799143790920211483e+00	9.528791249277833231e+01
2.805430058399325244e+00	9.513804115571956288e+01
2.811715058209780072e+00	9.493894752144441895e+01
2.817989272498773623e+00	9.488309766783189048e+01
2.824269171595737760e+00	9.462876253306789920e+01
2.830563016441804081e+00	9.456575481248721360e+01
2.836848750951622034e+00	9.457373008169030015e+01
2.843130027866129783e+00	9.416388761467970880e+01
2.849413896912404986e+00	9.399617055188468839e+01
2.855697464522425566e+00	9.387063195292577689e+01
2.861978799810683594e+00	9.385974087988789449e+01
2.868262469415629567e+00	9.350361938249793070e+01
2.874547359206753860e+00	9.349146731287764567e+01
2.880831111471525041e+00	9.346968827712957761e+01
2.887113216972382546e+00	9.329110413240330502e+01
2.893394504725182781e+00	9.314221792796406874e+01
2.899673662137033592e+00	9.295486203162330696e+01
2.905953958587380814e+00	9.299981823624106880e+01
2.912241118105161064e+00	9.283529802835718669e+01
2.918525996366671205e+00	9.276187271108420873e+01
2.924809035425688819e+00	9.256234666760011010e+01
2.931095916293684933e+00	9.245343493071283092e+01
2.937378182606774413e+00	9.251522213964067021e+01
2.943659980254369923e+00	9.237955772300308865e+01
2.949946454403890250e+00	9.219686533111205051e+01
2.956227653702202307e+00	9.216559357911901884e+01
2.962510478867462993e+00	9.212847508974655852e+01
2.968796535179442309e+00	9.199879421229660181e+01
2.975077657376874907e+00	9.187057116441482663e+01
2.981359866759223376e+00	9.183705406537154659e+01
2.987646761575656562e+00	9.181970731558882903e+01
2.993929038370399365e+00	9.170388306729741146e+01
3.000206214840962726e+00	9.166104028699369621e+01
3.006486172402415669e+00	9.165656619106221115e+01
3.012769812211594456e+00	9.145966554673260873e+01
3.019053144326170113e+00	9.136413253089074260e+01
3.025337405144251424e+00	9.149215947553052786e+01
3.031623734799107961e+00	9.149337696113531138e+01
3.037908962055872575e+00	9.136267365410074603e+01
3.044195067146031608e+00	9.143983292648630368e+01
3.050475543482170426e+00	9.146227742942029693e+01
3.056754954538277502e+00	9.131372861983504663e+01
3.063040539557494668e+00	9.125081337371652523e+01
3.069323699454357346e+00	9.131469385248087178e+01
3.075610692642898769e+00	9.114822176558212163e+01
3.081893798009918584e+00	9.131480343164353997e+01
3.088174549548037717e+00	9.114333885315409134e+01
3.094458635632868493e+00	9.127198489676253246e+01
3.100743982931558840e+00	9.123245405072928804e+01
3.107028111748448396e+00	9.148801492991913165e+01
3.113309299655494300e+00	9.133584155097226187e+01
3.119590662867241626e+00	9.135733283227551738e+01
3.125874006820172912e+00	9.144510436856026558e+01
3.132159251154602586e+00	9.133898645957567908e+01
3.138439172765940643e+00	9.147918940895947060e+01
3.144723867719826593e+00	9.149685474084058967e+01
3.151003951258561031e+00	9.154879490385852137e+01
3.157283664131563139e+00	9.172323751686222693e+01
3.163569317183839935e+00	9.175503633215069499e+01
3.169851661717792091e+00	9.181578076507835817e+01
3.176137704316093657e+00	9.173770792558201492e+01
3.182420924828643916e+00	9.193311374305173445e+01
3.188702811875577581e+00	9.211721630763166502e+01
3.194990520008989865e+00	9.217211066576091127e+01
3.201275324656983834e+00	9.227473106367227729e+01
3.207551352179861759e+00	9.231901065095941306e+01
3.213835216737041645e+00	9.254368637776515527e+01
3.220122579819103770e+00	9.252742757968047727e+01
3.226406606618656525e+00	9.222508069145185061e+01
3.232687390085645429e+00	9.210051658231591887e+01
3.238969121280456331e+00	9.201267598203293119e+01
3.245254751548589667e+00	9.174631392063369617e+01
3.251534499036136783e+00	9.165074405550815584e+01
3.257817780791052442e+00	9.134139577197203153e+01
3.264102164154097263e+00	9.126503490768092774e+01
3.270384152138468892e+00	9.114931068781406509e+01
3.276669427476867735e+00	9.083636629862665757e+01
3.282954688864507808e+00	9.073661122077935204e+01
3.289237200334947264e+00	9.060483598571006780e+01
3.295519587088236779e+00	9.029576671901590146e+01
3.301805977329951958e+00	9.019932288710461421e+01
3.308087486222440088e+00	9.023348921911878051e+01
3.314367630234227313e+00	8.987045864929788763e+01
3.320651909732194262e+00	8.974647353864567378e+01
3.326931260376857047e+00	8.954686225099854369e+01
3.333216512447217728e+00	8.929471233115152984e+01
3.339504489419978128e+00	8.916962420187027760e+01
3.345786804809928405e+00	8.911541467441955433e+01
3.352071130016277767e+00	8.905743476790901525e+01
3.358351496304225581e+00	8.871363462394768362e+01
3.364630591073392019e+00	8.862133385135858532e+01
3.370916305215045483e+00	8.852911409380584473e+01
3.377197952029413752e+00	8.828635225607409609e+01
3.383483063818085501e+00	8.837090104645346855e+01
3.389769992424469969e+00	8.810014559985864935e+01
3.396051330885982100e+00	8.781774374415284967e+01
3.402330879139463971e+00	8.773434796270046832e+01
3.408610488352048495e+00	8.767618815443395874e+01
3.414897837696641236e+00	8.760355499866916773e+01
3.421180484052105619e+00	8.745923579737022635e+01
3.427461639653846870e+00	8.726721912917274437e+01
3.433749159643459059e+00	8.718028519745686822e+01
3.440032646656798310e+00	8.705907610874474756e+01
3.446313366033385339e+00	8.693848678846200073e+01
3.452600135384134905e+00	8.677869319628729272e+01
3.458883152815406703e+00	8.659739627815544338e+01
3.465163834403715448e+00	8.661177864916898272e+01
3.471449329786229221e+00	8.658106898950704533e+01
3.477734476754053894e+00	8.633775998338285262e+01
3.484019652467224226e+00	8.617697922693713508e+01
3.490297019369712928e+00	8.615468550096100842e+01
3.496582486484379970e+00	8.590601560540885373e+01
3.502868048046865024e+00	8.580153980929195257e+01
3.509144649545451244e+00	8.580206682433450283e+01
3.515428082003116295e+00	8.562399371617996735e+01
3.521711031624695565e+00	8.553740146897524710e+01
3.527991850954735664e+00	8.543516162941160985e+01
3.534275545726699885e+00	8.546333263170390637e+01
3.540562632020772149e+00	8.522179253986051606e+01
3.546844410757220789e+00	8.518415523690322289e+01
3.553131386753758836e+00	8.502827392186785005e+01
3.559419203211965144e+00	8.498042214464202004e+01
3.565697971577579839e+00	8.479863323551094823e+01
3.571979559134798254e+00	8.465300010883099446e+01
3.578265774595833726e+00	8.473897898293847675e+01
3.584548309769353125e+00	8.446606216366754438e+01
3.590826843920031486e+00	8.445473250005035482e+01
3.597107306745233934e+00	8.442120050419163135e+01
3.603392831792229245e+00	8.426698550485467365e+01
3.609673209822572559e+00	8.419379350235617210e+01
3.615955412133016189e+00	8.409306960643161233e+01
3.622241607772384686e+00	8.395669063340783111e+01
3.628520252736676444e+00	8.390583533543028238e+01
3.634804827569451113e+00	8.396429193864879892e+01
3.641094981788862928e+00	8.376901043817601078e+01
3.647383514928639325e+00	8.378214933852517277e+01
3.653663283927725658e+00	8.368407152310540198e+01
3.659943504072155296e+00	8.364134659964325635e+01
3.666232000281138603e+00	8.346672006619066053e+01
3.672514211678317597e+00	8.356431991373905532e+01
3.678794154686042539e+00	8.336534038394373169e+01
3.685078621861909820e+00	8.335401938026416246e+01
3.691359210097977961e+00	8.326577009412294217e+01
3.697642368173791105e+00	8.325591917472547721e+01
3.703925796735277665e+00	8.333635637521688011e+01
3.710208240364660348e+00	8.316063122652583672e+01
3.716494593122387169e+00	8.312604369588284214e+01
3.722775386659595398e+00	8.294470288575412553e+01
3.729058392883481510e+00	8.279164484888362097e+01
3.735339748210807720e+00	8.299200891961336879e+01
3.741620776392969638e+00	8.298860081645237585e+01
3.747904795418762980e+00	8.297674698660848946e+01
3.754190633281219380e+00	8.286472139922214808e+01
3.760478208018912749e+00	8.277326862131648966e+01
3.766755538573464346e+00	8.276173100565630136e+01
3.773032090135151506e+00	8.272615425753792806e+01
3.779322553012896879e+00	8.276940679748545904e+01
3.785609109731308930e+00	8.267104498345089780e+01
3.791889825936295200e+00	8.260632683989237535e+01
3.798174822702435893e+00	8.270923172129042200e+01
3.804458658753491651e+00	8.260539131598524420e+01
3.810738438095723435e+00	8.257280286831263538e+01
3.817018850285747167e+00	8.250388141425776212e+01
3.823305314209427763e+00	8.244333245291905143e+01
3.829591295197792178e+00	8.262618881644134206e+01
3.835872296070849341e+00	8.245010719013892242e+01
3.842156279590906109e+00	8.264187750224223805e+01
3.848441511099312429e+00	8.264634426554420088e+01
3.854723334376886079e+00	8.242346676254959448e+01
3.861004740704794713e+00	8.259311570651857437e+01
3.867284336650660848e+00	8.257667303291994187e+01
3.873567367678779849e+00	8.251949232239043397e+01
3.879850662830422792e+00	8.234176323761444394e+01
3.886137063198143338e+00	8.252873997205885814e+01
3.892419463049126005e+00	8.270424847305071125e+01
3.898703740328622658e+00	8.259766261444433155e+01
3.904991458788179326e+00	8.268589658663701414e+01
3.911270842222104083e+00	8.267213779639709514e+01
3.917549806479573071e+00	8.263748689714817885e+01
3.923836006203090587e+00	8.268152420629482435e+01
3.930121452497870926e+00	8.268466440724007782e+01
3.936398172858230460e+00	8.271416104517638246e+01
3.942683040425962293e+00	8.266910824370077648e+01
3.948974759704379611e+00	8.276162384067941957e+01
3.955259227995065352e+00	8.277726926612514546e+01
3.961537174921395454e+00	8.287136964051900634e+01
3.967820217617139544e+00	8.295566793903793723e+01
3.974105559832568968e+00	8.313214599548194883e+01
3.980384727931198352e+00	8.299063617714880081e+01
3.986664590839849698e+00	8.283100069141188726e+01
3.992949619150675034e+00	8.302199266694033497e+01
3.999235075769965952e+00	8.318910124696313346e+01
4.005515715515433506e+00	8.312728139230266322e+01
4.011798434346478537e+00	8.331235008915919593e+01
4.018083716245132386e+00	8.326003991492612499e+01
4.024365700052603856e+00	8.339002064735286979e+01
4.030643960839860540e+00	8.334370700410524080e+01
4.036928708926215137e+00	8.373852553323060022e+01
4.043218157412017177e+00	8.376302223444227479e+01
4.049503019487663558e+00	8.395070549537383897e+01
4.055781898960511000e+00	8.388030535088427087e+01
4.062060795621602161e+00	8.380212951439165181e+01
4.068347865354716042e+00	8.405527063821512002e+01
4.074631027173265529e+00	8.413461427694225847e+01
4.080910837526078971e+00	8.412626064593123942e+01
4.087201203341442657e+00	8.428125945440541500e+01
4.093486818591942189e+00	8.425851745071300058e+01
4.099764387336505500e+00	8.460481615988162218e+01
4.106049166937662420e+00	8.451927995603716681e+01
4.112334559041358695e+00	8.477924826268618119e+01
4.118618926059533614e+00	8.486715513481419748e+01
4.124898942031112625e+00	8.509251625928916951e+01
4.131175432561665417e+00	8.504446212674633898e+01
4.137461563786142271e+00	8.534908106644988379e+01
4.143746006210170307e+00	8.540490196853265559e+01
4.150029800482964326e+00	8.547955665451011953e+01
4.156313390684649001e+00	8.562301700201048504e+01
4.162596105843763716e+00	8.567154861940116461e+01
4.168881843141768684e+00	8.591882248955893431e+01
4.175162111073220217e+00	8.588934976977185443e+01
4.181448573417560155e+00	8.609604996036397040e+01
4.187738782464171194e+00	8.625482730891957317e+01
4.194017437180169061e+00	8.656209234948380526e+01
4.200293572701767175e+00	8.661403529473824392e+01
4.206580195481546269e+00	8.674362748337263440e+01
4.212860644652220543e+00	8.675239187430774734e+01
4.219138153430114002e+00	8.712292104220038880e+01
4.225426162098283811e+00	8.732672867240677306e+01
4.231713506719782636e+00	8.739767529100126353e+01
4.237990056577191744e+00	8.765844522921503312e+01
4.244267783646744618e+00	8.781245274299278947e+01
4.250560660182562955e+00	8.813054602896819745e+01
4.256847734842668096e+00	8.808225236864232954e+01
4.263127100734456221e+00	8.818943928645649066e+01
4.269406860432507500e+00	8.846447485045662518e+01
4.275691671482192646e+00	8.886135682259640589e+01
4.281972414189518794e+00	8.901909907252510834e+01
4.288253516806755705e+00	8.896963862006462875e+01
4.294540520160492925e+00	8.921108321325840507e+01
4.300825742921731809e+00	8.966149291512525110e+01
4.307109835491901961e+00	8.960325659762533235e+01
4.313390926478413157e+00	8.985581830331624076e+01
4.319667979480563247e+00	8.994997651334054467e+01
4.325952598143786076e+00	9.020176832298236036e+01
4.332241647035422361e+00	9.066316261830151291e+01
4.338524445619096781e+00	9.069503871097089132e+01
4.344809348131129845e+00	9.100696346891676569e+01
4.351090699193166600e+00	9.103530122666573732e+01
4.357369710808320029e+00	9.142167963235505113e+01
4.363659348967174445e+00	9.139828819681095240e+01
4.369947418280990981e+00	9.189878631771519224e+01
4.376226569265827315e+00	9.192288546567088758e+01
4.382499356631129217e+00	9.191743972958205688e+01
4.388784975178015024e+00	9.234222685243919670e+01
4.395068696309480494e+00	9.219962179410464387e+01
4.401347962382031298e+00	9.290051304654042497e+01
4.407628405096517099e+00	9.278459905385325612e+01
4.413915862185140426e+00	9.283678213405012514e+01
4.420203163534264235e+00	9.358844660909755930e+01
4.426480311003382795e+00	9.328526566146842924e+01
4.432765973643649104e+00	9.362891045266736967e+01
4.439053392023870614e+00	9.375261127557332941e+01
4.445336141335588742e+00	9.398152937394878847e+01
4.451617241414883352e+00	9.382697011778820695e+01
4.457901500730311106e+00	9.382690777832608831e+01
4.464189501093017043e+00	9.439445225051386501e+01
4.470470197548729985e+00	9.427916529763103881e+01
4.476748044268524573e+00	9.480094043876449916e+01
4.483035990164653484e+00	9.447166373161465458e+01
4.489323331650528104e+00	9.470930933271274910e+01
4.495599111667934800e+00	9.416216721497674769e+01
4.501870922878794090e+00	9.440563215284385024e+01
4.508155162877705457e+00	9.462561061219480507e+01
4.514446451153479423e+00	9.436576168485402150e+01
4.520723894043856994e+00	9.447899340485045627e+01
4.527003782460155890e+00	9.430376209713195124e+01
4.533293086610313161e+00	9.463265105588457970e+01
4.539578989864040182e+00	9.425595293877262293e+01
4.545857164866476730e+00	9.387017210686104818e+01
4.552138955546025656e+00	9.382864631110065545e+01
4.558432046889146605e+00	9.358965109538797833e+01
4.564713463378488711e+00	9.319621854996891841e+01
4.570987274133244682e+00	9.330991528603715324e+01
4.577274818151045643e+00	9.343347069637219704e+01
4.583563263889338657e+00	9.345305555110616069e+01
4.589844917004465508e+00	9.330524751388352911e+01
4.596126259982004747e+00	9.350323042527261919e+01
4.602409075598298926e+00	9.329454190438232786e+01
4.608696634867644804e+00	9.317888724176518167e+01
4.614977646498861219e+00	9.346436905248803839e+01
4.621258953029527383e+00	9.319188660143727532e+01
4.627547993978874175e+00	9.328810430151719402e+01
4.633830152730579854e+00	9.369426086569093570e+01
4.640104005367354567e+00	9.374854578983536157e+01
4.646382060386754276e+00	9.387295363277036131e+01
4.652674213731970987e+00	9.379214000933581019e+01
4.658958291796220230e+00	9.394753754554261604e+01
4.665233615070169648e+00	9.396396282112002041e+01
4.671520675710307380e+00	9.420529623423287546e+01
4.677814351732177300e+00	9.453552049220321862e+01
4.684093699744638073e+00	9.450738911128750885e+01
4.690368661472568590e+00	9.437651774244071134e+01
4.696663270746453733e+00	9.452208159319054914e+01
4.702945459248681459e+00	9.466134019352969631e+01
4.709209170841929470e+00	9.490693745214339572e+01
4.715491634753063543e+00	9.479379530777676166e+01
4.721784316284933780e+00	9.537291060871818615e+01
4.728063062331094635e+00	9.542721951255619217e+01
4.734337423381671073e+00	9.563586393238708183e+01
4.740627024094544062e+00	9.591111139722623591e+01
4.746914995664547554e+00	9.562759069507053766e+01
4.753194740071086777e+00	9.611275648599571753e+01
4.759478891864783456e+00	9.607191360123964330e+01
4.765762396877359031e+00	9.644765308468730325e+01
4.772049481246195768e+00	9.676776514776736349e+01
4.778335091022592351e+00	9.700555092070538876e+01
4.784610831402393849e+00	9.686403133355024409e+01
4.790907306208476157e+00	9.699566144893096009e+01
4.797204047706418173e+00	9.752534255040070832e+01
4.803470827697504220e+00	9.796430451431770337e+01
4.809748850577324042e+00	9.812828017840692496e+01
4.816045316586602176e+00	9.800442342818249131e+01
4.822329240673497885e+00	9.808065303169995275e+01
4.828596758226470165e+00	9.922957281726618817e+01
4.834890332961369275e+00	9.884549087726382766e+01
4.841191655056394261e+00	9.962287828347992047e+01
4.847460407468000554e+00	9.941663984104943097e+01
4.853732128521334843e+00	1.003237629917795317e+02
4.860029138783373170e+00	9.990509736450157163e+01
4.866314601732018019e+00	1.002324497748026602e+02
4.872587026269203925e+00	1.011622004849442931e+02
4.878874221748241702e+00	1.013698037604994795e+02
4.885171078138658807e+00	1.011022943917897834e+02
4.891450629931857641e+00	1.015289164004183107e+02
4.897716482750221978e+00	1.019703150640725937e+02
4.904002834596266069e+00	1.027315783532206552e+02
4.910295858205786068e+00	1.027260492180997744e+02
4.916575188115905881e+00	1.031310498946438656e+02
4.922847946197084212e+00	1.032456830304030575e+02
4.929131667457151700e+00	1.045246462411435004e+02
4.935434460144239033e+00	1.043663447863191038e+02
4.941718513303545279e+00	1.052943552807247727e+02
4.947978624761803168e+00	1.049046175589661090e+02
4.954274999209829389e+00	1.053984346133395746e+02
4.960571094729937514e+00	1.055316370709751226e+02
4.966823207626954506e+00	1.061045300536160170e+02
4.973097418390337587e+00	1.067432777588399802e+02
4.979415129936382023e+00	1.080426261569511013e+02
4.985702082330368157e+00	1.076894785559096022e+02
4.991949985828016523e+00	1.085358512617897020e+02
4.998241586316924057e+00	1.088385124601516765e+02
5.004556635606089543e+00	1.089757952853016008e+02
5.010828655701208945e+00	1.096985790054910268e+02
5.017077229702536556e+00	1.109721537362236177e+02
5.023374414758113637e+00	1.106823451412810044e+02
5.029688873569548413e+00	1.106190034342688620e+02
5.035958413584124216e+00	1.117852074604339236e+02
5.042232667658486989e+00	1.123624005487413342e+02
5.048528755870775875e+00	1.133690647356580996e+02
5.054821121427484520e+00	1.141107320350709387e+02
5.061069509814582368e+00	1.141208954364721535e+02
5.067347812754101177e+00	1.150070499417068675e+02
5.073675050630431116e+00	1.148636899715928195e+02
5.079945928388977627e+00	1.157634442078062307e+02
5.086192992546071601e+00	1.170699781840346674e+02
5.092484128970163226e+00	1.175292033184339431e+02
5.098802924706086870e+00	1.189390585501113264e+02
5.105078217426394005e+00	1.199391968684689971e+02
5.111325076574067872e+00	1.193766821129124622e+02
5.117628358851224135e+00	1.203534920907435719e+02
5.123935939383525984e+00	1.208269584185120777e+02
5.130199176325612065e+00	1.219226581387330413e+02
5.136469985878846956e+00	1.220769389357934784e+02
5.142797788696348071e+00	1.241836942867165163e+02
5.149090378043822192e+00	1.251192677325229141e+02
5.155289879840074363e+00	1.248344279676528572e+02
5.161564521234301317e+00	1.259926187036175662e+02
5.167916673496016244e+00	1.267678532320394140e+02
5.174205974602950064e+00	1.279437193132154533e+02
5.180434820793812456e+00	1.272895533519075286e+02
5.186729096569634656e+00	1.285912627459892121e+02
5.193058481037780894e+00	1.304284108724768885e+02
5.199319511444338460e+00	1.322562348414018345e+02
5.205574295584361799e+00	1.318386643707050041e+02
5.211894977074066126e+00	1.331036586733622755e+02
5.218201708336958511e+00	1.349492263916962145e+02
5.224411911780083351e+00	1.359401776193454907e+02
5.230677632666463239e+00	1.367596918018579686e+02
5.237056729559757429e+00	1.363542742293514323e+02
5.243336785035660697e+00	1.382637842590109187e+02
5.249493476178225038e+00	1.412426611156487013e+02
5.255787017738318134e+00	1.412555557018256991e+02
5.262205327426889845e+00	1.412848364332701010e+02
5.268477758348532269e+00	1.444724670443447110e+02
5.274632213654732560e+00	1.438390438098107609e+02
5.280950543314659740e+00	1.459089652274965658e+02
5.287327645024750389e+00	1.483597858167863990e+02
5.293582359180156516e+00	1.474021347643802073e+02
5.299789992649893478e+00	1.501210566448495740e+02
5.306111460381987222e+00	1.504834774942545721e+02
5.312452717892129250e+00	1.535894643119663385e+02
5.318650122853046724e+00	1.538619439840921927e+02
5.324923043129819789e+00	1.537152689207355536e+02
5.331330237158205421e+00	1.551579683285271472e+02
5.337586726886338617e+00	1.569167997515077673e+02
5.343685192440848830e+00	1.600126870336983131e+02
5.350070659715249199e+00	1.607443192337665892e+02
5.356556762554878226e+00	1.628794605511822340e+02
5.362691868684501095e+00	1.675866231013660865e+02
5.368769208912516966e+00	1.676221036706878920e+02
5.375270137997677722e+00	1.673416128656156161e+02
5.381769983045385786e+00	1.664049583060107409e+02
5.387701030372958222e+00	1.715255065762775075e+02
5.393786668001271600e+00	1.761501406870392827e+02
5.400446161099396569e+00	1.784109327323813829e+02
5.406957063684501463e+00	1.769380200624653696e+02
5.412655672453426270e+00	1.783839819261497723e+02
5.418821279260546575e+00	1.778600533886163078e+02
5.425690594366304076e+00	1.783491983284933156e+02
5.432217487502165376e+00	1.846461878639741201e+02
5.437649811577258241e+00	1.829100212095410996e+02
5.443914404015878006e+00	1.842368422250755771e+02
5.450953501686320202e+00	1.944765134154114889e+02
5.457483690405861232e+00	1.880638757514840904e+02
5.462715250135157241e+00	1.979409895994434123e+02
5.469033575551323523e+00	2.004373541840802488e+02
5.476177730420278778e+00	2.074558426609259811e+02
5.482708935702562236e+00	2.014600818170644629e+02
5.487722405008360838e+00	2.028446737823627473e+02
5.494194284996126498e+00	2.110589198726320035e+02
5.501391471009256406e+00	2.063491747163858179e+02
5.507128202673079009e+00	2.196223603341047692e+02
5.512278020050448646e+00	2.262609428798648707e+02
5.519395563377015534e+00	2.116302884908238298e+02
5.526598678609708770e+00	2.429476245207664817e+02
5.532162682462509196e+00	2.191448026512873639e+02
5.537397124017139127e+00	2.481887515571984011e+02
5.544582756485218589e+00	2.279585286332242617e+02
5.551739327507637434e+00	2.122221046211400619e+02
5.557493306674907707e+00	1.855256952474090326e+02
5.562281709102816940e+00	2.391260061745269070e+02
5.569272720323164449e+00	2.485307925625960195e+02
