8.899641224696953554e-03	1.714735802243183425e+05
1.507912216506557788e-02	1.152740297439068236e+05
2.144790186456836667e-02	9.695218798314873129e+04
2.783660776489276650e-02	5.462810665588716802e+04
3.435099785803411021e-02	3.295777539400914247e+04
4.047886761425745911e-02	1.875600607693544225e+04
4.676716683575679601e-02	1.493198944285412290e+04
5.308225101765951665e-02	1.412344693221553825e+04
5.945362440940590160e-02	1.566071556506909474e+04
6.576224814588792211e-02	1.604849522621822871e+04
7.196632906698736953e-02	1.433927460969070489e+04
7.827860915688347743e-02	1.259015974182518767e+04
8.470398945834539672e-02	1.005680835252857833e+04
9.096854620527369817e-02	8.006534556208202957e+03
9.720789776830213169e-02	6.335802511084132675e+03
1.034763038959366499e-01	5.413780649179592729e+03
1.097576444254559219e-01	5.160489195230721634e+03
1.160543084780093354e-01	4.995601167239604365e+03
1.223669666537485351e-01	4.794253398669317903e+03
1.286817263090294094e-01	4.870559956254356621e+03
1.349500801664080818e-01	4.734462713878111572e+03
1.411949558842147678e-01	4.373727206407364065e+03
1.475133575747468451e-01	3.855971632166146719e+03
1.537865074252268427e-01	3.564248390135601767e+03
1.600657544051110326e-01	3.249407393241997397e+03
1.663991168687080635e-01	3.036121617196056377e+03
1.727195645776442856e-01	2.804858059326191778e+03
1.789765213377084718e-01	2.692442398278353721e+03
1.852353690647852158e-01	2.596691302584338246e+03
1.914806787341157279e-01	2.508231921660180888e+03
1.977889868651535599e-01	2.333593398463604444e+03
2.040937735447724277e-01	2.250277399541454542e+03
2.103939302609846018e-01	2.149600905811450957e+03
2.166909709822301688e-01	2.045326290587138601e+03
2.229700281216152047e-01	1.932489594526070505e+03
2.292620027086341994e-01	1.907495648142886239e+03
2.355141508366812297e-01	1.810292226229551943e+03
2.417910583817859116e-01	1.740817513393311401e+03
2.480856539439619257e-01	1.715367947386823971e+03
2.543492256872954549e-01	1.681504298528305526e+03
2.606334251884805386e-01	1.598370859175934129e+03
2.669257370896960802e-01	1.534995729424909314e+03
2.732423343141155980e-01	1.522624893550051183e+03
2.795529680084415936e-01	1.456986484934996497e+03
2.858366292314493129e-01	1.434929807657723586e+03
2.920876271394311496e-01	1.365099427115956360e+03
2.983449844439822751e-01	1.329902758512303535e+03
3.046382639407197446e-01	1.292325218479558998e+03
3.109279127003197196e-01	1.275973594282030945e+03
3.172168171618398036e-01	1.236679002337694101e+03
3.235187567944423082e-01	1.200157107611487163e+03
3.298168217550395687e-01	1.187169953258898659e+03
3.361176429457156667e-01	1.155721676696372015e+03
3.423700375709273769e-01	1.121176440143980926e+03
3.486478192666269682e-01	1.098580914886503479e+03
3.549411614411318028e-01	1.085998618290953800e+03
3.611916935421040642e-01	1.055611941656106865e+03
3.674767089563572564e-01	1.028122616565967292e+03
3.737647795277591056e-01	9.994612547638572551e+02
3.800654031475132477e-01	9.871542510956984415e+02
3.863539861259823738e-01	9.712583474329104547e+02
3.926140181364449755e-01	9.580857684536208581e+02
3.989264500321934581e-01	9.339340619547816686e+02
4.052073244576828714e-01	9.179273861397346082e+02
4.114916477570477182e-01	8.945765685789009467e+02
4.177814272116491257e-01	8.772334976836743863e+02
4.240400648725131116e-01	8.595892909693782258e+02
4.303425690270192283e-01	8.517549622173464741e+02
4.366358560255625965e-01	8.355607888188064862e+02
4.428996183220763605e-01	8.233424732528006871e+02
4.491634418529859563e-01	8.159576159574050962e+02
4.554414146254732731e-01	8.005478202779327148e+02
4.617634470301058558e-01	7.844663426572584513e+02
4.680644242023710433e-01	7.731210291542309960e+02
4.743485242764365895e-01	7.654333932606039070e+02
4.806356136815400082e-01	7.563842710955550501e+02
4.869019258388697646e-01	7.386218821136540100e+02
4.931697099599955947e-01	7.293066359908559662e+02
4.994506747144535908e-01	7.246215626046192710e+02
5.057159051335421429e-01	7.077989600535252066e+02
5.119923996268095356e-01	7.084098213207760182e+02
5.183126097768406826e-01	6.973869117217848270e+02
5.246089638029100000e-01	6.838597850016077473e+02
5.308757308483337267e-01	6.724073212437194798e+02
5.371573527946726934e-01	6.671228199819749989e+02
5.434579563783791256e-01	6.589657702371824826e+02
5.497430652392217842e-01	6.550912368932732761e+02
5.559937427501778773e-01	6.410509211380024226e+02
5.622854676609657654e-01	6.318232983718860396e+02
5.686011537227265711e-01	6.310023686402610110e+02
5.748804589422079614e-01	6.209331344000609079e+02
5.811550210340560296e-01	6.157339560956963851e+02
5.874394496660968468e-01	6.063023974240336429e+02
5.937176220296899176e-01	6.035151800830767570e+02
5.999971954793682505e-01	5.954160838382155134e+02
6.062679115124277596e-01	5.883277723075416361e+02
6.125469576444534381e-01	5.798710159321702804e+02
6.188477733041515272e-01	5.748283591401968806e+02
6.251310567437898813e-01	5.670196133621278705e+02
6.314027450383210560e-01	5.634736495937856944e+02
6.377003562732055375e-01	5.591798282531752875e+02
6.439857783314556494e-01	5.529155106976839988e+02
6.502685417166111925e-01	5.447195172990415131e+02
6.565586117699038216e-01	5.410140637360070741e+02
6.628369282359254377e-01	5.313648513535074471e+02
6.691185444962194362e-01	5.317008238549786938e+02
6.754070198575605755e-01	5.242195980871608754e+02
6.816835514593204692e-01	5.208076980608468602e+02
6.879592533861698112e-01	5.156931426220058938e+02
6.942344317039531587e-01	5.095703470564062059e+02
7.005175402434737908e-01	5.053562456665225682e+02
7.068124956608716758e-01	5.018632125520653631e+02
7.131019009674921527e-01	4.950268982354646710e+02
7.193918251171427247e-01	4.913427802535978799e+02
7.256833807598113140e-01	4.870629219039218469e+02
7.319652682709349989e-01	4.829913187514426340e+02
7.382507990484923344e-01	4.798161394751894591e+02
7.445265842115937893e-01	4.725765869381252173e+02
7.507871101942712455e-01	4.689493297860904590e+02
7.570758465316046459e-01	4.667775896270627527e+02
7.633641233600957365e-01	4.612560921984110109e+02
7.696462959862266917e-01	4.579934832728357605e+02
7.759394865175414102e-01	4.538110885501621965e+02
7.822329141989586843e-01	4.506687946708308914e+02
7.885314936520240181e-01	4.495345450260933262e+02
7.947896566979522071e-01	4.408220824029575056e+02
8.010491096592354809e-01	4.399807384785017916e+02
8.073364061727361651e-01	4.364806260048276272e+02
8.136229488373866170e-01	4.317106884420676920e+02
8.199152998961036776e-01	4.301237269901637319e+02
8.261952636392789762e-01	4.263085918444948561e+02
8.324897070080405914e-01	4.215728524616076243e+02
8.387959309210778480e-01	4.195396382097808328e+02
8.450634639703045181e-01	4.155857615452540585e+02
8.513282867562648182e-01	4.139774682005641466e+02
8.576198263902009566e-01	4.092854208317462508e+02
8.639058477062415697e-01	4.040924636386129691e+02
8.701838745487597837e-01	4.013514138122559984e+02
8.764641096075268534e-01	3.990896901514612978e+02
8.827503873399735745e-01	3.973356989732506577e+02
8.890332768393869323e-01	3.921348861763811442e+02
8.953084247113127780e-01	3.923712863016999677e+02
9.015956521667095602e-01	3.870656419209576597e+02
9.078833328094829680e-01	3.836294287903400004e+02
9.141744106319863450e-01	3.829732867162733783e+02
9.204630817717615043e-01	3.804711535339020543e+02
9.267434415264711456e-01	3.777999649688254635e+02
9.330324197354928906e-01	3.748429693893077683e+02
9.393265785573878812e-01	3.724207621592772171e+02
9.455974810398196650e-01	3.683412492753740253e+02
9.518660018545171964e-01	3.653247177766393179e+02
9.581413255531838757e-01	3.623616703585649930e+02
9.644350945109106954e-01	3.602435315775679214e+02
9.707355633568249820e-01	3.591390588215735420e+02
9.770080768450029041e-01	3.570004844682482599e+02
9.832823325363413414e-01	3.545894477258150346e+02
9.895569691966674686e-01	3.518856535875104896e+02
9.958456301921106979e-01	3.485916663750138582e+02
1.002136210743837408e+00	3.466681326251946871e+02
1.008404825335135424e+00	3.430954375876030440e+02
1.014694149836243398e+00	3.419643901098255014e+02
1.020992555437297167e+00	3.413336043201165921e+02
1.027273980437394485e+00	3.366117087011590456e+02
1.033559181896017254e+00	3.330955211099911253e+02
1.039847557392594934e+00	3.332317748438592844e+02
1.046126974943305088e+00	3.312821211088202062e+02
1.052403436811028659e+00	3.285599213145943054e+02
1.058680704651608684e+00	3.262652213099094638e+02
1.064964333065789193e+00	3.244674238729410831e+02
1.071256777440835473e+00	3.217869547939941413e+02
1.077544048801078125e+00	3.189667472826395738e+02
1.083824820188043603e+00	3.189452636853330887e+02
1.090108023942816695e+00	3.148115477094460744e+02
1.096389665956643222e+00	3.141210283776280789e+02
1.102681132058841440e+00	3.104609976959689561e+02
1.108963047594879958e+00	3.091593480833273588e+02
1.115225428463759272e+00	3.077231113184201945e+02
1.121502127614767863e+00	3.056280457236396160e+02
1.127792573824792033e+00	3.022496417488264910e+02
1.134089552668382961e+00	3.011803025710267434e+02
1.140364049650405942e+00	2.999406550135893781e+02
1.146639180320979445e+00	2.980678643211642793e+02
1.152942412991649901e+00	2.957206876172602961e+02
1.159228906751078814e+00	2.946314548576989409e+02
1.165508721887268173e+00	2.924969561886031215e+02
1.171793076256210320e+00	2.907669351071303936e+02
1.178087436369658958e+00	2.876098684220685300e+02
1.184367654251526902e+00	2.869083703917481216e+02
1.190634642299266632e+00	2.859606291863429419e+02
1.196912208834400859e+00	2.837304272533490348e+02
1.203201577354146234e+00	2.817266408727502949e+02
1.209486844441705733e+00	2.797426787368559644e+02
1.215763902074809888e+00	2.774796407880529046e+02
1.222049755171146668e+00	2.755462694606594027e+02
1.228340616621486969e+00	2.744994801653079435e+02
1.234632986576932767e+00	2.721666825686851325e+02
1.240902247176856488e+00	2.703453449853102484e+02
1.247174839144687519e+00	2.701489975975673019e+02
1.253465459933442272e+00	2.686248660777128521e+02
1.259749951892178421e+00	2.660692181814384867e+02
1.266032143127253873e+00	2.649336457755301808e+02
1.272316288472006507e+00	2.639238278369687691e+02
1.278604155058621350e+00	2.619327509288333999e+02
1.284886588933593865e+00	2.602698663856326107e+02
1.291175420066583257e+00	2.588208591119538937e+02
1.297465726373772332e+00	2.580293927508055845e+02
1.303741827011944299e+00	2.554752313273282880e+02
1.310017322922761851e+00	2.545252845830209765e+02
1.316301447662886703e+00	2.532130374394388639e+02
1.322586760363303249e+00	2.521604456949793303e+02
1.328865492452874664e+00	2.511256584907129366e+02
1.335144804954555564e+00	2.498061401440463953e+02
1.341440516272275119e+00	2.487944187054750387e+02
1.347730868417094552e+00	2.461051141399751430e+02
1.354001589994877630e+00	2.455130286033333675e+02
1.360282609297778444e+00	2.432915225954658354e+02
1.366565686457597906e+00	2.422847010348082790e+02
1.372851498482432708e+00	2.412345878784830404e+02
1.379135372929401804e+00	2.392705623328813829e+02
1.385409567149057164e+00	2.382004263403215134e+02
1.391698641219299315e+00	2.366140418394760729e+02
1.397984451439470810e+00	2.358321827607117882e+02
1.404267883409181961e+00	2.348637835970116612e+02
1.410554779484869181e+00	2.326048107640455385e+02
1.416837833547465397e+00	2.322695693660842267e+02
1.423118177187137068e+00	2.313979098632638625e+02
1.429397801164240089e+00	2.298105443565070232e+02
1.435686921822787232e+00	2.279651904905114463e+02
1.441977121769299597e+00	2.265020482484831632e+02
1.448253667853332427e+00	2.259854238086862210e+02
1.454532348972172651e+00	2.243696454687976143e+02
1.460819319151879903e+00	2.234192069434159578e+02
1.467110364402026468e+00	2.220725358887532650e+02
1.473392908948962132e+00	2.208404684823898663e+02
1.479669965243598950e+00	2.190796398841808070e+02
1.485956144602843532e+00	2.184837958187018501e+02
1.492233610763115115e+00	2.165678448093147495e+02
1.498502470379980078e+00	2.162475065305561088e+02
1.504785752051182701e+00	2.151671052737959542e+02
1.511075991894575976e+00	2.134956622179976762e+02
1.517361634985162189e+00	2.129592932600656354e+02
1.523648570969130533e+00	2.115658682826529855e+02
1.529938035715892264e+00	2.107390027664154672e+02
1.536230176913891965e+00	2.100753125992212063e+02
1.542510718779388279e+00	2.088847989247309727e+02
1.548783963082980275e+00	2.073147927427702086e+02
1.555073069779651318e+00	2.056262511415750680e+02
1.561357324927233892e+00	2.052679910841250717e+02
1.567629121053141006e+00	2.035293270902650704e+02
1.573913697404382583e+00	2.029163125183267198e+02
1.580203545230874029e+00	2.017072941747319419e+02
1.586485393434537983e+00	2.009263157468038514e+02
1.592760014263005841e+00	2.000043943323131259e+02
1.599046436394670812e+00	1.992701842228187559e+02
1.605342136637478934e+00	1.979640987508279295e+02
1.611619860919608627e+00	1.962827189826498113e+02
1.617897597081673799e+00	1.960472988122179174e+02
1.624183235481122756e+00	1.952775044261951223e+02
1.630464598531913722e+00	1.943946296636470379e+02
1.636748985747638274e+00	1.930056259849936282e+02
1.643030923698886259e+00	1.916151225472066812e+02
1.649309176648513064e+00	1.911275177393387139e+02
1.655593633940351861e+00	1.907083175877331485e+02
1.661879571405086464e+00	1.889295675779150372e+02
1.668169361685170271e+00	1.887507925198259500e+02
1.674450151530487485e+00	1.872142875285973673e+02
1.680722718978495900e+00	1.863100890167527837e+02
1.687013891340952476e+00	1.849536135328994533e+02
1.693308984907921033e+00	1.847495612829474396e+02
1.699582147428448486e+00	1.834103384737048259e+02
1.705863747055134105e+00	1.830722605271262751e+02
1.712154434283889470e+00	1.820874625813687544e+02
1.718438381579399321e+00	1.811349072447976596e+02
1.724721264464063930e+00	1.803925106007991417e+02
1.730997441276920679e+00	1.795137594295556482e+02
1.737287073528269499e+00	1.789395448619089279e+02
1.743567991878527401e+00	1.776464816551292074e+02
1.749840680212231048e+00	1.773703989787936735e+02
1.756128549091961144e+00	1.761811808996697835e+02
1.762413535324792502e+00	1.753835716234663096e+02
1.768696187669963837e+00	1.741800459386686839e+02
1.774979359379055266e+00	1.734474428287623198e+02
1.781265555576432957e+00	1.728049102167908018e+02
1.787549427830244619e+00	1.719451051676622058e+02
1.793834120011633004e+00	1.710618862419187565e+02
1.800115051552487300e+00	1.703771431365404680e+02
1.806393904854530330e+00	1.691297030952561329e+02
1.812674089667083432e+00	1.685661659455669223e+02
1.818956920109354058e+00	1.678821006545052228e+02
1.825244164118212220e+00	1.670452126213461668e+02
1.831527256642196955e+00	1.662571799372869350e+02
1.837811294935716599e+00	1.656153573799919627e+02
1.844100717411196744e+00	1.649137636089670877e+02
1.850384816792487230e+00	1.641121322380309380e+02
1.856666059735203822e+00	1.634141386736651498e+02
1.862947728675613979e+00	1.626600868179718873e+02
1.869229324466858078e+00	1.623117887188526822e+02
1.875517616802973686e+00	1.610689498483626778e+02
1.881800769033795229e+00	1.598890514738748436e+02
1.888078863416442710e+00	1.599143470927386943e+02
1.894353975182237582e+00	1.590722899007821525e+02
1.900642716154182565e+00	1.581382995579164685e+02
1.906933494748685121e+00	1.571383108729422418e+02
1.913207568676573933e+00	1.565953090321556829e+02
1.919490884732178992e+00	1.560900696802159757e+02
1.925776855684274480e+00	1.552246229119635359e+02
1.932064452961978152e+00	1.548017941667160358e+02
1.938342610030488800e+00	1.538366594863002206e+02
1.944618341543410178e+00	1.534442082856039349e+02
1.950906260203513876e+00	1.527425853015128894e+02
1.957194556613796488e+00	1.524108905108946033e+02
1.963479614559011432e+00	1.514210984940775404e+02
1.969760361532916226e+00	1.504614256890157264e+02
1.976048367034604736e+00	1.500760608354195540e+02
1.982337990217652335e+00	1.494486580962703783e+02
1.988617489259562721e+00	1.489378355437213770e+02
1.994896320665194178e+00	1.482499589027698335e+02
2.001179596222827151e+00	1.473537855581065799e+02
2.007459756923499761e+00	1.468049812968466767e+02
2.013737397779169935e+00	1.459258806587530444e+02
2.020017234677497164e+00	1.458676416670698188e+02
2.026310251015072783e+00	1.452304172462924328e+02
2.032600542948020284e+00	1.445379918676921420e+02
2.038873863192099289e+00	1.434641744765635565e+02
2.045154087821675404e+00	1.431082109247257677e+02
2.051444704514288730e+00	1.425940270027900567e+02
2.057730430280644729e+00	1.418028395580955134e+02
2.064013940455224461e+00	1.412428215250619985e+02
2.070299891179459895e+00	1.406252532427151607e+02
2.076589719964883951e+00	1.401880018252136324e+02
2.082865483794470673e+00	1.396571299317234889e+02
2.089134494859368640e+00	1.390292067433030354e+02
2.095424211360070288e+00	1.383989196264641919e+02
2.101707116664804254e+00	1.383665946545935697e+02
2.107986473933564309e+00	1.373781293190248221e+02
2.114271806543862375e+00	1.367497266965554559e+02
2.120552717288892275e+00	1.358773937931117644e+02
2.126836933207161717e+00	1.356411034107030389e+02
2.133122044791171845e+00	1.352470124533007265e+02
2.139411711910842673e+00	1.345610571764827341e+02
2.145697076775292089e+00	1.337891310379801837e+02
2.151973548606471276e+00	1.332517785333838560e+02
2.158259913555724108e+00	1.327211907223577043e+02
2.164545396699105506e+00	1.322143041806846782e+02
2.170830700377734068e+00	1.319094284956381102e+02
2.177114138849150393e+00	1.312392186945321271e+02
2.183387647576827018e+00	1.305215241002376274e+02
2.189670273687676971e+00	1.299697965424805943e+02
2.195960147934207463e+00	1.294839403413601815e+02
2.202242556317716371e+00	1.291548861322811206e+02
2.208521655981037668e+00	1.282281067759342363e+02
2.214804637081333016e+00	1.276811292803997304e+02
2.221092583349425276e+00	1.273710386465833579e+02
2.227372893591468728e+00	1.269624943981656600e+02
2.233657161144248171e+00	1.265319348646241622e+02
2.239943485394438660e+00	1.262909473653442802e+02
2.246224175264620815e+00	1.256574870836968785e+02
2.252506378421252009e+00	1.248824609984001626e+02
2.258783417054270437e+00	1.246968756840904575e+02
2.265069077371457684e+00	1.240433390567811500e+02
2.271350377044131452e+00	1.238648755596275777e+02
2.277633995145353918e+00	1.232060327943138844e+02
2.283922419579920149e+00	1.227058528523456289e+02
2.290202874392252674e+00	1.223989021150988350e+02
2.296490779970905560e+00	1.218714237155049744e+02
2.302771769934229162e+00	1.211122045093932797e+02
2.309051364164305564e+00	1.207212019666147000e+02
2.315338502539088239e+00	1.203695636565253011e+02
2.321627336503874428e+00	1.199451012942212174e+02
2.327911878297218795e+00	1.196554266404940563e+02
2.334186238580297168e+00	1.195138193440882333e+02
2.340467971862688401e+00	1.188783087866725339e+02
2.346756940970738725e+00	1.180993119396830906e+02
2.353044444556199988e+00	1.178642969289177671e+02
2.359327653314069906e+00	1.173644805542793392e+02
2.365603048789861607e+00	1.169703852475956580e+02
2.371885911737665165e+00	1.164297228020335382e+02
2.378173303594019572e+00	1.160857684957395293e+02
2.384454016539381271e+00	1.156685094979096391e+02
2.390736447344785187e+00	1.152924685154232236e+02
2.397014133897952259e+00	1.148017904232847712e+02
2.403295490074321972e+00	1.142812443659744588e+02
2.409585049672506862e+00	1.141513500159765897e+02
2.415871703165322071e+00	1.136472121203411803e+02
2.422160652369088840e+00	1.131481594063090341e+02
2.428440167222748691e+00	1.128450570120715355e+02
2.434717472383889803e+00	1.126093438531469957e+02
2.441002456202044257e+00	1.121210954535362276e+02
2.447289980304530488e+00	1.116937427256832791e+02
2.453571844729242279e+00	1.114231060511285563e+02
2.459852705114058846e+00	1.107924255393081694e+02
2.466139233225018934e+00	1.105508578330376537e+02
2.472421963421291391e+00	1.102901063484635529e+02
2.478698519174224568e+00	1.098075210616501920e+02
2.484980841400355800e+00	1.093440645603026127e+02
2.491269319409339822e+00	1.090691378566634739e+02
2.497548505139029373e+00	1.088814784236180770e+02
2.503831667172610853e+00	1.086166125175974742e+02
2.510117938323931153e+00	1.080616181973401098e+02
2.516400733681277480e+00	1.078086133501656434e+02
2.522688226833368130e+00	1.073072893007613828e+02
2.528971695852665569e+00	1.071671367824635297e+02
2.535252039407670299e+00	1.067020632730557566e+02
2.541537514142774512e+00	1.062619545647293791e+02
2.547823008847572179e+00	1.059998539386371732e+02
2.554100666580690238e+00	1.057949637215886582e+02
2.560376788884177301e+00	1.055405192240930745e+02
2.566667521601497359e+00	1.051155923226024242e+02
2.572955062237090473e+00	1.048176633007714997e+02
2.579233771797999175e+00	1.044731779463936903e+02
2.585520164300948220e+00	1.040917808949717198e+02
2.591805130332431872e+00	1.037494698624615097e+02
2.598084074692260881e+00	1.034340122171969938e+02
2.604360404197643586e+00	1.031464281442849114e+02
2.610647185140439142e+00	1.028658581694652838e+02
2.616931864059273138e+00	1.028297994500150452e+02
2.623206107911065565e+00	1.024960107463602270e+02
2.629491626543270844e+00	1.021281147775010822e+02
2.635778507982642349e+00	1.016651587240524179e+02
2.642061039325260818e+00	1.013905137650429396e+02
2.648343840729305843e+00	1.009957502288989701e+02
2.654631838974855551e+00	1.007980744844544034e+02
2.660919001246303761e+00	1.005050061382040667e+02
2.667198525130066056e+00	1.002195669142724768e+02
2.673484307038032526e+00	1.001405955808260728e+02
2.679773388053849459e+00	9.981799450459136835e+01
2.686058217632288692e+00	9.952717706096242978e+01
2.692338738200057868e+00	9.907546656779588545e+01
2.698618022887226964e+00	9.905623740342410599e+01
2.704895450708277860e+00	9.860517920637106215e+01
2.711175674923682166e+00	9.844652695749307725e+01
2.717459832966957922e+00	9.814408332071241148e+01
2.723745731959044569e+00	9.799529067095502910e+01
2.730038414850594730e+00	9.757721531462689768e+01
2.736317989800789441e+00	9.745676368712746296e+01
2.742591858549239703e+00	9.707504437755787308e+01
2.748879749010778362e+00	9.698154580734107810e+01
2.755163403825859447e+00	9.662864111010041768e+01
2.761446955625852073e+00	9.646667453039557927e+01
2.767732088935374701e+00	9.624553178030141964e+01
2.774015452421743966e+00	9.613564935637060671e+01
2.780298635700591436e+00	9.581267211205577894e+01
2.786577474762241380e+00	9.556263262768803202e+01
2.792857983210164541e+00	9.545711172661938804e+01
2.799143790920211483e+00	9.517689948162410474e+01
2.805430058399325244e+00	9.512307595272152128e+01
2.811715058209780072e+00	9.470476297326293036e+01
2.817989272498773623e+00	9.464621497564316144e+01
2.824269171595737760e+00	9.434784927382663966e+01
2.830563016441804081e+00	9.420681526894476576e+01
2.836848750951622034e+00	9.410978650019985992e+01
2.843130027866129783e+00	9.378250225623507674e+01
2.849413896912404986e+00	9.372451819715843158e+01
2.855697464522425566e+00	9.337355743658498852e+01
2.861978799810683594e+00	9.348110310388783262e+01
2.868262469415629567e+00	9.314866239074321186e+01
2.874547359206753860e+00	9.293392331142783291e+01
2.880831111471525041e+00	9.283550613411041752e+01
2.887113216972382546e+00	9.268473385738184334e+01
2.893394504725182781e+00	9.248680181855249316e+01
2.899673662137033592e+00	9.244401536304492595e+01
2.905953958587380814e+00	9.233444073234596772e+01
2.912241118105161064e+00	9.196389258231303643e+01
2.918525996366671205e+00	9.182845077851358440e+01
2.924809035425688819e+00	9.188004756791094962e+01
2.931095916293684933e+00	9.169091245640588284e+01
2.937378182606774413e+00	9.153101177792625265e+01
2.943659980254369923e+00	9.130335223907597708e+01
2.949946454403890250e+00	9.124698380123479069e+01
2.956227653702202307e+00	9.125018006400448201e+01
2.962510478867462993e+00	9.112087245322371132e+01
2.968796535179442309e+00	9.096011646820778651e+01
2.975077657376874907e+00	9.101045184530808285e+01
2.981359866759223376e+00	9.085921277056607437e+01
2.987646761575656562e+00	9.069780704765165069e+01
2.993929038370399365e+00	9.072031756065103991e+01
3.000206214840962726e+00	9.058515305051980704e+01
3.006486172402415669e+00	9.054979830309356714e+01
3.012769812211594456e+00	9.044780089742846485e+01
3.019053144326170113e+00	9.030474633182906530e+01
3.025337405144251424e+00	9.028457490739798175e+01
3.031623734799107961e+00	9.011419897609904694e+01
3.037908962055872575e+00	9.020616790105580662e+01
3.044195067146031608e+00	9.013549855872533101e+01
3.050475543482170426e+00	8.994668401789780887e+01
3.056754954538277502e+00	9.000679596631488266e+01
3.063040539557494668e+00	8.996211719699252285e+01
3.069323699454357346e+00	8.983206728536940489e+01
3.075610692642898769e+00	8.995325342062808716e+01
3.081893798009918584e+00	8.973613066406758776e+01
3.088174549548037717e+00	8.980310639779527548e+01
3.094458635632868493e+00	8.997845327647554825e+01
3.100743982931558840e+00	8.991155227762132540e+01
3.107028111748448396e+00	8.989450589022540328e+01
3.113309299655494300e+00	9.004126173367041019e+01
3.119590662867241626e+00	8.988255117447813802e+01
3.125874006820172912e+00	8.978092308986268222e+01
3.132159251154602586e+00	8.986953234331096496e+01
3.138439172765940643e+00	8.994921627133827258e+01
3.144723867719826593e+00	8.999023636514642988e+01
3.151003951258561031e+00	9.012999129778589236e+01
3.157283664131563139e+00	9.002177900990312764e+01
3.163569317183839935e+00	9.010989585357491194e+01
3.169851661717792091e+00	9.019206230815576930e+01
3.176137704316093657e+00	9.027728638945616524e+01
3.182420924828643916e+00	9.026724963891230402e+01
3.188702811875577581e+00	9.031027986057863188e+01
3.194990520008989865e+00	9.047782058264682803e+01
3.201275324656983834e+00	9.064239292555815553e+01
3.207551352179861759e+00	9.067634680661002733e+01
3.213835216737041645e+00	9.074926395836013171e+01
3.220122579819103770e+00	9.062015119727097101e+01
3.226406606618656525e+00	9.044659042055987186e+01
3.232687390085645429e+00	9.027275887780027119e+01
3.238969121280456331e+00	9.003828364236198922e+01
3.245254751548589667e+00	8.997682419734508130e+01
3.251534499036136783e+00	8.950113502710719615e+01
3.257817780791052442e+00	8.952532340831079694e+01
3.264102164154097263e+00	8.918870245032279342e+01
3.270384152138468892e+00	8.913858298215272669e+01
3.276669427476867735e+00	8.880238431169983926e+01
3.282954688864507808e+00	8.866678801764571460e+01
3.289237200334947264e+00	8.856174150376023135e+01
3.295519587088236779e+00	8.834387989439531452e+01
3.301805977329951958e+00	8.817819238741384424e+01
3.308087486222440088e+00	8.791967154978598842e+01
3.314367630234227313e+00	8.775192736797808379e+01
3.320651909732194262e+00	8.764483012559495023e+01
3.326931260376857047e+00	8.740188149911232074e+01
3.333216512447217728e+00	8.719823090373888874e+01
3.339504489419978128e+00	8.711112510477060766e+01
3.345786804809928405e+00	8.700515400291699564e+01
3.352071130016277767e+00	8.685128980624408257e+01
3.358351496304225581e+00	8.667485468721015707e+01
3.364630591073392019e+00	8.639162785968080982e+01
3.370916305215045483e+00	8.617341848712707986e+01
3.377197952029413752e+00	8.607926236697915101e+01
3.383483063818085501e+00	8.585303971359495279e+01
3.389769992424469969e+00	8.574449925998449373e+01
3.396051330885982100e+00	8.560353667164673652e+01
3.402330879139463971e+00	8.551466957472969455e+01
3.408610488352048495e+00	8.524605701035103777e+01
3.414897837696641236e+00	8.511529168213643004e+01
3.421180484052105619e+00	8.514257370571338868e+01
3.427461639653846870e+00	8.490100163898054575e+01
3.433749159643459059e+00	8.486161477979297274e+01
3.440032646656798310e+00	8.468481206906068337e+01
3.446313366033385339e+00	8.444099102875398444e+01
3.452600135384134905e+00	8.434578787785871157e+01
3.458883152815406703e+00	8.417617043655349107e+01
3.465163834403715448e+00	8.419141197762324680e+01
3.471449329786229221e+00	8.395564054609185689e+01
3.477734476754053894e+00	8.365012661902953539e+01
3.484019652467224226e+00	8.368308202991089217e+01
3.490297019369712928e+00	8.352883464627852561e+01
3.496582486484379970e+00	8.345073870444592501e+01
3.502868048046865024e+00	8.329122278582811134e+01
3.509144649545451244e+00	8.319297607271647621e+01
3.515428082003116295e+00	8.304736329980104870e+01
3.521711031624695565e+00	8.293114647607112033e+01
3.527991850954735664e+00	8.268936329997748658e+01
3.534275545726699885e+00	8.280124980396122680e+01
3.540562632020772149e+00	8.253841226612993864e+01
3.546844410757220789e+00	8.240993124669141423e+01
3.553131386753758836e+00	8.243634353207315257e+01
3.559419203211965144e+00	8.231799258909937578e+01
3.565697971577579839e+00	8.226510970322331673e+01
3.571979559134798254e+00	8.203874684055897148e+01
3.578265774595833726e+00	8.196583752556867353e+01
3.584548309769353125e+00	8.193846068292978657e+01
3.590826843920031486e+00	8.176495686139244867e+01
3.597107306745233934e+00	8.175441826053156547e+01
3.603392831792229245e+00	8.158981498246490105e+01
3.609673209822572559e+00	8.138974314269160004e+01
3.615955412133016189e+00	8.146245498074006264e+01
3.622241607772384686e+00	8.128963480486238780e+01
3.628520252736676444e+00	8.123440822975280184e+01
3.634804827569451113e+00	8.122064568108791605e+01
3.641094981788862928e+00	8.107272504323502460e+01
3.647383514928639325e+00	8.105290145982931449e+01
3.653663283927725658e+00	8.088128040797208484e+01
3.659943504072155296e+00	8.065540638712583643e+01
3.666232000281138603e+00	8.078705308408051167e+01
3.672514211678317597e+00	8.064213915321212767e+01
3.678794154686042539e+00	8.067542194992411453e+01
3.685078621861909820e+00	8.040903113548989722e+01
3.691359210097977961e+00	8.050844400611985918e+01
3.697642368173791105e+00	8.048280693982606238e+01
3.703925796735277665e+00	8.047085696985068637e+01
3.710208240364660348e+00	8.027222802708398319e+01
3.716494593122387169e+00	8.016930699917774916e+01
3.722775386659595398e+00	8.016405232478940945e+01
3.729058392883481510e+00	8.016890903340794239e+01
3.735339748210807720e+00	8.025480158680936427e+01
3.741620776392969638e+00	8.007065049479471952e+01
3.747904795418762980e+00	8.005953105758810295e+01
3.754190633281219380e+00	7.993159520268150686e+01
3.760478208018912749e+00	7.994511937242684496e+01
3.766755538573464346e+00	7.988927281346622067e+01
3.773032090135151506e+00	7.991918339112541503e+01
3.779322553012896879e+00	7.975036937505160495e+01
3.785609109731308930e+00	7.972065504811909875e+01
3.791889825936295200e+00	7.981112325932264184e+01
3.798174822702435893e+00	7.972193927210132358e+01
3.804458658753491651e+00	7.969992500443586891e+01
3.810738438095723435e+00	7.960335120162271494e+01
3.817018850285747167e+00	7.956671680706877225e+01
3.823305314209427763e+00	7.950002448374399933e+01
3.829591295197792178e+00	7.963254130178574997e+01
3.835872296070849341e+00	7.953464542203201404e+01
3.842156279590906109e+00	7.944957034363672221e+01
3.848441511099312429e+00	7.951072597762139083e+01
3.854723334376886079e+00	7.939455390970054793e+01
3.861004740704794713e+00	7.950225194518628768e+01
3.867284336650660848e+00	7.931967736831697380e+01
3.873567367678779849e+00	7.941785954059699293e+01
3.879850662830422792e+00	7.944067378527206813e+01
3.886137063198143338e+00	7.947381465230191111e+01
3.892419463049126005e+00	7.956826275394904258e+01
3.898703740328622658e+00	7.943360799047306386e+01
3.904991458788179326e+00	7.939583616961797929e+01
3.911270842222104083e+00	7.948573263419777390e+01
3.917549806479573071e+00	7.945996983199225383e+01
3.923836006203090587e+00	7.941330090175767964e+01
3.930121452497870926e+00	7.964315317694155283e+01
3.936398172858230460e+00	7.952191401353570654e+01
3.942683040425962293e+00	7.950709006862564365e+01
3.948974759704379611e+00	7.957321856582866815e+01
3.955259227995065352e+00	7.957434430076281728e+01
3.961537174921395454e+00	7.969039843336649653e+01
3.967820217617139544e+00	7.966154279502890745e+01
3.974105559832568968e+00	7.971788531676128287e+01
3.980384727931198352e+00	7.991597124428770371e+01
3.986664590839849698e+00	7.974802817244739117e+01
3.992949619150675034e+00	7.979973479557715166e+01
3.999235075769965952e+00	7.986690276657891729e+01
4.005515715515433506e+00	7.997655352947110430e+01
4.011798434346478537e+00	7.993603544697538155e+01
4.018083716245132386e+00	7.989803402305706470e+01
4.024365700052603856e+00	8.015498041585955491e+01
4.030643960839860540e+00	8.012417780325701244e+01
4.036928708926215137e+00	8.024084294666369033e+01
4.043218157412017177e+00	8.025660360555502848e+01
4.049503019487663558e+00	8.024123743633832362e+01
4.055781898960511000e+00	8.055125043665309192e+01
4.062060795621602161e+00	8.056319857803033813e+01
4.068347865354716042e+00	8.052152572505995920e+01
4.074631027173265529e+00	8.076242167879080114e+01
4.080910837526078971e+00	8.072164029406759767e+01
4.087201203341442657e+00	8.075903123762371649e+01
4.093486818591942189e+00	8.080715235952605724e+01
4.099764387336505500e+00	8.104672637481607467e+01
4.106049166937662420e+00	8.116320058060716747e+01
4.112334559041358695e+00	8.140330979646903131e+01
4.118618926059533614e+00	8.138305961498302565e+01
4.124898942031112625e+00	8.158688383993597881e+01
4.131175432561665417e+00	8.149189343984949119e+01
4.137461563786142271e+00	8.171745796634407100e+01
4.143746006210170307e+00	8.179389658941728669e+01
4.150029800482964326e+00	8.185753158367445792e+01
4.156313390684649001e+00	8.188979441765842182e+01
4.162596105843763716e+00	8.209964112550999005e+01
4.168881843141768684e+00	8.225481368834677198e+01
4.175162111073220217e+00	8.244154942620009763e+01
4.181448573417560155e+00	8.234800546831030488e+01
4.187738782464171194e+00	8.273349574810895035e+01
4.194017437180169061e+00	8.293465858072418939e+01
4.200293572701767175e+00	8.298598879937705419e+01
4.206580195481546269e+00	8.314909803424447432e+01
4.212860644652220543e+00	8.313603147377108371e+01
4.219138153430114002e+00	8.325279676906494331e+01
4.225426162098283811e+00	8.349213897441603649e+01
4.231713506719782636e+00	8.381323114303077659e+01
4.237990056577191744e+00	8.388270464005152860e+01
4.244267783646744618e+00	8.413826156684986302e+01
4.250560660182562955e+00	8.434399410938213748e+01
4.256847734842668096e+00	8.425270450464991256e+01
4.263127100734456221e+00	8.473030525153978942e+01
4.269406860432507500e+00	8.481929841800871372e+01
4.275691671482192646e+00	8.471099658309823610e+01
4.281972414189518794e+00	8.519201261343852138e+01
4.288253516806755705e+00	8.516090252107480296e+01
4.294540520160492925e+00	8.532735645397879409e+01
4.300825742921731809e+00	8.574368292276209047e+01
4.307109835491901961e+00	8.586411319369733519e+01
4.313390926478413157e+00	8.583791778912726045e+01
4.319667979480563247e+00	8.601302779360922557e+01
4.325952598143786076e+00	8.652357712002252299e+01
4.332241647035422361e+00	8.668615546190164878e+01
4.338524445619096781e+00	8.668844514260449330e+01
4.344809348131129845e+00	8.704349943249432897e+01
4.351090699193166600e+00	8.700258632894667699e+01
4.357369710808320029e+00	8.747098215463979898e+01
4.363659348967174445e+00	8.746120789242361582e+01
4.369947418280990981e+00	8.784998119019087426e+01
4.376226569265827315e+00	8.783568168901162210e+01
4.382499356631129217e+00	8.808591848798992885e+01
4.388784975178015024e+00	8.839776132078880266e+01
4.395068696309480494e+00	8.851328607496297707e+01
4.401347962382031298e+00	8.873320124967156630e+01
4.407628405096517099e+00	8.881763814187287664e+01
4.413915862185140426e+00	8.874610059547738672e+01
4.420203163534264235e+00	8.933705438307437419e+01
4.426480311003382795e+00	8.902691142652088274e+01
4.432765973643649104e+00	8.965675357699487336e+01
4.439053392023870614e+00	8.944142096482750048e+01
4.445336141335588742e+00	9.004994631505849156e+01
4.451617241414883352e+00	8.983888976916837521e+01
4.457901500730311106e+00	8.994750167409881669e+01
4.464189501093017043e+00	9.019842662766173191e+01
4.470470197548729985e+00	9.000959048914782556e+01
4.476748044268524573e+00	9.045673095894906623e+01
4.483035990164653484e+00	9.036739132889113080e+01
4.489323331650528104e+00	9.066145530408886088e+01
4.495599111667934800e+00	9.035245963935012981e+01
4.501870922878794090e+00	9.051715730925604930e+01
4.508155162877705457e+00	9.087810983384535746e+01
4.514446451153479423e+00	9.044495540359893937e+01
4.520723894043856994e+00	9.060916377987560111e+01
4.527003782460155890e+00	9.025372821466729079e+01
4.533293086610313161e+00	8.998188352925726008e+01
4.539578989864040182e+00	8.996268016392247091e+01
4.545857164866476730e+00	8.968720042835157358e+01
4.552138955546025656e+00	8.930084875429152191e+01
4.558432046889146605e+00	8.933839359645786260e+01
4.564713463378488711e+00	8.926334371933315026e+01
4.570987274133244682e+00	8.917660596365136882e+01
4.577274818151045643e+00	8.934822727310329071e+01
4.583563263889338657e+00	8.920316039882392545e+01
4.589844917004465508e+00	8.933081328331654447e+01
4.596126259982004747e+00	8.922350717406904153e+01
4.602409075598298926e+00	8.935379126600558664e+01
4.608696634867644804e+00	8.934945290222962910e+01
4.614977646498861219e+00	8.916151100718022349e+01
4.621258953029527383e+00	8.936953893605443966e+01
4.627547993978874175e+00	8.932013856029892906e+01
4.633830152730579854e+00	8.935947085137247825e+01
4.640104005367354567e+00	8.979900010033487945e+01
4.646382060386754276e+00	8.941683070940074174e+01
4.652674213731970987e+00	8.953387696972447429e+01
4.658958291796220230e+00	8.967917279929997676e+01
4.665233615070169648e+00	8.992667897998779836e+01
4.671520675710307380e+00	8.988702458069752765e+01
4.677814351732177300e+00	9.012587597576842313e+01
4.684093699744638073e+00	9.011787489059342704e+01
4.690368661472568590e+00	8.996327706385177692e+01
4.696663270746453733e+00	9.041155199015351229e+01
4.702945459248681459e+00	9.005382261389777909e+01
4.709209170841929470e+00	9.054267672195182115e+01
4.715491634753063543e+00	9.068433001523968073e+01
4.721784316284933780e+00	9.077943271193919372e+01
4.728063062331094635e+00	9.096996235166940892e+01
4.734337423381671073e+00	9.141809019031512662e+01
4.740627024094544062e+00	9.148249150754702441e+01
4.746914995664547554e+00	9.179797130257624360e+01
4.753194740071086777e+00	9.162243583816699299e+01
4.759478891864783456e+00	9.220136853873839300e+01
4.765762396877359031e+00	9.245400373185297838e+01
4.772049481246195768e+00	9.268592633484037435e+01
4.778335091022592351e+00	9.291330252558914538e+01
4.784610831402393849e+00	9.292143668408373003e+01
4.790907306208476157e+00	9.318669390302842714e+01
4.797204047706418173e+00	9.332808868284847392e+01
4.803470827697504220e+00	9.349461143100910476e+01
4.809748850577324042e+00	9.397526572743203133e+01
4.816045316586602176e+00	9.443708592417425507e+01
4.822329240673497885e+00	9.451595987174363245e+01
4.828596758226470165e+00	9.472906760161367856e+01
4.834890332961369275e+00	9.470393383816102073e+01
4.841191655056394261e+00	9.534668623799645104e+01
4.847460407468000554e+00	9.521525560907508634e+01
4.853732128521334843e+00	9.613350072944807323e+01
4.860029138783373170e+00	9.534334865327707575e+01
4.866314601732018019e+00	9.606101825417387374e+01
4.872587026269203925e+00	9.658587121979239498e+01
4.878874221748241702e+00	9.708931078909648704e+01
4.885171078138658807e+00	9.714872691170796770e+01
4.891450629931857641e+00	9.726670790848866943e+01
4.897716482750221978e+00	9.791179748343709832e+01
4.904002834596266069e+00	9.806601757357709914e+01
4.910295858205786068e+00	9.805682414426449611e+01
4.916575188115905881e+00	9.856790987708910734e+01
4.922847946197084212e+00	9.950757710470503525e+01
4.929131667457151700e+00	9.965666824918427835e+01
4.935434460144239033e+00	1.003318906946525289e+02
4.941718513303545279e+00	1.002981414280025376e+02
4.947978624761803168e+00	1.012503715769982335e+02
4.954274999209829389e+00	1.012891874155156415e+02
4.960571094729937514e+00	1.013474495628044849e+02
4.966823207626954506e+00	1.015140546968228676e+02
4.973097418390337587e+00	1.024267947511603012e+02
4.979415129936382023e+00	1.028423230998412095e+02
4.985702082330368157e+00	1.030703071777806201e+02
4.991949985828016523e+00	1.038157884503729491e+02
4.998241586316924057e+00	1.049602393051348912e+02
5.004556635606089543e+00	1.052431024658317682e+02
5.010828655701208945e+00	1.048875440189553103e+02
5.017077229702536556e+00	1.058965484289078915e+02
5.023374414758113637e+00	1.059627388621004798e+02
5.029688873569548413e+00	1.075145748091333502e+02
5.035958413584124216e+00	1.069161803403129056e+02
5.042232667658486989e+00	1.073976738489242138e+02
5.048528755870775875e+00	1.085618809722835607e+02
5.054821121427484520e+00	1.088102233369179999e+02
5.061069509814582368e+00	1.090928346701466438e+02
5.067347812754101177e+00	1.096353663194892079e+02
5.073675050630431116e+00	1.110915412526629353e+02
5.079945928388977627e+00	1.105963206103590863e+02
5.086192992546071601e+00	1.116745954040349034e+02
5.092484128970163226e+00	1.119133370384302992e+02
5.098802924706086870e+00	1.139594347301102601e+02
5.105078217426394005e+00	1.140410683269192162e+02
5.111325076574067872e+00	1.140863757489032650e+02
5.117628358851224135e+00	1.159111038141463013e+02
5.123935939383525984e+00	1.158209305277828207e+02
5.130199176325612065e+00	1.167463045294177135e+02
5.136469985878846956e+00	1.173287485029234745e+02
5.142797788696348071e+00	1.177547594399344177e+02
5.149090378043822192e+00	1.188418995987060924e+02
5.155289879840074363e+00	1.197388563682711009e+02
5.161564521234301317e+00	1.201542962967364900e+02
5.167916673496016244e+00	1.215851035634903496e+02
5.174205974602950064e+00	1.224855355491527291e+02
5.180434820793812456e+00	1.228170327745720272e+02
5.186729096569634656e+00	1.238757764116801638e+02
5.193058481037780894e+00	1.249404112983461914e+02
5.199319511444338460e+00	1.249285753336401541e+02
5.205574295584361799e+00	1.263410210968073955e+02
5.211894977074066126e+00	1.280385699169397355e+02
5.218201708336958511e+00	1.284328509214858514e+02
5.224411911780083351e+00	1.296542835236224960e+02
5.230677632666463239e+00	1.296258229677028453e+02
5.237056729559757429e+00	1.316096081967692442e+02
5.243336785035660697e+00	1.331034643758076186e+02
5.249493476178225038e+00	1.335973358249807177e+02
5.255787017738318134e+00	1.339593689203765052e+02
5.262205327426889845e+00	1.347910884615434952e+02
5.268477758348532269e+00	1.366804113441239963e+02
5.274632213654732560e+00	1.377495326981721462e+02
5.280950543314659740e+00	1.383843182271904766e+02
5.287327645024750389e+00	1.387315120693910728e+02
5.293582359180156516e+00	1.384331862645011313e+02
5.299789992649893478e+00	1.400087539812504076e+02
5.306111460381987222e+00	1.436575610497780815e+02
5.312452717892129250e+00	1.440292160021261623e+02
5.318650122853046724e+00	1.455644524412894327e+02
5.324923043129819789e+00	1.463848506594974310e+02
5.331330237158205421e+00	1.495615446216958446e+02
5.337586726886338617e+00	1.493788316519528507e+02
5.343685192440848830e+00	1.516287313718084420e+02
5.350070659715249199e+00	1.507185434782147695e+02
5.356556762554878226e+00	1.543477017196945553e+02
5.362691868684501095e+00	1.577511055528078998e+02
5.368769208912516966e+00	1.577187243178742904e+02
5.375270137997677722e+00	1.556535860116646006e+02
5.381769983045385786e+00	1.623325212274428679e+02
5.387701030372958222e+00	1.637070239014154254e+02
5.393786668001271600e+00	1.632141366223186196e+02
5.400446161099396569e+00	1.642365226414095218e+02
5.406957063684501463e+00	1.694074925173630675e+02
5.412655672453426270e+00	1.698576733325366774e+02
5.418821279260546575e+00	1.752468453035687901e+02
5.425690594366304076e+00	1.736319818596846289e+02
5.432217487502165376e+00	1.786301012814004139e+02
5.437649811577258241e+00	1.762671838539551743e+02
5.443914404015878006e+00	1.789703065143896481e+02
5.450953501686320202e+00	1.837827130275996694e+02
5.457483690405861232e+00	1.878496084322058266e+02
5.462715250135157241e+00	1.790789676589514841e+02
5.469033575551323523e+00	1.894206745101116951e+02
5.476177730420278778e+00	1.852953559356376729e+02
5.482708935702562236e+00	1.954291734114681844e+02
5.487722405008360838e+00	1.940831918143231860e+02
5.494194284996126498e+00	1.905931954378950479e+02
5.501391471009256406e+00	1.963924012411339675e+02
5.507128202673079009e+00	1.909002760699519001e+02
5.512278020050448646e+00	2.062026211328926877e+02
5.519395563377015534e+00	2.072909211892192900e+02
5.526598678609708770e+00	2.135119962654206347e+02
5.532162682462509196e+00	2.183575543776602501e+02
5.537397124017139127e+00	2.236363996736385218e+02
5.544582756485218589e+00	2.051268182678635981e+02
5.551739327507637434e+00	2.001810488696171717e+02
5.557493306674907707e+00	3.014849079560118525e+02
5.562281709102816940e+00	2.301289906799059111e+02
5.569272720323164449e+00	2.278229344771739022e+02
