8.899641224696953554e-03	4.941521953000550275e+04
1.507912216506557788e-02	4.105987924616687087e+04
2.144790186456836667e-02	4.621379679849273089e+04
2.783660776489276650e-02	4.121230559431081201e+04
3.435099785803411021e-02	3.352218421636697894e+04
4.047886761425745911e-02	2.407017891561201759e+04
4.676716683575679601e-02	2.100921333291633346e+04
5.308225101765951665e-02	1.906018672422416421e+04
5.945362440940590160e-02	1.532887408009928185e+04
6.576224814588792211e-02	1.386320783119474072e+04
7.196632906698736953e-02	1.451716351548301827e+04
7.827860915688347743e-02	1.244486959679589199e+04
8.470398945834539672e-02	1.082768494725332130e+04
9.096854620527369817e-02	9.883351632490246629e+03
9.720789776830213169e-02	8.826489930724483202e+03
1.034763038959366499e-01	8.231852313167471948e+03
1.097576444254559219e-01	7.257641168505012502e+03
1.160543084780093354e-01	6.396888898562852773e+03
1.223669666537485351e-01	6.223208469406850782e+03
1.286817263090294094e-01	5.743449537513271935e+03
1.349500801664080818e-01	5.554406355129940493e+03
1.411949558842147678e-01	5.382945997914818690e+03
1.475133575747468451e-01	5.012041073583600337e+03
1.537865074252268427e-01	4.524663417756049057e+03
1.600657544051110326e-01	4.330489142616883328e+03
1.663991168687080635e-01	4.117119814422933814e+03
1.727195645776442856e-01	3.853545972821934356e+03
1.789765213377084718e-01	3.708073773420318958e+03
1.852353690647852158e-01	3.605459006636256163e+03
1.914806787341157279e-01	3.460370536027593062e+03
1.977889868651535599e-01	3.360853547181995054e+03
2.040937735447724277e-01	3.187459779280715338e+03
2.103939302609846018e-01	3.031551683653400687e+03
2.166909709822301688e-01	2.960633926498006986e+03
2.229700281216152047e-01	2.805358891804592531e+03
2.292620027086341994e-01	2.690139160845513288e+03
2.355141508366812297e-01	2.668741253375361794e+03
2.417910583817859116e-01	2.560190768153596764e+03
2.480856539439619257e-01	2.466088852407130616e+03
2.543492256872954549e-01	2.417666126718016130e+03
2.606334251884805386e-01	2.352715975447915753e+03
2.669257370896960802e-01	2.252282558486027483e+03
2.732423343141155980e-01	2.184540807454014157e+03
2.795529680084415936e-01	2.194131592636441837e+03
2.858366292314493129e-01	2.111596482230731453e+03
2.920876271394311496e-01	2.028380873610445860e+03
2.983449844439822751e-01	2.016370088567990479e+03
3.046382639407197446e-01	1.941780419525357729e+03
3.109279127003197196e-01	1.882707911214526121e+03
3.172168171618398036e-01	1.882070891571087486e+03
3.235187567944423082e-01	1.814488701656475314e+03
3.298168217550395687e-01	1.775376013697634562e+03
3.361176429457156667e-01	1.756877069550536589e+03
3.423700375709273769e-01	1.713485204914310316e+03
3.486478192666269682e-01	1.678497767876477155e+03
3.549411614411318028e-01	1.643910434855961057e+03
3.611916935421040642e-01	1.613074170648898871e+03
3.674767089563572564e-01	1.606840005830385508e+03
3.737647795277591056e-01	1.558362572045137540e+03
3.800654031475132477e-01	1.521866718563559743e+03
3.863539861259823738e-01	1.492797832715106324e+03
3.926140181364449755e-01	1.481264131572007500e+03
3.989264500321934581e-01	1.466321882350358010e+03
4.052073244576828714e-01	1.435247380155333303e+03
4.114916477570477182e-01	1.393953779949563113e+03
4.177814272116491257e-01	1.373068733118278033e+03
4.240400648725131116e-01	1.370432595895604891e+03
4.303425690270192283e-01	1.339559168761042201e+03
4.366358560255625965e-01	1.319465260888789771e+03
4.428996183220763605e-01	1.325384124480963465e+03
4.491634418529859563e-01	1.288733319169124570e+03
4.554414146254732731e-01	1.258835023620682023e+03
4.617634470301058558e-01	1.254002250317510288e+03
4.680644242023710433e-01	1.242950321012124505e+03
4.743485242764365895e-01	1.213029191400323270e+03
4.806356136815400082e-01	1.194820440182152197e+03
4.869019258388697646e-01	1.180665524930697757e+03
4.931697099599955947e-01	1.160592077717124994e+03
4.994506747144535908e-01	1.147593445703407724e+03
5.057159051335421429e-01	1.143722342531695631e+03
5.119923996268095356e-01	1.133711349171518350e+03
5.183126097768406826e-01	1.115192304221300674e+03
5.246089638029100000e-01	1.101227360074162789e+03
5.308757308483337267e-01	1.089012117387700982e+03
5.371573527946726934e-01	1.083846304289681029e+03
5.434579563783791256e-01	1.063388346499200679e+03
5.497430652392217842e-01	1.053642032198832794e+03
5.559937427501778773e-01	1.033720584469281675e+03
5.622854676609657654e-01	1.023607742604485679e+03
5.686011537227265711e-01	1.015912312513154689e+03
5.748804589422079614e-01	1.009028876095847863e+03
5.811550210340560296e-01	1.000559984715452629e+03
5.874394496660968468e-01	9.934344489610847404e+02
5.937176220296899176e-01	9.845603717142039386e+02
5.999971954793682505e-01	9.601314634634632057e+02
6.062679115124277596e-01	9.693664171106933054e+02
6.125469576444534381e-01	9.443246399904919599e+02
6.188477733041515272e-01	9.401420516363880324e+02
6.251310567437898813e-01	9.262419571486943823e+02
6.314027450383210560e-01	9.204643180701136771e+02
6.377003562732055375e-01	9.165406643013924395e+02
6.439857783314556494e-01	9.054845315804294614e+02
6.502685417166111925e-01	8.973739039335882808e+02
6.565586117699038216e-01	8.830831770912294587e+02
6.628369282359254377e-01	8.770786677109107359e+02
6.691185444962194362e-01	8.715503953842542160e+02
6.754070198575605755e-01	8.579375863481436681e+02
6.816835514593204692e-01	8.528427061119414248e+02
6.879592533861698112e-01	8.458033259916068118e+02
6.942344317039531587e-01	8.461209696974013923e+02
7.005175402434737908e-01	8.336960162628896569e+02
7.068124956608716758e-01	8.253771525524695107e+02
7.131019009674921527e-01	8.120678598874053478e+02
7.193918251171427247e-01	8.110824891291916856e+02
7.256833807598113140e-01	8.098251104661576392e+02
7.319652682709349989e-01	7.972612675465378516e+02
7.382507990484923344e-01	7.864423611354708328e+02
7.445265842115937893e-01	7.835686114162622289e+02
7.507871101942712455e-01	7.763057217539925432e+02
7.570758465316046459e-01	7.690123932089186383e+02
7.633641233600957365e-01	7.638146368367757759e+02
7.696462959862266917e-01	7.618016586671648156e+02
7.759394865175414102e-01	7.526818378611724256e+02
7.822329141989586843e-01	7.459587869696836151e+02
7.885314936520240181e-01	7.390114217373600241e+02
7.947896566979522071e-01	7.327053217500624669e+02
8.010491096592354809e-01	7.299027206805294554e+02
8.073364061727361651e-01	7.221814954671938267e+02
8.136229488373866170e-01	7.186609247277663144e+02
8.199152998961036776e-01	7.111781262084195987e+02
8.261952636392789762e-01	7.063894613410843704e+02
8.324897070080405914e-01	7.004724678817802896e+02
8.387959309210778480e-01	6.951212174311667695e+02
8.450634639703045181e-01	6.920173974089499325e+02
8.513282867562648182e-01	6.859988782013556374e+02
8.576198263902009566e-01	6.838795138601768713e+02
8.639058477062415697e-01	6.752831878092077886e+02
8.701838745487597837e-01	6.681476852192915885e+02
8.764641096075268534e-01	6.636642467773768885e+02
8.827503873399735745e-01	6.596176791272995388e+02
8.890332768393869323e-01	6.548053716184405175e+02
8.953084247113127780e-01	6.484733622747453410e+02
9.015956521667095602e-01	6.451621845161854480e+02
9.078833328094829680e-01	6.408383587651295556e+02
9.141744106319863450e-01	6.344113045181983352e+02
9.204630817717615043e-01	6.305114695294547573e+02
9.267434415264711456e-01	6.272627901433985471e+02
9.330324197354928906e-01	6.209704003011279383e+02
9.393265785573878812e-01	6.167310568269519990e+02
9.455974810398196650e-01	6.142163374184914346e+02
9.518660018545171964e-01	6.079846820059052561e+02
9.581413255531838757e-01	6.064919413174774263e+02
9.644350945109106954e-01	5.995269262840428155e+02
9.707355633568249820e-01	5.937913903431658582e+02
9.770080768450029041e-01	5.896017851575157920e+02
9.832823325363413414e-01	5.842688433418815066e+02
9.895569691966674686e-01	5.847771537282488907e+02
9.958456301921106979e-01	5.774727823885426687e+02
1.002136210743837408e+00	5.737613923120158006e+02
1.008404825335135424e+00	5.724080429618131802e+02
1.014694149836243398e+00	5.667916743735585214e+02
1.020992555437297167e+00	5.616576515961689893e+02
1.027273980437394485e+00	5.583229600121965177e+02
1.033559181896017254e+00	5.575622310978393443e+02
1.039847557392594934e+00	5.488622351633077869e+02
1.046126974943305088e+00	5.484367056782509735e+02
1.052403436811028659e+00	5.448641579705106324e+02
1.058680704651608684e+00	5.408655191640510793e+02
1.064964333065789193e+00	5.364021876602943166e+02
1.071256777440835473e+00	5.315550503079509781e+02
1.077544048801078125e+00	5.294450018714285306e+02
1.083824820188043603e+00	5.259376068456593885e+02
1.090108023942816695e+00	5.230421978243891772e+02
1.096389665956643222e+00	5.194687494645504557e+02
1.102681132058841440e+00	5.165450746557769435e+02
1.108963047594879958e+00	5.124424761747067123e+02
1.115225428463759272e+00	5.082145981281801710e+02
1.121502127614767863e+00	5.062903788115756925e+02
1.127792573824792033e+00	5.028265426968029033e+02
1.134089552668382961e+00	4.985788168613050289e+02
1.140364049650405942e+00	4.967383425191333686e+02
1.146639180320979445e+00	4.930012502311323601e+02
1.152942412991649901e+00	4.891917916852539747e+02
1.159228906751078814e+00	4.882798438954050653e+02
1.165508721887268173e+00	4.833389230960074201e+02
1.171793076256210320e+00	4.798956398690575043e+02
1.178087436369658958e+00	4.771581407320509243e+02
1.184367654251526902e+00	4.748919928231377980e+02
1.190634642299266632e+00	4.706168909620017189e+02
1.196912208834400859e+00	4.668194077801722415e+02
1.203201577354146234e+00	4.650250344167734511e+02
1.209486844441705733e+00	4.614895785501627188e+02
1.215763902074809888e+00	4.603062495437484927e+02
1.222049755171146668e+00	4.562719651154282019e+02
1.228340616621486969e+00	4.540553423305395313e+02
1.234632986576932767e+00	4.506486591541407165e+02
1.240902247176856488e+00	4.471449285399157247e+02
1.247174839144687519e+00	4.443878216117042257e+02
1.253465459933442272e+00	4.415770839237117684e+02
1.259749951892178421e+00	4.384936550128130079e+02
1.266032143127253873e+00	4.354586452002109240e+02
1.272316288472006507e+00	4.332228830894117095e+02
1.278604155058621350e+00	4.321370599865779241e+02
1.284886588933593865e+00	4.281202407363454654e+02
1.291175420066583257e+00	4.267607553090480792e+02
1.297465726373772332e+00	4.239128279340100107e+02
1.303741827011944299e+00	4.210976131685858945e+02
1.310017322922761851e+00	4.184744624482693212e+02
1.316301447662886703e+00	4.158428893342674542e+02
1.322586760363303249e+00	4.131963452704957831e+02
1.328865492452874664e+00	4.113060395621183147e+02
1.335144804954555564e+00	4.075845494678490581e+02
1.341440516272275119e+00	4.049765423657522661e+02
1.347730868417094552e+00	4.024949460738944254e+02
1.354001589994877630e+00	4.009852822868206772e+02
1.360282609297778444e+00	3.986758096579461039e+02
1.366565686457597906e+00	3.964624255729113429e+02
1.372851498482432708e+00	3.935373178764166937e+02
1.379135372929401804e+00	3.913433568265145936e+02
1.385409567149057164e+00	3.885249047078982017e+02
1.391698641219299315e+00	3.873136068525079736e+02
1.397984451439470810e+00	3.830533109689685602e+02
1.404267883409181961e+00	3.814957540800236302e+02
1.410554779484869181e+00	3.802577950743372526e+02
1.416837833547465397e+00	3.800080447579152860e+02
1.423118177187137068e+00	3.765732806332903237e+02
1.429397801164240089e+00	3.729030857501929290e+02
1.435686921822787232e+00	3.711695016296691279e+02
1.441977121769299597e+00	3.700062456422501782e+02
1.448253667853332427e+00	3.661752621613033511e+02
1.454532348972172651e+00	3.642593512622917729e+02
1.460819319151879903e+00	3.633678796108266056e+02
1.467110364402026468e+00	3.604683049060055282e+02
1.473392908948962132e+00	3.581468566128046405e+02
1.479669965243598950e+00	3.568658926988254620e+02
1.485956144602843532e+00	3.550384506867213190e+02
1.492233610763115115e+00	3.534801028748157705e+02
1.498502470379980078e+00	3.509116182602311937e+02
1.504785752051182701e+00	3.487604555008342686e+02
1.511075991894575976e+00	3.454437895971368562e+02
1.517361634985162189e+00	3.433096610814015435e+02
1.523648570969130533e+00	3.426883851627838453e+02
1.529938035715892264e+00	3.410059113599738794e+02
1.536230176913891965e+00	3.382483039807232785e+02
1.542510718779388279e+00	3.372309275139438114e+02
1.548783963082980275e+00	3.340528626001839143e+02
1.555073069779651318e+00	3.334930413063806327e+02
1.561357324927233892e+00	3.314009654419840558e+02
1.567629121053141006e+00	3.300070618272894194e+02
1.573913697404382583e+00	3.268825516873762922e+02
1.580203545230874029e+00	3.260398856056181671e+02
1.586485393434537983e+00	3.241649893530361055e+02
1.592760014263005841e+00	3.224664890870884619e+02
1.599046436394670812e+00	3.206740548405651339e+02
1.605342136637478934e+00	3.183058861291944481e+02
1.611619860919608627e+00	3.167035719016128610e+02
1.617897597081673799e+00	3.145826464091651928e+02
1.624183235481122756e+00	3.133627667526774303e+02
1.630464598531913722e+00	3.119941791671320743e+02
1.636748985747638274e+00	3.106568046608412033e+02
1.643030923698886259e+00	3.085357799701760655e+02
1.649309176648513064e+00	3.067787862591145540e+02
1.655593633940351861e+00	3.044224610450724526e+02
1.661879571405086464e+00	3.035906991217790960e+02
1.668169361685170271e+00	3.016034522933851463e+02
1.674450151530487485e+00	3.005091769954854044e+02
1.680722718978495900e+00	2.984215279054867551e+02
1.687013891340952476e+00	2.970679502660528897e+02
1.693308984907921033e+00	2.951217927528298333e+02
1.699582147428448486e+00	2.935969536546951986e+02
1.705863747055134105e+00	2.933201980383446994e+02
1.712154434283889470e+00	2.910431205748785146e+02
1.718438381579399321e+00	2.891035426929620371e+02
1.724721264464063930e+00	2.874738019013155963e+02
1.730997441276920679e+00	2.864094393669243459e+02
1.737287073528269499e+00	2.848119243356421748e+02
1.743567991878527401e+00	2.829778360432797513e+02
1.749840680212231048e+00	2.815484504529551373e+02
1.756128549091961144e+00	2.800252258820769384e+02
1.762413535324792502e+00	2.789858738756492471e+02
1.768696187669963837e+00	2.766931746302365696e+02
1.774979359379055266e+00	2.759631706748980378e+02
1.781265555576432957e+00	2.741356106527273937e+02
1.787549427830244619e+00	2.730718051778487165e+02
1.793834120011633004e+00	2.712411286715278607e+02
1.800115051552487300e+00	2.697731519929949968e+02
1.806393904854530330e+00	2.685221408982396269e+02
1.812674089667083432e+00	2.672282333278707824e+02
1.818956920109354058e+00	2.666934750082079972e+02
1.825244164118212220e+00	2.644561829981382743e+02
1.831527256642196955e+00	2.631420992409912856e+02
1.837811294935716599e+00	2.617329488162970961e+02
1.844100717411196744e+00	2.608209453001800284e+02
1.850384816792487230e+00	2.590690586792835575e+02
1.856666059735203822e+00	2.577503367669891077e+02
1.862947728675613979e+00	2.567658624921400019e+02
1.869229324466858078e+00	2.559093369039961772e+02
1.875517616802973686e+00	2.541820071669736478e+02
1.881800769033795229e+00	2.530102661470685064e+02
1.888078863416442710e+00	2.513919059388397841e+02
1.894353975182237582e+00	2.500231339243524360e+02
1.900642716154182565e+00	2.489563417645916843e+02
1.906933494748685121e+00	2.480011331782937418e+02
1.913207568676573933e+00	2.466243888602692209e+02
1.919490884732178992e+00	2.459104621101236319e+02
1.925776855684274480e+00	2.444461992322602839e+02
1.932064452961978152e+00	2.427893380784690862e+02
1.938342610030488800e+00	2.419271514846861635e+02
1.944618341543410178e+00	2.412779614428661148e+02
1.950906260203513876e+00	2.398800335911611512e+02
1.957194556613796488e+00	2.382817266153308253e+02
1.963479614559011432e+00	2.369348358465338436e+02
1.969760361532916226e+00	2.361999874131715558e+02
1.976048367034604736e+00	2.347549392759059117e+02
1.982337990217652335e+00	2.335664788409157495e+02
1.988617489259562721e+00	2.332189757467656364e+02
1.994896320665194178e+00	2.307034758890492867e+02
2.001179596222827151e+00	2.303493228082390942e+02
2.007459756923499761e+00	2.298732607789689553e+02
2.013737397779169935e+00	2.285010986408263989e+02
2.020017234677497164e+00	2.271068036038037974e+02
2.026310251015072783e+00	2.262062767650722037e+02
2.032600542948020284e+00	2.248480482204463158e+02
2.038873863192099289e+00	2.235627712654973038e+02
2.045154087821675404e+00	2.229669287507930449e+02
2.051444704514288730e+00	2.217206670870040455e+02
2.057730430280644729e+00	2.211291055778676196e+02
2.064013940455224461e+00	2.197255404919728505e+02
2.070299891179459895e+00	2.186603328998791369e+02
2.076589719964883951e+00	2.174533601871150097e+02
2.082865483794470673e+00	2.164732817160704599e+02
2.089134494859368640e+00	2.157552594571454563e+02
2.095424211360070288e+00	2.145951600264334616e+02
2.101707116664804254e+00	2.136828686911214845e+02
2.107986473933564309e+00	2.131332037810011286e+02
2.114271806543862375e+00	2.115869737291986326e+02
2.120552717288892275e+00	2.108832732525535505e+02
2.126836933207161717e+00	2.104730501851919655e+02
2.133122044791171845e+00	2.092438301433359413e+02
2.139411711910842673e+00	2.077166929208389661e+02
2.145697076775292089e+00	2.072941198570404140e+02
2.151973548606471276e+00	2.059286460987786427e+02
2.158259913555724108e+00	2.053865589279064352e+02
2.164545396699105506e+00	2.044465203482938307e+02
2.170830700377734068e+00	2.037132032791458016e+02
2.177114138849150393e+00	2.027260252348024778e+02
2.183387647576827018e+00	2.015924283876925074e+02
2.189670273687676971e+00	2.006475345465620137e+02
2.195960147934207463e+00	1.998776860000806437e+02
2.202242556317716371e+00	1.990404606636252254e+02
2.208521655981037668e+00	1.977306319292291334e+02
2.214804637081333016e+00	1.975697420684875283e+02
2.221092583349425276e+00	1.964398593356309277e+02
2.227372893591468728e+00	1.955387144402858155e+02
2.233657161144248171e+00	1.945784063543253239e+02
2.239943485394438660e+00	1.936990813925644943e+02
2.246224175264620815e+00	1.929581331396061898e+02
2.252506378421252009e+00	1.920063585432809532e+02
2.258783417054270437e+00	1.918714164992002793e+02
2.265069077371457684e+00	1.904815474415964616e+02
2.271350377044131452e+00	1.898220940902064058e+02
2.277633995145353918e+00	1.887904054907641296e+02
2.283922419579920149e+00	1.881741366809700935e+02
2.290202874392252674e+00	1.872739258325213996e+02
2.296490779970905560e+00	1.862099668264355330e+02
2.302771769934229162e+00	1.858690987835165629e+02
2.309051364164305564e+00	1.847607075897558104e+02
2.315338502539088239e+00	1.842252508037895211e+02
2.321627336503874428e+00	1.835533024178984363e+02
2.327911878297218795e+00	1.828563478733179863e+02
2.334186238580297168e+00	1.819994129102923068e+02
2.340467971862688401e+00	1.814145620055894881e+02
2.346756940970738725e+00	1.807393382624789240e+02
2.353044444556199988e+00	1.801633889588269710e+02
2.359327653314069906e+00	1.790143051898512283e+02
2.365603048789861607e+00	1.784470703700784213e+02
2.371885911737665165e+00	1.775773968639098541e+02
2.378173303594019572e+00	1.770312773794501311e+02
2.384454016539381271e+00	1.763798546077930780e+02
2.390736447344785187e+00	1.754885690936882554e+02
2.397014133897952259e+00	1.750100417874411676e+02
2.403295490074321972e+00	1.740631656363028981e+02
2.409585049672506862e+00	1.734943420398374485e+02
2.415871703165322071e+00	1.728706985767601054e+02
2.422160652369088840e+00	1.721717008764737784e+02
2.428440167222748691e+00	1.717826647302485981e+02
2.434717472383889803e+00	1.706492831557707461e+02
2.441002456202044257e+00	1.699728627812102388e+02
2.447289980304530488e+00	1.692758743226933973e+02
2.453571844729242279e+00	1.688963311348865659e+02
2.459852705114058846e+00	1.684203976375927709e+02
2.466139233225018934e+00	1.675757062336020908e+02
2.472421963421291391e+00	1.668382722009313568e+02
2.478698519174224568e+00	1.664061229470876242e+02
2.484980841400355800e+00	1.657643869103765724e+02
2.491269319409339822e+00	1.650788258413344067e+02
2.497548505139029373e+00	1.645218377448186970e+02
2.503831667172610853e+00	1.641719934575440050e+02
2.510117938323931153e+00	1.633540556566835278e+02
2.516400733681277480e+00	1.627980129969524512e+02
2.522688226833368130e+00	1.622021241563167280e+02
2.528971695852665569e+00	1.617609463207476495e+02
2.535252039407670299e+00	1.610458653462734162e+02
2.541537514142774512e+00	1.605047524230908209e+02
2.547823008847572179e+00	1.598211637717861322e+02
2.554100666580690238e+00	1.594058562993620001e+02
2.560376788884177301e+00	1.587845582306724168e+02
2.566667521601497359e+00	1.580728284743714198e+02
2.572955062237090473e+00	1.575914054810286586e+02
2.579233771797999175e+00	1.571902493308235762e+02
2.585520164300948220e+00	1.567016985196077883e+02
2.591805130332431872e+00	1.563325103306700612e+02
2.598084074692260881e+00	1.558230778735899094e+02
2.604360404197643586e+00	1.551734416926162510e+02
2.610647185140439142e+00	1.543196835469539110e+02
2.616931864059273138e+00	1.541551628171814059e+02
2.623206107911065565e+00	1.535229531543188557e+02
2.629491626543270844e+00	1.529166436275958176e+02
2.635778507982642349e+00	1.526368986066113962e+02
2.642061039325260818e+00	1.520043314458109762e+02
2.648343840729305843e+00	1.515292504803301199e+02
2.654631838974855551e+00	1.512263418924500513e+02
2.660919001246303761e+00	1.504775967775424874e+02
2.667198525130066056e+00	1.502530033175968640e+02
2.673484307038032526e+00	1.497883466831003147e+02
2.679773388053849459e+00	1.493688309950391329e+02
2.686058217632288692e+00	1.488285899545534505e+02
2.692338738200057868e+00	1.484564580991662694e+02
2.698618022887226964e+00	1.478620884721156301e+02
2.704895450708277860e+00	1.473926916543268533e+02
2.711175674923682166e+00	1.473486675823263568e+02
2.717459832966957922e+00	1.468419752394280806e+02
2.723745731959044569e+00	1.461251659962510701e+02
2.730038414850594730e+00	1.457008049393111833e+02
2.736317989800789441e+00	1.454115960891230657e+02
2.742591858549239703e+00	1.449728776767361751e+02
2.748879749010778362e+00	1.448263929963001715e+02
2.755163403825859447e+00	1.442609146943608778e+02
2.761446955625852073e+00	1.440266360781514834e+02
2.767732088935374701e+00	1.433489197370642501e+02
2.774015452421743966e+00	1.432196799505119600e+02
2.780298635700591436e+00	1.429185904921983195e+02
2.786577474762241380e+00	1.424086250391179362e+02
2.792857983210164541e+00	1.420848896323908548e+02
2.799143790920211483e+00	1.417538614417827603e+02
2.805430058399325244e+00	1.412923436694560451e+02
2.811715058209780072e+00	1.408399681533323644e+02
2.817989272498773623e+00	1.404039201268784041e+02
2.824269171595737760e+00	1.403075484069015033e+02
2.830563016441804081e+00	1.399875176758082773e+02
2.836848750951622034e+00	1.395942818760444197e+02
2.843130027866129783e+00	1.389628691958411082e+02
2.849413896912404986e+00	1.390198694121492622e+02
2.855697464522425566e+00	1.386867347183128061e+02
2.861978799810683594e+00	1.386014679564390519e+02
2.868262469415629567e+00	1.383783149244502226e+02
2.874547359206753860e+00	1.379655249150313523e+02
2.880831111471525041e+00	1.376293719356567635e+02
2.887113216972382546e+00	1.375304681464045302e+02
2.893394504725182781e+00	1.370617577765333976e+02
2.899673662137033592e+00	1.368339733624756605e+02
2.905953958587380814e+00	1.364465169288397135e+02
2.912241118105161064e+00	1.362863492266205014e+02
2.918525996366671205e+00	1.362028314648628111e+02
2.924809035425688819e+00	1.358745119832271371e+02
2.931095916293684933e+00	1.356537116671666467e+02
2.937378182606774413e+00	1.354485311290801235e+02
2.943659980254369923e+00	1.352487202295898783e+02
2.949946454403890250e+00	1.349955535694666366e+02
2.956227653702202307e+00	1.346720921277054686e+02
2.962510478867462993e+00	1.346567488418073708e+02
2.968796535179442309e+00	1.342238625627387592e+02
2.975077657376874907e+00	1.340645788888472794e+02
2.981359866759223376e+00	1.338369613363278177e+02
2.987646761575656562e+00	1.338391262554559660e+02
2.993929038370399365e+00	1.335489455160685850e+02
3.000206214840962726e+00	1.334056524424792087e+02
3.006486172402415669e+00	1.334816603832871351e+02
3.012769812211594456e+00	1.332388783196354609e+02
3.019053144326170113e+00	1.328797261325930776e+02
3.025337405144251424e+00	1.329185574779169769e+02
3.031623734799107961e+00	1.327855781353648013e+02
3.037908962055872575e+00	1.329086035515205140e+02
3.044195067146031608e+00	1.325121667396320504e+02
3.050475543482170426e+00	1.324796030165219634e+02
3.056754954538277502e+00	1.321054540785802942e+02
3.063040539557494668e+00	1.322439565971041873e+02
3.069323699454357346e+00	1.322008488781025903e+02
3.075610692642898769e+00	1.322765180974363375e+02
3.081893798009918584e+00	1.323740974491746556e+02
3.088174549548037717e+00	1.320475747779082951e+02
3.094458635632868493e+00	1.321889767322415139e+02
3.100743982931558840e+00	1.319868944769298196e+02
3.107028111748448396e+00	1.319780516291899346e+02
3.113309299655494300e+00	1.318092632357364664e+02
3.119590662867241626e+00	1.317303632844401307e+02
3.125874006820172912e+00	1.317023361751281811e+02
3.132159251154602586e+00	1.319213174144478842e+02
3.138439172765940643e+00	1.318444029869988015e+02
3.144723867719826593e+00	1.319325862522955788e+02
3.151003951258561031e+00	1.320314393147071996e+02
3.157283664131563139e+00	1.317312313052359229e+02
3.163569317183839935e+00	1.320018281924198220e+02
3.169851661717792091e+00	1.318839489690062408e+02
3.176137704316093657e+00	1.320331317424862334e+02
3.182420924828643916e+00	1.320537191369882066e+02
3.188702811875577581e+00	1.321668181546229164e+02
3.194990520008989865e+00	1.324820784238276872e+02
3.201275324656983834e+00	1.322596868031760948e+02
3.207551352179861759e+00	1.326251684360894956e+02
3.213835216737041645e+00	1.325171931535806209e+02
3.220122579819103770e+00	1.324760160519099372e+02
3.226406606618656525e+00	1.322793241628866951e+02
3.232687390085645429e+00	1.318054435701118337e+02
3.238969121280456331e+00	1.315406425199519731e+02
3.245254751548589667e+00	1.312908340791697412e+02
3.251534499036136783e+00	1.310789803926151365e+02
3.257817780791052442e+00	1.306368249167261695e+02
3.264102164154097263e+00	1.301945493658891451e+02
3.270384152138468892e+00	1.299316487060809493e+02
3.276669427476867735e+00	1.296936279130104595e+02
3.282954688864507808e+00	1.294966996388463656e+02
3.289237200334947264e+00	1.291221808432415514e+02
3.295519587088236779e+00	1.287796931454267053e+02
3.301805977329951958e+00	1.287594963465751050e+02
3.308087486222440088e+00	1.283799900325671217e+02
3.314367630234227313e+00	1.280617197309734365e+02
3.320651909732194262e+00	1.278214703858107981e+02
3.326931260376857047e+00	1.273360180196234381e+02
3.333216512447217728e+00	1.270930018967283530e+02
3.339504489419978128e+00	1.267413196096730132e+02
3.345786804809928405e+00	1.267048263162899389e+02
3.352071130016277767e+00	1.262899521391198050e+02
3.358351496304225581e+00	1.260270849699661824e+02
3.364630591073392019e+00	1.257540703440806880e+02
3.370916305215045483e+00	1.254708043255922689e+02
3.377197952029413752e+00	1.254120428775987506e+02
3.383483063818085501e+00	1.249826105770426921e+02
3.389769992424469969e+00	1.247265892897735426e+02
3.396051330885982100e+00	1.245634033611996045e+02
3.402330879139463971e+00	1.243532463813194511e+02
3.408610488352048495e+00	1.241456378179002371e+02
3.414897837696641236e+00	1.238366390268080437e+02
3.421180484052105619e+00	1.235812425752539809e+02
3.427461639653846870e+00	1.233266719506379161e+02
3.433749159643459059e+00	1.232207765390156027e+02
3.440032646656798310e+00	1.229967430490598730e+02
3.446313366033385339e+00	1.225185810635260424e+02
3.452600135384134905e+00	1.224653717914445110e+02
3.458883152815406703e+00	1.220723093879894634e+02
3.465163834403715448e+00	1.219426340117843068e+02
3.471449329786229221e+00	1.217241578777646538e+02
3.477734476754053894e+00	1.214684367537626031e+02
3.484019652467224226e+00	1.214156673622928935e+02
3.490297019369712928e+00	1.209351250611679802e+02
3.496582486484379970e+00	1.211346353332871359e+02
3.502868048046865024e+00	1.206226698512599000e+02
3.509144649545451244e+00	1.204010524226854244e+02
3.515428082003116295e+00	1.201282551793638618e+02
3.521711031624695565e+00	1.200011534300828515e+02
3.527991850954735664e+00	1.197355312011681576e+02
3.534275545726699885e+00	1.196440236864421252e+02
3.540562632020772149e+00	1.193431512769513745e+02
3.546844410757220789e+00	1.192773279984144210e+02
3.553131386753758836e+00	1.192373233731248803e+02
3.559419203211965144e+00	1.189902884600168846e+02
3.565697971577579839e+00	1.187637175213811673e+02
3.571979559134798254e+00	1.185689900485929797e+02
3.578265774595833726e+00	1.182142578000709818e+02
3.584548309769353125e+00	1.182806552110235288e+02
3.590826843920031486e+00	1.179601583782261542e+02
3.597107306745233934e+00	1.178468588378355264e+02
3.603392831792229245e+00	1.175075312091735356e+02
3.609673209822572559e+00	1.173909197721420128e+02
3.615955412133016189e+00	1.171500779169271738e+02
3.622241607772384686e+00	1.171323245074075459e+02
3.628520252736676444e+00	1.169706003063644459e+02
3.634804827569451113e+00	1.168579810979609022e+02
3.641094981788862928e+00	1.166804129031824715e+02
3.647383514928639325e+00	1.166497313177868449e+02
3.653663283927725658e+00	1.163342822146158682e+02
3.659943504072155296e+00	1.163990114835611251e+02
3.666232000281138603e+00	1.161446228030709023e+02
3.672514211678317597e+00	1.160154942932268796e+02
3.678794154686042539e+00	1.159100209193652375e+02
3.685078621861909820e+00	1.157940057032479757e+02
3.691359210097977961e+00	1.156126160935396427e+02
3.697642368173791105e+00	1.153012181875695887e+02
3.703925796735277665e+00	1.153572939828287218e+02
3.710208240364660348e+00	1.153400832916919541e+02
3.716494593122387169e+00	1.152184470448770952e+02
3.722775386659595398e+00	1.150597739810308155e+02
3.729058392883481510e+00	1.149649495388314620e+02
3.735339748210807720e+00	1.148067137859137858e+02
3.741620776392969638e+00	1.148270243519266529e+02
3.747904795418762980e+00	1.146353361504516215e+02
3.754190633281219380e+00	1.144593333960950616e+02
3.760478208018912749e+00	1.143622017642133954e+02
3.766755538573464346e+00	1.142819267242689989e+02
3.773032090135151506e+00	1.141478600902623981e+02
3.779322553012896879e+00	1.141379824047957641e+02
3.785609109731308930e+00	1.139295809378275379e+02
3.791889825936295200e+00	1.139792866870840840e+02
3.798174822702435893e+00	1.138673198642540569e+02
3.804458658753491651e+00	1.136128681589456306e+02
3.810738438095723435e+00	1.137717328295522066e+02
3.817018850285747167e+00	1.135944914784020767e+02
3.823305314209427763e+00	1.135375103049680945e+02
3.829591295197792178e+00	1.135593612121966487e+02
3.835872296070849341e+00	1.134794668861013207e+02
3.842156279590906109e+00	1.134336410440242418e+02
3.848441511099312429e+00	1.132014618774068992e+02
3.854723334376886079e+00	1.133716814781762565e+02
3.861004740704794713e+00	1.133090516492770945e+02
3.867284336650660848e+00	1.132030928304154713e+02
3.873567367678779849e+00	1.132244733432628010e+02
3.879850662830422792e+00	1.129866175389322933e+02
3.886137063198143338e+00	1.131390560054502856e+02
3.892419463049126005e+00	1.132288663190311837e+02
3.898703740328622658e+00	1.131895244276475267e+02
3.904991458788179326e+00	1.130365053217312834e+02
3.911270842222104083e+00	1.128559420693135564e+02
3.917549806479573071e+00	1.130200450622590722e+02
3.923836006203090587e+00	1.130895558553282285e+02
3.930121452497870926e+00	1.130266615694284980e+02
3.936398172858230460e+00	1.130824158725429527e+02
3.942683040425962293e+00	1.129455034216102973e+02
3.948974759704379611e+00	1.131518523227624939e+02
3.955259227995065352e+00	1.130865721801576882e+02
3.961537174921395454e+00	1.129131419706708641e+02
3.967820217617139544e+00	1.127857558067783401e+02
3.974105559832568968e+00	1.129866056898536470e+02
3.980384727931198352e+00	1.130423319351393161e+02
3.986664590839849698e+00	1.130210295851002087e+02
3.992949619150675034e+00	1.131650414587845432e+02
3.999235075769965952e+00	1.131353387626437978e+02
4.005515715515433506e+00	1.130439724165904778e+02
4.011798434346478537e+00	1.133521088512580661e+02
4.018083716245132386e+00	1.133282761263739928e+02
4.024365700052603856e+00	1.135228246682746942e+02
4.030643960839860540e+00	1.134526094187641263e+02
4.036928708926215137e+00	1.136805563782618549e+02
4.043218157412017177e+00	1.134413202219064942e+02
4.049503019487663558e+00	1.135501921827221850e+02
4.055781898960511000e+00	1.136259230619819363e+02
4.062060795621602161e+00	1.135312481499861832e+02
4.068347865354716042e+00	1.137003698247307426e+02
4.074631027173265529e+00	1.139570055635916646e+02
4.080910837526078971e+00	1.140192449046389811e+02
4.087201203341442657e+00	1.143621313672574047e+02
4.093486818591942189e+00	1.143640661390527526e+02
4.099764387336505500e+00	1.144762449672415698e+02
4.106049166937662420e+00	1.144174735081961529e+02
4.112334559041358695e+00	1.145290510649449089e+02
4.118618926059533614e+00	1.147191076425825429e+02
4.124898942031112625e+00	1.151631469825238554e+02
4.131175432561665417e+00	1.149206468157931482e+02
4.137461563786142271e+00	1.151731246184424577e+02
4.143746006210170307e+00	1.151774683036997686e+02
4.150029800482964326e+00	1.153916568300727619e+02
4.156313390684649001e+00	1.155640751006828992e+02
4.162596105843763716e+00	1.157965730635188493e+02
4.168881843141768684e+00	1.156221629724565503e+02
4.175162111073220217e+00	1.160496785397916568e+02
4.181448573417560155e+00	1.159848935871296050e+02
4.187738782464171194e+00	1.163070645767318751e+02
4.194017437180169061e+00	1.165374978700857582e+02
4.200293572701767175e+00	1.165681494766615174e+02
4.206580195481546269e+00	1.170492457181390051e+02
4.212860644652220543e+00	1.169153889724949380e+02
4.219138153430114002e+00	1.172242067279174336e+02
4.225426162098283811e+00	1.171966373955251868e+02
4.231713506719782636e+00	1.172532584522087831e+02
4.237990056577191744e+00	1.176264176584948018e+02
4.244267783646744618e+00	1.177291789180881807e+02
4.250560660182562955e+00	1.182918550660597106e+02
4.256847734842668096e+00	1.179981294638596978e+02
4.263127100734456221e+00	1.184696873598670521e+02
4.269406860432507500e+00	1.186013506194831848e+02
4.275691671482192646e+00	1.189013619846499097e+02
4.281972414189518794e+00	1.191275723216355260e+02
4.288253516806755705e+00	1.192052458727784767e+02
4.294540520160492925e+00	1.196415593062486522e+02
4.300825742921731809e+00	1.199320643573643252e+02
4.307109835491901961e+00	1.199821531606895348e+02
4.313390926478413157e+00	1.202601651079987164e+02
4.319667979480563247e+00	1.201817501778041049e+02
4.325952598143786076e+00	1.206214021573188546e+02
4.332241647035422361e+00	1.207332369888812167e+02
4.338524445619096781e+00	1.212455002011462710e+02
4.344809348131129845e+00	1.213940026356808772e+02
4.351090699193166600e+00	1.216090442360000736e+02
4.357369710808320029e+00	1.220394409249449268e+02
4.363659348967174445e+00	1.220716322640856788e+02
4.369947418280990981e+00	1.225532840602332811e+02
4.376226569265827315e+00	1.225825322834593436e+02
4.382499356631129217e+00	1.227591488645762183e+02
4.388784975178015024e+00	1.232811999988901164e+02
4.395068696309480494e+00	1.231111307216005883e+02
4.401347962382031298e+00	1.235632041052844556e+02
4.407628405096517099e+00	1.235936110992340673e+02
4.413915862185140426e+00	1.240186029025356049e+02
4.420203163534264235e+00	1.241751536570707373e+02
4.426480311003382795e+00	1.240227967776481961e+02
4.432765973643649104e+00	1.247585402163568631e+02
4.439053392023870614e+00	1.244381200371348228e+02
4.445336141335588742e+00	1.247136883492217549e+02
4.451617241414883352e+00	1.247331836177546904e+02
4.457901500730311106e+00	1.248360242656816723e+02
4.464189501093017043e+00	1.253060917472610214e+02
4.470470197548729985e+00	1.249580638083506159e+02
4.476748044268524573e+00	1.255526752512095356e+02
4.483035990164653484e+00	1.252394507125866028e+02
4.489323331650528104e+00	1.261038065000339685e+02
4.495599111667934800e+00	1.256534135776504826e+02
4.501870922878794090e+00	1.258757173733798140e+02
4.508155162877705457e+00	1.254068788455392678e+02
4.514446451153479423e+00	1.252584253361766571e+02
4.520723894043856994e+00	1.253746988410138101e+02
4.527003782460155890e+00	1.248251975273324632e+02
4.533293086610313161e+00	1.248075107219334399e+02
4.539578989864040182e+00	1.251799526029639225e+02
4.545857164866476730e+00	1.244820139753972228e+02
4.552138955546025656e+00	1.239929199446384445e+02
4.558432046889146605e+00	1.234938624252608719e+02
4.564713463378488711e+00	1.238184876482846590e+02
4.570987274133244682e+00	1.234174560256599023e+02
4.577274818151045643e+00	1.230611535196353827e+02
4.583563263889338657e+00	1.231656232285250638e+02
4.589844917004465508e+00	1.233398477342206121e+02
4.596126259982004747e+00	1.233810751748040104e+02
4.602409075598298926e+00	1.231097151738529192e+02
4.608696634867644804e+00	1.230146201676680704e+02
4.614977646498861219e+00	1.228394437945199797e+02
4.621258953029527383e+00	1.234688131259814696e+02
4.627547993978874175e+00	1.233479106164771650e+02
4.633830152730579854e+00	1.235061360211140880e+02
4.640104005367354567e+00	1.228338532083045607e+02
4.646382060386754276e+00	1.234815524169599428e+02
4.652674213731970987e+00	1.235784574033613978e+02
4.658958291796220230e+00	1.241628676269565972e+02
4.665233615070169648e+00	1.235828024003060222e+02
4.671520675710307380e+00	1.240855110331936970e+02
4.677814351732177300e+00	1.239048099526043529e+02
4.684093699744638073e+00	1.237675463854985622e+02
4.690368661472568590e+00	1.239682585676528390e+02
4.696663270746453733e+00	1.242711689279565093e+02
4.702945459248681459e+00	1.244299731773920143e+02
4.709209170841929470e+00	1.250328781236256077e+02
4.715491634753063543e+00	1.245365956910534351e+02
4.721784316284933780e+00	1.251682859639189900e+02
4.728063062331094635e+00	1.256546219334834831e+02
4.734337423381671073e+00	1.254588563346665211e+02
4.740627024094544062e+00	1.252818497861647700e+02
4.746914995664547554e+00	1.261800026040161100e+02
4.753194740071086777e+00	1.258652920624247855e+02
4.759478891864783456e+00	1.261389400718199596e+02
4.765762396877359031e+00	1.261944627952110238e+02
4.772049481246195768e+00	1.265780425610069386e+02
4.778335091022592351e+00	1.269394468085786372e+02
4.784610831402393849e+00	1.265434974783477742e+02
4.790907306208476157e+00	1.280544858764612286e+02
4.797204047706418173e+00	1.276968521322558558e+02
4.803470827697504220e+00	1.281691470069547165e+02
4.809748850577324042e+00	1.279857777671634125e+02
4.816045316586602176e+00	1.287655061877653111e+02
4.822329240673497885e+00	1.287439066141976980e+02
4.828596758226470165e+00	1.289181082193220504e+02
4.834890332961369275e+00	1.291956900257881387e+02
4.841191655056394261e+00	1.300706907542225679e+02
4.847460407468000554e+00	1.301224311007275958e+02
4.853732128521334843e+00	1.306586599829321642e+02
4.860029138783373170e+00	1.299538403310200181e+02
4.866314601732018019e+00	1.304232684460553742e+02
4.872587026269203925e+00	1.322794183599896485e+02
4.878874221748241702e+00	1.317460127772203577e+02
4.885171078138658807e+00	1.325345605938907170e+02
4.891450629931857641e+00	1.326804852569028981e+02
4.897716482750221978e+00	1.336517314006693766e+02
4.904002834596266069e+00	1.332633525401731731e+02
4.910295858205786068e+00	1.333586176134231209e+02
4.916575188115905881e+00	1.340965070244292576e+02
4.922847946197084212e+00	1.344761255283087849e+02
4.929131667457151700e+00	1.353167865614638004e+02
4.935434460144239033e+00	1.359968733968263166e+02
4.941718513303545279e+00	1.371334005910640030e+02
4.947978624761803168e+00	1.374356380922343135e+02
4.954274999209829389e+00	1.370352854463423284e+02
4.960571094729937514e+00	1.381206823762342424e+02
4.966823207626954506e+00	1.379939409340391876e+02
4.973097418390337587e+00	1.387844231206290999e+02
4.979415129936382023e+00	1.388280851197283425e+02
4.985702082330368157e+00	1.396195238889452241e+02
4.991949985828016523e+00	1.410593724845557233e+02
4.998241586316924057e+00	1.414626862301507799e+02
5.004556635606089543e+00	1.412739433501177473e+02
5.010828655701208945e+00	1.420218116572568476e+02
5.017077229702536556e+00	1.435825809553257386e+02
5.023374414758113637e+00	1.431426531564662241e+02
5.029688873569548413e+00	1.448754652918651118e+02
5.035958413584124216e+00	1.445917663956815034e+02
5.042232667658486989e+00	1.460180251533179216e+02
5.048528755870775875e+00	1.469145066332172860e+02
5.054821121427484520e+00	1.480822289959002376e+02
5.061069509814582368e+00	1.476934641838951165e+02
5.067347812754101177e+00	1.482793453667904657e+02
5.073675050630431116e+00	1.501777470401337666e+02
5.079945928388977627e+00	1.495388948193233603e+02
5.086192992546071601e+00	1.519443441601191296e+02
5.092484128970163226e+00	1.522538676244059843e+02
5.098802924706086870e+00	1.537290122966211641e+02
5.105078217426394005e+00	1.541729583534878714e+02
5.111325076574067872e+00	1.543242557896945470e+02
5.117628358851224135e+00	1.545021623629458247e+02
5.123935939383525984e+00	1.566264259711812201e+02
5.130199176325612065e+00	1.568813225374139222e+02
5.136469985878846956e+00	1.568909681152309474e+02
5.142797788696348071e+00	1.592001016115780487e+02
5.149090378043822192e+00	1.596763640541455800e+02
5.155289879840074363e+00	1.619578554670823394e+02
5.161564521234301317e+00	1.628055862802382308e+02
5.167916673496016244e+00	1.637117616722557614e+02
5.174205974602950064e+00	1.640075663621049102e+02
5.180434820793812456e+00	1.649561336480972784e+02
5.186729096569634656e+00	1.673184465723859091e+02
5.193058481037780894e+00	1.672946392570958949e+02
5.199319511444338460e+00	1.696683455891405856e+02
5.205574295584361799e+00	1.704529862136747624e+02
5.211894977074066126e+00	1.702490358616879860e+02
5.218201708336958511e+00	1.732003180182248343e+02
5.224411911780083351e+00	1.738601452580606974e+02
5.230677632666463239e+00	1.753046440854004402e+02
5.237056729559757429e+00	1.761723149965398250e+02
5.243336785035660697e+00	1.767216739811066191e+02
5.249493476178225038e+00	1.810327871729082290e+02
5.255787017738318134e+00	1.795273275785389160e+02
5.262205327426889845e+00	1.821681489149751201e+02
5.268477758348532269e+00	1.853010393259297359e+02
5.274632213654732560e+00	1.854274528511045048e+02
5.280950543314659740e+00	1.876868810176090676e+02
5.287327645024750389e+00	1.882806960718276343e+02
5.293582359180156516e+00	1.907819304448049991e+02
5.299789992649893478e+00	1.928494181553940336e+02
5.306111460381987222e+00	1.924844855503395138e+02
5.312452717892129250e+00	1.967945140189992799e+02
5.318650122853046724e+00	1.953498123537677884e+02
5.324923043129819789e+00	1.957167651316367767e+02
5.331330237158205421e+00	1.972541429304800999e+02
5.337586726886338617e+00	2.009234147728163293e+02
5.343685192440848830e+00	2.015062742737517851e+02
5.350070659715249199e+00	2.044528801730452585e+02
5.356556762554878226e+00	2.068251810718678030e+02
5.362691868684501095e+00	2.086901666310614303e+02
5.368769208912516966e+00	2.143837787339301144e+02
5.375270137997677722e+00	2.117952965724155376e+02
5.381769983045385786e+00	2.113268527694249030e+02
5.387701030372958222e+00	2.215712051334078581e+02
5.393786668001271600e+00	2.205561849481223362e+02
5.400446161099396569e+00	2.203904316449398664e+02
5.406957063684501463e+00	2.246177397403656073e+02
5.412655672453426270e+00	2.206044348611114856e+02
5.418821279260546575e+00	2.262465921263618043e+02
5.425690594366304076e+00	2.293505693609460820e+02
5.432217487502165376e+00	2.282574176012528824e+02
5.437649811577258241e+00	2.405946282346959038e+02
5.443914404015878006e+00	2.423022644061297513e+02
5.450953501686320202e+00	2.380819970708135713e+02
5.457483690405861232e+00	2.412347031426006652e+02
5.462715250135157241e+00	2.429404251271400597e+02
5.469033575551323523e+00	2.447239848300021094e+02
5.476177730420278778e+00	2.549348378387132641e+02
5.482708935702562236e+00	2.613784505181545796e+02
5.487722405008360838e+00	2.580573672712295092e+02
5.494194284996126498e+00	2.590974513767205281e+02
5.501391471009256406e+00	2.599593978889955110e+02
5.507128202673079009e+00	2.965104881808496202e+02
5.512278020050448646e+00	2.658153444324174188e+02
5.519395563377015534e+00	2.703836180381563850e+02
5.526598678609708770e+00	2.888907701124588812e+02
5.532162682462509196e+00	2.540152249650909368e+02
5.537397124017139127e+00	2.931722344158916940e+02
5.544582756485218589e+00	2.797377887527126177e+02
5.551739327507637434e+00	2.969320484505311697e+02
5.557493306674907707e+00	2.398861036560634545e+02
5.562281709102816940e+00	3.142724177059371868e+02
5.569272720323164449e+00	2.112117151136722555e+02
