8.899641224696953554e-03	9.885344258259805429e+03
1.507912216506557788e-02	1.002251516989843731e+04
2.144790186456836667e-02	9.651258723219494641e+03
2.783660776489276650e-02	8.464589197446723119e+03
3.435099785803411021e-02	7.583042575543546263e+03
4.047886761425745911e-02	6.958319368349383694e+03
4.676716683575679601e-02	6.482875042255613153e+03
5.308225101765951665e-02	6.315822261250879819e+03
5.945362440940590160e-02	5.938476834074394901e+03
6.576224814588792211e-02	5.124986900939172301e+03
7.196632906698736953e-02	4.698361384717740293e+03
7.827860915688347743e-02	3.829527392686357416e+03
8.470398945834539672e-02	3.947295364590901045e+03
9.096854620527369817e-02	3.572754624502395473e+03
9.720789776830213169e-02	3.354428188806626167e+03
1.034763038959366499e-01	2.909383247444749486e+03
1.097576444254559219e-01	2.832465501047805901e+03
1.160543084780093354e-01	2.528613569762053430e+03
1.223669666537485351e-01	2.361117859249708999e+03
1.286817263090294094e-01	2.305620050765828637e+03
1.349500801664080818e-01	2.161174692767481247e+03
1.411949558842147678e-01	1.969570701745103179e+03
1.475133575747468451e-01	1.900097361314810087e+03
1.537865074252268427e-01	1.755335422027679897e+03
1.600657544051110326e-01	1.672897176752740279e+03
1.663991168687080635e-01	1.596364053104684899e+03
1.727195645776442856e-01	1.427343140878612758e+03
1.789765213377084718e-01	1.401518695369222542e+03
1.852353690647852158e-01	1.334470821725690030e+03
1.914806787341157279e-01	1.261556702251150227e+03
1.977889868651535599e-01	1.207842311058574978e+03
2.040937735447724277e-01	1.162476185123604864e+03
2.103939302609846018e-01	1.127474530025681815e+03
2.166909709822301688e-01	1.087134346446885047e+03
2.229700281216152047e-01	1.037789445914547969e+03
2.292620027086341994e-01	9.813988866558880773e+02
2.355141508366812297e-01	9.435106053099007113e+02
2.417910583817859116e-01	9.166809866355841905e+02
2.480856539439619257e-01	8.751012005963073079e+02
2.543492256872954549e-01	8.532229406299945822e+02
2.606334251884805386e-01	8.092918470330503169e+02
2.669257370896960802e-01	7.934004261164594709e+02
2.732423343141155980e-01	7.717187464758440001e+02
2.795529680084415936e-01	7.380036088603168309e+02
2.858366292314493129e-01	7.277007674902818053e+02
2.920876271394311496e-01	7.004618605462817413e+02
2.983449844439822751e-01	6.853472537565431821e+02
3.046382639407197446e-01	6.563154351701466567e+02
3.109279127003197196e-01	6.389050458324401234e+02
3.172168171618398036e-01	6.309781573364781480e+02
3.235187567944423082e-01	6.075990542630946720e+02
3.298168217550395687e-01	5.889759266562548419e+02
3.361176429457156667e-01	5.760161752291089670e+02
3.423700375709273769e-01	5.617724086793778042e+02
3.486478192666269682e-01	5.476866444596669226e+02
3.549411614411318028e-01	5.353882302205074666e+02
3.611916935421040642e-01	5.202722078209365009e+02
3.674767089563572564e-01	5.081792199691146266e+02
3.737647795277591056e-01	4.996293605027140075e+02
3.800654031475132477e-01	4.911178297708648302e+02
3.863539861259823738e-01	4.742348411949217848e+02
3.926140181364449755e-01	4.719255583338487554e+02
3.989264500321934581e-01	4.579097714613205312e+02
4.052073244576828714e-01	4.462062224429159301e+02
4.114916477570477182e-01	4.349490776532650784e+02
4.177814272116491257e-01	4.261141828154861173e+02
4.240400648725131116e-01	4.250140983403805990e+02
4.303425690270192283e-01	4.100700864240807846e+02
4.366358560255625965e-01	4.038164776957614208e+02
4.428996183220763605e-01	3.999794437926757382e+02
4.491634418529859563e-01	3.894547088411273990e+02
4.554414146254732731e-01	3.844774252041103750e+02
4.617634470301058558e-01	3.776864012084252522e+02
4.680644242023710433e-01	3.739418985761059844e+02
4.743485242764365895e-01	3.646191212020759167e+02
4.806356136815400082e-01	3.559611897618436842e+02
4.869019258388697646e-01	3.529563255778251118e+02
4.931697099599955947e-01	3.444014052034054316e+02
4.994506747144535908e-01	3.430428548127045474e+02
5.057159051335421429e-01	3.356069003469451104e+02
5.119923996268095356e-01	3.344195154866690700e+02
5.183126097768406826e-01	3.254172961830684017e+02
5.246089638029100000e-01	3.216694660295084987e+02
5.308757308483337267e-01	3.167365083635955898e+02
5.371573527946726934e-01	3.155656960595018745e+02
5.434579563783791256e-01	3.079133163567344695e+02
5.497430652392217842e-01	3.018782954681533965e+02
5.559937427501778773e-01	3.005982529129035470e+02
5.622854676609657654e-01	2.970091641109556235e+02
5.686011537227265711e-01	2.926445010368278759e+02
5.748804589422079614e-01	2.862793357382327599e+02
5.811550210340560296e-01	2.849922243852164456e+02
5.874394496660968468e-01	2.835553280231518443e+02
5.937176220296899176e-01	2.789512804412256060e+02
5.999971954793682505e-01	2.729778521921351171e+02
6.062679115124277596e-01	2.690267110447991286e+02
6.125469576444534381e-01	2.674295398768143741e+02
6.188477733041515272e-01	2.651012681702050031e+02
6.251310567437898813e-01	2.600890894788639116e+02
6.314027450383210560e-01	2.569414822150922646e+02
6.377003562732055375e-01	2.555210714829596839e+02
6.439857783314556494e-01	2.531693917324887195e+02
6.502685417166111925e-01	2.487279286019148685e+02
6.565586117699038216e-01	2.471305875908366261e+02
6.628369282359254377e-01	2.438208909439352396e+02
6.691185444962194362e-01	2.418678850198988073e+02
6.754070198575605755e-01	2.386522098248906616e+02
6.816835514593204692e-01	2.364764414911390418e+02
6.879592533861698112e-01	2.338884009328907041e+02
6.942344317039531587e-01	2.312448301981025907e+02
7.005175402434737908e-01	2.304610936699635317e+02
7.068124956608716758e-01	2.263946050144535320e+02
7.131019009674921527e-01	2.235970394098243617e+02
7.193918251171427247e-01	2.215579503748067793e+02
7.256833807598113140e-01	2.194193427765885076e+02
7.319652682709349989e-01	2.180657601096617952e+02
7.382507990484923344e-01	2.168106955729092533e+02
7.445265842115937893e-01	2.131502180521729031e+02
7.507871101942712455e-01	2.118901447249443208e+02
7.570758465316046459e-01	2.103908614984497660e+02
7.633641233600957365e-01	2.083951322946668085e+02
7.696462959862266917e-01	2.067875545762925924e+02
7.759394865175414102e-01	2.044606402423155487e+02
7.822329141989586843e-01	2.020299718545623193e+02
7.885314936520240181e-01	2.012651874513430528e+02
7.947896566979522071e-01	1.983160712209485723e+02
8.010491096592354809e-01	1.977405277964137440e+02
8.073364061727361651e-01	1.947082572399235687e+02
8.136229488373866170e-01	1.942506242773279723e+02
8.199152998961036776e-01	1.921100746974867093e+02
8.261952636392789762e-01	1.895523689139250223e+02
8.324897070080405914e-01	1.888292454377015872e+02
8.387959309210778480e-01	1.873745095495896464e+02
8.450634639703045181e-01	1.860953375652187844e+02
8.513282867562648182e-01	1.840330457628302838e+02
8.576198263902009566e-01	1.832331040495387811e+02
8.639058477062415697e-01	1.807297554161233677e+02
8.701838745487597837e-01	1.802630733843779183e+02
8.764641096075268534e-01	1.790542308255865578e+02
8.827503873399735745e-01	1.779662357235620789e+02
8.890332768393869323e-01	1.773028618359900861e+02
8.953084247113127780e-01	1.746053385409792327e+02
9.015956521667095602e-01	1.722330721845273160e+02
9.078833328094829680e-01	1.718044038753097880e+02
9.141744106319863450e-01	1.712535611247962208e+02
9.204630817717615043e-01	1.695393655233156949e+02
9.267434415264711456e-01	1.693475652841086685e+02
9.330324197354928906e-01	1.678494777292264359e+02
9.393265785573878812e-01	1.658803616150982521e+02
9.455974810398196650e-01	1.651403900681366110e+02
9.518660018545171964e-01	1.636263614108843854e+02
9.581413255531838757e-01	1.627077104175848774e+02
9.644350945109106954e-01	1.613357673440701490e+02
9.707355633568249820e-01	1.599424936049869928e+02
9.770080768450029041e-01	1.583264948369198351e+02
9.832823325363413414e-01	1.578522443451861648e+02
9.895569691966674686e-01	1.568742087735839164e+02
9.958456301921106979e-01	1.557498682642821564e+02
1.002136210743837408e+00	1.546044327681044024e+02
1.008404825335135424e+00	1.547782589275686291e+02
1.014694149836243398e+00	1.524780013680638717e+02
1.020992555437297167e+00	1.515070166369856395e+02
1.027273980437394485e+00	1.509326160817684297e+02
1.033559181896017254e+00	1.501750460998372603e+02
1.039847557392594934e+00	1.493712911922220883e+02
1.046126974943305088e+00	1.478769039636360390e+02
1.052403436811028659e+00	1.469354029419571077e+02
1.058680704651608684e+00	1.457607676085478658e+02
1.064964333065789193e+00	1.454194367575283025e+02
1.071256777440835473e+00	1.436807996278721475e+02
1.077544048801078125e+00	1.433793261994660213e+02
1.083824820188043603e+00	1.420729249335393263e+02
1.090108023942816695e+00	1.411160171367285443e+02
1.096389665956643222e+00	1.410861162170549221e+02
1.102681132058841440e+00	1.393006171591894145e+02
1.108963047594879958e+00	1.388924941636723247e+02
1.115225428463759272e+00	1.382411025421993429e+02
1.121502127614767863e+00	1.365627907878920837e+02
1.127792573824792033e+00	1.367764191567309524e+02
1.134089552668382961e+00	1.357778420267197532e+02
1.140364049650405942e+00	1.354725135964206970e+02
1.146639180320979445e+00	1.341657431085712062e+02
1.152942412991649901e+00	1.336074169959873643e+02
1.159228906751078814e+00	1.326483153582844352e+02
1.165508721887268173e+00	1.316760778095207343e+02
1.171793076256210320e+00	1.310552332659969750e+02
1.178087436369658958e+00	1.302687330850103535e+02
1.184367654251526902e+00	1.302750182194270963e+02
1.190634642299266632e+00	1.288369384750741915e+02
1.196912208834400859e+00	1.280084835322963102e+02
1.203201577354146234e+00	1.277683835302416213e+02
1.209486844441705733e+00	1.267537643728387735e+02
1.215763902074809888e+00	1.262712429553802735e+02
1.222049755171146668e+00	1.254404201936655170e+02
1.228340616621486969e+00	1.240623754449267864e+02
1.234632986576932767e+00	1.245775917508437942e+02
1.240902247176856488e+00	1.232987160813505056e+02
1.247174839144687519e+00	1.228202250355607532e+02
1.253465459933442272e+00	1.223134598380876383e+02
1.259749951892178421e+00	1.210713359033064620e+02
1.266032143127253873e+00	1.204633519379865589e+02
1.272316288472006507e+00	1.202839653820077785e+02
1.278604155058621350e+00	1.196316271100774031e+02
1.284886588933593865e+00	1.192083827711477682e+02
1.291175420066583257e+00	1.186913618721422665e+02
1.297465726373772332e+00	1.175526007868864866e+02
1.303741827011944299e+00	1.170872417547742828e+02
1.310017322922761851e+00	1.164635394248660418e+02
1.316301447662886703e+00	1.161624531869564976e+02
1.322586760363303249e+00	1.151549266387826123e+02
1.328865492452874664e+00	1.145659711250870316e+02
1.335144804954555564e+00	1.142145474215300283e+02
1.341440516272275119e+00	1.139991163242406316e+02
1.347730868417094552e+00	1.130449656861699026e+02
1.354001589994877630e+00	1.125241916863517417e+02
1.360282609297778444e+00	1.120898701661985655e+02
1.366565686457597906e+00	1.114129712918736743e+02
1.372851498482432708e+00	1.108353601469471670e+02
1.379135372929401804e+00	1.108900600662025653e+02
1.385409567149057164e+00	1.099453731162133181e+02
1.391698641219299315e+00	1.098985356599726515e+02
1.397984451439470810e+00	1.087434708285337877e+02
1.404267883409181961e+00	1.083728948208907497e+02
1.410554779484869181e+00	1.080227344591924208e+02
1.416837833547465397e+00	1.076948108151620005e+02
1.423118177187137068e+00	1.071176287496891462e+02
1.429397801164240089e+00	1.065054303882734104e+02
1.435686921822787232e+00	1.057845138529138751e+02
1.441977121769299597e+00	1.055669220197202947e+02
1.448253667853332427e+00	1.049450588520242604e+02
1.454532348972172651e+00	1.048856829740837355e+02
1.460819319151879903e+00	1.039669216371975011e+02
1.467110364402026468e+00	1.036555043873182171e+02
1.473392908948962132e+00	1.030840627653866477e+02
1.479669965243598950e+00	1.029532594822438227e+02
1.485956144602843532e+00	1.023368968266472763e+02
1.492233610763115115e+00	1.018479111444281386e+02
1.498502470379980078e+00	1.016879615785259716e+02
1.504785752051182701e+00	1.009433793858682122e+02
1.511075991894575976e+00	1.004492473079559289e+02
1.517361634985162189e+00	1.002765728669839973e+02
1.523648570969130533e+00	9.968090690768075035e+01
1.529938035715892264e+00	9.931218450726167646e+01
1.536230176913891965e+00	9.860721250272005989e+01
1.542510718779388279e+00	9.783128754012456341e+01
1.548783963082980275e+00	9.776254419352261493e+01
1.555073069779651318e+00	9.732945327440260996e+01
1.561357324927233892e+00	9.712054075274232900e+01
1.567629121053141006e+00	9.658601324238681229e+01
1.573913697404382583e+00	9.625929493265033443e+01
1.580203545230874029e+00	9.583603516030062508e+01
1.586485393434537983e+00	9.536603435820559582e+01
1.592760014263005841e+00	9.528539957625599754e+01
1.599046436394670812e+00	9.458821326110408734e+01
1.605342136637478934e+00	9.431393649839891680e+01
1.611619860919608627e+00	9.404492142726107318e+01
1.617897597081673799e+00	9.333084030655422225e+01
1.624183235481122756e+00	9.283947775003372271e+01
1.630464598531913722e+00	9.276676630858646888e+01
1.636748985747638274e+00	9.244269710220643788e+01
1.643030923698886259e+00	9.207176239655093752e+01
1.649309176648513064e+00	9.138017416675087645e+01
1.655593633940351861e+00	9.111093040350937144e+01
1.661879571405086464e+00	9.104497398909327899e+01
1.668169361685170271e+00	9.044118508277172452e+01
1.674450151530487485e+00	9.045402851706538172e+01
1.680722718978495900e+00	8.966955249727658384e+01
1.687013891340952476e+00	8.942055170122010566e+01
1.693308984907921033e+00	8.898854896572267137e+01
1.699582147428448486e+00	8.893058777612250765e+01
1.705863747055134105e+00	8.823835215634686335e+01
1.712154434283889470e+00	8.776056910104800579e+01
1.718438381579399321e+00	8.781257778867211528e+01
1.724721264464063930e+00	8.724594620818454871e+01
1.730997441276920679e+00	8.696825891970775047e+01
1.737287073528269499e+00	8.659100989632091228e+01
1.743567991878527401e+00	8.649600434796948889e+01
1.749840680212231048e+00	8.598237955265460641e+01
1.756128549091961144e+00	8.569128481057761348e+01
1.762413535324792502e+00	8.543889609813176378e+01
1.768696187669963837e+00	8.505340015424906142e+01
1.774979359379055266e+00	8.467842761634838666e+01
1.781265555576432957e+00	8.458279864085885436e+01
1.787549427830244619e+00	8.408741071138145173e+01
1.793834120011633004e+00	8.374443394080294922e+01
1.800115051552487300e+00	8.327369782006771004e+01
1.806393904854530330e+00	8.324384050684932390e+01
1.812674089667083432e+00	8.269390919572501275e+01
1.818956920109354058e+00	8.264914943223831756e+01
1.825244164118212220e+00	8.245145264277768149e+01
1.831527256642196955e+00	8.198202195261248448e+01
1.837811294935716599e+00	8.149436719948229779e+01
1.844100717411196744e+00	8.129514934610816113e+01
1.850384816792487230e+00	8.087973487597244571e+01
1.856666059735203822e+00	8.066747969623280312e+01
1.862947728675613979e+00	8.029591794379075509e+01
1.869229324466858078e+00	8.014979948101431262e+01
1.875517616802973686e+00	7.975347725691888456e+01
1.881800769033795229e+00	7.969394552164769152e+01
1.888078863416442710e+00	7.928806911546499236e+01
1.894353975182237582e+00	7.906528134219605874e+01
1.900642716154182565e+00	7.872526200753893022e+01
1.906933494748685121e+00	7.846554425441044600e+01
1.913207568676573933e+00	7.816883417555132496e+01
1.919490884732178992e+00	7.798467830819362234e+01
1.925776855684274480e+00	7.773819574240738461e+01
1.932064452961978152e+00	7.718157186980779727e+01
1.938342610030488800e+00	7.707490164423285250e+01
1.944618341543410178e+00	7.662881403903624289e+01
1.950906260203513876e+00	7.647043675057918222e+01
1.957194556613796488e+00	7.639065152864503716e+01
1.963479614559011432e+00	7.607231757601633149e+01
1.969760361532916226e+00	7.558973667003660069e+01
1.976048367034604736e+00	7.544045057175635804e+01
1.982337990217652335e+00	7.514291665957946975e+01
1.988617489259562721e+00	7.491213190674571365e+01
1.994896320665194178e+00	7.466261082058552745e+01
2.001179596222827151e+00	7.448614868071858552e+01
2.007459756923499761e+00	7.403993864134905323e+01
2.013737397779169935e+00	7.397182872500285100e+01
2.020017234677497164e+00	7.377833257460748939e+01
2.026310251015072783e+00	7.342664667517432520e+01
2.032600542948020284e+00	7.298947300602041821e+01
2.038873863192099289e+00	7.273019130450282432e+01
2.045154087821675404e+00	7.274206895016970975e+01
2.051444704514288730e+00	7.232797110352034053e+01
2.057730430280644729e+00	7.201280421112279839e+01
2.064013940455224461e+00	7.178161445323327428e+01
2.070299891179459895e+00	7.163352772905008692e+01
2.076589719964883951e+00	7.133343863277450225e+01
2.082865483794470673e+00	7.107216566374441413e+01
2.089134494859368640e+00	7.089876322799810282e+01
2.095424211360070288e+00	7.067108719229682379e+01
2.101707116664804254e+00	7.040260394583120274e+01
2.107986473933564309e+00	7.032370052073700606e+01
2.114271806543862375e+00	7.004531409480820514e+01
2.120552717288892275e+00	6.961542199988349466e+01
2.126836933207161717e+00	6.946516445659983674e+01
2.133122044791171845e+00	6.941593545083897254e+01
2.139411711910842673e+00	6.904178753213254538e+01
2.145697076775292089e+00	6.868053500069602535e+01
2.151973548606471276e+00	6.855400692686519903e+01
2.158259913555724108e+00	6.839246240166663426e+01
2.164545396699105506e+00	6.815233713079808808e+01
2.170830700377734068e+00	6.794552440869082943e+01
2.177114138849150393e+00	6.765580370340632044e+01
2.183387647576827018e+00	6.742064151378025372e+01
2.189670273687676971e+00	6.744027608786417716e+01
2.195960147934207463e+00	6.711119405700172535e+01
2.202242556317716371e+00	6.677696671543172613e+01
2.208521655981037668e+00	6.668180395451081210e+01
2.214804637081333016e+00	6.637885110183042059e+01
2.221092583349425276e+00	6.622374313365128273e+01
2.227372893591468728e+00	6.593502090938088145e+01
2.233657161144248171e+00	6.582422236112944347e+01
2.239943485394438660e+00	6.556955464434302883e+01
2.246224175264620815e+00	6.542082099529849870e+01
2.252506378421252009e+00	6.511008772435123149e+01
2.258783417054270437e+00	6.485562934215997188e+01
2.265069077371457684e+00	6.479531769852358991e+01
2.271350377044131452e+00	6.446849838273770672e+01
2.277633995145353918e+00	6.441094422945894848e+01
2.283922419579920149e+00	6.416903676630414566e+01
2.290202874392252674e+00	6.389848752561737655e+01
2.296490779970905560e+00	6.368299436731920338e+01
2.302771769934229162e+00	6.363684264825992187e+01
2.309051364164305564e+00	6.342846115968418275e+01
2.315338502539088239e+00	6.321098461707163096e+01
2.321627336503874428e+00	6.285612786477115321e+01
2.327911878297218795e+00	6.272889668165026933e+01
2.334186238580297168e+00	6.246928922174854648e+01
2.340467971862688401e+00	6.244557611799802999e+01
2.346756940970738725e+00	6.230718027738340936e+01
2.353044444556199988e+00	6.208300739115626499e+01
2.359327653314069906e+00	6.191841238750031096e+01
2.365603048789861607e+00	6.165536125838460890e+01
2.371885911737665165e+00	6.147618599774921222e+01
2.378173303594019572e+00	6.131190563066890320e+01
2.384454016539381271e+00	6.114762172412537211e+01
2.390736447344785187e+00	6.106569810130720555e+01
2.397014133897952259e+00	6.075988169115183268e+01
2.403295490074321972e+00	6.059252566035029020e+01
2.409585049672506862e+00	6.036078516440183961e+01
2.415871703165322071e+00	6.028863241903959391e+01
2.422160652369088840e+00	6.002138889833987179e+01
2.428440167222748691e+00	5.982945537966759986e+01
2.434717472383889803e+00	5.979337610340746068e+01
2.441002456202044257e+00	5.960497837294278156e+01
2.447289980304530488e+00	5.945343414583611263e+01
2.453571844729242279e+00	5.932782429585615347e+01
2.459852705114058846e+00	5.908887545252778040e+01
2.466139233225018934e+00	5.899326660875512829e+01
2.472421963421291391e+00	5.873578390224805901e+01
2.478698519174224568e+00	5.874109145533748233e+01
2.484980841400355800e+00	5.832140106200488816e+01
2.491269319409339822e+00	5.823197785412202876e+01
2.497548505139029373e+00	5.822083299896020492e+01
2.503831667172610853e+00	5.806730777788835240e+01
2.510117938323931153e+00	5.791172357138830051e+01
2.516400733681277480e+00	5.774828889237117835e+01
2.522688226833368130e+00	5.751575926682155426e+01
2.528971695852665569e+00	5.744698822231010382e+01
2.535252039407670299e+00	5.734874453563813290e+01
2.541537514142774512e+00	5.715090143488438912e+01
2.547823008847572179e+00	5.700440751795488836e+01
2.554100666580690238e+00	5.694878107733523365e+01
2.560376788884177301e+00	5.669385668368928322e+01
2.566667521601497359e+00	5.657175644226402511e+01
2.572955062237090473e+00	5.647658314800381163e+01
2.579233771797999175e+00	5.629752502209680642e+01
2.585520164300948220e+00	5.605576304658482201e+01
2.591805130332431872e+00	5.603774758289750224e+01
2.598084074692260881e+00	5.584696990726859411e+01
2.604360404197643586e+00	5.581019103937188675e+01
2.610647185140439142e+00	5.567196820525779088e+01
2.616931864059273138e+00	5.544423846016207591e+01
2.623206107911065565e+00	5.543302403383232502e+01
2.629491626543270844e+00	5.519686580302238355e+01
2.635778507982642349e+00	5.518578535679182551e+01
2.642061039325260818e+00	5.496906240558504919e+01
2.648343840729305843e+00	5.488083931981120145e+01
2.654631838974855551e+00	5.472164548544773766e+01
2.660919001246303761e+00	5.453203293804312324e+01
2.667198525130066056e+00	5.451432522457152885e+01
2.673484307038032526e+00	5.438368397743791149e+01
2.679773388053849459e+00	5.428305047196537458e+01
2.686058217632288692e+00	5.415120339399895499e+01
2.692338738200057868e+00	5.415023083946672955e+01
2.698618022887226964e+00	5.394826525641779824e+01
2.704895450708277860e+00	5.389057133620757156e+01
2.711175674923682166e+00	5.375784271571436079e+01
2.717459832966957922e+00	5.363364791685738453e+01
2.723745731959044569e+00	5.348481887564010862e+01
2.730038414850594730e+00	5.332008173758333669e+01
2.736317989800789441e+00	5.330793379618249617e+01
2.742591858549239703e+00	5.321401326258568787e+01
2.748879749010778362e+00	5.302714576884076791e+01
2.755163403825859447e+00	5.305570996653645466e+01
2.761446955625852073e+00	5.290473185635988784e+01
2.767732088935374701e+00	5.277730464589342319e+01
2.774015452421743966e+00	5.270659575235306704e+01
2.780298635700591436e+00	5.267969020858026852e+01
2.786577474762241380e+00	5.252635038446783966e+01
2.792857983210164541e+00	5.249246845700856312e+01
2.799143790920211483e+00	5.241151737734158189e+01
2.805430058399325244e+00	5.230851812796719003e+01
2.811715058209780072e+00	5.222853236778061614e+01
2.817989272498773623e+00	5.212029548452868255e+01
2.824269171595737760e+00	5.218242233159725174e+01
2.830563016441804081e+00	5.193947161150684622e+01
2.836848750951622034e+00	5.190318355982804377e+01
2.843130027866129783e+00	5.185794609057469273e+01
2.849413896912404986e+00	5.172944592893455962e+01
2.855697464522425566e+00	5.167292902840716096e+01
2.861978799810683594e+00	5.156420110337071350e+01
2.868262469415629567e+00	5.155767782277872158e+01
2.874547359206753860e+00	5.155031431164172062e+01
2.880831111471525041e+00	5.143542196264819921e+01
2.887113216972382546e+00	5.139436402722736119e+01
2.893394504725182781e+00	5.131931478161850890e+01
2.899673662137033592e+00	5.125693999946575730e+01
2.905953958587380814e+00	5.120436315927852888e+01
2.912241118105161064e+00	5.127515065759534707e+01
2.918525996366671205e+00	5.117704243000377318e+01
2.924809035425688819e+00	5.106921831773576059e+01
2.931095916293684933e+00	5.102627600738232871e+01
2.937378182606774413e+00	5.099541763006746464e+01
2.943659980254369923e+00	5.091704092718356378e+01
2.949946454403890250e+00	5.083783254841824828e+01
2.956227653702202307e+00	5.092942820275823124e+01
2.962510478867462993e+00	5.080662275415415507e+01
2.968796535179442309e+00	5.079522720220871435e+01
2.975077657376874907e+00	5.082503454986064639e+01
2.981359866759223376e+00	5.076871536523772477e+01
2.987646761575656562e+00	5.074773923201923509e+01
2.993929038370399365e+00	5.071204607072545656e+01
3.000206214840962726e+00	5.068854774406298702e+01
3.006486172402415669e+00	5.060764072820823145e+01
3.012769812211594456e+00	5.061526327759713695e+01
3.019053144326170113e+00	5.069734757639506029e+01
3.025337405144251424e+00	5.066896308923004710e+01
3.031623734799107961e+00	5.055433841180754229e+01
3.037908962055872575e+00	5.052969510306742507e+01
3.044195067146031608e+00	5.061496154468549946e+01
3.050475543482170426e+00	5.061536797451858405e+01
3.056754954538277502e+00	5.060842960924298239e+01
3.063040539557494668e+00	5.058707910255268558e+01
3.069323699454357346e+00	5.059560811421064841e+01
3.075610692642898769e+00	5.059958259910342804e+01
3.081893798009918584e+00	5.062459485119462954e+01
3.088174549548037717e+00	5.061056661853086780e+01
3.094458635632868493e+00	5.068329661398008312e+01
3.100743982931558840e+00	5.062186536160194805e+01
3.107028111748448396e+00	5.068848666696823813e+01
3.113309299655494300e+00	5.073377073338473764e+01
3.119590662867241626e+00	5.074500954960274157e+01
3.125874006820172912e+00	5.077604839873313836e+01
3.132159251154602586e+00	5.078847192284180068e+01
3.138439172765940643e+00	5.080038589959045936e+01
3.144723867719826593e+00	5.092982890227499837e+01
3.151003951258561031e+00	5.090448483860487983e+01
3.157283664131563139e+00	5.093907710843471648e+01
3.163569317183839935e+00	5.093008306611743308e+01
3.169851661717792091e+00	5.103098758125144485e+01
3.176137704316093657e+00	5.110402533881791243e+01
3.182420924828643916e+00	5.117168051165266007e+01
3.188702811875577581e+00	5.126454930771794949e+01
3.194990520008989865e+00	5.127517895250425539e+01
3.201275324656983834e+00	5.136453118529309592e+01
3.207551352179861759e+00	5.144026292955299340e+01
3.213835216737041645e+00	5.144590030656958390e+01
3.220122579819103770e+00	5.141009968663868790e+01
3.226406606618656525e+00	5.140487076624219753e+01
3.232687390085645429e+00	5.125633739093481012e+01
3.238969121280456331e+00	5.120386241327548760e+01
3.245254751548589667e+00	5.110136959286827363e+01
3.251534499036136783e+00	5.093697359595113738e+01
3.257817780791052442e+00	5.078805248974961017e+01
3.264102164154097263e+00	5.078051006748112428e+01
3.270384152138468892e+00	5.065919412288399570e+01
3.276669427476867735e+00	5.052494686200390817e+01
3.282954688864507808e+00	5.040571630559907135e+01
3.289237200334947264e+00	5.035004072285797605e+01
3.295519587088236779e+00	5.017919227774181934e+01
3.301805977329951958e+00	5.021380481962246023e+01
3.308087486222440088e+00	5.009080866958512956e+01
3.314367630234227313e+00	4.986371453629340778e+01
3.320651909732194262e+00	4.989077545526097879e+01
3.326931260376857047e+00	4.979105635489267456e+01
3.333216512447217728e+00	4.973364281512387208e+01
3.339504489419978128e+00	4.969140823524040940e+01
3.345786804809928405e+00	4.953280290747899528e+01
3.352071130016277767e+00	4.943398316974029427e+01
3.358351496304225581e+00	4.927948585338757681e+01
3.364630591073392019e+00	4.930108828312856417e+01
3.370916305215045483e+00	4.930704888869384206e+01
3.377197952029413752e+00	4.908887637152771077e+01
3.383483063818085501e+00	4.905554212508604905e+01
3.389769992424469969e+00	4.903795392248423468e+01
3.396051330885982100e+00	4.888840104223799443e+01
3.402330879139463971e+00	4.888401557439922129e+01
3.408610488352048495e+00	4.876500205932532594e+01
3.414897837696641236e+00	4.873407332000476089e+01
3.421180484052105619e+00	4.868715763940213748e+01
3.427461639653846870e+00	4.857664855866237730e+01
3.433749159643459059e+00	4.851641682118045651e+01
3.440032646656798310e+00	4.850161785489131461e+01
3.446313366033385339e+00	4.842123690892626087e+01
3.452600135384134905e+00	4.838107822309758888e+01
3.458883152815406703e+00	4.830718476789935067e+01
3.465163834403715448e+00	4.821797162062533459e+01
3.471449329786229221e+00	4.809238677257730643e+01
3.477734476754053894e+00	4.814514427777820060e+01
3.484019652467224226e+00	4.800628991668710199e+01
3.490297019369712928e+00	4.797681956259690139e+01
3.496582486484379970e+00	4.797796836352794259e+01
3.502868048046865024e+00	4.796397298837883483e+01
3.509144649545451244e+00	4.787112643314374338e+01
3.515428082003116295e+00	4.785196130811547732e+01
3.521711031624695565e+00	4.781617534948328796e+01
3.527991850954735664e+00	4.775634257095660473e+01
3.534275545726699885e+00	4.766290153692030884e+01
3.540562632020772149e+00	4.765064725571725290e+01
3.546844410757220789e+00	4.758069226663192808e+01
3.553131386753758836e+00	4.755411897233044272e+01
3.559419203211965144e+00	4.752347210898708596e+01
3.565697971577579839e+00	4.754697561272925554e+01
3.571979559134798254e+00	4.741465785839022828e+01
3.578265774595833726e+00	4.736345290667560448e+01
3.584548309769353125e+00	4.735676878628862596e+01
3.590826843920031486e+00	4.731591270364302915e+01
3.597107306745233934e+00	4.724025344386679137e+01
3.603392831792229245e+00	4.733220059028661808e+01
3.609673209822572559e+00	4.717440279291133010e+01
3.615955412133016189e+00	4.717183311330728657e+01
3.622241607772384686e+00	4.718676685947500005e+01
3.628520252736676444e+00	4.714638666869499417e+01
3.634804827569451113e+00	4.707319976439856646e+01
3.641094981788862928e+00	4.702803714421509085e+01
3.647383514928639325e+00	4.699550116959224511e+01
3.653663283927725658e+00	4.692953881026469531e+01
3.659943504072155296e+00	4.690823911461173878e+01
3.666232000281138603e+00	4.694108742691201996e+01
3.672514211678317597e+00	4.684943268637662328e+01
3.678794154686042539e+00	4.681453194028409825e+01
3.685078621861909820e+00	4.690295564049480248e+01
3.691359210097977961e+00	4.687654453952140443e+01
3.697642368173791105e+00	4.685791263952737751e+01
3.703925796735277665e+00	4.687261284877121170e+01
3.710208240364660348e+00	4.672380955948089110e+01
3.716494593122387169e+00	4.681158329158282072e+01
3.722775386659595398e+00	4.672552345109398431e+01
3.729058392883481510e+00	4.676639272746012921e+01
3.735339748210807720e+00	4.668003056485864732e+01
3.741620776392969638e+00	4.669146647490892121e+01
3.747904795418762980e+00	4.673427286747210729e+01
3.754190633281219380e+00	4.666981361403436779e+01
3.760478208018912749e+00	4.670026421685614793e+01
3.766755538573464346e+00	4.662919250265847637e+01
3.773032090135151506e+00	4.670157380596050700e+01
3.779322553012896879e+00	4.668291609558386313e+01
3.785609109731308930e+00	4.669515719634891582e+01
3.791889825936295200e+00	4.667342881906312613e+01
3.798174822702435893e+00	4.671726459852560964e+01
3.804458658753491651e+00	4.660973527515129433e+01
3.810738438095723435e+00	4.663755169961360991e+01
3.817018850285747167e+00	4.664902034086279059e+01
3.823305314209427763e+00	4.662308151499016162e+01
3.829591295197792178e+00	4.670912564257208288e+01
3.835872296070849341e+00	4.664405602081932045e+01
3.842156279590906109e+00	4.665354459136994336e+01
3.848441511099312429e+00	4.664381667737341530e+01
3.854723334376886079e+00	4.669882648193270569e+01
3.861004740704794713e+00	4.680276060987595343e+01
3.867284336650660848e+00	4.672621602680835906e+01
3.873567367678779849e+00	4.675179473962641197e+01
3.879850662830422792e+00	4.681436841248888214e+01
3.886137063198143338e+00	4.680495785184486124e+01
3.892419463049126005e+00	4.681164733058459859e+01
3.898703740328622658e+00	4.681101763502092439e+01
3.904991458788179326e+00	4.683706077509641119e+01
3.911270842222104083e+00	4.683695885252806335e+01
3.917549806479573071e+00	4.695743943865289083e+01
3.923836006203090587e+00	4.691653469779924990e+01
3.930121452497870926e+00	4.699104355151474266e+01
3.936398172858230460e+00	4.699867809155730924e+01
3.942683040425962293e+00	4.701589071316085722e+01
3.948974759704379611e+00	4.714520455068014826e+01
3.955259227995065352e+00	4.718131491997552729e+01
3.961537174921395454e+00	4.705484936852280953e+01
3.967820217617139544e+00	4.712110619546017887e+01
3.974105559832568968e+00	4.719146112347394251e+01
3.980384727931198352e+00	4.726402541003159286e+01
3.986664590839849698e+00	4.724680121776176378e+01
3.992949619150675034e+00	4.736804469856144806e+01
3.999235075769965952e+00	4.744167026992430181e+01
4.005515715515433506e+00	4.742339048790367428e+01
4.011798434346478537e+00	4.750294623871611321e+01
4.018083716245132386e+00	4.749503446476063573e+01
4.024365700052603856e+00	4.754778018658581829e+01
4.030643960839860540e+00	4.763038278598325803e+01
4.036928708926215137e+00	4.766890107175398583e+01
4.043218157412017177e+00	4.771310431831343379e+01
4.049503019487663558e+00	4.779587623597360135e+01
4.055781898960511000e+00	4.788024734409682992e+01
4.062060795621602161e+00	4.796029648970710468e+01
4.068347865354716042e+00	4.804718869701154205e+01
4.074631027173265529e+00	4.810543704731188086e+01
4.080910837526078971e+00	4.814273178450938673e+01
4.087201203341442657e+00	4.817906440438017057e+01
4.093486818591942189e+00	4.823130738478593571e+01
4.099764387336505500e+00	4.839604516991838068e+01
4.106049166937662420e+00	4.839110538759830860e+01
4.112334559041358695e+00	4.841777527106756907e+01
4.118618926059533614e+00	4.864875883298076076e+01
4.124898942031112625e+00	4.861566554644576854e+01
4.131175432561665417e+00	4.878853279735708526e+01
4.137461563786142271e+00	4.886836743411058848e+01
4.143746006210170307e+00	4.890266049315043517e+01
4.150029800482964326e+00	4.901457873002135557e+01
4.156313390684649001e+00	4.919911322604666282e+01
4.162596105843763716e+00	4.918791689768492859e+01
4.168881843141768684e+00	4.927883688876175228e+01
4.175162111073220217e+00	4.938253737286424894e+01
4.181448573417560155e+00	4.943313173935857208e+01
4.187738782464171194e+00	4.951838020865162804e+01
4.194017437180169061e+00	4.965535789693672086e+01
4.200293572701767175e+00	4.969123036305649777e+01
4.206580195481546269e+00	4.985764218075846799e+01
4.212860644652220543e+00	4.991296273733642863e+01
4.219138153430114002e+00	5.003696590910907815e+01
4.225426162098283811e+00	5.011556108986030011e+01
4.231713506719782636e+00	5.032227848610556720e+01
4.237990056577191744e+00	5.049948829387705018e+01
4.244267783646744618e+00	5.046010307034871545e+01
4.250560660182562955e+00	5.061413975577664814e+01
4.256847734842668096e+00	5.065740342960999953e+01
4.263127100734456221e+00	5.088912239972770379e+01
4.269406860432507500e+00	5.089169576847965004e+01
4.275691671482192646e+00	5.110010835143116736e+01
4.281972414189518794e+00	5.118695598324531204e+01
4.288253516806755705e+00	5.140901765414607638e+01
4.294540520160492925e+00	5.147236483537005114e+01
4.300825742921731809e+00	5.146125926945170903e+01
4.307109835491901961e+00	5.172413260070243268e+01
4.313390926478413157e+00	5.182698497114724034e+01
4.319667979480563247e+00	5.189895164305740138e+01
4.325952598143786076e+00	5.212120334226047902e+01
4.332241647035422361e+00	5.237411805771565554e+01
4.338524445619096781e+00	5.251530120115488387e+01
4.344809348131129845e+00	5.237991591016054826e+01
4.351090699193166600e+00	5.252811213392125467e+01
4.357369710808320029e+00	5.287799519808834248e+01
4.363659348967174445e+00	5.277501511705649762e+01
4.369947418280990981e+00	5.302414412006228872e+01
4.376226569265827315e+00	5.309521363319972664e+01
4.382499356631129217e+00	5.322893471837851109e+01
4.388784975178015024e+00	5.343330522124274751e+01
4.395068696309480494e+00	5.343835386395890197e+01
4.401347962382031298e+00	5.356493056489564708e+01
4.407628405096517099e+00	5.381829896258555124e+01
4.413915862185140426e+00	5.373585982075390177e+01
4.420203163534264235e+00	5.408360568137005231e+01
4.426480311003382795e+00	5.413055406960843641e+01
4.432765973643649104e+00	5.433387561387888098e+01
4.439053392023870614e+00	5.430258176944086301e+01
4.445336141335588742e+00	5.460675817021241585e+01
4.451617241414883352e+00	5.450310841503139869e+01
4.457901500730311106e+00	5.452883239732972953e+01
4.464189501093017043e+00	5.460599378628404565e+01
4.470470197548729985e+00	5.459093643582421151e+01
4.476748044268524573e+00	5.491306874757790268e+01
4.483035990164653484e+00	5.466419541270396820e+01
4.489323331650528104e+00	5.493522930553805850e+01
4.495599111667934800e+00	5.485026976038609803e+01
4.501870922878794090e+00	5.492848785677881551e+01
4.508155162877705457e+00	5.498813127365606590e+01
4.514446451153479423e+00	5.493248420889784001e+01
4.520723894043856994e+00	5.494820880127281981e+01
4.527003782460155890e+00	5.484878552209109870e+01
4.533293086610313161e+00	5.485401609308234328e+01
4.539578989864040182e+00	5.461436881364816287e+01
4.545857164866476730e+00	5.465722848301008696e+01
4.552138955546025656e+00	5.463554318270960408e+01
4.558432046889146605e+00	5.440541077446081175e+01
4.564713463378488711e+00	5.440005111796725146e+01
4.570987274133244682e+00	5.441478595947835117e+01
4.577274818151045643e+00	5.446377131066562782e+01
4.583563263889338657e+00	5.450251248446132735e+01
4.589844917004465508e+00	5.464990618354044472e+01
4.596126259982004747e+00	5.457539095062025325e+01
4.602409075598298926e+00	5.465566249034682045e+01
4.608696634867644804e+00	5.468906334733210883e+01
4.614977646498861219e+00	5.448638672005352390e+01
4.621258953029527383e+00	5.471380407294031301e+01
4.627547993978874175e+00	5.486680164001781179e+01
4.633830152730579854e+00	5.470645055249551092e+01
4.640104005367354567e+00	5.475946600886129545e+01
4.646382060386754276e+00	5.470119507623343225e+01
4.652674213731970987e+00	5.508441848116527240e+01
4.658958291796220230e+00	5.492973986362993344e+01
4.665233615070169648e+00	5.500200846440924352e+01
4.671520675710307380e+00	5.524452781056825046e+01
4.677814351732177300e+00	5.520186410277580080e+01
4.684093699744638073e+00	5.524338850200138751e+01
4.690368661472568590e+00	5.549044661300126791e+01
4.696663270746453733e+00	5.556129944830667000e+01
4.702945459248681459e+00	5.555029474031130121e+01
4.709209170841929470e+00	5.574031044906413968e+01
4.715491634753063543e+00	5.602860038711681767e+01
4.721784316284933780e+00	5.576860420661583362e+01
4.728063062331094635e+00	5.591634218695990199e+01
4.734337423381671073e+00	5.616656815555743520e+01
4.740627024094544062e+00	5.629542046365879315e+01
4.746914995664547554e+00	5.652300690012256723e+01
4.753194740071086777e+00	5.660342936175303663e+01
4.759478891864783456e+00	5.660765050256235753e+01
4.765762396877359031e+00	5.683309210244809861e+01
4.772049481246195768e+00	5.689558871821504482e+01
4.778335091022592351e+00	5.717339774355769322e+01
4.784610831402393849e+00	5.724752030630523336e+01
4.790907306208476157e+00	5.746803257628913997e+01
4.797204047706418173e+00	5.739938806184366626e+01
4.803470827697504220e+00	5.778759823881377145e+01
4.809748850577324042e+00	5.786459861068405530e+01
4.816045316586602176e+00	5.817440773875414095e+01
4.822329240673497885e+00	5.826756682280466748e+01
4.828596758226470165e+00	5.878788280184625137e+01
4.834890332961369275e+00	5.843480540336766182e+01
4.841191655056394261e+00	5.887208663726783442e+01
4.847460407468000554e+00	5.887346709081635510e+01
4.853732128521334843e+00	5.920919081578054488e+01
4.860029138783373170e+00	5.900043335108307474e+01
4.866314601732018019e+00	5.954154824960289716e+01
4.872587026269203925e+00	5.974914032857851254e+01
4.878874221748241702e+00	6.003294625017383623e+01
4.885171078138658807e+00	6.021928733697325242e+01
4.891450629931857641e+00	6.046182864883021324e+01
4.897716482750221978e+00	6.076268365290030005e+01
4.904002834596266069e+00	6.091450833996489678e+01
4.910295858205786068e+00	6.117541024338453326e+01
4.916575188115905881e+00	6.131875090423616825e+01
4.922847946197084212e+00	6.148139223638783335e+01
4.929131667457151700e+00	6.131622011015026175e+01
4.935434460144239033e+00	6.225810065872907018e+01
4.941718513303545279e+00	6.267127127916128870e+01
4.947978624761803168e+00	6.258972698695874470e+01
4.954274999209829389e+00	6.286446962940364358e+01
4.960571094729937514e+00	6.328558939201098354e+01
4.966823207626954506e+00	6.351180435327336227e+01
4.973097418390337587e+00	6.404613865243801740e+01
4.979415129936382023e+00	6.422904735116409825e+01
4.985702082330368157e+00	6.422116604368314086e+01
4.991949985828016523e+00	6.456894020746942431e+01
4.998241586316924057e+00	6.459733034197947177e+01
5.004556635606089543e+00	6.480982295246003844e+01
5.010828655701208945e+00	6.557957493362431478e+01
5.017077229702536556e+00	6.592953638944287320e+01
5.023374414758113637e+00	6.599589354644341199e+01
5.029688873569548413e+00	6.625706707447001520e+01
5.035958413584124216e+00	6.732651832998004693e+01
5.042232667658486989e+00	6.716027773409919632e+01
5.048528755870775875e+00	6.739290117435382399e+01
5.054821121427484520e+00	6.812110003063047259e+01
5.061069509814582368e+00	6.830088601076347743e+01
5.067347812754101177e+00	6.907024574639366676e+01
5.073675050630431116e+00	6.915970765751025340e+01
5.079945928388977627e+00	6.936935186562052991e+01
5.086192992546071601e+00	6.988856274353302922e+01
5.092484128970163226e+00	7.019734803624734809e+01
5.098802924706086870e+00	7.048293387482884498e+01
5.105078217426394005e+00	7.098321916346802141e+01
5.111325076574067872e+00	7.174814537412079574e+01
5.117628358851224135e+00	7.164923886138861064e+01
5.123935939383525984e+00	7.293888699205758996e+01
5.130199176325612065e+00	7.336032185708121744e+01
5.136469985878846956e+00	7.377934229422398005e+01
5.142797788696348071e+00	7.423919354387433600e+01
5.149090378043822192e+00	7.442270419666763814e+01
5.155289879840074363e+00	7.548331861010547073e+01
5.161564521234301317e+00	7.535247530799827587e+01
5.167916673496016244e+00	7.613867739132872714e+01
5.174205974602950064e+00	7.652557511765354548e+01
5.180434820793812456e+00	7.687360748292574897e+01
5.186729096569634656e+00	7.719482601585229986e+01
5.193058481037780894e+00	7.844658893471270744e+01
5.199319511444338460e+00	7.905423771737355310e+01
5.205574295584361799e+00	7.980989981087692797e+01
5.211894977074066126e+00	8.055172343933841717e+01
5.218201708336958511e+00	8.057242831144789363e+01
5.224411911780083351e+00	8.197415868753324730e+01
5.230677632666463239e+00	8.236508298389894378e+01
5.237056729559757429e+00	8.197985206030816130e+01
5.243336785035660697e+00	8.323924765154416150e+01
5.249493476178225038e+00	8.358051082805437204e+01
5.255787017738318134e+00	8.469288146797219952e+01
5.262205327426889845e+00	8.568291253632595783e+01
5.268477758348532269e+00	8.572919166434364513e+01
5.274632213654732560e+00	8.677031278265944536e+01
5.280950543314659740e+00	8.692850977343236707e+01
5.287327645024750389e+00	8.827704204532082599e+01
5.293582359180156516e+00	8.997551922313988371e+01
5.299789992649893478e+00	9.004528919949922283e+01
5.306111460381987222e+00	9.174830249601001242e+01
5.312452717892129250e+00	9.165175511408837394e+01
5.318650122853046724e+00	9.274007506064022266e+01
5.324923043129819789e+00	9.345137377211452190e+01
5.331330237158205421e+00	9.424566007889573882e+01
5.337586726886338617e+00	9.542312606407426756e+01
5.343685192440848830e+00	9.711593276161576682e+01
5.350070659715249199e+00	9.624789153926317908e+01
5.356556762554878226e+00	9.789427761618939883e+01
5.362691868684501095e+00	9.962587224350338033e+01
5.368769208912516966e+00	9.927727665146696268e+01
5.375270137997677722e+00	1.008217020042901595e+02
5.381769983045385786e+00	1.017917069477312424e+02
5.387701030372958222e+00	1.040278401465522791e+02
5.393786668001271600e+00	1.044071844228781174e+02
5.400446161099396569e+00	1.057641921416590378e+02
5.406957063684501463e+00	1.029114551958343071e+02
5.412655672453426270e+00	1.100687196605245646e+02
5.418821279260546575e+00	1.073567717257382839e+02
5.425690594366304076e+00	1.088678932819394447e+02
5.432217487502165376e+00	1.128738598292677722e+02
5.437649811577258241e+00	1.127574848691983647e+02
5.443914404015878006e+00	1.149802668512151342e+02
5.450953501686320202e+00	1.163697153920971772e+02
5.457483690405861232e+00	1.167486934523047211e+02
5.462715250135157241e+00	1.189169346316120510e+02
5.469033575551323523e+00	1.202457598521586419e+02
5.476177730420278778e+00	1.191327477468697253e+02
5.482708935702562236e+00	1.174966205736019162e+02
5.487722405008360838e+00	1.144572808102645354e+02
5.494194284996126498e+00	1.292945996215958644e+02
5.501391471009256406e+00	1.251927194829072647e+02
5.507128202673079009e+00	1.366441634590309491e+02
5.512278020050448646e+00	1.304827624253889269e+02
5.519395563377015534e+00	1.218195405336218187e+02
5.526598678609708770e+00	1.309255516728248097e+02
5.532162682462509196e+00	1.239783062507164288e+02
5.537397124017139127e+00	1.248156646830203158e+02
5.544582756485218589e+00	1.391561473619845231e+02
5.551739327507637434e+00	1.487168536867239652e+02
5.557493306674907707e+00	1.920815470636807447e+02
5.562281709102816940e+00	1.651068932008102763e+02
5.569272720323164449e+00	4.705972980821652527e+02
