8.899641224696953554e-03	1.195178102241523993e+04
1.507912216506557788e-02	1.135463194569223378e+04
2.144790186456836667e-02	1.746055466411671659e+04
2.783660776489276650e-02	1.547406397816692879e+04
3.435099785803411021e-02	1.613248379505703997e+04
4.047886761425745911e-02	1.363902215580100892e+04
4.676716683575679601e-02	1.208821698458794526e+04
5.308225101765951665e-02	1.071743340260584228e+04
5.945362440940590160e-02	9.734824577605530067e+03
6.576224814588792211e-02	9.312058537413018712e+03
7.196632906698736953e-02	9.118164990974206376e+03
7.827860915688347743e-02	8.479505987878590531e+03
8.470398945834539672e-02	7.655473160998558342e+03
9.096854620527369817e-02	6.653168489175032846e+03
9.720789776830213169e-02	6.657757963391666635e+03
1.034763038959366499e-01	5.959899291185691254e+03
1.097576444254559219e-01	5.638597471671114363e+03
1.160543084780093354e-01	4.988383318212514496e+03
1.223669666537485351e-01	4.762883878707833901e+03
1.286817263090294094e-01	4.682631106349768743e+03
1.349500801664080818e-01	4.351043885191746995e+03
1.411949558842147678e-01	4.191882393007783321e+03
1.475133575747468451e-01	3.980969212758385311e+03
1.537865074252268427e-01	3.716735251966021224e+03
1.600657544051110326e-01	3.446744631681046940e+03
1.663991168687080635e-01	3.406293565694678364e+03
1.727195645776442856e-01	3.219285647598361720e+03
1.789765213377084718e-01	3.053592843971209732e+03
1.852353690647852158e-01	2.918420846546094708e+03
1.914806787341157279e-01	2.841277990926503662e+03
1.977889868651535599e-01	2.721245926979807336e+03
2.040937735447724277e-01	2.656093202728706729e+03
2.103939302609846018e-01	2.463616429395284285e+03
2.166909709822301688e-01	2.443646954764005841e+03
2.229700281216152047e-01	2.314837483863363559e+03
2.292620027086341994e-01	2.271256736073537013e+03
2.355141508366812297e-01	2.150205271093597275e+03
2.417910583817859116e-01	2.102809142754081677e+03
2.480856539439619257e-01	2.049878262687867391e+03
2.543492256872954549e-01	1.990771607344907579e+03
2.606334251884805386e-01	1.929879439604533673e+03
2.669257370896960802e-01	1.867333920780190510e+03
2.732423343141155980e-01	1.827650325582669666e+03
2.795529680084415936e-01	1.775144282940093944e+03
2.858366292314493129e-01	1.728796820647350842e+03
2.920876271394311496e-01	1.666595996017790412e+03
2.983449844439822751e-01	1.677448005680732876e+03
3.046382639407197446e-01	1.628040012770001340e+03
3.109279127003197196e-01	1.602193057594407264e+03
3.172168171618398036e-01	1.547859411608930486e+03
3.235187567944423082e-01	1.521631856171938807e+03
3.298168217550395687e-01	1.499010992248289085e+03
3.361176429457156667e-01	1.444171780498833868e+03
3.423700375709273769e-01	1.424742690422644046e+03
3.486478192666269682e-01	1.394250631596489939e+03
3.549411614411318028e-01	1.384517171969993569e+03
3.611916935421040642e-01	1.347805778126049745e+03
3.674767089563572564e-01	1.340340766337849573e+03
3.737647795277591056e-01	1.311647837001599783e+03
3.800654031475132477e-01	1.285106220954586661e+03
3.863539861259823738e-01	1.266166045879492913e+03
3.926140181364449755e-01	1.242492061835765071e+03
3.989264500321934581e-01	1.222630539798119571e+03
4.052073244576828714e-01	1.185782448041812358e+03
4.114916477570477182e-01	1.185907356954341594e+03
4.177814272116491257e-01	1.158157564958735975e+03
4.240400648725131116e-01	1.151406559795490239e+03
4.303425690270192283e-01	1.119174962261134397e+03
4.366358560255625965e-01	1.108344293260299764e+03
4.428996183220763605e-01	1.094817809177135359e+03
4.491634418529859563e-01	1.078583586866415772e+03
4.554414146254732731e-01	1.066085326921543128e+03
4.617634470301058558e-01	1.049513088071599441e+03
4.680644242023710433e-01	1.041154702359636303e+03
4.743485242764365895e-01	1.020338433871905181e+03
4.806356136815400082e-01	1.016664565683510091e+03
4.869019258388697646e-01	9.911582497987105853e+02
4.931697099599955947e-01	9.843320729162433054e+02
4.994506747144535908e-01	9.738323080845893855e+02
5.057159051335421429e-01	9.656272785670118992e+02
5.119923996268095356e-01	9.619430067184671316e+02
5.183126097768406826e-01	9.452821935641159143e+02
5.246089638029100000e-01	9.297611940791647385e+02
5.308757308483337267e-01	9.224300720477318691e+02
5.371573527946726934e-01	9.155117324954369451e+02
5.434579563783791256e-01	9.093798737300226094e+02
5.497430652392217842e-01	8.922211197716626430e+02
5.559937427501778773e-01	8.955577127850639272e+02
5.622854676609657654e-01	8.766154289132822441e+02
5.686011537227265711e-01	8.723697848323465678e+02
5.748804589422079614e-01	8.565356823902093311e+02
5.811550210340560296e-01	8.528284113432644062e+02
5.874394496660968468e-01	8.489575696735578276e+02
5.937176220296899176e-01	8.383086115176502062e+02
5.999971954793682505e-01	8.221615019095183925e+02
6.062679115124277596e-01	8.194721944726084075e+02
6.125469576444534381e-01	8.071893715219614478e+02
6.188477733041515272e-01	8.044409641429219846e+02
6.251310567437898813e-01	7.976338365518192859e+02
6.314027450383210560e-01	7.857532030843165103e+02
6.377003562732055375e-01	7.790976983408102114e+02
6.439857783314556494e-01	7.747248057688887002e+02
6.502685417166111925e-01	7.711889027782412995e+02
6.565586117699038216e-01	7.622316516524148255e+02
6.628369282359254377e-01	7.556203778267591815e+02
6.691185444962194362e-01	7.426263922466908980e+02
6.754070198575605755e-01	7.416553541450883813e+02
6.816835514593204692e-01	7.384792071676966998e+02
6.879592533861698112e-01	7.275824738059120591e+02
6.942344317039531587e-01	7.211303880806786992e+02
7.005175402434737908e-01	7.154483135324343266e+02
7.068124956608716758e-01	7.076687386830719788e+02
7.131019009674921527e-01	7.033982037755323518e+02
7.193918251171427247e-01	6.964165161614758972e+02
7.256833807598113140e-01	6.970668532581200907e+02
7.319652682709349989e-01	6.877963417337354031e+02
7.382507990484923344e-01	6.808618989058398938e+02
7.445265842115937893e-01	6.780177393955208345e+02
7.507871101942712455e-01	6.759991121626852646e+02
7.570758465316046459e-01	6.651385155911804077e+02
7.633641233600957365e-01	6.618834104609562701e+02
7.696462959862266917e-01	6.575853941993244689e+02
7.759394865175414102e-01	6.485988261162752906e+02
7.822329141989586843e-01	6.456685895868781699e+02
7.885314936520240181e-01	6.416463112002493290e+02
7.947896566979522071e-01	6.405651736688255369e+02
8.010491096592354809e-01	6.339809349783713515e+02
8.073364061727361651e-01	6.316056357392565133e+02
8.136229488373866170e-01	6.291312323606305199e+02
8.199152998961036776e-01	6.210554699029440826e+02
8.261952636392789762e-01	6.179715752579488708e+02
8.324897070080405914e-01	6.098214972842077941e+02
8.387959309210778480e-01	6.089401568031587431e+02
8.450634639703045181e-01	6.005016347701558743e+02
8.513282867562648182e-01	5.981958508798641105e+02
8.576198263902009566e-01	5.916058130879886221e+02
8.639058477062415697e-01	5.876622918747498261e+02
8.701838745487597837e-01	5.862361361406145761e+02
8.764641096075268534e-01	5.830555415102545567e+02
8.827503873399735745e-01	5.782464776617892994e+02
8.890332768393869323e-01	5.734166154967815601e+02
8.953084247113127780e-01	5.719208475732809802e+02
9.015956521667095602e-01	5.677176122683473523e+02
9.078833328094829680e-01	5.640087778462354891e+02
9.141744106319863450e-01	5.583584440500326309e+02
9.204630817717615043e-01	5.547208253096016506e+02
9.267434415264711456e-01	5.499446702582677062e+02
9.330324197354928906e-01	5.452703185341514427e+02
9.393265785573878812e-01	5.456038641176278361e+02
9.455974810398196650e-01	5.397628089658405770e+02
9.518660018545171964e-01	5.386809129295727416e+02
9.581413255531838757e-01	5.359702662629058523e+02
9.644350945109106954e-01	5.304354391021167885e+02
9.707355633568249820e-01	5.282600390541056186e+02
9.770080768450029041e-01	5.254629470287200093e+02
9.832823325363413414e-01	5.218825217318712930e+02
9.895569691966674686e-01	5.174805886106112212e+02
9.958456301921106979e-01	5.142398246521441934e+02
1.002136210743837408e+00	5.111865099580846277e+02
1.008404825335135424e+00	5.080514846624400320e+02
1.014694149836243398e+00	5.049100305589426512e+02
1.020992555437297167e+00	5.017723572943646104e+02
1.027273980437394485e+00	4.980184003152155583e+02
1.033559181896017254e+00	4.964553376364874566e+02
1.039847557392594934e+00	4.914029316759019252e+02
1.046126974943305088e+00	4.877317343509635634e+02
1.052403436811028659e+00	4.875572317310800372e+02
1.058680704651608684e+00	4.848714748770684082e+02
1.064964333065789193e+00	4.811323971869297225e+02
1.071256777440835473e+00	4.758567140096802177e+02
1.077544048801078125e+00	4.751518683165859329e+02
1.083824820188043603e+00	4.717142953042143745e+02
1.090108023942816695e+00	4.682992924891984217e+02
1.096389665956643222e+00	4.655452791083759507e+02
1.102681132058841440e+00	4.647486537757026781e+02
1.108963047594879958e+00	4.605973854548716986e+02
1.115225428463759272e+00	4.586406159459044716e+02
1.121502127614767863e+00	4.541302414959483258e+02
1.127792573824792033e+00	4.534810661414401807e+02
1.134089552668382961e+00	4.494917694133581563e+02
1.140364049650405942e+00	4.456703669999301951e+02
1.146639180320979445e+00	4.444737056196894400e+02
1.152942412991649901e+00	4.409776873617196884e+02
1.159228906751078814e+00	4.390218998070241128e+02
1.165508721887268173e+00	4.362265550756774246e+02
1.171793076256210320e+00	4.349015388843857295e+02
1.178087436369658958e+00	4.324983210437571302e+02
1.184367654251526902e+00	4.302046816684089663e+02
1.190634642299266632e+00	4.274581484885455893e+02
1.196912208834400859e+00	4.255459967412103310e+02
1.203201577354146234e+00	4.221096598989993254e+02
1.209486844441705733e+00	4.192537815152899725e+02
1.215763902074809888e+00	4.173849526331860034e+02
1.222049755171146668e+00	4.150405138291920935e+02
1.228340616621486969e+00	4.134553155619358904e+02
1.234632986576932767e+00	4.096864091087821294e+02
1.240902247176856488e+00	4.083363197086685545e+02
1.247174839144687519e+00	4.061257858380723178e+02
1.253465459933442272e+00	4.025823565833881048e+02
1.259749951892178421e+00	4.017050421648127099e+02
1.266032143127253873e+00	4.002860225546028232e+02
1.272316288472006507e+00	3.971745042602259446e+02
1.278604155058621350e+00	3.939796419581273312e+02
1.284886588933593865e+00	3.907684538296738310e+02
1.291175420066583257e+00	3.904389688275948060e+02
1.297465726373772332e+00	3.880324173507764840e+02
1.303741827011944299e+00	3.844536298122042695e+02
1.310017322922761851e+00	3.833445437020214399e+02
1.316301447662886703e+00	3.808087932359475190e+02
1.322586760363303249e+00	3.806318467289191290e+02
1.328865492452874664e+00	3.766996394950724039e+02
1.335144804954555564e+00	3.749567137542472324e+02
1.341440516272275119e+00	3.728479987490695748e+02
1.347730868417094552e+00	3.697301690193783088e+02
1.354001589994877630e+00	3.686743378037190837e+02
1.360282609297778444e+00	3.660077767084928837e+02
1.366565686457597906e+00	3.654339717276548640e+02
1.372851498482432708e+00	3.632063422799936916e+02
1.379135372929401804e+00	3.616488189221241214e+02
1.385409567149057164e+00	3.587824668045394674e+02
1.391698641219299315e+00	3.580316223850692836e+02
1.397984451439470810e+00	3.546497625559427433e+02
1.404267883409181961e+00	3.539299290493346462e+02
1.410554779484869181e+00	3.525825062751671908e+02
1.416837833547465397e+00	3.490547358809524212e+02
1.423118177187137068e+00	3.485769069061566370e+02
1.429397801164240089e+00	3.460030496641975333e+02
1.435686921822787232e+00	3.432254103812109634e+02
1.441977121769299597e+00	3.439711935667577904e+02
1.448253667853332427e+00	3.407091524274095491e+02
1.454532348972172651e+00	3.390967520448036225e+02
1.460819319151879903e+00	3.378106865236829321e+02
1.467110364402026468e+00	3.351514469556178710e+02
1.473392908948962132e+00	3.337108104268130546e+02
1.479669965243598950e+00	3.315004327370047577e+02
1.485956144602843532e+00	3.301879268569227293e+02
1.492233610763115115e+00	3.284436256517515744e+02
1.498502470379980078e+00	3.261425621701342266e+02
1.504785752051182701e+00	3.250788275105409753e+02
1.511075991894575976e+00	3.236143708473736638e+02
1.517361634985162189e+00	3.216626998334390919e+02
1.523648570969130533e+00	3.199205038554792395e+02
1.529938035715892264e+00	3.187669223414084172e+02
1.536230176913891965e+00	3.162848007180571130e+02
1.542510718779388279e+00	3.148241784495850766e+02
1.548783963082980275e+00	3.139904798070841707e+02
1.555073069779651318e+00	3.117347296068451215e+02
1.561357324927233892e+00	3.104624534941031015e+02
1.567629121053141006e+00	3.085680030724462881e+02
1.573913697404382583e+00	3.061429455354831930e+02
1.580203545230874029e+00	3.060976145250793365e+02
1.586485393434537983e+00	3.042879543609991515e+02
1.592760014263005841e+00	3.025443385752845415e+02
1.599046436394670812e+00	3.009906107625005802e+02
1.605342136637478934e+00	2.991827611166465886e+02
1.611619860919608627e+00	2.981545927226864592e+02
1.617897597081673799e+00	2.963399462225247021e+02
1.624183235481122756e+00	2.951490296551759229e+02
1.630464598531913722e+00	2.925723632123461471e+02
1.636748985747638274e+00	2.912200935129491768e+02
1.643030923698886259e+00	2.900398051474512613e+02
1.649309176648513064e+00	2.890406028634437234e+02
1.655593633940351861e+00	2.873246877220836950e+02
1.661879571405086464e+00	2.861288785143167388e+02
1.668169361685170271e+00	2.850874639168405338e+02
1.674450151530487485e+00	2.837012421490064185e+02
1.680722718978495900e+00	2.816507667828459489e+02
1.687013891340952476e+00	2.805487082375591967e+02
1.693308984907921033e+00	2.799390446818578084e+02
1.699582147428448486e+00	2.779119486578753708e+02
1.705863747055134105e+00	2.766932662326410082e+02
1.712154434283889470e+00	2.752004808859530840e+02
1.718438381579399321e+00	2.737521822238683171e+02
1.724721264464063930e+00	2.719250900669275666e+02
1.730997441276920679e+00	2.702011706195465877e+02
1.737287073528269499e+00	2.695347978551862411e+02
1.743567991878527401e+00	2.677688392381368772e+02
1.749840680212231048e+00	2.675524135296648183e+02
1.756128549091961144e+00	2.651775672661828480e+02
1.762413535324792502e+00	2.645843688573867780e+02
1.768696187669963837e+00	2.628937163510765345e+02
1.774979359379055266e+00	2.619552350168328303e+02
1.781265555576432957e+00	2.604540877529110503e+02
1.787549427830244619e+00	2.596434707686771048e+02
1.793834120011633004e+00	2.585467210035245671e+02
1.800115051552487300e+00	2.575769007776126500e+02
1.806393904854530330e+00	2.561570490682173613e+02
1.812674089667083432e+00	2.544226313048106078e+02
1.818956920109354058e+00	2.531528225611169489e+02
1.825244164118212220e+00	2.523360387458573655e+02
1.831527256642196955e+00	2.512641909972614940e+02
1.837811294935716599e+00	2.503568700121929851e+02
1.844100717411196744e+00	2.486813892769029906e+02
1.850384816792487230e+00	2.475068100274036738e+02
1.856666059735203822e+00	2.463627914902869804e+02
1.862947728675613979e+00	2.446196016576109855e+02
1.869229324466858078e+00	2.439295910541175658e+02
1.875517616802973686e+00	2.425902519608572447e+02
1.881800769033795229e+00	2.420266015477641588e+02
1.888078863416442710e+00	2.415605973709076295e+02
1.894353975182237582e+00	2.398233740997368102e+02
1.900642716154182565e+00	2.382255199575991469e+02
1.906933494748685121e+00	2.375541273804177251e+02
1.913207568676573933e+00	2.362638960212208872e+02
1.919490884732178992e+00	2.349321560984014354e+02
1.925776855684274480e+00	2.344012408036761883e+02
1.932064452961978152e+00	2.325576632622098430e+02
1.938342610030488800e+00	2.318722967571091260e+02
1.944618341543410178e+00	2.314591292546381851e+02
1.950906260203513876e+00	2.299742007601603007e+02
1.957194556613796488e+00	2.284485712267744191e+02
1.963479614559011432e+00	2.277561736959515315e+02
1.969760361532916226e+00	2.269555911791649407e+02
1.976048367034604736e+00	2.253683265013821426e+02
1.982337990217652335e+00	2.249788804635371946e+02
1.988617489259562721e+00	2.241450818208474516e+02
1.994896320665194178e+00	2.228305381887676617e+02
2.001179596222827151e+00	2.218072654485653459e+02
2.007459756923499761e+00	2.209440766571343318e+02
2.013737397779169935e+00	2.195894093755694598e+02
2.020017234677497164e+00	2.189185228617390919e+02
2.026310251015072783e+00	2.179459871429330633e+02
2.032600542948020284e+00	2.174399462557872482e+02
2.038873863192099289e+00	2.161214445930625061e+02
2.045154087821675404e+00	2.148215631619819987e+02
2.051444704514288730e+00	2.142555345303772185e+02
2.057730430280644729e+00	2.134213832146463972e+02
2.064013940455224461e+00	2.125261198010462351e+02
2.070299891179459895e+00	2.112316526630268356e+02
2.076589719964883951e+00	2.104527712556700010e+02
2.082865483794470673e+00	2.094914236026749563e+02
2.089134494859368640e+00	2.087077085556175007e+02
2.095424211360070288e+00	2.074905613608791839e+02
2.101707116664804254e+00	2.068573421612224479e+02
2.107986473933564309e+00	2.063253077625249716e+02
2.114271806543862375e+00	2.049931818558633552e+02
2.120552717288892275e+00	2.039367228567053019e+02
2.126836933207161717e+00	2.031687687944059917e+02
2.133122044791171845e+00	2.024599427045923790e+02
2.139411711910842673e+00	2.015220966818182546e+02
2.145697076775292089e+00	2.008667035087681541e+02
2.151973548606471276e+00	2.000523746579673059e+02
2.158259913555724108e+00	1.988826789197543405e+02
2.164545396699105506e+00	1.984676835427770811e+02
2.170830700377734068e+00	1.976296560045364004e+02
2.177114138849150393e+00	1.966733848543096030e+02
2.183387647576827018e+00	1.958113844845211702e+02
2.189670273687676971e+00	1.949247367446820363e+02
2.195960147934207463e+00	1.939002102601674835e+02
2.202242556317716371e+00	1.937576865135975197e+02
2.208521655981037668e+00	1.923661798162430614e+02
2.214804637081333016e+00	1.921776372941106388e+02
2.221092583349425276e+00	1.909728615342392573e+02
2.227372893591468728e+00	1.904622323163025897e+02
2.233657161144248171e+00	1.896691497794336954e+02
2.239943485394438660e+00	1.885096976757622258e+02
2.246224175264620815e+00	1.881976346884244151e+02
2.252506378421252009e+00	1.873138900689524178e+02
2.258783417054270437e+00	1.865609499349096723e+02
2.265069077371457684e+00	1.862018073715985054e+02
2.271350377044131452e+00	1.850852505474865097e+02
2.277633995145353918e+00	1.844525110612842695e+02
2.283922419579920149e+00	1.839435098098178685e+02
2.290202874392252674e+00	1.830892994528657312e+02
2.296490779970905560e+00	1.822994888667394662e+02
2.302771769934229162e+00	1.815668015216255071e+02
2.309051364164305564e+00	1.805007403847449439e+02
2.315338502539088239e+00	1.798053730989131225e+02
2.321627336503874428e+00	1.793786116388787377e+02
2.327911878297218795e+00	1.783136258476224612e+02
2.334186238580297168e+00	1.779088315091657648e+02
2.340467971862688401e+00	1.772062295446830262e+02
2.346756940970738725e+00	1.764714770042342593e+02
2.353044444556199988e+00	1.759583179598455445e+02
2.359327653314069906e+00	1.748688215644132526e+02
2.365603048789861607e+00	1.744456840043470152e+02
2.371885911737665165e+00	1.737370352526924933e+02
2.378173303594019572e+00	1.731691703201785799e+02
2.384454016539381271e+00	1.727753065423787859e+02
2.390736447344785187e+00	1.719411975952507419e+02
2.397014133897952259e+00	1.715900899146797940e+02
2.403295490074321972e+00	1.706219289408412010e+02
2.409585049672506862e+00	1.700673785350852256e+02
2.415871703165322071e+00	1.694546808943062501e+02
2.422160652369088840e+00	1.690683626496933414e+02
2.428440167222748691e+00	1.681568697302974442e+02
2.434717472383889803e+00	1.679403197736398567e+02
2.441002456202044257e+00	1.671313327366552244e+02
2.447289980304530488e+00	1.665814009484122664e+02
2.453571844729242279e+00	1.658952183174239963e+02
2.459852705114058846e+00	1.652151185525943333e+02
2.466139233225018934e+00	1.648623977770706688e+02
2.472421963421291391e+00	1.644401198157565318e+02
2.478698519174224568e+00	1.635836746006143301e+02
2.484980841400355800e+00	1.631182374551417809e+02
2.491269319409339822e+00	1.624499104295167911e+02
2.497548505139029373e+00	1.618833599618303651e+02
2.503831667172610853e+00	1.612387534900684045e+02
2.510117938323931153e+00	1.606772179047661666e+02
2.516400733681277480e+00	1.604254512934012666e+02
2.522688226833368130e+00	1.597218541088671770e+02
2.528971695852665569e+00	1.593102319337447170e+02
2.535252039407670299e+00	1.588109510517631691e+02
2.541537514142774512e+00	1.583951787131412630e+02
2.547823008847572179e+00	1.576236296314120011e+02
2.554100666580690238e+00	1.571580570204220351e+02
2.560376788884177301e+00	1.564439332366175677e+02
2.566667521601497359e+00	1.562343997953053929e+02
2.572955062237090473e+00	1.557226576368244650e+02
2.579233771797999175e+00	1.552071416094756842e+02
2.585520164300948220e+00	1.544895525840642279e+02
2.591805130332431872e+00	1.541044484555568488e+02
2.598084074692260881e+00	1.536146359215086079e+02
2.604360404197643586e+00	1.531038701059446794e+02
2.610647185140439142e+00	1.525474284832789351e+02
2.616931864059273138e+00	1.524861339594850165e+02
2.623206107911065565e+00	1.518449291485264894e+02
2.629491626543270844e+00	1.513272527912538976e+02
2.635778507982642349e+00	1.512275776152669096e+02
2.642061039325260818e+00	1.503590169678843722e+02
2.648343840729305843e+00	1.502864594714923498e+02
2.654631838974855551e+00	1.495589196199370576e+02
2.660919001246303761e+00	1.490458526746785992e+02
2.667198525130066056e+00	1.491201796119186440e+02
2.673484307038032526e+00	1.482694116609802393e+02
2.679773388053849459e+00	1.480987461796911475e+02
2.686058217632288692e+00	1.475871298678932249e+02
2.692338738200057868e+00	1.471402953910786096e+02
2.698618022887226964e+00	1.468620001107297242e+02
2.704895450708277860e+00	1.463011906758977716e+02
2.711175674923682166e+00	1.459953521353285169e+02
2.717459832966957922e+00	1.454335180715616218e+02
2.723745731959044569e+00	1.453474328909805422e+02
2.730038414850594730e+00	1.450990351585812448e+02
2.736317989800789441e+00	1.443753823703563626e+02
2.742591858549239703e+00	1.442228520193313273e+02
2.748879749010778362e+00	1.435654547127911655e+02
2.755163403825859447e+00	1.432644186732303524e+02
2.761446955625852073e+00	1.431223442227988869e+02
2.767732088935374701e+00	1.428223082624003268e+02
2.774015452421743966e+00	1.422038748567230755e+02
2.780298635700591436e+00	1.421991587890775293e+02
2.786577474762241380e+00	1.416071400270330969e+02
2.792857983210164541e+00	1.413651400277313428e+02
2.799143790920211483e+00	1.412342566441734846e+02
2.805430058399325244e+00	1.407302659136740317e+02
2.811715058209780072e+00	1.405393273042242299e+02
2.817989272498773623e+00	1.401125439673223241e+02
2.824269171595737760e+00	1.399229824462980787e+02
2.830563016441804081e+00	1.395703838961706822e+02
2.836848750951622034e+00	1.393460292245734706e+02
2.843130027866129783e+00	1.391734639592276608e+02
2.849413896912404986e+00	1.385839333481213487e+02
2.855697464522425566e+00	1.381917359575603257e+02
2.861978799810683594e+00	1.382876839953104877e+02
2.868262469415629567e+00	1.377984204132966113e+02
2.874547359206753860e+00	1.375996893722705465e+02
2.880831111471525041e+00	1.373543190716713980e+02
2.887113216972382546e+00	1.370144394302286912e+02
2.893394504725182781e+00	1.369293652988042425e+02
2.899673662137033592e+00	1.365012742081753458e+02
2.905953958587380814e+00	1.364837431756983221e+02
2.912241118105161064e+00	1.362341417966783865e+02
2.918525996366671205e+00	1.359407846815950336e+02
2.924809035425688819e+00	1.358783526897113347e+02
2.931095916293684933e+00	1.354885475726816253e+02
2.937378182606774413e+00	1.353959263475046555e+02
2.943659980254369923e+00	1.352666601350249778e+02
2.949946454403890250e+00	1.351388424375386421e+02
2.956227653702202307e+00	1.348943942472614310e+02
2.962510478867462993e+00	1.346782195770572343e+02
2.968796535179442309e+00	1.345231439808919447e+02
2.975077657376874907e+00	1.342250333439587564e+02
2.981359866759223376e+00	1.342758752431441849e+02
2.987646761575656562e+00	1.341037553374036122e+02
2.993929038370399365e+00	1.338473647161381450e+02
3.000206214840962726e+00	1.336589917119620736e+02
3.006486172402415669e+00	1.338517272896262114e+02
3.012769812211594456e+00	1.335377297084524457e+02
3.019053144326170113e+00	1.332819637561091213e+02
3.025337405144251424e+00	1.332001415194303320e+02
3.031623734799107961e+00	1.332501447005191153e+02
3.037908962055872575e+00	1.333980717757220020e+02
3.044195067146031608e+00	1.330737027271404713e+02
3.050475543482170426e+00	1.329497772801280746e+02
3.056754954538277502e+00	1.329162391235209384e+02
3.063040539557494668e+00	1.327058972719267160e+02
3.069323699454357346e+00	1.328477606933471122e+02
3.075610692642898769e+00	1.328162134700931176e+02
3.081893798009918584e+00	1.325298561837006446e+02
3.088174549548037717e+00	1.326545740767829784e+02
3.094458635632868493e+00	1.325656720549008298e+02
3.100743982931558840e+00	1.325464670386194825e+02
3.107028111748448396e+00	1.326909579576750104e+02
3.113309299655494300e+00	1.325800271610271750e+02
3.119590662867241626e+00	1.323095050697737634e+02
3.125874006820172912e+00	1.327235937599040199e+02
3.132159251154602586e+00	1.325042078307681095e+02
3.138439172765940643e+00	1.327130404778369552e+02
3.144723867719826593e+00	1.327588004709779170e+02
3.151003951258561031e+00	1.326881636518311609e+02
3.157283664131563139e+00	1.328249724169249077e+02
3.163569317183839935e+00	1.328319539592119440e+02
3.169851661717792091e+00	1.327775956593202409e+02
3.176137704316093657e+00	1.329731552161218531e+02
3.182420924828643916e+00	1.331529104122681417e+02
3.188702811875577581e+00	1.331495968585538208e+02
3.194990520008989865e+00	1.334327147924727228e+02
3.201275324656983834e+00	1.332775458964290181e+02
3.207551352179861759e+00	1.337227298703222118e+02
3.213835216737041645e+00	1.337174226998357369e+02
3.220122579819103770e+00	1.335722976311919297e+02
3.226406606618656525e+00	1.332951262058955137e+02
3.232687390085645429e+00	1.328239560598283049e+02
3.238969121280456331e+00	1.326642782737743005e+02
3.245254751548589667e+00	1.322916293344698886e+02
3.251534499036136783e+00	1.322534636646692832e+02
3.257817780791052442e+00	1.318100005906441936e+02
3.264102164154097263e+00	1.314595380736278969e+02
3.270384152138468892e+00	1.312245586384837281e+02
3.276669427476867735e+00	1.311666588739823283e+02
3.282954688864507808e+00	1.305360452855573499e+02
3.289237200334947264e+00	1.305072871639491439e+02
3.295519587088236779e+00	1.302422514118617869e+02
3.301805977329951958e+00	1.298842818447927243e+02
3.308087486222440088e+00	1.296704675365354262e+02
3.314367630234227313e+00	1.291933715552036972e+02
3.320651909732194262e+00	1.292088136098880966e+02
3.326931260376857047e+00	1.288657318875379758e+02
3.333216512447217728e+00	1.285017176619841734e+02
3.339504489419978128e+00	1.284051354558664855e+02
3.345786804809928405e+00	1.279262060635623897e+02
3.352071130016277767e+00	1.276217476936467818e+02
3.358351496304225581e+00	1.275252364988502194e+02
3.364630591073392019e+00	1.270733111658864374e+02
3.370916305215045483e+00	1.270413364415945239e+02
3.377197952029413752e+00	1.268484411675194394e+02
3.383483063818085501e+00	1.264724625780057607e+02
3.389769992424469969e+00	1.263809072909397884e+02
3.396051330885982100e+00	1.260020372843008118e+02
3.402330879139463971e+00	1.258314427728173541e+02
3.408610488352048495e+00	1.255860619382957992e+02
3.414897837696641236e+00	1.255848750516873196e+02
3.421180484052105619e+00	1.250658933175527778e+02
3.427461639653846870e+00	1.248504957492468037e+02
3.433749159643459059e+00	1.246871413400412933e+02
3.440032646656798310e+00	1.243579660894138783e+02
3.446313366033385339e+00	1.242483034750218280e+02
3.452600135384134905e+00	1.241635120858225463e+02
3.458883152815406703e+00	1.239415000509447680e+02
3.465163834403715448e+00	1.233310003476584598e+02
3.471449329786229221e+00	1.235907454569245516e+02
3.477734476754053894e+00	1.232945585774257751e+02
3.484019652467224226e+00	1.230075516202779369e+02
3.490297019369712928e+00	1.227494417596389411e+02
3.496582486484379970e+00	1.226071878502413739e+02
3.502868048046865024e+00	1.224301564388547092e+02
3.509144649545451244e+00	1.222763180719278608e+02
3.515428082003116295e+00	1.220684154162102004e+02
3.521711031624695565e+00	1.220376852143126456e+02
3.527991850954735664e+00	1.216384649994777902e+02
3.534275545726699885e+00	1.213979475532090362e+02
3.540562632020772149e+00	1.213621049233398281e+02
3.546844410757220789e+00	1.211549338719607505e+02
3.553131386753758836e+00	1.211091138699847960e+02
3.559419203211965144e+00	1.207271852757641710e+02
3.565697971577579839e+00	1.208173990452096973e+02
3.571979559134798254e+00	1.204311646276733967e+02
3.578265774595833726e+00	1.204432720216951083e+02
3.584548309769353125e+00	1.202164153747290669e+02
3.590826843920031486e+00	1.200954048912304586e+02
3.597107306745233934e+00	1.199855787686276614e+02
3.603392831792229245e+00	1.197954758971846871e+02
3.609673209822572559e+00	1.195917866304040871e+02
3.615955412133016189e+00	1.195656013510622131e+02
3.622241607772384686e+00	1.193861751403295131e+02
3.628520252736676444e+00	1.192441190356165777e+02
3.634804827569451113e+00	1.189939589863666214e+02
3.641094981788862928e+00	1.188559616552242630e+02
3.647383514928639325e+00	1.188461679639253532e+02
3.653663283927725658e+00	1.186900149627968801e+02
3.659943504072155296e+00	1.182727056880063969e+02
3.666232000281138603e+00	1.185205209479100006e+02
3.672514211678317597e+00	1.182189731204445877e+02
3.678794154686042539e+00	1.180718959533628691e+02
3.685078621861909820e+00	1.181274361615972595e+02
3.691359210097977961e+00	1.179431086430212332e+02
3.697642368173791105e+00	1.179281118709402989e+02
3.703925796735277665e+00	1.175684759564997819e+02
3.710208240364660348e+00	1.176757208931584415e+02
3.716494593122387169e+00	1.173962670082162703e+02
3.722775386659595398e+00	1.175347450006960202e+02
3.729058392883481510e+00	1.171356208429837267e+02
3.735339748210807720e+00	1.173103065744899993e+02
3.741620776392969638e+00	1.169054655386374719e+02
3.747904795418762980e+00	1.171510493416116105e+02
3.754190633281219380e+00	1.169959403821524404e+02
3.760478208018912749e+00	1.168172794347008931e+02
3.766755538573464346e+00	1.168394039196195422e+02
3.773032090135151506e+00	1.167564002777684777e+02
3.779322553012896879e+00	1.166170909401594429e+02
3.785609109731308930e+00	1.166775566112219451e+02
3.791889825936295200e+00	1.165041534258811424e+02
3.798174822702435893e+00	1.167290623809566767e+02
3.804458658753491651e+00	1.162980143553450603e+02
3.810738438095723435e+00	1.164297487501403197e+02
3.817018850285747167e+00	1.162817666818077242e+02
3.823305314209427763e+00	1.164011249489243198e+02
3.829591295197792178e+00	1.161375392470209391e+02
3.835872296070849341e+00	1.162569618743925304e+02
3.842156279590906109e+00	1.162437412893073656e+02
3.848441511099312429e+00	1.161318331806676127e+02
3.854723334376886079e+00	1.160531622298722851e+02
3.861004740704794713e+00	1.162015420176711160e+02
3.867284336650660848e+00	1.158817070268763842e+02
3.873567367678779849e+00	1.158411050943530398e+02
3.879850662830422792e+00	1.160581934475926147e+02
3.886137063198143338e+00	1.158957214696907130e+02
3.892419463049126005e+00	1.159967902439108940e+02
3.898703740328622658e+00	1.158894395585645611e+02
3.904991458788179326e+00	1.159517307083636126e+02
3.911270842222104083e+00	1.158124443117691840e+02
3.917549806479573071e+00	1.159760053461282752e+02
3.923836006203090587e+00	1.158201520996548055e+02
3.930121452497870926e+00	1.160824868280378865e+02
3.936398172858230460e+00	1.160966792811557298e+02
3.942683040425962293e+00	1.160884431896315760e+02
3.948974759704379611e+00	1.161940305436994407e+02
3.955259227995065352e+00	1.161980401737821751e+02
3.961537174921395454e+00	1.161995895080058858e+02
3.967820217617139544e+00	1.160921750116842901e+02
3.974105559832568968e+00	1.164529530689597294e+02
3.980384727931198352e+00	1.162220267439668504e+02
3.986664590839849698e+00	1.163169776197643159e+02
3.992949619150675034e+00	1.163524257483641406e+02
3.999235075769965952e+00	1.163232504413735029e+02
4.005515715515433506e+00	1.166603377292679937e+02
4.011798434346478537e+00	1.166753153503366036e+02
4.018083716245132386e+00	1.163951134882053253e+02
4.024365700052603856e+00	1.167240095713346335e+02
4.030643960839860540e+00	1.166661630949598845e+02
4.036928708926215137e+00	1.168728913816451893e+02
4.043218157412017177e+00	1.169319195289012754e+02
4.049503019487663558e+00	1.170145221255235839e+02
4.055781898960511000e+00	1.170074340423355466e+02
4.062060795621602161e+00	1.169783003126699867e+02
4.068347865354716042e+00	1.171980741658818062e+02
4.074631027173265529e+00	1.175133448101285012e+02
4.080910837526078971e+00	1.174290061981484854e+02
4.087201203341442657e+00	1.174547486150485156e+02
4.093486818591942189e+00	1.175670004808078630e+02
4.099764387336505500e+00	1.178543927121506698e+02
4.106049166937662420e+00	1.177258032049210499e+02
4.112334559041358695e+00	1.179925128400489172e+02
4.118618926059533614e+00	1.183972428417146290e+02
4.124898942031112625e+00	1.182902112929691043e+02
4.131175432561665417e+00	1.183165833247159924e+02
4.137461563786142271e+00	1.186460385126042922e+02
4.143746006210170307e+00	1.186863876294982703e+02
4.150029800482964326e+00	1.187089279793585064e+02
4.156313390684649001e+00	1.190960023126712315e+02
4.162596105843763716e+00	1.191683176430587139e+02
4.168881843141768684e+00	1.194625508403717191e+02
4.175162111073220217e+00	1.197528829274174029e+02
4.181448573417560155e+00	1.197857141037857929e+02
4.187738782464171194e+00	1.199510796736927176e+02
4.194017437180169061e+00	1.202331664619445348e+02
4.200293572701767175e+00	1.203381218501551331e+02
4.206580195481546269e+00	1.207349371216171932e+02
4.212860644652220543e+00	1.207869574866252549e+02
4.219138153430114002e+00	1.208626568546969366e+02
4.225426162098283811e+00	1.211118974060737372e+02
4.231713506719782636e+00	1.215137495888328516e+02
4.237990056577191744e+00	1.215769090845209348e+02
4.244267783646744618e+00	1.221596159444290635e+02
4.250560660182562955e+00	1.222794873637057265e+02
4.256847734842668096e+00	1.225597250794038757e+02
4.263127100734456221e+00	1.225409495541113927e+02
4.269406860432507500e+00	1.227554900488282641e+02
4.275691671482192646e+00	1.226995567700040937e+02
4.281972414189518794e+00	1.233634554349176682e+02
4.288253516806755705e+00	1.234160299327761834e+02
4.294540520160492925e+00	1.237726679522659481e+02
4.300825742921731809e+00	1.238349028836669987e+02
4.307109835491901961e+00	1.243393775644770329e+02
4.313390926478413157e+00	1.246191596257222756e+02
4.319667979480563247e+00	1.247405498626244906e+02
4.325952598143786076e+00	1.253242778332768523e+02
4.332241647035422361e+00	1.253372299504991787e+02
4.338524445619096781e+00	1.254765191673478029e+02
4.344809348131129845e+00	1.256841967359574426e+02
4.351090699193166600e+00	1.260077056665321464e+02
4.357369710808320029e+00	1.266058780774005896e+02
4.363659348967174445e+00	1.265852888452410809e+02
4.369947418280990981e+00	1.271840190821394572e+02
4.376226569265827315e+00	1.272233579242175807e+02
4.382499356631129217e+00	1.272663991842393898e+02
4.388784975178015024e+00	1.277949882308032699e+02
4.395068696309480494e+00	1.276809580940546880e+02
4.401347962382031298e+00	1.282030112422643242e+02
4.407628405096517099e+00	1.279926038691991010e+02
4.413915862185140426e+00	1.286388784654270410e+02
4.420203163534264235e+00	1.289042092898526732e+02
4.426480311003382795e+00	1.285319471055104543e+02
4.432765973643649104e+00	1.292792888374336826e+02
4.439053392023870614e+00	1.293736228509540638e+02
4.445336141335588742e+00	1.299208566994470289e+02
4.451617241414883352e+00	1.294837971492056852e+02
4.457901500730311106e+00	1.299990305734931155e+02
4.464189501093017043e+00	1.301796161503308724e+02
4.470470197548729985e+00	1.301615116966271444e+02
4.476748044268524573e+00	1.304111750108487513e+02
4.483035990164653484e+00	1.300612573860440477e+02
4.489323331650528104e+00	1.302411788538073552e+02
4.495599111667934800e+00	1.304452659332883115e+02
4.501870922878794090e+00	1.304206697077673311e+02
4.508155162877705457e+00	1.302224777923520094e+02
4.514446451153479423e+00	1.302056466840392375e+02
4.520723894043856994e+00	1.302645849309515711e+02
4.527003782460155890e+00	1.297573578100171403e+02
4.533293086610313161e+00	1.293971375173505294e+02
4.539578989864040182e+00	1.295252517128148213e+02
4.545857164866476730e+00	1.290616987563018654e+02
4.552138955546025656e+00	1.288920452691403398e+02
4.558432046889146605e+00	1.286760960455969780e+02
4.564713463378488711e+00	1.286825977587172929e+02
4.570987274133244682e+00	1.280867800876817455e+02
4.577274818151045643e+00	1.286241477733059924e+02
4.583563263889338657e+00	1.281585170989446851e+02
4.589844917004465508e+00	1.280657476661649525e+02
4.596126259982004747e+00	1.279744778920014312e+02
4.602409075598298926e+00	1.281117902665925499e+02
4.608696634867644804e+00	1.285421727161273395e+02
4.614977646498861219e+00	1.282412225668293786e+02
4.621258953029527383e+00	1.288819791663935064e+02
4.627547993978874175e+00	1.286776441002023716e+02
4.633830152730579854e+00	1.282667676801397931e+02
4.640104005367354567e+00	1.285949976389700566e+02
4.646382060386754276e+00	1.284259946160425159e+02
4.652674213731970987e+00	1.281547216236679105e+02
4.658958291796220230e+00	1.286928870216831342e+02
4.665233615070169648e+00	1.287470027267536352e+02
4.671520675710307380e+00	1.293882663648229254e+02
4.677814351732177300e+00	1.288212384582908783e+02
4.684093699744638073e+00	1.290991365246411817e+02
4.690368661472568590e+00	1.293707847306955614e+02
4.696663270746453733e+00	1.294439141406747069e+02
4.702945459248681459e+00	1.296111745657975689e+02
4.709209170841929470e+00	1.301466763143579044e+02
4.715491634753063543e+00	1.298139656049587529e+02
4.721784316284933780e+00	1.300530776827962711e+02
4.728063062331094635e+00	1.300858347709937846e+02
4.734337423381671073e+00	1.305882367580563539e+02
4.740627024094544062e+00	1.304942519768592604e+02
4.746914995664547554e+00	1.306551764070220543e+02
4.753194740071086777e+00	1.312744455852042051e+02
4.759478891864783456e+00	1.315293614541405134e+02
4.765762396877359031e+00	1.316954640529943958e+02
4.772049481246195768e+00	1.324295090266458317e+02
4.778335091022592351e+00	1.327654485451262474e+02
4.784610831402393849e+00	1.327590265402803595e+02
4.790907306208476157e+00	1.329197626913740180e+02
4.797204047706418173e+00	1.331395985893309728e+02
4.803470827697504220e+00	1.340481423375461247e+02
4.809748850577324042e+00	1.337961767934148440e+02
4.816045316586602176e+00	1.340584954820996586e+02
4.822329240673497885e+00	1.343701097252594252e+02
4.828596758226470165e+00	1.341441676434707517e+02
4.834890332961369275e+00	1.349625868053586260e+02
4.841191655056394261e+00	1.353524660945817288e+02
4.847460407468000554e+00	1.357461950654917757e+02
4.853732128521334843e+00	1.358434028695238851e+02
4.860029138783373170e+00	1.355018602275252704e+02
4.866314601732018019e+00	1.364688360360267723e+02
4.872587026269203925e+00	1.373598717602340855e+02
4.878874221748241702e+00	1.376024103245662786e+02
4.885171078138658807e+00	1.383574370278657284e+02
4.891450629931857641e+00	1.387009214940868560e+02
4.897716482750221978e+00	1.390123415349546292e+02
4.904002834596266069e+00	1.388363094118524828e+02
4.910295858205786068e+00	1.397278047131081564e+02
4.916575188115905881e+00	1.402002614261757856e+02
4.922847946197084212e+00	1.406804978242737718e+02
4.929131667457151700e+00	1.411736802226558609e+02
4.935434460144239033e+00	1.426095408459493967e+02
4.941718513303545279e+00	1.420255768487331522e+02
4.947978624761803168e+00	1.429288660501201775e+02
4.954274999209829389e+00	1.435147211941331022e+02
4.960571094729937514e+00	1.434610995623091583e+02
4.966823207626954506e+00	1.440986194870534121e+02
4.973097418390337587e+00	1.452919380789787169e+02
4.979415129936382023e+00	1.457472308364684466e+02
4.985702082330368157e+00	1.477990834710049342e+02
4.991949985828016523e+00	1.473977396796593098e+02
4.998241586316924057e+00	1.477095254290605340e+02
5.004556635606089543e+00	1.485949753384007863e+02
5.010828655701208945e+00	1.500278932862131569e+02
5.017077229702536556e+00	1.485671423843812988e+02
5.023374414758113637e+00	1.503017117793565092e+02
5.029688873569548413e+00	1.506271624578658646e+02
5.035958413584124216e+00	1.519461926766331885e+02
5.042232667658486989e+00	1.521095366202463310e+02
5.048528755870775875e+00	1.532931503300820850e+02
5.054821121427484520e+00	1.540768226089961672e+02
5.061069509814582368e+00	1.550404704614105356e+02
5.067347812754101177e+00	1.556955355241978793e+02
5.073675050630431116e+00	1.559318992714719059e+02
5.079945928388977627e+00	1.575987040304892162e+02
5.086192992546071601e+00	1.579384186825375878e+02
5.092484128970163226e+00	1.575910619689915393e+02
5.098802924706086870e+00	1.600755289689646190e+02
5.105078217426394005e+00	1.610981315580689284e+02
5.111325076574067872e+00	1.614228146191692019e+02
5.117628358851224135e+00	1.627952974677201041e+02
5.123935939383525984e+00	1.628564830354002595e+02
5.130199176325612065e+00	1.642068555797223723e+02
5.136469985878846956e+00	1.649267968271059033e+02
5.142797788696348071e+00	1.660369124348539174e+02
5.149090378043822192e+00	1.680022012205820943e+02
5.155289879840074363e+00	1.691413200662366023e+02
5.161564521234301317e+00	1.704676210927551949e+02
5.167916673496016244e+00	1.700206874126320713e+02
5.174205974602950064e+00	1.715195648316581298e+02
5.180434820793812456e+00	1.721662343113204656e+02
5.186729096569634656e+00	1.751022816321070366e+02
5.193058481037780894e+00	1.764359001942145539e+02
5.199319511444338460e+00	1.760691717930916695e+02
5.205574295584361799e+00	1.789723985780915427e+02
5.211894977074066126e+00	1.786986834015102090e+02
5.218201708336958511e+00	1.807329553356736653e+02
5.224411911780083351e+00	1.818890571399627447e+02
5.230677632666463239e+00	1.857894695587193610e+02
5.237056729559757429e+00	1.852882355867863851e+02
5.243336785035660697e+00	1.864983419334356540e+02
5.249493476178225038e+00	1.874175354915928153e+02
5.255787017738318134e+00	1.874330522992012504e+02
5.262205327426889845e+00	1.905317647947725561e+02
5.268477758348532269e+00	1.937627511716166566e+02
5.274632213654732560e+00	1.940344931825270010e+02
5.280950543314659740e+00	1.959628616479448340e+02
5.287327645024750389e+00	1.944749231013344115e+02
5.293582359180156516e+00	1.968395982647460585e+02
5.299789992649893478e+00	2.031525744578607657e+02
5.306111460381987222e+00	2.019229379133553834e+02
5.312452717892129250e+00	2.054601365420097920e+02
5.318650122853046724e+00	2.057125217503729573e+02
5.324923043129819789e+00	2.069224586018762011e+02
5.331330237158205421e+00	2.106488650459777432e+02
5.337586726886338617e+00	2.124927169112169167e+02
5.343685192440848830e+00	2.146213359245821550e+02
5.350070659715249199e+00	2.137730384171252069e+02
5.356556762554878226e+00	2.159275659894447017e+02
5.362691868684501095e+00	2.204665150890821792e+02
5.368769208912516966e+00	2.222116779033008527e+02
5.375270137997677722e+00	2.319564198867593063e+02
5.381769983045385786e+00	2.300957019394205076e+02
5.387701030372958222e+00	2.294689948991257324e+02
5.393786668001271600e+00	2.306763699394962828e+02
5.400446161099396569e+00	2.333510154346867296e+02
5.406957063684501463e+00	2.318343087129318576e+02
5.412655672453426270e+00	2.312983226164057555e+02
5.418821279260546575e+00	2.505358718958834174e+02
5.425690594366304076e+00	2.457435805363682562e+02
5.432217487502165376e+00	2.475975564527134907e+02
5.437649811577258241e+00	2.526007683220767603e+02
5.443914404015878006e+00	2.533088249749929446e+02
5.450953501686320202e+00	2.542519515021425036e+02
5.457483690405861232e+00	2.674401465544071925e+02
5.462715250135157241e+00	2.646739172666659670e+02
5.469033575551323523e+00	2.613518305414126530e+02
5.476177730420278778e+00	2.756808118505452967e+02
5.482708935702562236e+00	2.914423567295111752e+02
5.487722405008360838e+00	2.847859010999483189e+02
5.494194284996126498e+00	2.792766444862671733e+02
5.501391471009256406e+00	2.827521617331458970e+02
5.507128202673079009e+00	2.564428360248656418e+02
5.512278020050448646e+00	2.859544684221301623e+02
5.519395563377015534e+00	3.025226451115623263e+02
5.526598678609708770e+00	2.981515438158079974e+02
5.532162682462509196e+00	3.063975127579017226e+02
5.537397124017139127e+00	2.927149494544671597e+02
5.544582756485218589e+00	2.784387629018071948e+02
5.551739327507637434e+00	2.525267891872616133e+02
5.557493306674907707e+00	3.956667248254418041e+02
5.562281709102816940e+00	4.504082569464329708e+02
5.569272720323164449e+00	3.137614723088079813e+02
