8.899641224696953554e-03	4.068425553312719421e+04
1.507912216506557788e-02	2.891116172581060164e+04
2.144790186456836667e-02	2.910853642522239170e+04
2.783660776489276650e-02	3.028010250177112903e+04
3.435099785803411021e-02	2.210392082233239125e+04
4.047886761425745911e-02	2.204767907381427722e+04
4.676716683575679601e-02	1.945908079830829593e+04
5.308225101765951665e-02	1.615502135901775182e+04
5.945362440940590160e-02	1.553199882833747688e+04
6.576224814588792211e-02	1.388299546638284482e+04
7.196632906698736953e-02	1.145289533437051432e+04
7.827860915688347743e-02	9.964398155939703429e+03
8.470398945834539672e-02	9.071940807825863885e+03
9.096854620527369817e-02	8.868943668711704959e+03
9.720789776830213169e-02	8.344855079365615893e+03
1.034763038959366499e-01	7.768132074820349771e+03
1.097576444254559219e-01	7.101621091017035724e+03
1.160543084780093354e-01	6.412538849319046676e+03
1.223669666537485351e-01	5.802206279160902341e+03
1.286817263090294094e-01	5.353853171127208952e+03
1.349500801664080818e-01	5.297543069673835817e+03
1.411949558842147678e-01	4.987126161183025033e+03
1.475133575747468451e-01	4.747866980196763507e+03
1.537865074252268427e-01	4.475430148563066723e+03
1.600657544051110326e-01	4.215870753548850189e+03
1.663991168687080635e-01	4.115734916895488823e+03
1.727195645776442856e-01	3.695449659667415744e+03
1.789765213377084718e-01	3.674857951205457994e+03
1.852353690647852158e-01	3.495517061847284367e+03
1.914806787341157279e-01	3.357664875285440303e+03
1.977889868651535599e-01	3.201979319967378615e+03
2.040937735447724277e-01	3.068649222581205322e+03
2.103939302609846018e-01	3.032463566580653151e+03
2.166909709822301688e-01	2.900129640162061605e+03
2.229700281216152047e-01	2.754641923912770380e+03
2.292620027086341994e-01	2.713628152779012908e+03
2.355141508366812297e-01	2.614525517264038172e+03
2.417910583817859116e-01	2.541180848938274721e+03
2.480856539439619257e-01	2.477730762665111342e+03
2.543492256872954549e-01	2.412937333017880064e+03
2.606334251884805386e-01	2.312113599229071497e+03
2.669257370896960802e-01	2.271371834557472084e+03
2.732423343141155980e-01	2.280128057396615986e+03
2.795529680084415936e-01	2.185354241218524749e+03
2.858366292314493129e-01	2.114135754751905097e+03
2.920876271394311496e-01	2.071754758403973483e+03
2.983449844439822751e-01	1.984538950211274368e+03
3.046382639407197446e-01	1.944582119128780278e+03
3.109279127003197196e-01	1.897657696448994557e+03
3.172168171618398036e-01	1.884346139315626260e+03
3.235187567944423082e-01	1.820785072115572575e+03
3.298168217550395687e-01	1.809124645388371391e+03
3.361176429457156667e-01	1.790532720427009735e+03
3.423700375709273769e-01	1.727377610468661942e+03
3.486478192666269682e-01	1.701234479256466784e+03
3.549411614411318028e-01	1.675177033712050843e+03
3.611916935421040642e-01	1.639727452818928214e+03
3.674767089563572564e-01	1.621360435567838294e+03
3.737647795277591056e-01	1.598884552961931831e+03
3.800654031475132477e-01	1.557984241375315150e+03
3.863539861259823738e-01	1.537421067348682072e+03
3.926140181364449755e-01	1.530235394393954266e+03
3.989264500321934581e-01	1.489365603374705870e+03
4.052073244576828714e-01	1.497008480617101895e+03
4.114916477570477182e-01	1.470331399862111994e+03
4.177814272116491257e-01	1.420837147147327414e+03
4.240400648725131116e-01	1.395694647386238103e+03
4.303425690270192283e-01	1.372598650601712507e+03
4.366358560255625965e-01	1.366753976083997713e+03
4.428996183220763605e-01	1.346504807964376369e+03
4.491634418529859563e-01	1.337792039475692491e+03
4.554414146254732731e-01	1.328712628121184707e+03
4.617634470301058558e-01	1.315953635754957986e+03
4.680644242023710433e-01	1.288121046782309804e+03
4.743485242764365895e-01	1.269402351969053143e+03
4.806356136815400082e-01	1.259483274212317156e+03
4.869019258388697646e-01	1.243244145195891406e+03
4.931697099599955947e-01	1.229928851286515510e+03
4.994506747144535908e-01	1.217084351310199509e+03
5.057159051335421429e-01	1.197042095402592395e+03
5.119923996268095356e-01	1.192746018722257986e+03
5.183126097768406826e-01	1.171740594793453965e+03
5.246089638029100000e-01	1.164206669275657532e+03
5.308757308483337267e-01	1.153521889068078053e+03
5.371573527946726934e-01	1.145336440320480961e+03
5.434579563783791256e-01	1.118620451636243843e+03
5.497430652392217842e-01	1.118464636385268705e+03
5.559937427501778773e-01	1.100172438314741157e+03
5.622854676609657654e-01	1.087629185991119357e+03
5.686011537227265711e-01	1.079716413318433979e+03
5.748804589422079614e-01	1.056740924613387961e+03
5.811550210340560296e-01	1.060696585881924193e+03
5.874394496660968468e-01	1.049988248605556691e+03
5.937176220296899176e-01	1.039733027962072583e+03
5.999971954793682505e-01	1.025108313992215017e+03
6.062679115124277596e-01	1.021916725085507892e+03
6.125469576444534381e-01	1.005947273761663723e+03
6.188477733041515272e-01	1.005769871542177157e+03
6.251310567437898813e-01	9.945257686338231906e+02
6.314027450383210560e-01	9.844997797242716615e+02
6.377003562732055375e-01	9.696717390703431647e+02
6.439857783314556494e-01	9.689933715648438692e+02
6.502685417166111925e-01	9.641835410669510793e+02
6.565586117699038216e-01	9.533368612121111028e+02
6.628369282359254377e-01	9.501945232740376923e+02
6.691185444962194362e-01	9.350537176414133000e+02
6.754070198575605755e-01	9.305126249543640142e+02
6.816835514593204692e-01	9.194464197926751012e+02
6.879592533861698112e-01	9.140079719517790409e+02
6.942344317039531587e-01	9.001980283858546272e+02
7.005175402434737908e-01	8.914334671153299041e+02
7.068124956608716758e-01	8.962545002914408769e+02
7.131019009674921527e-01	8.820413875342600249e+02
7.193918251171427247e-01	8.768620418349335068e+02
7.256833807598113140e-01	8.756911809477352335e+02
7.319652682709349989e-01	8.612712686122569039e+02
7.382507990484923344e-01	8.619358488643756573e+02
7.445265842115937893e-01	8.565646216037788463e+02
7.507871101942712455e-01	8.437504132958040373e+02
7.570758465316046459e-01	8.390723538519231397e+02
7.633641233600957365e-01	8.351141879147066902e+02
7.696462959862266917e-01	8.294321592751360868e+02
7.759394865175414102e-01	8.234899545323547727e+02
7.822329141989586843e-01	8.168463234441138638e+02
7.885314936520240181e-01	8.127590684244196382e+02
7.947896566979522071e-01	8.079135723605252224e+02
8.010491096592354809e-01	7.993689171192456797e+02
8.073364061727361651e-01	7.969342924562325834e+02
8.136229488373866170e-01	7.865910797816005697e+02
8.199152998961036776e-01	7.839538838563339596e+02
8.261952636392789762e-01	7.724243109304512700e+02
8.324897070080405914e-01	7.706223202320857126e+02
8.387959309210778480e-01	7.666662924087125930e+02
8.450634639703045181e-01	7.633608751559908114e+02
8.513282867562648182e-01	7.569088195627484765e+02
8.576198263902009566e-01	7.556422685256530940e+02
8.639058477062415697e-01	7.453547696442814186e+02
8.701838745487597837e-01	7.408214346333130607e+02
8.764641096075268534e-01	7.383274782869945057e+02
8.827503873399735745e-01	7.313170588058970907e+02
8.890332768393869323e-01	7.263687727976968063e+02
8.953084247113127780e-01	7.211920015966219353e+02
9.015956521667095602e-01	7.148394461807286007e+02
9.078833328094829680e-01	7.149202656019001552e+02
9.141744106319863450e-01	7.064682504554644993e+02
9.204630817717615043e-01	7.045418817185670832e+02
9.267434415264711456e-01	7.011641288510002141e+02
9.330324197354928906e-01	6.928884861726713780e+02
9.393265785573878812e-01	6.888631788523630348e+02
9.455974810398196650e-01	6.879362669741418586e+02
9.518660018545171964e-01	6.805841690817389917e+02
9.581413255531838757e-01	6.777664854156804495e+02
9.644350945109106954e-01	6.750611946706588924e+02
9.707355633568249820e-01	6.701331509879169062e+02
9.770080768450029041e-01	6.635449722226126141e+02
9.832823325363413414e-01	6.600642072421023840e+02
9.895569691966674686e-01	6.591348706290458495e+02
9.958456301921106979e-01	6.522910930571281369e+02
1.002136210743837408e+00	6.502665812711272793e+02
1.008404825335135424e+00	6.452325773746937330e+02
1.014694149836243398e+00	6.402427637154439708e+02
1.020992555437297167e+00	6.346956907943786064e+02
1.027273980437394485e+00	6.341176200229079996e+02
1.033559181896017254e+00	6.310002913776872902e+02
1.039847557392594934e+00	6.249680661793108811e+02
1.046126974943305088e+00	6.224644030601621125e+02
1.052403436811028659e+00	6.168656287833507577e+02
1.058680704651608684e+00	6.153557895753062894e+02
1.064964333065789193e+00	6.120714798278428361e+02
1.071256777440835473e+00	6.062071184080391504e+02
1.077544048801078125e+00	6.018646954147958468e+02
1.083824820188043603e+00	6.017342984923362792e+02
1.090108023942816695e+00	5.954362656979291160e+02
1.096389665956643222e+00	5.908920935877604279e+02
1.102681132058841440e+00	5.893481897205346058e+02
1.108963047594879958e+00	5.888217654745848222e+02
1.115225428463759272e+00	5.838342361153796674e+02
1.121502127614767863e+00	5.788057550546221819e+02
1.127792573824792033e+00	5.777330142777077526e+02
1.134089552668382961e+00	5.747490953754731891e+02
1.140364049650405942e+00	5.713746207212760737e+02
1.146639180320979445e+00	5.671711126528675777e+02
1.152942412991649901e+00	5.618367141211601847e+02
1.159228906751078814e+00	5.592480198081321987e+02
1.165508721887268173e+00	5.557375531130426225e+02
1.171793076256210320e+00	5.544869596598365433e+02
1.178087436369658958e+00	5.520827762787271240e+02
1.184367654251526902e+00	5.452210750456303003e+02
1.190634642299266632e+00	5.454469083792137098e+02
1.196912208834400859e+00	5.414358348391928075e+02
1.203201577354146234e+00	5.405567300785930911e+02
1.209486844441705733e+00	5.368855317698488534e+02
1.215763902074809888e+00	5.328357919297211538e+02
1.222049755171146668e+00	5.289998812024201698e+02
1.228340616621486969e+00	5.278117041029340726e+02
1.234632986576932767e+00	5.237128195883911985e+02
1.240902247176856488e+00	5.212946316027720286e+02
1.247174839144687519e+00	5.183426936461174819e+02
1.253465459933442272e+00	5.144507549616852202e+02
1.259749951892178421e+00	5.141207041170121101e+02
1.266032143127253873e+00	5.095190553403691069e+02
1.272316288472006507e+00	5.066856980710401785e+02
1.278604155058621350e+00	5.058487209592522049e+02
1.284886588933593865e+00	5.001203901448897682e+02
1.291175420066583257e+00	4.986734975226175948e+02
1.297465726373772332e+00	4.957669767853582812e+02
1.303741827011944299e+00	4.956372887904082063e+02
1.310017322922761851e+00	4.904600840411633271e+02
1.316301447662886703e+00	4.883588912509739544e+02
1.322586760363303249e+00	4.860097531938679367e+02
1.328865492452874664e+00	4.842860831265737147e+02
1.335144804954555564e+00	4.808004691333102869e+02
1.341440516272275119e+00	4.788105208882169563e+02
1.347730868417094552e+00	4.779806020515254090e+02
1.354001589994877630e+00	4.725546465370351257e+02
1.360282609297778444e+00	4.720404426983482722e+02
1.366565686457597906e+00	4.688281008753335186e+02
1.372851498482432708e+00	4.665635684998412671e+02
1.379135372929401804e+00	4.630617294640386490e+02
1.385409567149057164e+00	4.586824017303402456e+02
1.391698641219299315e+00	4.590197725597910789e+02
1.397984451439470810e+00	4.562839521568159284e+02
1.404267883409181961e+00	4.528831942689141101e+02
1.410554779484869181e+00	4.509500507726004912e+02
1.416837833547465397e+00	4.501210760449278041e+02
1.423118177187137068e+00	4.471902795034059750e+02
1.429397801164240089e+00	4.436726608546965736e+02
1.435686921822787232e+00	4.423367510827188198e+02
1.441977121769299597e+00	4.376046412091930051e+02
1.448253667853332427e+00	4.373315738764724188e+02
1.454532348972172651e+00	4.356580431236316713e+02
1.460819319151879903e+00	4.338043073565565351e+02
1.467110364402026468e+00	4.311877495932750435e+02
1.473392908948962132e+00	4.269845774050901923e+02
1.479669965243598950e+00	4.268195550930288960e+02
1.485956144602843532e+00	4.249284400918769506e+02
1.492233610763115115e+00	4.220632187482138988e+02
1.498502470379980078e+00	4.200225419785904819e+02
1.504785752051182701e+00	4.172850206300956870e+02
1.511075991894575976e+00	4.161132695877578840e+02
1.517361634985162189e+00	4.137614362055601305e+02
1.523648570969130533e+00	4.128396174806894123e+02
1.529938035715892264e+00	4.108919581297726609e+02
1.536230176913891965e+00	4.094228927319191484e+02
1.542510718779388279e+00	4.062069476469602023e+02
1.548783963082980275e+00	4.039022269686859090e+02
1.555073069779651318e+00	4.019052741777430811e+02
1.561357324927233892e+00	3.999640683462397988e+02
1.567629121053141006e+00	3.985811692004067481e+02
1.573913697404382583e+00	3.970162194716359068e+02
1.580203545230874029e+00	3.941587235885892824e+02
1.586485393434537983e+00	3.929620992416251397e+02
1.592760014263005841e+00	3.907781888822223664e+02
1.599046436394670812e+00	3.884212756669689384e+02
1.605342136637478934e+00	3.860479529769814349e+02
1.611619860919608627e+00	3.844684618833259151e+02
1.617897597081673799e+00	3.830864214962975893e+02
1.624183235481122756e+00	3.804526973986091321e+02
1.630464598531913722e+00	3.793929986829866152e+02
1.636748985747638274e+00	3.777403875807631266e+02
1.643030923698886259e+00	3.758218263302093192e+02
1.649309176648513064e+00	3.737974526682052101e+02
1.655593633940351861e+00	3.726249057075532960e+02
1.661879571405086464e+00	3.706935333660863421e+02
1.668169361685170271e+00	3.689063764450851295e+02
1.674450151530487485e+00	3.672110888577015544e+02
1.680722718978495900e+00	3.656220613981747647e+02
1.687013891340952476e+00	3.638316085510566040e+02
1.693308984907921033e+00	3.619789529166121724e+02
1.699582147428448486e+00	3.594461616835755535e+02
1.705863747055134105e+00	3.578886189250411007e+02
1.712154434283889470e+00	3.568210986249641792e+02
1.718438381579399321e+00	3.544621016032205603e+02
1.724721264464063930e+00	3.525435375051374081e+02
1.730997441276920679e+00	3.512532735312697696e+02
1.737287073528269499e+00	3.496040286709456382e+02
1.743567991878527401e+00	3.492466375979797135e+02
1.749840680212231048e+00	3.460154787677298032e+02
1.756128549091961144e+00	3.454056045968985700e+02
1.762413535324792502e+00	3.434671180385900584e+02
1.768696187669963837e+00	3.420626331573736252e+02
1.774979359379055266e+00	3.400625878712521057e+02
1.781265555576432957e+00	3.393264661138832139e+02
1.787549427830244619e+00	3.374515551191055920e+02
1.793834120011633004e+00	3.358888162317653041e+02
1.800115051552487300e+00	3.335015398423293504e+02
1.806393904854530330e+00	3.323692753610290538e+02
1.812674089667083432e+00	3.310578109273728273e+02
1.818956920109354058e+00	3.299892629996410847e+02
1.825244164118212220e+00	3.272863943416745656e+02
1.831527256642196955e+00	3.269472373113234198e+02
1.837811294935716599e+00	3.250322237339262301e+02
1.844100717411196744e+00	3.238844560690308754e+02
1.850384816792487230e+00	3.215641153264874106e+02
1.856666059735203822e+00	3.202284740474967748e+02
1.862947728675613979e+00	3.196157167986823993e+02
1.869229324466858078e+00	3.181920384746198920e+02
1.875517616802973686e+00	3.165745492404007564e+02
1.881800769033795229e+00	3.146204454144066744e+02
1.888078863416442710e+00	3.138491778173381590e+02
1.894353975182237582e+00	3.130001750750591896e+02
1.900642716154182565e+00	3.104731851084401910e+02
1.906933494748685121e+00	3.090017990872422615e+02
1.913207568676573933e+00	3.085276340721803763e+02
1.919490884732178992e+00	3.061107617387561959e+02
1.925776855684274480e+00	3.056229318761984928e+02
1.932064452961978152e+00	3.037484937994191796e+02
1.938342610030488800e+00	3.028126217544892711e+02
1.944618341543410178e+00	3.020046392380928637e+02
1.950906260203513876e+00	3.002023895091863324e+02
1.957194556613796488e+00	2.981085178505867930e+02
1.963479614559011432e+00	2.968112615367288072e+02
1.969760361532916226e+00	2.965458274042661628e+02
1.976048367034604736e+00	2.947902028683104163e+02
1.982337990217652335e+00	2.938723127269976771e+02
1.988617489259562721e+00	2.924377620373014111e+02
1.994896320665194178e+00	2.910642038267270664e+02
2.001179596222827151e+00	2.899283536199833975e+02
2.007459756923499761e+00	2.885711094640848842e+02
2.013737397779169935e+00	2.873122121605563848e+02
2.020017234677497164e+00	2.859351133490154666e+02
2.026310251015072783e+00	2.849667137030588151e+02
2.032600542948020284e+00	2.839404834542442018e+02
2.038873863192099289e+00	2.825142046561275038e+02
2.045154087821675404e+00	2.810998453363897056e+02
2.051444704514288730e+00	2.807259548453698699e+02
2.057730430280644729e+00	2.790909581729679303e+02
2.064013940455224461e+00	2.784108650458038596e+02
2.070299891179459895e+00	2.774473534387187215e+02
2.076589719964883951e+00	2.758178116092541359e+02
2.082865483794470673e+00	2.748916917580817199e+02
2.089134494859368640e+00	2.734779026660632439e+02
2.095424211360070288e+00	2.723815863701989315e+02
2.101707116664804254e+00	2.710497154228054342e+02
2.107986473933564309e+00	2.703738622021672313e+02
2.114271806543862375e+00	2.687040080030264448e+02
2.120552717288892275e+00	2.681931301168916093e+02
2.126836933207161717e+00	2.665675813039541708e+02
2.133122044791171845e+00	2.657104544751704225e+02
2.139411711910842673e+00	2.649185701365194632e+02
2.145697076775292089e+00	2.638214601350509270e+02
2.151973548606471276e+00	2.628037822416623612e+02
2.158259913555724108e+00	2.615441269502632053e+02
2.164545396699105506e+00	2.599913937702713156e+02
2.170830700377734068e+00	2.597413524569842593e+02
2.177114138849150393e+00	2.590727507165859151e+02
2.183387647576827018e+00	2.574923719683066565e+02
2.189670273687676971e+00	2.561004999069511996e+02
2.195960147934207463e+00	2.557388699447819249e+02
2.202242556317716371e+00	2.542030086465973682e+02
2.208521655981037668e+00	2.537471810118175881e+02
2.214804637081333016e+00	2.518386736583162531e+02
2.221092583349425276e+00	2.511097511333454122e+02
2.227372893591468728e+00	2.505676747682158805e+02
2.233657161144248171e+00	2.493843632989863579e+02
2.239943485394438660e+00	2.486807946430679408e+02
2.246224175264620815e+00	2.476284120138460878e+02
2.252506378421252009e+00	2.466007740188401840e+02
2.258783417054270437e+00	2.459710985756299237e+02
2.265069077371457684e+00	2.450732962371695578e+02
2.271350377044131452e+00	2.442550895801121840e+02
2.277633995145353918e+00	2.426168324463329213e+02
2.283922419579920149e+00	2.421724551924356206e+02
2.290202874392252674e+00	2.412204795098607235e+02
2.296490779970905560e+00	2.396989996586970051e+02
2.302771769934229162e+00	2.393916238367854703e+02
2.309051364164305564e+00	2.385044985358732674e+02
2.315338502539088239e+00	2.378919959387556560e+02
2.321627336503874428e+00	2.365756561189469664e+02
2.327911878297218795e+00	2.359405215143030148e+02
2.334186238580297168e+00	2.351769573924948702e+02
2.340467971862688401e+00	2.345856180989108282e+02
2.346756940970738725e+00	2.331980237265219671e+02
2.353044444556199988e+00	2.324740283625820325e+02
2.359327653314069906e+00	2.319175459009413203e+02
2.365603048789861607e+00	2.310433139312872584e+02
2.371885911737665165e+00	2.301980303942843022e+02
2.378173303594019572e+00	2.293120201030893384e+02
2.384454016539381271e+00	2.282483040751236274e+02
2.390736447344785187e+00	2.272697516399098276e+02
2.397014133897952259e+00	2.265309584114987729e+02
2.403295490074321972e+00	2.260418002036526559e+02
2.409585049672506862e+00	2.251347481216268420e+02
2.415871703165322071e+00	2.246916190729270966e+02
2.422160652369088840e+00	2.238833144933349786e+02
2.428440167222748691e+00	2.227495833835598660e+02
2.434717472383889803e+00	2.221722002521445347e+02
2.441002456202044257e+00	2.214295720319858560e+02
2.447289980304530488e+00	2.205840012789059301e+02
2.453571844729242279e+00	2.200572294297790279e+02
2.459852705114058846e+00	2.189969476626891378e+02
2.466139233225018934e+00	2.186022937547114111e+02
2.472421963421291391e+00	2.180081386654579205e+02
2.478698519174224568e+00	2.168131990987742768e+02
2.484980841400355800e+00	2.163458673622147899e+02
2.491269319409339822e+00	2.159230746196150506e+02
2.497548505139029373e+00	2.150090323278550102e+02
2.503831667172610853e+00	2.140565885075589847e+02
2.510117938323931153e+00	2.137099020812673018e+02
2.516400733681277480e+00	2.136089145940896117e+02
2.522688226833368130e+00	2.124130666871531048e+02
2.528971695852665569e+00	2.115958958268347203e+02
2.535252039407670299e+00	2.111292468087412431e+02
2.541537514142774512e+00	2.105775280905507145e+02
2.547823008847572179e+00	2.093666421984329702e+02
2.554100666580690238e+00	2.092774919307473454e+02
2.560376788884177301e+00	2.083193435826656525e+02
2.566667521601497359e+00	2.075445883162660436e+02
2.572955062237090473e+00	2.073293145173626044e+02
2.579233771797999175e+00	2.064620621930719153e+02
2.585520164300948220e+00	2.057935373142561559e+02
2.591805130332431872e+00	2.051864195473390282e+02
2.598084074692260881e+00	2.046008572112902755e+02
2.604360404197643586e+00	2.037254315978258603e+02
2.610647185140439142e+00	2.037237118982647246e+02
2.616931864059273138e+00	2.025716557104548485e+02
2.623206107911065565e+00	2.023940390305386643e+02
2.629491626543270844e+00	2.017128881112309955e+02
2.635778507982642349e+00	2.010904139318710122e+02
2.642061039325260818e+00	2.003466478198520235e+02
2.648343840729305843e+00	1.997294203407277848e+02
2.654631838974855551e+00	1.997442068617321240e+02
2.660919001246303761e+00	1.987940186134429439e+02
2.667198525130066056e+00	1.986627809275879031e+02
2.673484307038032526e+00	1.980456788085926974e+02
2.679773388053849459e+00	1.976957676975600577e+02
2.686058217632288692e+00	1.967752995065885955e+02
2.692338738200057868e+00	1.965754476054192708e+02
2.698618022887226964e+00	1.954424146203562600e+02
2.704895450708277860e+00	1.953659453696068056e+02
2.711175674923682166e+00	1.947758909168519779e+02
2.717459832966957922e+00	1.942679400734588171e+02
2.723745731959044569e+00	1.941412950645765818e+02
2.730038414850594730e+00	1.933834368999212927e+02
2.736317989800789441e+00	1.930423868150026010e+02
2.742591858549239703e+00	1.926477697469611883e+02
2.748879749010778362e+00	1.920243571203677675e+02
2.755163403825859447e+00	1.913819105427236877e+02
2.761446955625852073e+00	1.912249148999279669e+02
2.767732088935374701e+00	1.907764842829463703e+02
2.774015452421743966e+00	1.903442507595245559e+02
2.780298635700591436e+00	1.902367669732424531e+02
2.786577474762241380e+00	1.896003952723094415e+02
2.792857983210164541e+00	1.892966286379020460e+02
2.799143790920211483e+00	1.884749776055021755e+02
2.805430058399325244e+00	1.881060889455018810e+02
2.811715058209780072e+00	1.878364238457843953e+02
2.817989272498773623e+00	1.873668268311119789e+02
2.824269171595737760e+00	1.872320215938643742e+02
2.830563016441804081e+00	1.869382938776379603e+02
2.836848750951622034e+00	1.864169280208200803e+02
2.843130027866129783e+00	1.859412328901967157e+02
2.849413896912404986e+00	1.857871787750305543e+02
2.855697464522425566e+00	1.851103518802457870e+02
2.861978799810683594e+00	1.848703802411285153e+02
2.868262469415629567e+00	1.845123317277794115e+02
2.874547359206753860e+00	1.844130732082245174e+02
2.880831111471525041e+00	1.841240839174932375e+02
2.887113216972382546e+00	1.839594258967295843e+02
2.893394504725182781e+00	1.833721975363775414e+02
2.899673662137033592e+00	1.832559317475234479e+02
2.905953958587380814e+00	1.830475739600382212e+02
2.912241118105161064e+00	1.826957873872784717e+02
2.918525996366671205e+00	1.825033407161948276e+02
2.924809035425688819e+00	1.821631770892734892e+02
2.931095916293684933e+00	1.818763372426942340e+02
2.937378182606774413e+00	1.818589904676695710e+02
2.943659980254369923e+00	1.812965883994131957e+02
2.949946454403890250e+00	1.810029359246823333e+02
2.956227653702202307e+00	1.809086265830041214e+02
2.962510478867462993e+00	1.808759434785433200e+02
2.968796535179442309e+00	1.802691611619232788e+02
2.975077657376874907e+00	1.801265975069440515e+02
2.981359866759223376e+00	1.801847640532765524e+02
2.987646761575656562e+00	1.797959310494042029e+02
2.993929038370399365e+00	1.798875468614471913e+02
3.000206214840962726e+00	1.798207498849046146e+02
3.006486172402415669e+00	1.795601215119488074e+02
3.012769812211594456e+00	1.793512421441573395e+02
3.019053144326170113e+00	1.791571070739650224e+02
3.025337405144251424e+00	1.792136059862987452e+02
3.031623734799107961e+00	1.789416110545791696e+02
3.037908962055872575e+00	1.790859934979461912e+02
3.044195067146031608e+00	1.787965290647581185e+02
3.050475543482170426e+00	1.780810634831308334e+02
3.056754954538277502e+00	1.785749913459355582e+02
3.063040539557494668e+00	1.786519655463223728e+02
3.069323699454357346e+00	1.782942294534466612e+02
3.075610692642898769e+00	1.788336671053517932e+02
3.081893798009918584e+00	1.783448337801884236e+02
3.088174549548037717e+00	1.783882635112397850e+02
3.094458635632868493e+00	1.783310245027182077e+02
3.100743982931558840e+00	1.781577799550425993e+02
3.107028111748448396e+00	1.785889431536269569e+02
3.113309299655494300e+00	1.784732728686082339e+02
3.119590662867241626e+00	1.783666077526521576e+02
3.125874006820172912e+00	1.783665792901830400e+02
3.132159251154602586e+00	1.786082852637915721e+02
3.138439172765940643e+00	1.786979394467575730e+02
3.144723867719826593e+00	1.786284455927497561e+02
3.151003951258561031e+00	1.787759316963920924e+02
3.157283664131563139e+00	1.789125049052201177e+02
3.163569317183839935e+00	1.789815596163036844e+02
3.169851661717792091e+00	1.791126047641779166e+02
3.176137704316093657e+00	1.793103036902510610e+02
3.182420924828643916e+00	1.794149057177881161e+02
3.188702811875577581e+00	1.792753461749005339e+02
3.194990520008989865e+00	1.795276116452208441e+02
3.201275324656983834e+00	1.798723475471870756e+02
3.207551352179861759e+00	1.797396623515595593e+02
3.213835216737041645e+00	1.803784683312089783e+02
3.220122579819103770e+00	1.800749456775961335e+02
3.226406606618656525e+00	1.796984294941612745e+02
3.232687390085645429e+00	1.789692367091489871e+02
3.238969121280456331e+00	1.787735750669789923e+02
3.245254751548589667e+00	1.784808213443781142e+02
3.251534499036136783e+00	1.783608525204144826e+02
3.257817780791052442e+00	1.775861303328138945e+02
3.264102164154097263e+00	1.775866816788726226e+02
3.270384152138468892e+00	1.769543233513351481e+02
3.276669427476867735e+00	1.764093265678380646e+02
3.282954688864507808e+00	1.762656982700242168e+02
3.289237200334947264e+00	1.760016078696310728e+02
3.295519587088236779e+00	1.757799296819699464e+02
3.301805977329951958e+00	1.753776659846605241e+02
3.308087486222440088e+00	1.749047089521728537e+02
3.314367630234227313e+00	1.743213837072085539e+02
3.320651909732194262e+00	1.741980696046537105e+02
3.326931260376857047e+00	1.737898998898604930e+02
3.333216512447217728e+00	1.735345699561069921e+02
3.339504489419978128e+00	1.730917091380084685e+02
3.345786804809928405e+00	1.727908658834639084e+02
3.352071130016277767e+00	1.727443635724508511e+02
3.358351496304225581e+00	1.721822769162469342e+02
3.364630591073392019e+00	1.719228328714483496e+02
3.370916305215045483e+00	1.715473897936843457e+02
3.377197952029413752e+00	1.711806378820932082e+02
3.383483063818085501e+00	1.707316382863222657e+02
3.389769992424469969e+00	1.706684340876632007e+02
3.396051330885982100e+00	1.704500649836316484e+02
3.402330879139463971e+00	1.700219288273336247e+02
3.408610488352048495e+00	1.698671468665464772e+02
3.414897837696641236e+00	1.692921389912611403e+02
3.421180484052105619e+00	1.690787640115119075e+02
3.427461639653846870e+00	1.686476811313862356e+02
3.433749159643459059e+00	1.685416171542679535e+02
3.440032646656798310e+00	1.685243735476551876e+02
3.446313366033385339e+00	1.679867765710578169e+02
3.452600135384134905e+00	1.679761250386373774e+02
3.458883152815406703e+00	1.675380482151527417e+02
3.465163834403715448e+00	1.671616688283368717e+02
3.471449329786229221e+00	1.668323934103746353e+02
3.477734476754053894e+00	1.667725974674497706e+02
3.484019652467224226e+00	1.664442779525401193e+02
3.490297019369712928e+00	1.663730504912826120e+02
3.496582486484379970e+00	1.661990686443050436e+02
3.502868048046865024e+00	1.660296587386300189e+02
3.509144649545451244e+00	1.653194592895168853e+02
3.515428082003116295e+00	1.651825647784517344e+02
3.521711031624695565e+00	1.648043966866756591e+02
3.527991850954735664e+00	1.648212912824253067e+02
3.534275545726699885e+00	1.643988854842973524e+02
3.540562632020772149e+00	1.641960643863272651e+02
3.546844410757220789e+00	1.643049407865323701e+02
3.553131386753758836e+00	1.638520845203870238e+02
3.559419203211965144e+00	1.635466928660542010e+02
3.565697971577579839e+00	1.632534939504568854e+02
3.571979559134798254e+00	1.631151001959606219e+02
3.578265774595833726e+00	1.630224574097986192e+02
3.584548309769353125e+00	1.627980981888572671e+02
3.590826843920031486e+00	1.625560468135705037e+02
3.597107306745233934e+00	1.624497381790896213e+02
3.603392831792229245e+00	1.624704160409477822e+02
3.609673209822572559e+00	1.620791196215025991e+02
3.615955412133016189e+00	1.617850779268926544e+02
3.622241607772384686e+00	1.617833590647991571e+02
3.628520252736676444e+00	1.613867485466680307e+02
3.634804827569451113e+00	1.615950991230547515e+02
3.641094981788862928e+00	1.612851471843569300e+02
3.647383514928639325e+00	1.610210449873324592e+02
3.653663283927725658e+00	1.607843312626144154e+02
3.659943504072155296e+00	1.605137678526570824e+02
3.666232000281138603e+00	1.605311615098311790e+02
3.672514211678317597e+00	1.604207274804642509e+02
3.678794154686042539e+00	1.603784435310142555e+02
3.685078621861909820e+00	1.599740743897608581e+02
3.691359210097977961e+00	1.598487924715565782e+02
3.697642368173791105e+00	1.597162794659460303e+02
3.703925796735277665e+00	1.597545930323502716e+02
3.710208240364660348e+00	1.595285223718835539e+02
3.716494593122387169e+00	1.593047874876326091e+02
3.722775386659595398e+00	1.591019558452829017e+02
3.729058392883481510e+00	1.589789421245243091e+02
3.735339748210807720e+00	1.591025437800603015e+02
3.741620776392969638e+00	1.586841739688030088e+02
3.747904795418762980e+00	1.589585258949586830e+02
3.754190633281219380e+00	1.587231177107413487e+02
3.760478208018912749e+00	1.583613642884894830e+02
3.766755538573464346e+00	1.584088825092017316e+02
3.773032090135151506e+00	1.583346784727417287e+02
3.779322553012896879e+00	1.583175329271835494e+02
3.785609109731308930e+00	1.581575180548793469e+02
3.791889825936295200e+00	1.581361367009026253e+02
3.798174822702435893e+00	1.579976764671365572e+02
3.804458658753491651e+00	1.581715237173511071e+02
3.810738438095723435e+00	1.578466849192975587e+02
3.817018850285747167e+00	1.578999428834177365e+02
3.823305314209427763e+00	1.577706006370857494e+02
3.829591295197792178e+00	1.576536877647798178e+02
3.835872296070849341e+00	1.577177786131802577e+02
3.842156279590906109e+00	1.574723196526474283e+02
3.848441511099312429e+00	1.577965366087424002e+02
3.854723334376886079e+00	1.576520596869450799e+02
3.861004740704794713e+00	1.575896222896841721e+02
3.867284336650660848e+00	1.575928468538307072e+02
3.873567367678779849e+00	1.572536330215825728e+02
3.879850662830422792e+00	1.571950468261845515e+02
3.886137063198143338e+00	1.574233469910433030e+02
3.892419463049126005e+00	1.572835057483525247e+02
3.898703740328622658e+00	1.575031937848074222e+02
3.904991458788179326e+00	1.574573853992199020e+02
3.911270842222104083e+00	1.571455245352288159e+02
3.917549806479573071e+00	1.573508626110814816e+02
3.923836006203090587e+00	1.574248252401700370e+02
3.930121452497870926e+00	1.574717211301488362e+02
3.936398172858230460e+00	1.575192089790270131e+02
3.942683040425962293e+00	1.573910828819209655e+02
3.948974759704379611e+00	1.577141761163107105e+02
3.955259227995065352e+00	1.576931526432468615e+02
3.961537174921395454e+00	1.576564467622009147e+02
3.967820217617139544e+00	1.580599606705332860e+02
3.974105559832568968e+00	1.578965579706858477e+02
3.980384727931198352e+00	1.577792988493439168e+02
3.986664590839849698e+00	1.579948686292363504e+02
3.992949619150675034e+00	1.580042188267347854e+02
3.999235075769965952e+00	1.579798208819067611e+02
4.005515715515433506e+00	1.582242838787637425e+02
4.011798434346478537e+00	1.581704101758789420e+02
4.018083716245132386e+00	1.581455209844371268e+02
4.024365700052603856e+00	1.584501820018236344e+02
4.030643960839860540e+00	1.585861765952145390e+02
4.036928708926215137e+00	1.585812999022509473e+02
4.043218157412017177e+00	1.588070340866766514e+02
4.049503019487663558e+00	1.590022679534220913e+02
4.055781898960511000e+00	1.592824082062485616e+02
4.062060795621602161e+00	1.592458583251039670e+02
4.068347865354716042e+00	1.595646208020995971e+02
4.074631027173265529e+00	1.595357073081273711e+02
4.080910837526078971e+00	1.593836066180980140e+02
4.087201203341442657e+00	1.598839319666769541e+02
4.093486818591942189e+00	1.599716959044581301e+02
4.099764387336505500e+00	1.603044660349118260e+02
4.106049166937662420e+00	1.603001378051242227e+02
4.112334559041358695e+00	1.603420564120520169e+02
4.118618926059533614e+00	1.605889773139234933e+02
4.124898942031112625e+00	1.611072145862425202e+02
4.131175432561665417e+00	1.611760138734263990e+02
4.137461563786142271e+00	1.612492117112386723e+02
4.143746006210170307e+00	1.619476711245841045e+02
4.150029800482964326e+00	1.615470668427927023e+02
4.156313390684649001e+00	1.616989009257567886e+02
4.162596105843763716e+00	1.619444887351930618e+02
4.168881843141768684e+00	1.625117835420748804e+02
4.175162111073220217e+00	1.627318534617298837e+02
4.181448573417560155e+00	1.630304991892461999e+02
4.187738782464171194e+00	1.630499803903980194e+02
4.194017437180169061e+00	1.630775585171566888e+02
4.200293572701767175e+00	1.638305609435880399e+02
4.206580195481546269e+00	1.638960958177980274e+02
4.212860644652220543e+00	1.639505361042998004e+02
4.219138153430114002e+00	1.643046662687453363e+02
4.225426162098283811e+00	1.648105737301400211e+02
4.231713506719782636e+00	1.649355672683713578e+02
4.237990056577191744e+00	1.653846512280154855e+02
4.244267783646744618e+00	1.655777523121443835e+02
4.250560660182562955e+00	1.659147226009907854e+02
4.256847734842668096e+00	1.658288493668997887e+02
4.263127100734456221e+00	1.667681509080181570e+02
4.269406860432507500e+00	1.666890147686337116e+02
4.275691671482192646e+00	1.673184578532236912e+02
4.281972414189518794e+00	1.678653012703211402e+02
4.288253516806755705e+00	1.676555417933273873e+02
4.294540520160492925e+00	1.682751097159692790e+02
4.300825742921731809e+00	1.686816799953347470e+02
4.307109835491901961e+00	1.689307518023211401e+02
4.313390926478413157e+00	1.693776393901130177e+02
4.319667979480563247e+00	1.691954051343917342e+02
4.325952598143786076e+00	1.702036137360943542e+02
4.332241647035422361e+00	1.703247658274245282e+02
4.338524445619096781e+00	1.708653578828133561e+02
4.344809348131129845e+00	1.712594580156367954e+02
4.351090699193166600e+00	1.715678795459452033e+02
4.357369710808320029e+00	1.719190203824022376e+02
4.363659348967174445e+00	1.720105608918995870e+02
4.369947418280990981e+00	1.722439688127728914e+02
4.376226569265827315e+00	1.725104625358548560e+02
4.382499356631129217e+00	1.731169031312106767e+02
4.388784975178015024e+00	1.733421413607130432e+02
4.395068696309480494e+00	1.737670004058915083e+02
4.401347962382031298e+00	1.741798398137860886e+02
4.407628405096517099e+00	1.744852241044492303e+02
4.413915862185140426e+00	1.747308298225545400e+02
4.420203163534264235e+00	1.755007644244558946e+02
4.426480311003382795e+00	1.750226968820460343e+02
4.432765973643649104e+00	1.760215301169113786e+02
4.439053392023870614e+00	1.755084924683437180e+02
4.445336141335588742e+00	1.764445147154715698e+02
4.451617241414883352e+00	1.767056377387121699e+02
4.457901500730311106e+00	1.763190570760445439e+02
4.464189501093017043e+00	1.770992322379451309e+02
4.470470197548729985e+00	1.768066800244212686e+02
4.476748044268524573e+00	1.775077872341730085e+02
4.483035990164653484e+00	1.774211078286660381e+02
4.489323331650528104e+00	1.774700205207915360e+02
4.495599111667934800e+00	1.773024216266947803e+02
4.501870922878794090e+00	1.770120508215966879e+02
4.508155162877705457e+00	1.774379923095338256e+02
4.514446451153479423e+00	1.770805628780732661e+02
4.520723894043856994e+00	1.778858200256964039e+02
4.527003782460155890e+00	1.768665381980218569e+02
4.533293086610313161e+00	1.763415778405278331e+02
4.539578989864040182e+00	1.765401436939283144e+02
4.545857164866476730e+00	1.758951548611125872e+02
4.552138955546025656e+00	1.755633142942534448e+02
4.558432046889146605e+00	1.754859554785208786e+02
4.564713463378488711e+00	1.747705027087079657e+02
4.570987274133244682e+00	1.746834980558114694e+02
4.577274818151045643e+00	1.746841322970200281e+02
4.583563263889338657e+00	1.744370497576447008e+02
4.589844917004465508e+00	1.743113907367719264e+02
4.596126259982004747e+00	1.745880930233480228e+02
4.602409075598298926e+00	1.745294450014813776e+02
4.608696634867644804e+00	1.748256289443493472e+02
4.614977646498861219e+00	1.740604230741366223e+02
4.621258953029527383e+00	1.749088844349843441e+02
4.627547993978874175e+00	1.740642217309979003e+02
4.633830152730579854e+00	1.745396292435740691e+02
4.640104005367354567e+00	1.752518360509064337e+02
4.646382060386754276e+00	1.750069586352626061e+02
4.652674213731970987e+00	1.754508880239952191e+02
4.658958291796220230e+00	1.755670776607362882e+02
4.665233615070169648e+00	1.750384590931731736e+02
4.671520675710307380e+00	1.748070213148901360e+02
4.677814351732177300e+00	1.762019031476220903e+02
4.684093699744638073e+00	1.764032816307975224e+02
4.690368661472568590e+00	1.767826727847032657e+02
4.696663270746453733e+00	1.763557522211352477e+02
4.702945459248681459e+00	1.762778207899929441e+02
4.709209170841929470e+00	1.766930878055412677e+02
4.715491634753063543e+00	1.764137575007655983e+02
4.721784316284933780e+00	1.777080932310311994e+02
4.728063062331094635e+00	1.771592609850134181e+02
4.734337423381671073e+00	1.779740574283176500e+02
4.740627024094544062e+00	1.782967126862443763e+02
4.746914995664547554e+00	1.790725131742144072e+02
4.753194740071086777e+00	1.786143157148393072e+02
4.759478891864783456e+00	1.794854570038830275e+02
4.765762396877359031e+00	1.799788061880028351e+02
4.772049481246195768e+00	1.799229598619738226e+02
4.778335091022592351e+00	1.805155362600488047e+02
4.784610831402393849e+00	1.808102198735491584e+02
4.790907306208476157e+00	1.819051078022627621e+02
4.797204047706418173e+00	1.810298490203739732e+02
4.803470827697504220e+00	1.823089585757622899e+02
4.809748850577324042e+00	1.821072016822134003e+02
4.816045316586602176e+00	1.819870693918098823e+02
4.822329240673497885e+00	1.831194015004800235e+02
4.828596758226470165e+00	1.829772652668468140e+02
4.834890332961369275e+00	1.841424339772282508e+02
4.841191655056394261e+00	1.840081418056029747e+02
4.847460407468000554e+00	1.849063043530271102e+02
4.853732128521334843e+00	1.858144699839266423e+02
4.860029138783373170e+00	1.857215145598976278e+02
4.866314601732018019e+00	1.866707388669457828e+02
4.872587026269203925e+00	1.871172609515972454e+02
4.878874221748241702e+00	1.866875766561340129e+02
4.885171078138658807e+00	1.872040307115726137e+02
4.891450629931857641e+00	1.885744635716648929e+02
4.897716482750221978e+00	1.893914314067867508e+02
4.904002834596266069e+00	1.899774280391112597e+02
4.910295858205786068e+00	1.897218306338948821e+02
4.916575188115905881e+00	1.912077138365084465e+02
4.922847946197084212e+00	1.919006019846119955e+02
4.929131667457151700e+00	1.925078180660743499e+02
4.935434460144239033e+00	1.935681162928189849e+02
4.941718513303545279e+00	1.945784700347398086e+02
4.947978624761803168e+00	1.936694668066427027e+02
4.954274999209829389e+00	1.956803715191867070e+02
4.960571094729937514e+00	1.956361549231531569e+02
4.966823207626954506e+00	1.964477869767902973e+02
4.973097418390337587e+00	1.980309837983259627e+02
4.979415129936382023e+00	1.984464906346522923e+02
4.985702082330368157e+00	1.974299980079653380e+02
4.991949985828016523e+00	2.002425582406127091e+02
4.998241586316924057e+00	2.005929178811994689e+02
5.004556635606089543e+00	2.014401217337401420e+02
5.010828655701208945e+00	2.014352400972406940e+02
5.017077229702536556e+00	2.026219411005239408e+02
5.023374414758113637e+00	2.034608574470186966e+02
5.029688873569548413e+00	2.066253981021080790e+02
5.035958413584124216e+00	2.060531736727917576e+02
5.042232667658486989e+00	2.063675880192014063e+02
5.048528755870775875e+00	2.082819145165238695e+02
5.054821121427484520e+00	2.101763991253748998e+02
5.061069509814582368e+00	2.104333627832114644e+02
5.067347812754101177e+00	2.121631650612711724e+02
5.073675050630431116e+00	2.123421086457197191e+02
5.079945928388977627e+00	2.144611959786832358e+02
5.086192992546071601e+00	2.143473769175942607e+02
5.092484128970163226e+00	2.153671190705245806e+02
5.098802924706086870e+00	2.189905625079040021e+02
5.105078217426394005e+00	2.182895764436938464e+02
5.111325076574067872e+00	2.200036450344750847e+02
5.117628358851224135e+00	2.211782929814473277e+02
5.123935939383525984e+00	2.222677526108229813e+02
5.130199176325612065e+00	2.244919806468882371e+02
5.136469985878846956e+00	2.251249646630984955e+02
5.142797788696348071e+00	2.283180346290608043e+02
5.149090378043822192e+00	2.297864231135705779e+02
5.155289879840074363e+00	2.289766511363183099e+02
5.161564521234301317e+00	2.306044003799339350e+02
5.167916673496016244e+00	2.327923518858652301e+02
5.174205974602950064e+00	2.337263699690565488e+02
5.180434820793812456e+00	2.351864340004306371e+02
5.186729096569634656e+00	2.372833144731746131e+02
5.193058481037780894e+00	2.389475387082497377e+02
5.199319511444338460e+00	2.405916894768425891e+02
5.205574295584361799e+00	2.385310935933870837e+02
5.211894977074066126e+00	2.422437289115544559e+02
5.218201708336958511e+00	2.446658367372336613e+02
5.224411911780083351e+00	2.491254717109082719e+02
5.230677632666463239e+00	2.485485504116212780e+02
5.237056729559757429e+00	2.513114216308886171e+02
5.243336785035660697e+00	2.512449558956047326e+02
5.249493476178225038e+00	2.550439827701455329e+02
5.255787017738318134e+00	2.549809780377871107e+02
5.262205327426889845e+00	2.614575836138362206e+02
5.268477758348532269e+00	2.619284567562336861e+02
5.274632213654732560e+00	2.641059888543997545e+02
5.280950543314659740e+00	2.628600011737925115e+02
5.287327645024750389e+00	2.704293257201193796e+02
5.293582359180156516e+00	2.694239344166660999e+02
5.299789992649893478e+00	2.701057174113826704e+02
5.306111460381987222e+00	2.741834650841150278e+02
5.312452717892129250e+00	2.779892375861412006e+02
5.318650122853046724e+00	2.792733758227285534e+02
5.324923043129819789e+00	2.781229932829191966e+02
5.331330237158205421e+00	2.843406201195630274e+02
5.337586726886338617e+00	2.852567100580695865e+02
5.343685192440848830e+00	2.885967140549037708e+02
5.350070659715249199e+00	2.924347252941717556e+02
5.356556762554878226e+00	2.932512735879975025e+02
5.362691868684501095e+00	3.005596692788276982e+02
5.368769208912516966e+00	3.099339579133809934e+02
5.375270137997677722e+00	3.026599837944252158e+02
5.381769983045385786e+00	3.053092234829449012e+02
5.387701030372958222e+00	3.127573726670700580e+02
5.393786668001271600e+00	3.158886634327368483e+02
5.400446161099396569e+00	3.209548096916544750e+02
5.406957063684501463e+00	3.213594377181382242e+02
5.412655672453426270e+00	3.315723171111296779e+02
5.418821279260546575e+00	3.224403810948845148e+02
5.425690594366304076e+00	3.297438743292657364e+02
5.432217487502165376e+00	3.299221117763867710e+02
5.437649811577258241e+00	3.397805296377694617e+02
5.443914404015878006e+00	3.373590390143179434e+02
5.450953501686320202e+00	3.433793896552327851e+02
5.457483690405861232e+00	3.467201391269462647e+02
5.462715250135157241e+00	3.573236758869244341e+02
5.469033575551323523e+00	3.556823023057094133e+02
5.476177730420278778e+00	3.684919815132303142e+02
5.482708935702562236e+00	3.581909582361375897e+02
5.487722405008360838e+00	3.710918537504006167e+02
5.494194284996126498e+00	3.694331317562352410e+02
5.501391471009256406e+00	3.866114949062548476e+02
5.507128202673079009e+00	3.709201199772296604e+02
5.512278020050448646e+00	3.801685349725039487e+02
5.519395563377015534e+00	3.812857312787245405e+02
5.526598678609708770e+00	3.999389032443859833e+02
5.532162682462509196e+00	3.710786036137849351e+02
5.537397124017139127e+00	4.275767995441099742e+02
5.544582756485218589e+00	3.885965702869621055e+02
5.551739327507637434e+00	4.057948728707389705e+02
5.557493306674907707e+00	3.700921039560765280e+02
5.562281709102816940e+00	4.654800275924058042e+02
5.569272720323164449e+00	2.140789651441478156e+02
