8.899641224696953554e-03	5.384485610206094134e+04
1.507912216506557788e-02	5.337566372250008135e+04
2.144790186456836667e-02	4.628831166780633794e+04
2.783660776489276650e-02	4.217819153600129357e+04
3.435099785803411021e-02	2.801058527807996143e+04
4.047886761425745911e-02	2.252841291044707759e+04
4.676716683575679601e-02	2.076565058266508277e+04
5.308225101765951665e-02	1.941865479331621464e+04
5.945362440940590160e-02	1.759503274340765711e+04
6.576224814588792211e-02	1.706347595954283679e+04
7.196632906698736953e-02	1.329129334239192758e+04
7.827860915688347743e-02	1.223724232874615882e+04
8.470398945834539672e-02	9.822401672522408262e+03
9.096854620527369817e-02	9.141862615941599870e+03
9.720789776830213169e-02	8.176651742594052848e+03
1.034763038959366499e-01	7.514618645355178160e+03
1.097576444254559219e-01	7.350410355576128495e+03
1.160543084780093354e-01	6.828957069119956031e+03
1.223669666537485351e-01	6.251384839031940828e+03
1.286817263090294094e-01	5.729013937134867774e+03
1.349500801664080818e-01	5.568167718612580757e+03
1.411949558842147678e-01	5.081411614205827391e+03
1.475133575747468451e-01	4.733457556529630892e+03
1.537865074252268427e-01	4.550391735683439947e+03
1.600657544051110326e-01	4.247508585245329414e+03
1.663991168687080635e-01	4.087699578358674898e+03
1.727195645776442856e-01	3.924331229356365839e+03
1.789765213377084718e-01	3.670939963742342115e+03
1.852353690647852158e-01	3.571838894721803172e+03
1.914806787341157279e-01	3.386695148036166756e+03
1.977889868651535599e-01	3.160346141801178874e+03
2.040937735447724277e-01	3.093201122444377233e+03
2.103939302609846018e-01	2.991751212239260440e+03
2.166909709822301688e-01	2.843028221536885667e+03
2.229700281216152047e-01	2.765648010284394331e+03
2.292620027086341994e-01	2.685201341802605839e+03
2.355141508366812297e-01	2.568118500285624577e+03
2.417910583817859116e-01	2.505899825379562571e+03
2.480856539439619257e-01	2.415062326356472113e+03
2.543492256872954549e-01	2.389228035806503158e+03
2.606334251884805386e-01	2.287302381792389042e+03
2.669257370896960802e-01	2.218243576817368648e+03
2.732423343141155980e-01	2.189702887651270430e+03
2.795529680084415936e-01	2.129851498501800052e+03
2.858366292314493129e-01	2.067496435146852491e+03
2.920876271394311496e-01	1.982086230712258384e+03
2.983449844439822751e-01	1.939411237127699451e+03
3.046382639407197446e-01	1.901965068212945653e+03
3.109279127003197196e-01	1.867817353352644659e+03
3.172168171618398036e-01	1.821357939833875207e+03
3.235187567944423082e-01	1.757835948512896039e+03
3.298168217550395687e-01	1.757726743398631015e+03
3.361176429457156667e-01	1.683726243379441030e+03
3.423700375709273769e-01	1.662395652530707821e+03
3.486478192666269682e-01	1.625477510479512603e+03
3.549411614411318028e-01	1.606049466411252070e+03
3.611916935421040642e-01	1.589392795505312506e+03
3.674767089563572564e-01	1.541665424087560041e+03
3.737647795277591056e-01	1.511279557133343133e+03
3.800654031475132477e-01	1.496720299017146090e+03
3.863539861259823738e-01	1.473930070153234738e+03
3.926140181364449755e-01	1.453720475867627783e+03
3.989264500321934581e-01	1.425126154227626557e+03
4.052073244576828714e-01	1.396446612818423546e+03
4.114916477570477182e-01	1.370360167197500914e+03
4.177814272116491257e-01	1.339160118963343621e+03
4.240400648725131116e-01	1.321234821235433628e+03
4.303425690270192283e-01	1.321965393491376744e+03
4.366358560255625965e-01	1.301839141093274975e+03
4.428996183220763605e-01	1.275294663731074479e+03
4.491634418529859563e-01	1.257025366911188485e+03
4.554414146254732731e-01	1.233609966966866750e+03
4.617634470301058558e-01	1.217691819008831089e+03
4.680644242023710433e-01	1.203785008247155247e+03
4.743485242764365895e-01	1.192535868544746336e+03
4.806356136815400082e-01	1.177340125802018974e+03
4.869019258388697646e-01	1.165005691292184110e+03
4.931697099599955947e-01	1.148710276937803201e+03
4.994506747144535908e-01	1.132155898662523214e+03
5.057159051335421429e-01	1.133902120443261083e+03
5.119923996268095356e-01	1.105231036732449184e+03
5.183126097768406826e-01	1.089754890733495586e+03
5.246089638029100000e-01	1.085736153898032853e+03
5.308757308483337267e-01	1.074093472149497529e+03
5.371573527946726934e-01	1.054143237625870142e+03
5.434579563783791256e-01	1.041580768362088747e+03
5.497430652392217842e-01	1.029127671625595667e+03
5.559937427501778773e-01	1.020479619299828983e+03
5.622854676609657654e-01	1.018808456642794567e+03
5.686011537227265711e-01	9.934133799324636129e+02
5.748804589422079614e-01	9.930409698482212661e+02
5.811550210340560296e-01	9.784243984352862071e+02
5.874394496660968468e-01	9.667002187638091755e+02
5.937176220296899176e-01	9.592910279800743183e+02
5.999971954793682505e-01	9.516085800737305362e+02
6.062679115124277596e-01	9.418162051185254313e+02
6.125469576444534381e-01	9.347388242321727603e+02
6.188477733041515272e-01	9.253818891443471557e+02
6.251310567437898813e-01	9.187069130175189002e+02
6.314027450383210560e-01	9.106947226421499408e+02
6.377003562732055375e-01	8.952053252951837976e+02
6.439857783314556494e-01	8.909614905263016453e+02
6.502685417166111925e-01	8.781358737563895147e+02
6.565586117699038216e-01	8.740494430902132308e+02
6.628369282359254377e-01	8.609487359632522612e+02
6.691185444962194362e-01	8.587998520150420063e+02
6.754070198575605755e-01	8.474278180633656348e+02
6.816835514593204692e-01	8.427666587753210479e+02
6.879592533861698112e-01	8.386408820037505620e+02
6.942344317039531587e-01	8.283289652086936030e+02
7.005175402434737908e-01	8.250248772012821519e+02
7.068124956608716758e-01	8.178599776955347807e+02
7.131019009674921527e-01	8.100856779237209366e+02
7.193918251171427247e-01	8.009881503290255296e+02
7.256833807598113140e-01	7.923751688699887836e+02
7.319652682709349989e-01	7.875004138725744269e+02
7.382507990484923344e-01	7.819765056466629858e+02
7.445265842115937893e-01	7.777208376242039094e+02
7.507871101942712455e-01	7.689029322099610226e+02
7.570758465316046459e-01	7.637710615847388453e+02
7.633641233600957365e-01	7.606414465332741202e+02
7.696462959862266917e-01	7.474732759612123800e+02
7.759394865175414102e-01	7.370580180979261513e+02
7.822329141989586843e-01	7.354208745729054044e+02
7.885314936520240181e-01	7.293913296306648135e+02
7.947896566979522071e-01	7.311702804225272985e+02
8.010491096592354809e-01	7.247893806035868920e+02
8.073364061727361651e-01	7.141494419463499526e+02
8.136229488373866170e-01	7.099304913434576747e+02
8.199152998961036776e-01	7.063337728178064481e+02
8.261952636392789762e-01	7.001575566630510821e+02
8.324897070080405914e-01	6.952263924685512393e+02
8.387959309210778480e-01	6.879905709260333424e+02
8.450634639703045181e-01	6.825852834634108603e+02
8.513282867562648182e-01	6.766909395584475533e+02
8.576198263902009566e-01	6.777116044146617924e+02
8.639058477062415697e-01	6.712352012773610568e+02
8.701838745487597837e-01	6.667897322881960918e+02
8.764641096075268534e-01	6.587582477569624189e+02
8.827503873399735745e-01	6.571670539405498630e+02
8.890332768393869323e-01	6.493292641832787240e+02
8.953084247113127780e-01	6.454009101840081257e+02
9.015956521667095602e-01	6.400587240910149376e+02
9.078833328094829680e-01	6.351098392480291750e+02
9.141744106319863450e-01	6.302650986228632064e+02
9.204630817717615043e-01	6.282828787335657807e+02
9.267434415264711456e-01	6.239272687141145752e+02
9.330324197354928906e-01	6.166958256246859946e+02
9.393265785573878812e-01	6.124854173996656073e+02
9.455974810398196650e-01	6.097975252755734346e+02
9.518660018545171964e-01	6.051939933606646491e+02
9.581413255531838757e-01	6.031204486513397569e+02
9.644350945109106954e-01	5.948704931493194863e+02
9.707355633568249820e-01	5.920133687442565815e+02
9.770080768450029041e-01	5.876160177962964326e+02
9.832823325363413414e-01	5.857590670589721640e+02
9.895569691966674686e-01	5.801563614590286306e+02
9.958456301921106979e-01	5.775413526271888713e+02
1.002136210743837408e+00	5.708517217352300577e+02
1.008404825335135424e+00	5.672568540353261142e+02
1.014694149836243398e+00	5.659716434478763176e+02
1.020992555437297167e+00	5.594451723140522290e+02
1.027273980437394485e+00	5.579363009044499222e+02
1.033559181896017254e+00	5.546615310067148812e+02
1.039847557392594934e+00	5.496453758032065480e+02
1.046126974943305088e+00	5.450077112568744724e+02
1.052403436811028659e+00	5.428007285276522680e+02
1.058680704651608684e+00	5.393032844983061977e+02
1.064964333065789193e+00	5.362704950260371106e+02
1.071256777440835473e+00	5.346693096587080163e+02
1.077544048801078125e+00	5.278737310169321972e+02
1.083824820188043603e+00	5.264261882805161576e+02
1.090108023942816695e+00	5.233802815165111042e+02
1.096389665956643222e+00	5.172581029132413732e+02
1.102681132058841440e+00	5.154616856145638621e+02
1.108963047594879958e+00	5.101366308857722061e+02
1.115225428463759272e+00	5.082467218167100214e+02
1.121502127614767863e+00	5.080724058410430644e+02
1.127792573824792033e+00	5.000982660258296733e+02
1.134089552668382961e+00	4.982955158257496464e+02
1.140364049650405942e+00	4.959962210960061384e+02
1.146639180320979445e+00	4.920921513840787611e+02
1.152942412991649901e+00	4.901438524351827937e+02
1.159228906751078814e+00	4.859334413559770951e+02
1.165508721887268173e+00	4.821769041972622176e+02
1.171793076256210320e+00	4.799864293233944750e+02
1.178087436369658958e+00	4.757819530852752905e+02
1.184367654251526902e+00	4.749093699842363208e+02
1.190634642299266632e+00	4.704334807919265700e+02
1.196912208834400859e+00	4.687235016883840331e+02
1.203201577354146234e+00	4.659269829550179338e+02
1.209486844441705733e+00	4.629478204547984319e+02
1.215763902074809888e+00	4.585710467681848286e+02
1.222049755171146668e+00	4.564135906347993910e+02
1.228340616621486969e+00	4.527330885550587709e+02
1.234632986576932767e+00	4.515184756165445492e+02
1.240902247176856488e+00	4.475520838636552980e+02
1.247174839144687519e+00	4.433552629769764053e+02
1.253465459933442272e+00	4.434633585286273387e+02
1.259749951892178421e+00	4.408919414596668958e+02
1.266032143127253873e+00	4.360054220465535764e+02
1.272316288472006507e+00	4.327119701029980661e+02
1.278604155058621350e+00	4.335180692285500186e+02
1.284886588933593865e+00	4.291580793561354312e+02
1.291175420066583257e+00	4.249551380308662942e+02
1.297465726373772332e+00	4.245798345490268844e+02
1.303741827011944299e+00	4.209962112997860686e+02
1.310017322922761851e+00	4.187587658819169860e+02
1.316301447662886703e+00	4.157768639753870730e+02
1.322586760363303249e+00	4.141636291011125195e+02
1.328865492452874664e+00	4.124472063403790116e+02
1.335144804954555564e+00	4.088945872073807664e+02
1.341440516272275119e+00	4.075558249420899983e+02
1.347730868417094552e+00	4.035878059723189040e+02
1.354001589994877630e+00	4.019498347059658272e+02
1.360282609297778444e+00	4.001131854343517489e+02
1.366565686457597906e+00	3.975323243038750434e+02
1.372851498482432708e+00	3.942817838055232755e+02
1.379135372929401804e+00	3.926177688051875521e+02
1.385409567149057164e+00	3.910757789481990585e+02
1.391698641219299315e+00	3.888386305451050475e+02
1.397984451439470810e+00	3.864331453833877958e+02
1.404267883409181961e+00	3.831574797825780934e+02
1.410554779484869181e+00	3.812854746586526744e+02
1.416837833547465397e+00	3.786628355395576477e+02
1.423118177187137068e+00	3.767434678406191324e+02
1.429397801164240089e+00	3.746073471554234402e+02
1.435686921822787232e+00	3.741032526668114997e+02
1.441977121769299597e+00	3.704898199933616070e+02
1.448253667853332427e+00	3.680282448673561362e+02
1.454532348972172651e+00	3.674973779133715652e+02
1.460819319151879903e+00	3.653718879815907030e+02
1.467110364402026468e+00	3.627526949840895441e+02
1.473392908948962132e+00	3.604692673766480198e+02
1.479669965243598950e+00	3.595422066086699715e+02
1.485956144602843532e+00	3.571187018067421945e+02
1.492233610763115115e+00	3.553255680231075644e+02
1.498502470379980078e+00	3.519281251535840624e+02
1.504785752051182701e+00	3.503045277142093141e+02
1.511075991894575976e+00	3.490696262702473973e+02
1.517361634985162189e+00	3.469486381118055647e+02
1.523648570969130533e+00	3.448511436361008009e+02
1.529938035715892264e+00	3.432107760572097845e+02
1.536230176913891965e+00	3.413683325040229306e+02
1.542510718779388279e+00	3.394967371848355810e+02
1.548783963082980275e+00	3.379111756462124276e+02
1.555073069779651318e+00	3.350625674051593705e+02
1.561357324927233892e+00	3.341067417230294154e+02
1.567629121053141006e+00	3.319710370501412626e+02
1.573913697404382583e+00	3.291304083359045194e+02
1.580203545230874029e+00	3.279946203313896262e+02
1.586485393434537983e+00	3.263634244623695508e+02
1.592760014263005841e+00	3.266641620314842385e+02
1.599046436394670812e+00	3.242616402990193478e+02
1.605342136637478934e+00	3.216085379913355382e+02
1.611619860919608627e+00	3.193542332712588632e+02
1.617897597081673799e+00	3.175538436276488028e+02
1.624183235481122756e+00	3.161580869972212327e+02
1.630464598531913722e+00	3.141363464060848401e+02
1.636748985747638274e+00	3.134735405688318792e+02
1.643030923698886259e+00	3.120629034004875848e+02
1.649309176648513064e+00	3.102662610913408230e+02
1.655593633940351861e+00	3.089106407219319976e+02
1.661879571405086464e+00	3.059171454918350150e+02
1.668169361685170271e+00	3.051285617641876797e+02
1.674450151530487485e+00	3.036597348278965569e+02
1.680722718978495900e+00	3.011761186188564352e+02
1.687013891340952476e+00	2.992015500664721799e+02
1.693308984907921033e+00	2.985951818893101404e+02
1.699582147428448486e+00	2.970670931309155662e+02
1.705863747055134105e+00	2.953496588563797332e+02
1.712154434283889470e+00	2.949128650138657122e+02
1.718438381579399321e+00	2.915000074128373626e+02
1.724721264464063930e+00	2.905080947826387501e+02
1.730997441276920679e+00	2.882372979887518909e+02
1.737287073528269499e+00	2.874813712529205532e+02
1.743567991878527401e+00	2.864639584957714646e+02
1.749840680212231048e+00	2.849238874826656343e+02
1.756128549091961144e+00	2.828893504680027036e+02
1.762413535324792502e+00	2.822874667099511043e+02
1.768696187669963837e+00	2.810304449302273611e+02
1.774979359379055266e+00	2.788066869043552174e+02
1.781265555576432957e+00	2.776266585238873290e+02
1.787549427830244619e+00	2.768705324291288434e+02
1.793834120011633004e+00	2.742487243443993634e+02
1.800115051552487300e+00	2.733615944652685243e+02
1.806393904854530330e+00	2.717651116822989934e+02
1.812674089667083432e+00	2.706100009646528406e+02
1.818956920109354058e+00	2.690624592364773093e+02
1.825244164118212220e+00	2.679931671480648561e+02
1.831527256642196955e+00	2.665310970391617502e+02
1.837811294935716599e+00	2.652696323671557934e+02
1.844100717411196744e+00	2.635019435415916860e+02
1.850384816792487230e+00	2.628088016910555780e+02
1.856666059735203822e+00	2.610293026521137563e+02
1.862947728675613979e+00	2.595526876252505417e+02
1.869229324466858078e+00	2.584569407325719226e+02
1.875517616802973686e+00	2.581628900196943164e+02
1.881800769033795229e+00	2.566401005555732127e+02
1.888078863416442710e+00	2.549068492674660718e+02
1.894353975182237582e+00	2.540964595960130907e+02
1.900642716154182565e+00	2.525446519004350989e+02
1.906933494748685121e+00	2.505587778905772041e+02
1.913207568676573933e+00	2.498201856620616752e+02
1.919490884732178992e+00	2.478102771236382296e+02
1.925776855684274480e+00	2.473567575996875689e+02
1.932064452961978152e+00	2.464914405664752621e+02
1.938342610030488800e+00	2.444988416292539171e+02
1.944618341543410178e+00	2.436044623601602268e+02
1.950906260203513876e+00	2.431624761736665334e+02
1.957194556613796488e+00	2.415621106072826194e+02
1.963479614559011432e+00	2.406127992406870817e+02
1.969760361532916226e+00	2.391064401952217509e+02
1.976048367034604736e+00	2.379670012587733652e+02
1.982337990217652335e+00	2.369558053245384031e+02
1.988617489259562721e+00	2.364199786403333690e+02
1.994896320665194178e+00	2.343910231265592472e+02
2.001179596222827151e+00	2.333602037223584489e+02
2.007459756923499761e+00	2.322519720812393587e+02
2.013737397779169935e+00	2.316303380444175843e+02
2.020017234677497164e+00	2.304822203108243457e+02
2.026310251015072783e+00	2.294260798314166436e+02
2.032600542948020284e+00	2.277171458081440392e+02
2.038873863192099289e+00	2.272487636723275273e+02
2.045154087821675404e+00	2.260001230030169665e+02
2.051444704514288730e+00	2.247868654689585242e+02
2.057730430280644729e+00	2.240656613104649182e+02
2.064013940455224461e+00	2.229466888731047618e+02
2.070299891179459895e+00	2.225378910080981996e+02
2.076589719964883951e+00	2.210987529825993363e+02
2.082865483794470673e+00	2.197679336097574492e+02
2.089134494859368640e+00	2.187773803579789558e+02
2.095424211360070288e+00	2.179213446614750751e+02
2.101707116664804254e+00	2.173466321957442347e+02
2.107986473933564309e+00	2.159321716281863814e+02
2.114271806543862375e+00	2.152794192483486881e+02
2.120552717288892275e+00	2.137396664003855733e+02
2.126836933207161717e+00	2.133399940889702293e+02
2.133122044791171845e+00	2.120981398145136154e+02
2.139411711910842673e+00	2.111964678746646200e+02
2.145697076775292089e+00	2.103364305831638887e+02
2.151973548606471276e+00	2.094345105927087616e+02
2.158259913555724108e+00	2.085238877095443684e+02
2.164545396699105506e+00	2.083322070761871885e+02
2.170830700377734068e+00	2.065809372020868295e+02
2.177114138849150393e+00	2.052984436156154686e+02
2.183387647576827018e+00	2.048100070142192521e+02
2.189670273687676971e+00	2.039260053448050769e+02
2.195960147934207463e+00	2.033181444136118898e+02
2.202242556317716371e+00	2.023357315228080040e+02
2.208521655981037668e+00	2.012293719023167000e+02
2.214804637081333016e+00	2.005664489800635977e+02
2.221092583349425276e+00	1.997635323759401160e+02
2.227372893591468728e+00	1.989387834715704173e+02
2.233657161144248171e+00	1.981808988922302035e+02
2.239943485394438660e+00	1.973924365197789825e+02
2.246224175264620815e+00	1.960081126332834742e+02
2.252506378421252009e+00	1.955174389740683409e+02
2.258783417054270437e+00	1.945519697853096659e+02
2.265069077371457684e+00	1.935458468238706473e+02
2.271350377044131452e+00	1.930097037779177072e+02
2.277633995145353918e+00	1.919734357625126790e+02
2.283922419579920149e+00	1.914929908133129572e+02
2.290202874392252674e+00	1.906993401034896465e+02
2.296490779970905560e+00	1.894689300250648216e+02
2.302771769934229162e+00	1.888581564396429542e+02
2.309051364164305564e+00	1.883569433736795702e+02
2.315338502539088239e+00	1.874138646196147135e+02
2.321627336503874428e+00	1.863787405388926857e+02
2.327911878297218795e+00	1.860135322261527051e+02
2.334186238580297168e+00	1.855775660452256091e+02
2.340467971862688401e+00	1.844322533952839365e+02
2.346756940970738725e+00	1.837118451718339429e+02
2.353044444556199988e+00	1.831544862559873081e+02
2.359327653314069906e+00	1.819768999025870357e+02
2.365603048789861607e+00	1.820627610282075466e+02
2.371885911737665165e+00	1.810923532662938271e+02
2.378173303594019572e+00	1.803398982983295298e+02
2.384454016539381271e+00	1.797619822717923626e+02
2.390736447344785187e+00	1.789686365079668917e+02
2.397014133897952259e+00	1.780183007925381844e+02
2.403295490074321972e+00	1.771946819287140329e+02
2.409585049672506862e+00	1.765169784091841620e+02
2.415871703165322071e+00	1.763765887885041366e+02
2.422160652369088840e+00	1.752578143941186681e+02
2.428440167222748691e+00	1.743954879845255164e+02
2.434717472383889803e+00	1.741175971069223181e+02
2.441002456202044257e+00	1.732351091388007092e+02
2.447289980304530488e+00	1.730715037659244331e+02
2.453571844729242279e+00	1.720311832962026983e+02
2.459852705114058846e+00	1.716029076456143230e+02
2.466139233225018934e+00	1.707126951341608674e+02
2.472421963421291391e+00	1.706116575591456126e+02
2.478698519174224568e+00	1.699416182165359999e+02
2.484980841400355800e+00	1.689102593210825205e+02
2.491269319409339822e+00	1.684352052326840408e+02
2.497548505139029373e+00	1.675796159008553445e+02
2.503831667172610853e+00	1.671406203149410032e+02
2.510117938323931153e+00	1.667420207318819223e+02
2.516400733681277480e+00	1.661835926763106670e+02
2.522688226833368130e+00	1.654168252413373068e+02
2.528971695852665569e+00	1.646633235578846381e+02
2.535252039407670299e+00	1.642523120247190036e+02
2.541537514142774512e+00	1.637404604944956645e+02
2.547823008847572179e+00	1.632233774026305753e+02
2.554100666580690238e+00	1.626282124868420738e+02
2.560376788884177301e+00	1.620723367661612428e+02
2.566667521601497359e+00	1.614596384012806993e+02
2.572955062237090473e+00	1.608651049778588913e+02
2.579233771797999175e+00	1.606858192798746074e+02
2.585520164300948220e+00	1.599816466854680925e+02
2.591805130332431872e+00	1.595779616584822236e+02
2.598084074692260881e+00	1.589638280068093366e+02
2.604360404197643586e+00	1.582269767012210195e+02
2.610647185140439142e+00	1.577082547917932800e+02
2.616931864059273138e+00	1.572805692940959545e+02
2.623206107911065565e+00	1.564736273436928400e+02
2.629491626543270844e+00	1.563891830564444945e+02
2.635778507982642349e+00	1.556424573944499912e+02
2.642061039325260818e+00	1.553455181055575736e+02
2.648343840729305843e+00	1.547860552332432746e+02
2.654631838974855551e+00	1.544701704581681270e+02
2.660919001246303761e+00	1.538703195212084438e+02
2.667198525130066056e+00	1.537707331009925440e+02
2.673484307038032526e+00	1.530330456428707180e+02
2.679773388053849459e+00	1.526160807825567645e+02
2.686058217632288692e+00	1.519648579699860989e+02
2.692338738200057868e+00	1.516376064567487560e+02
2.698618022887226964e+00	1.513428860716787767e+02
2.704895450708277860e+00	1.510131831069649877e+02
2.711175674923682166e+00	1.502413172551677008e+02
2.717459832966957922e+00	1.496602814327045223e+02
2.723745731959044569e+00	1.493455039599350016e+02
2.730038414850594730e+00	1.489258780489537060e+02
2.736317989800789441e+00	1.487773907038763923e+02
2.742591858549239703e+00	1.482544911123775364e+02
2.748879749010778362e+00	1.477992377978096386e+02
2.755163403825859447e+00	1.473725260197994942e+02
2.761446955625852073e+00	1.471683555791890967e+02
2.767732088935374701e+00	1.466846821250884716e+02
2.774015452421743966e+00	1.463633577655617444e+02
2.780298635700591436e+00	1.456639973441304790e+02
2.786577474762241380e+00	1.456820086154092451e+02
2.792857983210164541e+00	1.452071078600780538e+02
2.799143790920211483e+00	1.450814136694484660e+02
2.805430058399325244e+00	1.444870135637493433e+02
2.811715058209780072e+00	1.442260080521602958e+02
2.817989272498773623e+00	1.436205764128050362e+02
2.824269171595737760e+00	1.433673574297600339e+02
2.830563016441804081e+00	1.429779388435710814e+02
2.836848750951622034e+00	1.427951399298133026e+02
2.843130027866129783e+00	1.424673903833791542e+02
2.849413896912404986e+00	1.420481748146869450e+02
2.855697464522425566e+00	1.418440425622746091e+02
2.861978799810683594e+00	1.416147618840502105e+02
2.868262469415629567e+00	1.415583638050210880e+02
2.874547359206753860e+00	1.409893578471866249e+02
2.880831111471525041e+00	1.408153863240479495e+02
2.887113216972382546e+00	1.404626693197425027e+02
2.893394504725182781e+00	1.401287531527379713e+02
2.899673662137033592e+00	1.398685100704548745e+02
2.905953958587380814e+00	1.396109715093447221e+02
2.912241118105161064e+00	1.394661253642556176e+02
2.918525996366671205e+00	1.390621659406472475e+02
2.924809035425688819e+00	1.387925714177770828e+02
2.931095916293684933e+00	1.385454844691691392e+02
2.937378182606774413e+00	1.384430007208489712e+02
2.943659980254369923e+00	1.380977796604728951e+02
2.949946454403890250e+00	1.381808105663192805e+02
2.956227653702202307e+00	1.378590678098694582e+02
2.962510478867462993e+00	1.377812210711533680e+02
2.968796535179442309e+00	1.376065006083565834e+02
2.975077657376874907e+00	1.372428090760328416e+02
2.981359866759223376e+00	1.369589016909013992e+02
2.987646761575656562e+00	1.366220234959904474e+02
2.993929038370399365e+00	1.366308709294691823e+02
3.000206214840962726e+00	1.364975763636676902e+02
3.006486172402415669e+00	1.363755668709998758e+02
3.012769812211594456e+00	1.361522762715061106e+02
3.019053144326170113e+00	1.363271322154794234e+02
3.025337405144251424e+00	1.360156209209217479e+02
3.031623734799107961e+00	1.358243020164823633e+02
3.037908962055872575e+00	1.355744381447669298e+02
3.044195067146031608e+00	1.356765400976665319e+02
3.050475543482170426e+00	1.353859600871027737e+02
3.056754954538277502e+00	1.355040227186763673e+02
3.063040539557494668e+00	1.353155005882823900e+02
3.069323699454357346e+00	1.352555668000615015e+02
3.075610692642898769e+00	1.352742837755000380e+02
3.081893798009918584e+00	1.351664031103807133e+02
3.088174549548037717e+00	1.347429777737908410e+02
3.094458635632868493e+00	1.350891775092827913e+02
3.100743982931558840e+00	1.348757141598750593e+02
3.107028111748448396e+00	1.348762426491830126e+02
3.113309299655494300e+00	1.349463039002168045e+02
3.119590662867241626e+00	1.349906991671829530e+02
3.125874006820172912e+00	1.349747933132923094e+02
3.132159251154602586e+00	1.348867670586911629e+02
3.138439172765940643e+00	1.346976691041977574e+02
3.144723867719826593e+00	1.349634118825564428e+02
3.151003951258561031e+00	1.349683410941463535e+02
3.157283664131563139e+00	1.348450114964657018e+02
3.163569317183839935e+00	1.350590878040205212e+02
3.169851661717792091e+00	1.350823597590836869e+02
3.176137704316093657e+00	1.353199032602105092e+02
3.182420924828643916e+00	1.351100307611904725e+02
3.188702811875577581e+00	1.353430353703002709e+02
3.194990520008989865e+00	1.352911009714548527e+02
3.201275324656983834e+00	1.353204777516717172e+02
3.207551352179861759e+00	1.353569546097338900e+02
3.213835216737041645e+00	1.357999443830552480e+02
3.220122579819103770e+00	1.355675794641576886e+02
3.226406606618656525e+00	1.351971676505300479e+02
3.232687390085645429e+00	1.349271047893222431e+02
3.238969121280456331e+00	1.347201094316596084e+02
3.245254751548589667e+00	1.342728858221896076e+02
3.251534499036136783e+00	1.338920634536052887e+02
3.257817780791052442e+00	1.337036197192656743e+02
3.264102164154097263e+00	1.334611406090829178e+02
3.270384152138468892e+00	1.329391583521585289e+02
3.276669427476867735e+00	1.326445436673560607e+02
3.282954688864507808e+00	1.324449008468115494e+02
3.289237200334947264e+00	1.323049447979451259e+02
3.295519587088236779e+00	1.319266859390199613e+02
3.301805977329951958e+00	1.317196573883944382e+02
3.308087486222440088e+00	1.312681961994765629e+02
3.314367630234227313e+00	1.309580447467985778e+02
3.320651909732194262e+00	1.308662743062049287e+02
3.326931260376857047e+00	1.304598097211645324e+02
3.333216512447217728e+00	1.300515204089662973e+02
3.339504489419978128e+00	1.299562807133621334e+02
3.345786804809928405e+00	1.293851254859620212e+02
3.352071130016277767e+00	1.293766036936380317e+02
3.358351496304225581e+00	1.290416234233223634e+02
3.364630591073392019e+00	1.288515637605875952e+02
3.370916305215045483e+00	1.285024563615833415e+02
3.377197952029413752e+00	1.281303215710769337e+02
3.383483063818085501e+00	1.277782403666391247e+02
3.389769992424469969e+00	1.277398191496488096e+02
3.396051330885982100e+00	1.273259324820134708e+02
3.402330879139463971e+00	1.272783026638117008e+02
3.408610488352048495e+00	1.269383786585936207e+02
3.414897837696641236e+00	1.267410252212094264e+02
3.421180484052105619e+00	1.264284711883833978e+02
3.427461639653846870e+00	1.261532457262468370e+02
3.433749159643459059e+00	1.260236118278284749e+02
3.440032646656798310e+00	1.258415407068169287e+02
3.446313366033385339e+00	1.255686543720355246e+02
3.452600135384134905e+00	1.252396658956480309e+02
3.458883152815406703e+00	1.250586882584511841e+02
3.465163834403715448e+00	1.247612164225021587e+02
3.471449329786229221e+00	1.247134590937585443e+02
3.477734476754053894e+00	1.243361822618240922e+02
3.484019652467224226e+00	1.242923095094888311e+02
3.490297019369712928e+00	1.239655694391262131e+02
3.496582486484379970e+00	1.239122707964481975e+02
3.502868048046865024e+00	1.236131887327882168e+02
3.509144649545451244e+00	1.234308932376074353e+02
3.515428082003116295e+00	1.229607699159458463e+02
3.521711031624695565e+00	1.229754737144212555e+02
3.527991850954735664e+00	1.228630224272655767e+02
3.534275545726699885e+00	1.225350851892617499e+02
3.540562632020772149e+00	1.223772626516193043e+02
3.546844410757220789e+00	1.221758973719439894e+02
3.553131386753758836e+00	1.220306385737867885e+02
3.559419203211965144e+00	1.218380303260025386e+02
3.565697971577579839e+00	1.216227223714320758e+02
3.571979559134798254e+00	1.213812738092884729e+02
3.578265774595833726e+00	1.215407988696114074e+02
3.584548309769353125e+00	1.211072727609293622e+02
3.590826843920031486e+00	1.209912670484559953e+02
3.597107306745233934e+00	1.206538278511577573e+02
3.603392831792229245e+00	1.206997186467010579e+02
3.609673209822572559e+00	1.203130818395850383e+02
3.615955412133016189e+00	1.204680892514971049e+02
3.622241607772384686e+00	1.202305718837874196e+02
3.628520252736676444e+00	1.200413812506455855e+02
3.634804827569451113e+00	1.197541158525105232e+02
3.641094981788862928e+00	1.198007684902515848e+02
3.647383514928639325e+00	1.193773378782483690e+02
3.653663283927725658e+00	1.192447673479218082e+02
3.659943504072155296e+00	1.191796121637200514e+02
3.666232000281138603e+00	1.191887937328970679e+02
3.672514211678317597e+00	1.188114449715328220e+02
3.678794154686042539e+00	1.187686276971014223e+02
3.685078621861909820e+00	1.187715753064843796e+02
3.691359210097977961e+00	1.185373821522693731e+02
3.697642368173791105e+00	1.185493811232465333e+02
3.703925796735277665e+00	1.181613026659324390e+02
3.710208240364660348e+00	1.181880270437715126e+02
3.716494593122387169e+00	1.179486040141827061e+02
3.722775386659595398e+00	1.178496200783517054e+02
3.729058392883481510e+00	1.179138059286310209e+02
3.735339748210807720e+00	1.178222837177765854e+02
3.741620776392969638e+00	1.176176459195174573e+02
3.747904795418762980e+00	1.175987357183477400e+02
3.754190633281219380e+00	1.172443194875028496e+02
3.760478208018912749e+00	1.173651850337654849e+02
3.766755538573464346e+00	1.171263114844884257e+02
3.773032090135151506e+00	1.171277717436664574e+02
3.779322553012896879e+00	1.170491778825926446e+02
3.785609109731308930e+00	1.169559610550247157e+02
3.791889825936295200e+00	1.169024848805178323e+02
3.798174822702435893e+00	1.167731233098698453e+02
3.804458658753491651e+00	1.167029934590267430e+02
3.810738438095723435e+00	1.166021742376922816e+02
3.817018850285747167e+00	1.165464133161700033e+02
3.823305314209427763e+00	1.165594124115778953e+02
3.829591295197792178e+00	1.165856347901748933e+02
3.835872296070849341e+00	1.164231473838374882e+02
3.842156279590906109e+00	1.165117615065053087e+02
3.848441511099312429e+00	1.166452237345931024e+02
3.854723334376886079e+00	1.164143758424748398e+02
3.861004740704794713e+00	1.163441453697477215e+02
3.867284336650660848e+00	1.161200872107435060e+02
3.873567367678779849e+00	1.161209361780192211e+02
3.879850662830422792e+00	1.161282786543079908e+02
3.886137063198143338e+00	1.160393004999821756e+02
3.892419463049126005e+00	1.162300807466959753e+02
3.898703740328622658e+00	1.161906942798143945e+02
3.904991458788179326e+00	1.162733943314061094e+02
3.911270842222104083e+00	1.160087212742889591e+02
3.917549806479573071e+00	1.161456955228440364e+02
3.923836006203090587e+00	1.160749161767617039e+02
3.930121452497870926e+00	1.160697911950914829e+02
3.936398172858230460e+00	1.160166139871702313e+02
3.942683040425962293e+00	1.161061125583913167e+02
3.948974759704379611e+00	1.160853011613824179e+02
3.955259227995065352e+00	1.159680443233205551e+02
3.961537174921395454e+00	1.160844256193079929e+02
3.967820217617139544e+00	1.160447316191044678e+02
3.974105559832568968e+00	1.162408964807271872e+02
3.980384727931198352e+00	1.161194173394320615e+02
3.986664590839849698e+00	1.162506403153482211e+02
3.992949619150675034e+00	1.163279817322737841e+02
3.999235075769965952e+00	1.162008824434940948e+02
4.005515715515433506e+00	1.164270656880146504e+02
4.011798434346478537e+00	1.165487299401413992e+02
4.018083716245132386e+00	1.164643397398043163e+02
4.024365700052603856e+00	1.164102602218775644e+02
4.030643960839860540e+00	1.164843303563977486e+02
4.036928708926215137e+00	1.163649161136039965e+02
4.043218157412017177e+00	1.166150720592441985e+02
4.049503019487663558e+00	1.166930455860088784e+02
4.055781898960511000e+00	1.166787773956699681e+02
4.062060795621602161e+00	1.168799290152675496e+02
4.068347865354716042e+00	1.170806439330168871e+02
4.074631027173265529e+00	1.170026089208067646e+02
4.080910837526078971e+00	1.173388671874100027e+02
4.087201203341442657e+00	1.171888473514724183e+02
4.093486818591942189e+00	1.172796870451598465e+02
4.099764387336505500e+00	1.173383453120070499e+02
4.106049166937662420e+00	1.177279342683177248e+02
4.112334559041358695e+00	1.178005053876020867e+02
4.118618926059533614e+00	1.178759985359901066e+02
4.124898942031112625e+00	1.179248111610843353e+02
4.131175432561665417e+00	1.180555225200632776e+02
4.137461563786142271e+00	1.181233660726384471e+02
4.143746006210170307e+00	1.184395571900173536e+02
4.150029800482964326e+00	1.185312912012029898e+02
4.156313390684649001e+00	1.187399298193854804e+02
4.162596105843763716e+00	1.189711809424184992e+02
4.168881843141768684e+00	1.187937172267095889e+02
4.175162111073220217e+00	1.192431749151640901e+02
4.181448573417560155e+00	1.196246099634900020e+02
4.187738782464171194e+00	1.195431115209581776e+02
4.194017437180169061e+00	1.198448112151347544e+02
4.200293572701767175e+00	1.198902053873460005e+02
4.206580195481546269e+00	1.199979286553509894e+02
4.212860644652220543e+00	1.198982139544308865e+02
4.219138153430114002e+00	1.206081208822891568e+02
4.225426162098283811e+00	1.205056583456667454e+02
4.231713506719782636e+00	1.207813354174589904e+02
4.237990056577191744e+00	1.209408372812720813e+02
4.244267783646744618e+00	1.213553249789247133e+02
4.250560660182562955e+00	1.214979247446583628e+02
4.256847734842668096e+00	1.216660146207001247e+02
4.263127100734456221e+00	1.221519915333563802e+02
4.269406860432507500e+00	1.218110625903784836e+02
4.275691671482192646e+00	1.222752105446839295e+02
4.281972414189518794e+00	1.227006058216164064e+02
4.288253516806755705e+00	1.228452315154282815e+02
4.294540520160492925e+00	1.229687330635556179e+02
4.300825742921731809e+00	1.232079348524171394e+02
4.307109835491901961e+00	1.233979219063596133e+02
4.313390926478413157e+00	1.236459887062700034e+02
4.319667979480563247e+00	1.234670962398622720e+02
4.325952598143786076e+00	1.239455773073211731e+02
4.332241647035422361e+00	1.243396003417328473e+02
4.338524445619096781e+00	1.247651503750277158e+02
4.344809348131129845e+00	1.249145228323657619e+02
4.351090699193166600e+00	1.253481653776492806e+02
4.357369710808320029e+00	1.254511873412476746e+02
4.363659348967174445e+00	1.256015029939861876e+02
4.369947418280990981e+00	1.258943696461161892e+02
4.376226569265827315e+00	1.262161546236829253e+02
4.382499356631129217e+00	1.263239685610530074e+02
4.388784975178015024e+00	1.268497625619299072e+02
4.395068696309480494e+00	1.263891803714681288e+02
4.401347962382031298e+00	1.272498924561413673e+02
4.407628405096517099e+00	1.272150307353033156e+02
4.413915862185140426e+00	1.275263293618680080e+02
4.420203163534264235e+00	1.278064324682350872e+02
4.426480311003382795e+00	1.275308385428458706e+02
4.432765973643649104e+00	1.282557485455404276e+02
4.439053392023870614e+00	1.282366465092214582e+02
4.445336141335588742e+00	1.280565668980235614e+02
4.451617241414883352e+00	1.282723944174417738e+02
4.457901500730311106e+00	1.285639829468522919e+02
4.464189501093017043e+00	1.290240452639249327e+02
4.470470197548729985e+00	1.286039435365886732e+02
4.476748044268524573e+00	1.292678736615158641e+02
4.483035990164653484e+00	1.291287690190442845e+02
4.489323331650528104e+00	1.291518472528206587e+02
4.495599111667934800e+00	1.291286616752747989e+02
4.501870922878794090e+00	1.292497116582922558e+02
4.508155162877705457e+00	1.293923387614143792e+02
4.514446451153479423e+00	1.289728775695807883e+02
4.520723894043856994e+00	1.289262251613336332e+02
4.527003782460155890e+00	1.286333948879642435e+02
4.533293086610313161e+00	1.282492852430249002e+02
4.539578989864040182e+00	1.281848248178485221e+02
4.545857164866476730e+00	1.276784624422070777e+02
4.552138955546025656e+00	1.275729205829372574e+02
4.558432046889146605e+00	1.275962686455601727e+02
4.564713463378488711e+00	1.277428072113809634e+02
4.570987274133244682e+00	1.273328895356044370e+02
4.577274818151045643e+00	1.271785072706330482e+02
4.583563263889338657e+00	1.267643419747542737e+02
4.589844917004465508e+00	1.267695298689916967e+02
4.596126259982004747e+00	1.271813155692791781e+02
4.602409075598298926e+00	1.273329040260360330e+02
4.608696634867644804e+00	1.275302800872239430e+02
4.614977646498861219e+00	1.266726778618653526e+02
4.621258953029527383e+00	1.271373392081336675e+02
4.627547993978874175e+00	1.268040496450551302e+02
4.633830152730579854e+00	1.272298828372362465e+02
4.640104005367354567e+00	1.270310432206607061e+02
4.646382060386754276e+00	1.274274183193766845e+02
4.652674213731970987e+00	1.268161606632719440e+02
4.658958291796220230e+00	1.274467696057070611e+02
4.665233615070169648e+00	1.272740117036708654e+02
4.671520675710307380e+00	1.270790828439223219e+02
4.677814351732177300e+00	1.278448539384262830e+02
4.684093699744638073e+00	1.281936838790788897e+02
4.690368661472568590e+00	1.279275504195772584e+02
4.696663270746453733e+00	1.280368285447848109e+02
4.702945459248681459e+00	1.282893490305577302e+02
4.709209170841929470e+00	1.289124619272285486e+02
4.715491634753063543e+00	1.282172329896321230e+02
4.721784316284933780e+00	1.283700029222695775e+02
4.728063062331094635e+00	1.291814764817868308e+02
4.734337423381671073e+00	1.293415827009024213e+02
4.740627024094544062e+00	1.293736012271159552e+02
4.746914995664547554e+00	1.295760513523192117e+02
4.753194740071086777e+00	1.299625616526176088e+02
4.759478891864783456e+00	1.303290721171992459e+02
4.765762396877359031e+00	1.302069415156026366e+02
4.772049481246195768e+00	1.302693073046825987e+02
4.778335091022592351e+00	1.309223565226821506e+02
4.784610831402393849e+00	1.310792404945597980e+02
4.790907306208476157e+00	1.310257046145634945e+02
4.797204047706418173e+00	1.316182663090615677e+02
4.803470827697504220e+00	1.318618775808263308e+02
4.809748850577324042e+00	1.327287893277186015e+02
4.816045316586602176e+00	1.320939361834543320e+02
4.822329240673497885e+00	1.329770394412164762e+02
4.828596758226470165e+00	1.333765580689899650e+02
4.834890332961369275e+00	1.334482394377821208e+02
4.841191655056394261e+00	1.343287949245330992e+02
4.847460407468000554e+00	1.339023496667880408e+02
4.853732128521334843e+00	1.352310690686590817e+02
4.860029138783373170e+00	1.349968757115902065e+02
4.866314601732018019e+00	1.351342336803837441e+02
4.872587026269203925e+00	1.358938097072488915e+02
4.878874221748241702e+00	1.357938682243056121e+02
4.885171078138658807e+00	1.365059006993766673e+02
4.891450629931857641e+00	1.368498381934922179e+02
4.897716482750221978e+00	1.378919822338251890e+02
4.904002834596266069e+00	1.375067979342974525e+02
4.910295858205786068e+00	1.376281419992814108e+02
4.916575188115905881e+00	1.384083447236876054e+02
4.922847946197084212e+00	1.395942656393163759e+02
4.929131667457151700e+00	1.391690324521040907e+02
4.935434460144239033e+00	1.405706971362091338e+02
4.941718513303545279e+00	1.409596270107392115e+02
4.947978624761803168e+00	1.413084005680851760e+02
4.954274999209829389e+00	1.412661006747831038e+02
4.960571094729937514e+00	1.429416767570368734e+02
4.966823207626954506e+00	1.431452538322372732e+02
4.973097418390337587e+00	1.428239175784827069e+02
4.979415129936382023e+00	1.440059535753111675e+02
4.985702082330368157e+00	1.445190669852672727e+02
4.991949985828016523e+00	1.450816853120943222e+02
4.998241586316924057e+00	1.443699613947506748e+02
5.004556635606089543e+00	1.470705163091629402e+02
5.010828655701208945e+00	1.467192416953604379e+02
5.017077229702536556e+00	1.478945440797604647e+02
5.023374414758113637e+00	1.476484379286050341e+02
5.029688873569548413e+00	1.492529413169259271e+02
5.035958413584124216e+00	1.498849928817677153e+02
5.042232667658486989e+00	1.506693080612282927e+02
5.048528755870775875e+00	1.512920401099076173e+02
5.054821121427484520e+00	1.523521196666967228e+02
5.061069509814582368e+00	1.531167509634782391e+02
5.067347812754101177e+00	1.529872354958432368e+02
5.073675050630431116e+00	1.544603194340714083e+02
5.079945928388977627e+00	1.552759533570475696e+02
5.086192992546071601e+00	1.558396933416188688e+02
5.092484128970163226e+00	1.564216579248578114e+02
5.098802924706086870e+00	1.571237555240483914e+02
5.105078217426394005e+00	1.583877279983034327e+02
5.111325076574067872e+00	1.602681637560111199e+02
5.117628358851224135e+00	1.603255628778342441e+02
5.123935939383525984e+00	1.608211861548157913e+02
5.130199176325612065e+00	1.616123782186224673e+02
5.136469985878846956e+00	1.637098453269101697e+02
5.142797788696348071e+00	1.654522904460073107e+02
5.149090378043822192e+00	1.657710181831329237e+02
5.155289879840074363e+00	1.677569840968578490e+02
5.161564521234301317e+00	1.672049749078830985e+02
5.167916673496016244e+00	1.701427563565986816e+02
5.174205974602950064e+00	1.711244763350405549e+02
5.180434820793812456e+00	1.699066837807504839e+02
5.186729096569634656e+00	1.714898149242706324e+02
5.193058481037780894e+00	1.726975653473321870e+02
5.199319511444338460e+00	1.742195022501076380e+02
5.205574295584361799e+00	1.757776398581946182e+02
5.211894977074066126e+00	1.770753119899800367e+02
5.218201708336958511e+00	1.763480754467949225e+02
5.224411911780083351e+00	1.796978466795640088e+02
5.230677632666463239e+00	1.806582492505980042e+02
5.237056729559757429e+00	1.818657137858045303e+02
5.243336785035660697e+00	1.862890164770734600e+02
5.249493476178225038e+00	1.864709472143658218e+02
5.255787017738318134e+00	1.870719270106345959e+02
5.262205327426889845e+00	1.873756232736675713e+02
5.268477758348532269e+00	1.886371303001712079e+02
5.274632213654732560e+00	1.901340070257951709e+02
5.280950543314659740e+00	1.935605992364507699e+02
5.287327645024750389e+00	1.939372161363666578e+02
5.293582359180156516e+00	1.959989597459720301e+02
5.299789992649893478e+00	1.990231649437449164e+02
5.306111460381987222e+00	1.982817258295820011e+02
5.312452717892129250e+00	2.023836340101176745e+02
5.318650122853046724e+00	2.021055305295184610e+02
5.324923043129819789e+00	2.060986236663705427e+02
5.331330237158205421e+00	2.064396606794298918e+02
5.337586726886338617e+00	2.096382368284754705e+02
5.343685192440848830e+00	2.094290452470515334e+02
5.350070659715249199e+00	2.085559797258699746e+02
5.356556762554878226e+00	2.165576689317161652e+02
5.362691868684501095e+00	2.188607959441315245e+02
5.368769208912516966e+00	2.198838071913091881e+02
5.375270137997677722e+00	2.228314862276108670e+02
5.381769983045385786e+00	2.235810683731406812e+02
5.387701030372958222e+00	2.238669134314647522e+02
5.393786668001271600e+00	2.240491352648525094e+02
5.400446161099396569e+00	2.304918478395739783e+02
5.406957063684501463e+00	2.302442299761171967e+02
5.412655672453426270e+00	2.335441043587399577e+02
5.418821279260546575e+00	2.459472210373011478e+02
5.425690594366304076e+00	2.392275924184966414e+02
5.432217487502165376e+00	2.428437309056085667e+02
5.437649811577258241e+00	2.416875305239259717e+02
5.443914404015878006e+00	2.509168240027367176e+02
5.450953501686320202e+00	2.551686789332775618e+02
5.457483690405861232e+00	2.647248521571418678e+02
5.462715250135157241e+00	2.533427629121818256e+02
5.469033575551323523e+00	2.541670663338629197e+02
5.476177730420278778e+00	2.624008449655458435e+02
5.482708935702562236e+00	2.617880797409363822e+02
5.487722405008360838e+00	2.760632070239160498e+02
5.494194284996126498e+00	2.891019189032479062e+02
5.501391471009256406e+00	2.779813607442765715e+02
5.507128202673079009e+00	2.777630958124712492e+02
5.512278020050448646e+00	2.701026303330012297e+02
5.519395563377015534e+00	2.801478018481686263e+02
5.526598678609708770e+00	2.921467387411221353e+02
5.532162682462509196e+00	2.852081783839441869e+02
5.537397124017139127e+00	2.821411375025294319e+02
5.544582756485218589e+00	2.799190332285199929e+02
5.551739327507637434e+00	2.816436139900583839e+02
5.557493306674907707e+00	3.461271582043499961e+02
5.562281709102816940e+00	3.380626627857600397e+02
5.569272720323164449e+00	2.535504880195755391e+02
