8.899641224696953554e-03	1.519550232891921223e+04
1.507912216506557788e-02	3.124284848257506383e+04
2.144790186456836667e-02	2.766909849856413348e+04
2.783660776489276650e-02	1.959120967656225548e+04
3.435099785803411021e-02	1.655938523290192461e+04
4.047886761425745911e-02	1.329094491661190659e+04
4.676716683575679601e-02	1.336716549275144280e+04
5.308225101765951665e-02	1.081777383060620559e+04
5.945362440940590160e-02	9.603811453360083760e+03
6.576224814588792211e-02	8.415858777436355012e+03
7.196632906698736953e-02	7.034991080470148518e+03
7.827860915688347743e-02	6.228660534748304599e+03
8.470398945834539672e-02	5.095503846502472697e+03
9.096854620527369817e-02	4.396933987202287426e+03
9.720789776830213169e-02	4.412122732593364162e+03
1.034763038959366499e-01	4.231892473082537435e+03
1.097576444254559219e-01	4.073171778521988472e+03
1.160543084780093354e-01	3.593006806374047756e+03
1.223669666537485351e-01	3.323460082363052152e+03
1.286817263090294094e-01	2.964347063995018289e+03
1.349500801664080818e-01	2.631589526258421756e+03
1.411949558842147678e-01	2.489072658000394313e+03
1.475133575747468451e-01	2.435177734554647031e+03
1.537865074252268427e-01	2.398435890946716881e+03
1.600657544051110326e-01	2.247777304513586841e+03
1.663991168687080635e-01	2.106503348716876644e+03
1.727195645776442856e-01	1.966908147273857821e+03
1.789765213377084718e-01	1.794678243705449177e+03
1.852353690647852158e-01	1.760582304200519275e+03
1.914806787341157279e-01	1.639831799794346807e+03
1.977889868651535599e-01	1.556701627759336816e+03
2.040937735447724277e-01	1.493538481118493792e+03
2.103939302609846018e-01	1.435633876887669430e+03
2.166909709822301688e-01	1.399366445659409464e+03
2.229700281216152047e-01	1.335524765106387349e+03
2.292620027086341994e-01	1.269461991417712852e+03
2.355141508366812297e-01	1.222237012971164631e+03
2.417910583817859116e-01	1.159112477239166765e+03
2.480856539439619257e-01	1.124372639626730461e+03
2.543492256872954549e-01	1.079544638999414929e+03
2.606334251884805386e-01	1.070668924881942985e+03
2.669257370896960802e-01	1.028622318479777277e+03
2.732423343141155980e-01	9.869903877262611331e+02
2.795529680084415936e-01	9.718419468859442532e+02
2.858366292314493129e-01	9.287313928662860008e+02
2.920876271394311496e-01	9.047463837713738712e+02
2.983449844439822751e-01	8.742051955521631044e+02
3.046382639407197446e-01	8.584960824453854684e+02
3.109279127003197196e-01	8.225157515642599719e+02
3.172168171618398036e-01	8.039049370342639804e+02
3.235187567944423082e-01	7.884649439477077522e+02
3.298168217550395687e-01	7.678877345613042280e+02
3.361176429457156667e-01	7.479645464267782700e+02
3.423700375709273769e-01	7.271581036818553230e+02
3.486478192666269682e-01	7.071122351731876279e+02
3.549411614411318028e-01	6.929117871606899826e+02
3.611916935421040642e-01	6.788305255783739085e+02
3.674767089563572564e-01	6.627411318147270549e+02
3.737647795277591056e-01	6.550276455126493147e+02
3.800654031475132477e-01	6.350916763837468579e+02
3.863539861259823738e-01	6.243032401480146518e+02
3.926140181364449755e-01	6.019757241778048638e+02
3.989264500321934581e-01	6.039527964706880994e+02
4.052073244576828714e-01	5.901639163247771194e+02
4.114916477570477182e-01	5.763577509815049780e+02
4.177814272116491257e-01	5.659214451750691524e+02
4.240400648725131116e-01	5.553195580037403261e+02
4.303425690270192283e-01	5.450909927763748328e+02
4.366358560255625965e-01	5.339991358959583749e+02
4.428996183220763605e-01	5.302058410108695625e+02
4.491634418529859563e-01	5.167904962406779532e+02
4.554414146254732731e-01	5.071357837561853330e+02
4.617634470301058558e-01	5.029058037177837264e+02
4.680644242023710433e-01	4.865051695238471439e+02
4.743485242764365895e-01	4.823535697763648500e+02
4.806356136815400082e-01	4.754504418769527092e+02
4.869019258388697646e-01	4.690934554046178846e+02
4.931697099599955947e-01	4.609872083004541992e+02
4.994506747144535908e-01	4.556834450899583544e+02
5.057159051335421429e-01	4.463633851268231751e+02
5.119923996268095356e-01	4.407673192647823157e+02
5.183126097768406826e-01	4.378768226492444455e+02
5.246089638029100000e-01	4.274625130704671392e+02
5.308757308483337267e-01	4.260901071512418525e+02
5.371573527946726934e-01	4.198683856086187234e+02
5.434579563783791256e-01	4.114213977586705937e+02
5.497430652392217842e-01	4.098787497186318092e+02
5.559937427501778773e-01	4.040805018909339310e+02
5.622854676609657654e-01	3.970845280290419055e+02
5.686011537227265711e-01	3.944993373216541954e+02
5.748804589422079614e-01	3.862364292754771782e+02
5.811550210340560296e-01	3.822458119563437435e+02
5.874394496660968468e-01	3.781670315293951603e+02
5.937176220296899176e-01	3.758323957573709890e+02
5.999971954793682505e-01	3.724425527205878552e+02
6.062679115124277596e-01	3.665442318649105005e+02
6.125469576444534381e-01	3.612536934669957418e+02
6.188477733041515272e-01	3.586485216173838353e+02
6.251310567437898813e-01	3.537858541201766798e+02
6.314027450383210560e-01	3.504921722111255349e+02
6.377003562732055375e-01	3.460637961689155304e+02
6.439857783314556494e-01	3.427888339726127924e+02
6.502685417166111925e-01	3.383921224320752685e+02
6.565586117699038216e-01	3.363018988631413322e+02
6.628369282359254377e-01	3.341150161224014710e+02
6.691185444962194362e-01	3.310073520752472973e+02
6.754070198575605755e-01	3.240702348866887519e+02
6.816835514593204692e-01	3.222959900269873401e+02
6.879592533861698112e-01	3.203991652276061473e+02
6.942344317039531587e-01	3.163762840218465158e+02
7.005175402434737908e-01	3.160743616597508208e+02
7.068124956608716758e-01	3.107749075114608104e+02
7.131019009674921527e-01	3.099110863512913738e+02
7.193918251171427247e-01	3.053010552466850527e+02
7.256833807598113140e-01	3.001823487904219974e+02
7.319652682709349989e-01	2.994706603712567130e+02
7.382507990484923344e-01	2.969455316400853349e+02
7.445265842115937893e-01	2.949780059551620752e+02
7.507871101942712455e-01	2.927211501608002777e+02
7.570758465316046459e-01	2.872769224471671805e+02
7.633641233600957365e-01	2.867967569104822019e+02
7.696462959862266917e-01	2.858528123764266979e+02
7.759394865175414102e-01	2.812948789211366147e+02
7.822329141989586843e-01	2.802420534979613080e+02
7.885314936520240181e-01	2.780896321609762936e+02
7.947896566979522071e-01	2.742512545256132057e+02
8.010491096592354809e-01	2.743524286885131005e+02
8.073364061727361651e-01	2.690252702591720322e+02
8.136229488373866170e-01	2.676287413116180574e+02
8.199152998961036776e-01	2.662176161876532774e+02
8.261952636392789762e-01	2.643882755633543979e+02
8.324897070080405914e-01	2.610625598547641744e+02
8.387959309210778480e-01	2.600312871265975332e+02
8.450634639703045181e-01	2.576361060851670004e+02
8.513282867562648182e-01	2.564455423133981640e+02
8.576198263902009566e-01	2.544596685726123155e+02
8.639058477062415697e-01	2.518056225322909825e+02
8.701838745487597837e-01	2.502230539229572059e+02
8.764641096075268534e-01	2.494869244605520464e+02
8.827503873399735745e-01	2.472677647547702691e+02
8.890332768393869323e-01	2.456716674996148697e+02
8.953084247113127780e-01	2.433663752330344039e+02
9.015956521667095602e-01	2.430172637734715693e+02
9.078833328094829680e-01	2.407275739372269072e+02
9.141744106319863450e-01	2.389701859625953091e+02
9.204630817717615043e-01	2.369272594681831379e+02
9.267434415264711456e-01	2.362887988125255845e+02
9.330324197354928906e-01	2.342111840111655852e+02
9.393265785573878812e-01	2.326273369115737069e+02
9.455974810398196650e-01	2.304524127804769194e+02
9.518660018545171964e-01	2.298515075523029054e+02
9.581413255531838757e-01	2.271853373379377956e+02
9.644350945109106954e-01	2.270510227142599433e+02
9.707355633568249820e-01	2.242949559679327649e+02
9.770080768450029041e-01	2.234860953885501829e+02
9.832823325363413414e-01	2.217548677882377604e+02
9.895569691966674686e-01	2.205379637890712559e+02
9.958456301921106979e-01	2.201141342852868092e+02
1.002136210743837408e+00	2.169716769895058519e+02
1.008404825335135424e+00	2.171421349301671455e+02
1.014694149836243398e+00	2.153028605682142995e+02
1.020992555437297167e+00	2.145020275243551282e+02
1.027273980437394485e+00	2.132754154783425804e+02
1.033559181896017254e+00	2.115955418809596154e+02
1.039847557392594934e+00	2.097338609782292167e+02
1.046126974943305088e+00	2.090350502647085023e+02
1.052403436811028659e+00	2.069371595675974049e+02
1.058680704651608684e+00	2.059985491411677003e+02
1.064964333065789193e+00	2.055645283148309090e+02
1.071256777440835473e+00	2.040589455265528045e+02
1.077544048801078125e+00	2.024128352209366710e+02
1.083824820188043603e+00	2.019504000128711141e+02
1.090108023942816695e+00	2.000964937332298348e+02
1.096389665956643222e+00	1.989323793214647083e+02
1.102681132058841440e+00	1.978043006743945966e+02
1.108963047594879958e+00	1.973965400439734879e+02
1.115225428463759272e+00	1.955987147825976535e+02
1.121502127614767863e+00	1.943045391655241190e+02
1.127792573824792033e+00	1.934377326982329919e+02
1.134089552668382961e+00	1.925384954705558016e+02
1.140364049650405942e+00	1.914573603107267274e+02
1.146639180320979445e+00	1.908696917387884753e+02
1.152942412991649901e+00	1.900034454260029975e+02
1.159228906751078814e+00	1.874955500989333643e+02
1.165508721887268173e+00	1.868070532121065241e+02
1.171793076256210320e+00	1.860205325211326226e+02
1.178087436369658958e+00	1.855075813060802545e+02
1.184367654251526902e+00	1.836834771154099997e+02
1.190634642299266632e+00	1.828359474620380070e+02
1.196912208834400859e+00	1.815832333038786430e+02
1.203201577354146234e+00	1.811798135600542139e+02
1.209486844441705733e+00	1.805262936108472616e+02
1.215763902074809888e+00	1.794507066987880251e+02
1.222049755171146668e+00	1.783800221119098808e+02
1.228340616621486969e+00	1.774768818662981857e+02
1.234632986576932767e+00	1.765898017460665699e+02
1.240902247176856488e+00	1.760628219915234070e+02
1.247174839144687519e+00	1.750462312427213192e+02
1.253465459933442272e+00	1.739104378799005985e+02
1.259749951892178421e+00	1.727626620586615331e+02
1.266032143127253873e+00	1.720574577809069581e+02
1.272316288472006507e+00	1.715105160903210049e+02
1.278604155058621350e+00	1.703744800684339680e+02
1.284886588933593865e+00	1.694959977023656847e+02
1.291175420066583257e+00	1.689853107558137992e+02
1.297465726373772332e+00	1.679368432845425332e+02
1.303741827011944299e+00	1.667997021007231240e+02
1.310017322922761851e+00	1.663383424827472652e+02
1.316301447662886703e+00	1.657226536552878997e+02
1.322586760363303249e+00	1.647216836421434607e+02
1.328865492452874664e+00	1.636536418390215317e+02
1.335144804954555564e+00	1.631271130980921953e+02
1.341440516272275119e+00	1.624222837431239839e+02
1.347730868417094552e+00	1.619301735808107310e+02
1.354001589994877630e+00	1.609577743087823478e+02
1.360282609297778444e+00	1.603777402570913182e+02
1.366565686457597906e+00	1.597978481099391672e+02
1.372851498482432708e+00	1.587345328986546065e+02
1.379135372929401804e+00	1.575774760668491581e+02
1.385409567149057164e+00	1.575335827645174618e+02
1.391698641219299315e+00	1.565003860613463189e+02
1.397984451439470810e+00	1.558214416454787852e+02
1.404267883409181961e+00	1.547198758670898542e+02
1.410554779484869181e+00	1.545194423732286566e+02
1.416837833547465397e+00	1.538667791987656983e+02
1.423118177187137068e+00	1.526708915797771908e+02
1.429397801164240089e+00	1.516815481235105665e+02
1.435686921822787232e+00	1.518319647218385171e+02
1.441977121769299597e+00	1.511133910118623760e+02
1.448253667853332427e+00	1.501818394461811295e+02
1.454532348972172651e+00	1.500579035829362340e+02
1.460819319151879903e+00	1.486167751056680402e+02
1.467110364402026468e+00	1.482397337837972486e+02
1.473392908948962132e+00	1.473251472949148706e+02
1.479669965243598950e+00	1.471678120542767090e+02
1.485956144602843532e+00	1.460279885562775632e+02
1.492233610763115115e+00	1.459567494042112799e+02
1.498502470379980078e+00	1.455813216082470376e+02
1.504785752051182701e+00	1.444045402348231448e+02
1.511075991894575976e+00	1.440276132073747988e+02
1.517361634985162189e+00	1.432352655332503275e+02
1.523648570969130533e+00	1.428050179223387488e+02
1.529938035715892264e+00	1.420971210207787578e+02
1.536230176913891965e+00	1.414698497291394119e+02
1.542510718779388279e+00	1.413583224242495646e+02
1.548783963082980275e+00	1.403055832103448779e+02
1.555073069779651318e+00	1.394368874772374056e+02
1.561357324927233892e+00	1.389714879842236144e+02
1.567629121053141006e+00	1.383287599485967689e+02
1.573913697404382583e+00	1.380777974763920497e+02
1.580203545230874029e+00	1.373894295058431112e+02
1.586485393434537983e+00	1.369858657145012728e+02
1.592760014263005841e+00	1.362481344244031902e+02
1.599046436394670812e+00	1.358925143088263496e+02
1.605342136637478934e+00	1.353879444769204099e+02
1.611619860919608627e+00	1.347743055125153830e+02
1.617897597081673799e+00	1.345541672659910546e+02
1.624183235481122756e+00	1.336908865624717464e+02
1.630464598531913722e+00	1.327698488883065409e+02
1.636748985747638274e+00	1.322777185236066373e+02
1.643030923698886259e+00	1.320726062768822260e+02
1.649309176648513064e+00	1.314102978662899659e+02
1.655593633940351861e+00	1.308551867017023937e+02
1.661879571405086464e+00	1.304750737476742302e+02
1.668169361685170271e+00	1.301124893075650562e+02
1.674450151530487485e+00	1.294016519703595520e+02
1.680722718978495900e+00	1.293746022695187321e+02
1.687013891340952476e+00	1.283688002633749932e+02
1.693308984907921033e+00	1.277765323860755160e+02
1.699582147428448486e+00	1.271932087541925256e+02
1.705863747055134105e+00	1.268981949696830753e+02
1.712154434283889470e+00	1.262688723636340171e+02
1.718438381579399321e+00	1.257252199252143186e+02
1.724721264464063930e+00	1.251258795003667501e+02
1.730997441276920679e+00	1.247989321567518033e+02
1.737287073528269499e+00	1.242691058293593045e+02
1.743567991878527401e+00	1.239865157740314601e+02
1.749840680212231048e+00	1.232139100781522103e+02
1.756128549091961144e+00	1.225877092945881941e+02
1.762413535324792502e+00	1.225567103348164437e+02
1.768696187669963837e+00	1.223414299800120091e+02
1.774979359379055266e+00	1.219418229328738192e+02
1.781265555576432957e+00	1.211570574205147182e+02
1.787549427830244619e+00	1.204096203371669418e+02
1.793834120011633004e+00	1.201753544203432682e+02
1.800115051552487300e+00	1.199751753862466614e+02
1.806393904854530330e+00	1.192142785191121419e+02
1.812674089667083432e+00	1.189388091342614899e+02
1.818956920109354058e+00	1.184101925466243017e+02
1.825244164118212220e+00	1.180448422192350080e+02
1.831527256642196955e+00	1.178041691313726602e+02
1.837811294935716599e+00	1.171199111051589483e+02
1.844100717411196744e+00	1.165034464978218409e+02
1.850384816792487230e+00	1.164360489530565843e+02
1.856666059735203822e+00	1.156515710004208728e+02
1.862947728675613979e+00	1.153977331055852034e+02
1.869229324466858078e+00	1.149761757120987795e+02
1.875517616802973686e+00	1.148147143864101452e+02
1.881800769033795229e+00	1.141328974735937862e+02
1.888078863416442710e+00	1.138967609173703721e+02
1.894353975182237582e+00	1.132353073516456874e+02
1.900642716154182565e+00	1.127771426984847949e+02
1.906933494748685121e+00	1.124658075156567349e+02
1.913207568676573933e+00	1.120409673887303370e+02
1.919490884732178992e+00	1.117412220720613334e+02
1.925776855684274480e+00	1.111324605548721678e+02
1.932064452961978152e+00	1.106919349655414493e+02
1.938342610030488800e+00	1.108250115493267316e+02
1.944618341543410178e+00	1.098954484112725254e+02
1.950906260203513876e+00	1.094096111480107680e+02
1.957194556613796488e+00	1.090667058296991740e+02
1.963479614559011432e+00	1.090069823412048322e+02
1.969760361532916226e+00	1.087304988454006320e+02
1.976048367034604736e+00	1.080037332127509018e+02
1.982337990217652335e+00	1.076011061664656978e+02
1.988617489259562721e+00	1.073276954333900903e+02
1.994896320665194178e+00	1.067162283345326728e+02
2.001179596222827151e+00	1.064871706546857695e+02
2.007459756923499761e+00	1.061071332865803214e+02
2.013737397779169935e+00	1.057632176542390567e+02
2.020017234677497164e+00	1.053652748839152764e+02
2.026310251015072783e+00	1.049374371792751504e+02
2.032600542948020284e+00	1.046910298745991668e+02
2.038873863192099289e+00	1.042224447763505850e+02
2.045154087821675404e+00	1.040513350602722653e+02
2.051444704514288730e+00	1.037125377288836887e+02
2.057730430280644729e+00	1.033009049381760036e+02
2.064013940455224461e+00	1.029879319632429286e+02
2.070299891179459895e+00	1.026467818997485324e+02
2.076589719964883951e+00	1.022643437636587578e+02
2.082865483794470673e+00	1.019143467355207804e+02
2.089134494859368640e+00	1.017125030317618410e+02
2.095424211360070288e+00	1.011253634720266490e+02
2.101707116664804254e+00	1.007918711211761575e+02
2.107986473933564309e+00	1.004864613976322687e+02
2.114271806543862375e+00	9.989671570533425893e+01
2.120552717288892275e+00	9.968771526496804825e+01
2.126836933207161717e+00	9.933717091807223198e+01
2.133122044791171845e+00	9.909853636265694377e+01
2.139411711910842673e+00	9.885022170178994827e+01
2.145697076775292089e+00	9.844351770817212355e+01
2.151973548606471276e+00	9.787804543996617213e+01
2.158259913555724108e+00	9.766138671400011617e+01
2.164545396699105506e+00	9.727750459073749312e+01
2.170830700377734068e+00	9.700595517885517438e+01
2.177114138849150393e+00	9.662446685810391500e+01
2.183387647576827018e+00	9.644778631291171678e+01
2.189670273687676971e+00	9.606937310232832772e+01
2.195960147934207463e+00	9.583937381602979144e+01
2.202242556317716371e+00	9.566186829694292726e+01
2.208521655981037668e+00	9.540325055271723897e+01
2.214804637081333016e+00	9.462181281832300783e+01
2.221092583349425276e+00	9.464778479918960841e+01
2.227372893591468728e+00	9.418197311194155930e+01
2.233657161144248171e+00	9.409623334533273464e+01
2.239943485394438660e+00	9.359331779257310302e+01
2.246224175264620815e+00	9.343269237029684859e+01
2.252506378421252009e+00	9.310284289143812941e+01
2.258783417054270437e+00	9.269505179353554070e+01
2.265069077371457684e+00	9.245183111628524841e+01
2.271350377044131452e+00	9.218859804199273356e+01
2.277633995145353918e+00	9.182248383023016913e+01
2.283922419579920149e+00	9.166901175643162958e+01
2.290202874392252674e+00	9.112525912857832111e+01
2.296490779970905560e+00	9.107636513493579855e+01
2.302771769934229162e+00	9.069528328026417796e+01
2.309051364164305564e+00	9.051137123322604339e+01
2.315338502539088239e+00	9.006434550138418160e+01
2.321627336503874428e+00	8.991662191686373262e+01
2.327911878297218795e+00	8.953138403876060636e+01
2.334186238580297168e+00	8.962585189189067592e+01
2.340467971862688401e+00	8.913409532988978867e+01
2.346756940970738725e+00	8.869601080343937838e+01
2.353044444556199988e+00	8.852039427316650233e+01
2.359327653314069906e+00	8.827715878603417821e+01
2.365603048789861607e+00	8.805851894165813576e+01
2.371885911737665165e+00	8.786998145586984776e+01
2.378173303594019572e+00	8.737217449746181330e+01
2.384454016539381271e+00	8.710027350982474559e+01
2.390736447344785187e+00	8.691858156065933372e+01
2.397014133897952259e+00	8.686987254087331678e+01
2.403295490074321972e+00	8.641235067180284091e+01
2.409585049672506862e+00	8.615974307172314184e+01
2.415871703165322071e+00	8.585890570399136834e+01
2.422160652369088840e+00	8.566476663538090008e+01
2.428440167222748691e+00	8.542224140203306604e+01
2.434717472383889803e+00	8.504265077642598669e+01
2.441002456202044257e+00	8.497646154407424035e+01
2.447289980304530488e+00	8.481948210273529298e+01
2.453571844729242279e+00	8.462355947162677694e+01
2.459852705114058846e+00	8.422971806834571851e+01
2.466139233225018934e+00	8.403673385700932386e+01
2.472421963421291391e+00	8.383722353759688417e+01
2.478698519174224568e+00	8.355474178711966715e+01
2.484980841400355800e+00	8.333663203802447583e+01
2.491269319409339822e+00	8.303065879092308421e+01
2.497548505139029373e+00	8.290744310854114474e+01
2.503831667172610853e+00	8.256886494378962027e+01
2.510117938323931153e+00	8.234536134304293853e+01
2.516400733681277480e+00	8.223788457325638035e+01
2.522688226833368130e+00	8.206353183952278130e+01
2.528971695852665569e+00	8.186408116352481557e+01
2.535252039407670299e+00	8.159649896957297699e+01
2.541537514142774512e+00	8.130661059528179635e+01
2.547823008847572179e+00	8.124957850645307644e+01
2.554100666580690238e+00	8.081835580363542704e+01
2.560376788884177301e+00	8.063659625490782901e+01
2.566667521601497359e+00	8.047594459012165657e+01
2.572955062237090473e+00	8.023136257329562682e+01
2.579233771797999175e+00	8.018577072381195592e+01
2.585520164300948220e+00	7.977154793307342118e+01
2.591805130332431872e+00	7.978833076791109136e+01
2.598084074692260881e+00	7.959081443425593250e+01
2.604360404197643586e+00	7.919467477531188138e+01
2.610647185140439142e+00	7.898101588234355575e+01
2.616931864059273138e+00	7.888455417594222752e+01
2.623206107911065565e+00	7.883056555799990406e+01
2.629491626543270844e+00	7.857606149570676735e+01
2.635778507982642349e+00	7.851394830030687899e+01
2.642061039325260818e+00	7.815996572678250232e+01
2.648343840729305843e+00	7.806896712075905498e+01
2.654631838974855551e+00	7.790266041242816186e+01
2.660919001246303761e+00	7.774499117636285916e+01
2.667198525130066056e+00	7.754894942260004598e+01
2.673484307038032526e+00	7.745374038724767729e+01
2.679773388053849459e+00	7.723892972303487170e+01
2.686058217632288692e+00	7.694932450463822704e+01
2.692338738200057868e+00	7.682381450434232306e+01
2.698618022887226964e+00	7.667539138642348462e+01
2.704895450708277860e+00	7.658200625251738813e+01
2.711175674923682166e+00	7.638764492337926981e+01
2.717459832966957922e+00	7.628929042591353493e+01
2.723745731959044569e+00	7.617520474918214290e+01
2.730038414850594730e+00	7.594382918923211889e+01
2.736317989800789441e+00	7.581987103110449766e+01
2.742591858549239703e+00	7.567524650663926877e+01
2.748879749010778362e+00	7.542899857024187327e+01
2.755163403825859447e+00	7.533397864282528644e+01
2.761446955625852073e+00	7.531596982788668981e+01
2.767732088935374701e+00	7.510161848622365710e+01
2.774015452421743966e+00	7.499800045811920768e+01
2.780298635700591436e+00	7.489773084302328243e+01
2.786577474762241380e+00	7.469873078986846338e+01
2.792857983210164541e+00	7.467180419436753880e+01
2.799143790920211483e+00	7.433527137221453529e+01
2.805430058399325244e+00	7.433601761131058083e+01
2.811715058209780072e+00	7.418405146699281261e+01
2.817989272498773623e+00	7.412786977919280673e+01
2.824269171595737760e+00	7.411158847319613585e+01
2.830563016441804081e+00	7.397427749123221474e+01
2.836848750951622034e+00	7.375632407557056069e+01
2.843130027866129783e+00	7.365916533960329105e+01
2.849413896912404986e+00	7.348437612381586348e+01
2.855697464522425566e+00	7.346320781282230428e+01
2.861978799810683594e+00	7.330115979316559560e+01
2.868262469415629567e+00	7.323918356394069917e+01
2.874547359206753860e+00	7.317985281030541955e+01
2.880831111471525041e+00	7.302887098134392829e+01
2.887113216972382546e+00	7.296240060573256869e+01
2.893394504725182781e+00	7.288625360730718228e+01
2.899673662137033592e+00	7.269465170417137756e+01
2.905953958587380814e+00	7.266870156014881843e+01
2.912241118105161064e+00	7.270374776251699700e+01
2.918525996366671205e+00	7.267923109225705502e+01
2.924809035425688819e+00	7.254024197802971230e+01
2.931095916293684933e+00	7.249703370016493409e+01
2.937378182606774413e+00	7.236962467593110659e+01
2.943659980254369923e+00	7.239487872426688853e+01
2.949946454403890250e+00	7.231795262443804972e+01
2.956227653702202307e+00	7.218094772467753728e+01
2.962510478867462993e+00	7.216277139802529916e+01
2.968796535179442309e+00	7.208802651191108168e+01
2.975077657376874907e+00	7.192953138673392743e+01
2.981359866759223376e+00	7.207486617989562205e+01
2.987646761575656562e+00	7.189380340704667560e+01
2.993929038370399365e+00	7.194571007865043555e+01
3.000206214840962726e+00	7.191777756902823171e+01
3.006486172402415669e+00	7.184356896376706914e+01
3.012769812211594456e+00	7.186821468236597354e+01
3.019053144326170113e+00	7.175207868395513344e+01
3.025337405144251424e+00	7.181112842328940360e+01
3.031623734799107961e+00	7.174205304874065803e+01
3.037908962055872575e+00	7.166146771690883099e+01
3.044195067146031608e+00	7.188012230293786331e+01
3.050475543482170426e+00	7.174805387490724229e+01
3.056754954538277502e+00	7.176731536605240080e+01
3.063040539557494668e+00	7.165940397610225432e+01
3.069323699454357346e+00	7.171005710005928790e+01
3.075610692642898769e+00	7.167226904512304486e+01
3.081893798009918584e+00	7.178286616625820216e+01
3.088174549548037717e+00	7.183347006288506975e+01
3.094458635632868493e+00	7.183197613400739101e+01
3.100743982931558840e+00	7.174730041584091111e+01
3.107028111748448396e+00	7.178322160390378315e+01
3.113309299655494300e+00	7.188176365905951570e+01
3.119590662867241626e+00	7.183589591711222511e+01
3.125874006820172912e+00	7.198102792994514232e+01
3.132159251154602586e+00	7.205814392184639416e+01
3.138439172765940643e+00	7.202714448178254258e+01
3.144723867719826593e+00	7.210267827505003879e+01
3.151003951258561031e+00	7.225131377609818628e+01
3.157283664131563139e+00	7.215498368166298349e+01
3.163569317183839935e+00	7.233812173977537441e+01
3.169851661717792091e+00	7.235013575785859530e+01
3.176137704316093657e+00	7.248431059670528498e+01
3.182420924828643916e+00	7.250822045672992999e+01
3.188702811875577581e+00	7.260998499807041640e+01
3.194990520008989865e+00	7.267272444618613747e+01
3.201275324656983834e+00	7.275135499237879344e+01
3.207551352179861759e+00	7.282961518462981587e+01
3.213835216737041645e+00	7.300298182765708077e+01
3.220122579819103770e+00	7.295683204546267575e+01
3.226406606618656525e+00	7.286304608856623588e+01
3.232687390085645429e+00	7.258130982210809634e+01
3.238969121280456331e+00	7.246601867883303782e+01
3.245254751548589667e+00	7.233526119698710488e+01
3.251534499036136783e+00	7.212253584488597369e+01
3.257817780791052442e+00	7.198788999846891556e+01
3.264102164154097263e+00	7.190066098270261818e+01
3.270384152138468892e+00	7.183438129347122469e+01
3.276669427476867735e+00	7.165827008146342791e+01
3.282954688864507808e+00	7.149188773067685077e+01
3.289237200334947264e+00	7.149183803997665620e+01
3.295519587088236779e+00	7.127583088337064510e+01
3.301805977329951958e+00	7.117627217200623591e+01
3.308087486222440088e+00	7.097915809492856454e+01
3.314367630234227313e+00	7.082826958520882954e+01
3.320651909732194262e+00	7.073141334842858896e+01
3.326931260376857047e+00	7.059013420952423701e+01
3.333216512447217728e+00	7.050391730809006674e+01
3.339504489419978128e+00	7.042146114852842231e+01
3.345786804809928405e+00	7.039891952671656838e+01
3.352071130016277767e+00	7.017239183118388723e+01
3.358351496304225581e+00	7.013006768770473798e+01
3.364630591073392019e+00	7.005351317845544656e+01
3.370916305215045483e+00	6.996180523721932332e+01
3.377197952029413752e+00	6.984578436381910649e+01
3.383483063818085501e+00	6.977183016295983009e+01
3.389769992424469969e+00	6.970571909775308939e+01
3.396051330885982100e+00	6.950243103035673187e+01
3.402330879139463971e+00	6.942987916462678299e+01
3.408610488352048495e+00	6.924332315389533221e+01
3.414897837696641236e+00	6.914260345307231148e+01
3.421180484052105619e+00	6.916778804583168494e+01
3.427461639653846870e+00	6.906299502791026157e+01
3.433749159643459059e+00	6.893380885995969720e+01
3.440032646656798310e+00	6.882765521551871757e+01
3.446313366033385339e+00	6.853759549855992361e+01
3.452600135384134905e+00	6.869407247868944921e+01
3.458883152815406703e+00	6.860894418636085845e+01
3.465163834403715448e+00	6.842911396344756270e+01
3.471449329786229221e+00	6.838463130604884554e+01
3.477734476754053894e+00	6.827747223394962361e+01
3.484019652467224226e+00	6.823378565356986769e+01
3.490297019369712928e+00	6.816584652485725826e+01
3.496582486484379970e+00	6.799622322940091124e+01
3.502868048046865024e+00	6.803556130364756882e+01
3.509144649545451244e+00	6.788272864162483700e+01
3.515428082003116295e+00	6.793142088200181661e+01
3.521711031624695565e+00	6.779132270345927225e+01
3.527991850954735664e+00	6.768911613428907970e+01
3.534275545726699885e+00	6.760289361519201634e+01
3.540562632020772149e+00	6.754115467448471577e+01
3.546844410757220789e+00	6.749266595899989341e+01
3.553131386753758836e+00	6.755809356676272159e+01
3.559419203211965144e+00	6.738637931515299329e+01
3.565697971577579839e+00	6.732922395039737751e+01
3.571979559134798254e+00	6.721362667617607656e+01
3.578265774595833726e+00	6.724585005792700088e+01
3.584548309769353125e+00	6.707265493513675381e+01
3.590826843920031486e+00	6.696110596633086232e+01
3.597107306745233934e+00	6.702992154350258147e+01
3.603392831792229245e+00	6.701851106317511153e+01
3.609673209822572559e+00	6.688785545659017373e+01
3.615955412133016189e+00	6.689548964746678905e+01
3.622241607772384686e+00	6.668362847615993871e+01
3.628520252736676444e+00	6.672598707998912460e+01
3.634804827569451113e+00	6.668454156444704495e+01
3.641094981788862928e+00	6.666800135283213535e+01
3.647383514928639325e+00	6.644967766864458270e+01
3.653663283927725658e+00	6.659829085534991577e+01
3.659943504072155296e+00	6.648889909949660648e+01
3.666232000281138603e+00	6.641884418670862544e+01
3.672514211678317597e+00	6.645184391004553959e+01
3.678794154686042539e+00	6.635804387239667790e+01
3.685078621861909820e+00	6.628919508473897793e+01
3.691359210097977961e+00	6.626314768362571783e+01
3.697642368173791105e+00	6.624693897869705950e+01
3.703925796735277665e+00	6.627319384725643658e+01
3.710208240364660348e+00	6.614971939604286888e+01
3.716494593122387169e+00	6.613614576423309188e+01
3.722775386659595398e+00	6.611685561814574896e+01
3.729058392883481510e+00	6.609999296854788042e+01
3.735339748210807720e+00	6.613673588991326824e+01
3.741620776392969638e+00	6.602657672594779115e+01
3.747904795418762980e+00	6.607832423306572878e+01
3.754190633281219380e+00	6.610030703244282790e+01
3.760478208018912749e+00	6.604497114668198776e+01
3.766755538573464346e+00	6.603083432237180261e+01
3.773032090135151506e+00	6.585254862757790306e+01
3.779322553012896879e+00	6.591053722432747008e+01
3.785609109731308930e+00	6.600770725218785628e+01
3.791889825936295200e+00	6.597379912230513810e+01
3.798174822702435893e+00	6.594635474909544826e+01
3.804458658753491651e+00	6.592122816057758428e+01
3.810738438095723435e+00	6.587453523099267727e+01
3.817018850285747167e+00	6.595018980762725391e+01
3.823305314209427763e+00	6.595988762944222117e+01
3.829591295197792178e+00	6.591337071782582768e+01
3.835872296070849341e+00	6.597956860205461282e+01
3.842156279590906109e+00	6.586335488361994805e+01
3.848441511099312429e+00	6.584807353590798584e+01
3.854723334376886079e+00	6.600854306734416355e+01
3.861004740704794713e+00	6.596178443167323735e+01
3.867284336650660848e+00	6.593389952660206177e+01
3.873567367678779849e+00	6.603136386958225046e+01
3.879850662830422792e+00	6.593551261247709760e+01
3.886137063198143338e+00	6.589699169076905605e+01
3.892419463049126005e+00	6.606707138656233269e+01
3.898703740328622658e+00	6.605897411988790680e+01
3.904991458788179326e+00	6.607429096882189867e+01
3.911270842222104083e+00	6.613630535272193356e+01
3.917549806479573071e+00	6.606423228271026460e+01
3.923836006203090587e+00	6.611976424437700928e+01
3.930121452497870926e+00	6.624240304357668663e+01
3.936398172858230460e+00	6.623470474310806821e+01
3.942683040425962293e+00	6.638715761020793593e+01
3.948974759704379611e+00	6.629472688489052246e+01
3.955259227995065352e+00	6.642565380122400143e+01
3.961537174921395454e+00	6.637782132207011898e+01
3.967820217617139544e+00	6.652246268573314580e+01
3.974105559832568968e+00	6.661425133723520275e+01
3.980384727931198352e+00	6.662404882774093551e+01
3.986664590839849698e+00	6.648834612108208830e+01
3.992949619150675034e+00	6.669780986065480022e+01
3.999235075769965952e+00	6.676568441190377712e+01
4.005515715515433506e+00	6.688797493119939475e+01
4.011798434346478537e+00	6.690731744635984057e+01
4.018083716245132386e+00	6.699211435124729519e+01
4.024365700052603856e+00	6.708165595682106641e+01
4.030643960839860540e+00	6.712542597707528103e+01
4.036928708926215137e+00	6.710486103768462840e+01
4.043218157412017177e+00	6.704132121698202695e+01
4.049503019487663558e+00	6.730133272347710260e+01
4.055781898960511000e+00	6.744265356337241712e+01
4.062060795621602161e+00	6.752314906768251035e+01
4.068347865354716042e+00	6.760492027397781101e+01
4.074631027173265529e+00	6.746962419415027057e+01
4.080910837526078971e+00	6.772431398967802352e+01
4.087201203341442657e+00	6.790724586337037749e+01
4.093486818591942189e+00	6.778775200616412633e+01
4.099764387336505500e+00	6.806873191111843369e+01
4.106049166937662420e+00	6.820880606492760023e+01
4.112334559041358695e+00	6.823772966426882647e+01
4.118618926059533614e+00	6.823258671604793335e+01
4.124898942031112625e+00	6.840411886063409952e+01
4.131175432561665417e+00	6.842645775726131774e+01
4.137461563786142271e+00	6.846537582350846662e+01
4.143746006210170307e+00	6.875478108848683689e+01
4.150029800482964326e+00	6.882291865009010223e+01
4.156313390684649001e+00	6.894040896003970431e+01
4.162596105843763716e+00	6.913035518643550859e+01
4.168881843141768684e+00	6.914533057953711648e+01
4.175162111073220217e+00	6.948037413299455523e+01
4.181448573417560155e+00	6.939089967062423625e+01
4.187738782464171194e+00	6.960191426683759630e+01
4.194017437180169061e+00	6.968970242772863344e+01
4.200293572701767175e+00	6.973933362434028993e+01
4.206580195481546269e+00	6.991958713293828964e+01
4.212860644652220543e+00	7.005293414786937944e+01
4.219138153430114002e+00	7.034992518400432004e+01
4.225426162098283811e+00	7.034723807425399400e+01
4.231713506719782636e+00	7.062606105545415858e+01
4.237990056577191744e+00	7.061386581191193557e+01
4.244267783646744618e+00	7.072637643400591401e+01
4.250560660182562955e+00	7.110065879824020385e+01
4.256847734842668096e+00	7.125487024302429973e+01
4.263127100734456221e+00	7.149811489944373477e+01
4.269406860432507500e+00	7.166388245539189938e+01
4.275691671482192646e+00	7.166952188466640905e+01
4.281972414189518794e+00	7.187958453491987143e+01
4.288253516806755705e+00	7.190532528098037801e+01
4.294540520160492925e+00	7.214811007534787279e+01
4.300825742921731809e+00	7.227360767479244430e+01
4.307109835491901961e+00	7.250792168140125682e+01
4.313390926478413157e+00	7.269164677711205513e+01
4.319667979480563247e+00	7.270162229436434131e+01
4.325952598143786076e+00	7.308582305216461350e+01
4.332241647035422361e+00	7.317532511313174837e+01
4.338524445619096781e+00	7.342372842843433034e+01
4.344809348131129845e+00	7.344642010619334371e+01
4.351090699193166600e+00	7.369856131116013387e+01
4.357369710808320029e+00	7.388185128927962353e+01
4.363659348967174445e+00	7.405008314182404661e+01
4.369947418280990981e+00	7.408058477708991063e+01
4.376226569265827315e+00	7.443940687656878197e+01
4.382499356631129217e+00	7.460743742394139133e+01
4.388784975178015024e+00	7.454649412877905945e+01
4.395068696309480494e+00	7.477131394832920819e+01
4.401347962382031298e+00	7.501881103982272236e+01
4.407628405096517099e+00	7.528969335418479147e+01
4.413915862185140426e+00	7.543432583877832087e+01
4.420203163534264235e+00	7.563955007723009771e+01
4.426480311003382795e+00	7.543664411892748944e+01
4.432765973643649104e+00	7.593891695021814314e+01
4.439053392023870614e+00	7.591675918322069094e+01
4.445336141335588742e+00	7.619451642973733385e+01
4.451617241414883352e+00	7.620044456327785554e+01
4.457901500730311106e+00	7.635070815217778772e+01
4.464189501093017043e+00	7.666811919200389980e+01
4.470470197548729985e+00	7.654370856303938808e+01
4.476748044268524573e+00	7.685234669247127215e+01
4.483035990164653484e+00	7.662992079885287922e+01
4.489323331650528104e+00	7.684800095666331288e+01
4.495599111667934800e+00	7.691256356604354494e+01
4.501870922878794090e+00	7.674782247249208922e+01
4.508155162877705457e+00	7.692117809911715653e+01
4.514446451153479423e+00	7.674646663102433308e+01
4.520723894043856994e+00	7.704635096998974575e+01
4.527003782460155890e+00	7.672474105272043232e+01
4.533293086610313161e+00	7.662769761377896316e+01
4.539578989864040182e+00	7.656602633787319689e+01
4.545857164866476730e+00	7.649162384046786656e+01
4.552138955546025656e+00	7.638755674085427927e+01
4.558432046889146605e+00	7.639015030583118460e+01
4.564713463378488711e+00	7.608097307569433099e+01
4.570987274133244682e+00	7.638833676890544666e+01
4.577274818151045643e+00	7.610176907527905144e+01
4.583563263889338657e+00	7.587752468282164386e+01
4.589844917004465508e+00	7.592753206100795182e+01
4.596126259982004747e+00	7.577897414256995035e+01
4.602409075598298926e+00	7.596865817602615323e+01
4.608696634867644804e+00	7.611118727199577449e+01
4.614977646498861219e+00	7.620253485015099670e+01
4.621258953029527383e+00	7.615926190115403926e+01
4.627547993978874175e+00	7.609030942178854673e+01
4.633830152730579854e+00	7.633538209151579679e+01
4.640104005367354567e+00	7.649567974140059334e+01
4.646382060386754276e+00	7.648821877976698147e+01
4.652674213731970987e+00	7.659314551691994666e+01
4.658958291796220230e+00	7.685551637873830089e+01
4.665233615070169648e+00	7.681862142479745614e+01
4.671520675710307380e+00	7.687602973950927776e+01
4.677814351732177300e+00	7.703138060749178351e+01
4.684093699744638073e+00	7.696795348076872756e+01
4.690368661472568590e+00	7.727756103341619109e+01
4.696663270746453733e+00	7.767184455599712578e+01
4.702945459248681459e+00	7.756492577099743357e+01
4.709209170841929470e+00	7.763501210298811372e+01
4.715491634753063543e+00	7.788161060218763510e+01
4.721784316284933780e+00	7.762315505391305237e+01
4.728063062331094635e+00	7.821711638817679102e+01
4.734337423381671073e+00	7.836113913015512367e+01
4.740627024094544062e+00	7.837096369070796698e+01
4.746914995664547554e+00	7.848929100925131763e+01
4.753194740071086777e+00	7.841469164015083493e+01
4.759478891864783456e+00	7.896654624566586733e+01
4.765762396877359031e+00	7.886180457041911041e+01
4.772049481246195768e+00	7.929151317600354787e+01
4.778335091022592351e+00	7.892706548561227464e+01
4.784610831402393849e+00	7.963548951495930339e+01
4.790907306208476157e+00	7.963891982433737837e+01
4.797204047706418173e+00	8.015936735818256409e+01
4.803470827697504220e+00	8.042531316225684179e+01
4.809748850577324042e+00	8.008038082908559829e+01
4.816045316586602176e+00	8.072316488376678478e+01
4.822329240673497885e+00	8.054719646506558206e+01
4.828596758226470165e+00	8.116639053583304531e+01
4.834890332961369275e+00	8.150639168234461351e+01
4.841191655056394261e+00	8.148728000081861467e+01
4.847460407468000554e+00	8.193430652966732453e+01
4.853732128521334843e+00	8.242485370465702488e+01
4.860029138783373170e+00	8.233784052025673361e+01
4.866314601732018019e+00	8.265408028428178966e+01
4.872587026269203925e+00	8.327847769699411629e+01
4.878874221748241702e+00	8.304628495439106928e+01
4.885171078138658807e+00	8.377086659612845665e+01
4.891450629931857641e+00	8.408024390466690079e+01
4.897716482750221978e+00	8.402281471634418608e+01
4.904002834596266069e+00	8.404789701675535696e+01
4.910295858205786068e+00	8.435708551577810965e+01
4.916575188115905881e+00	8.450738721157604516e+01
4.922847946197084212e+00	8.527191689758500104e+01
4.929131667457151700e+00	8.526446210120415969e+01
4.935434460144239033e+00	8.618805200956482793e+01
4.941718513303545279e+00	8.635219233376373893e+01
4.947978624761803168e+00	8.658343649860830737e+01
4.954274999209829389e+00	8.686047866115373495e+01
4.960571094729937514e+00	8.765389912722658039e+01
4.966823207626954506e+00	8.800361033780293951e+01
4.973097418390337587e+00	8.746724683562470659e+01
4.979415129936382023e+00	8.853247629414038045e+01
4.985702082330368157e+00	8.900497748085625460e+01
4.991949985828016523e+00	8.992173342970282590e+01
4.998241586316924057e+00	8.968790760371992121e+01
5.004556635606089543e+00	9.001178545870979519e+01
5.010828655701208945e+00	9.019732056917671059e+01
5.017077229702536556e+00	9.085892437952533385e+01
5.023374414758113637e+00	9.149283421293132790e+01
5.029688873569548413e+00	9.168902274114614670e+01
5.035958413584124216e+00	9.241558681054326030e+01
5.042232667658486989e+00	9.265472042491242632e+01
5.048528755870775875e+00	9.311481783589779582e+01
5.054821121427484520e+00	9.479023686221054845e+01
5.061069509814582368e+00	9.435636252815378100e+01
5.067347812754101177e+00	9.450250450935722313e+01
5.073675050630431116e+00	9.492239262940276490e+01
5.079945928388977627e+00	9.580862774882278643e+01
5.086192992546071601e+00	9.638266321830643335e+01
5.092484128970163226e+00	9.752106120196312133e+01
5.098802924706086870e+00	9.813890117768025334e+01
5.105078217426394005e+00	9.872549672638578500e+01
5.111325076574067872e+00	9.891313777391415840e+01
5.117628358851224135e+00	9.933858065558749217e+01
5.123935939383525984e+00	9.944408630225807144e+01
5.130199176325612065e+00	1.009748570644920420e+02
5.136469985878846956e+00	1.021726986150513738e+02
5.142797788696348071e+00	1.020342663347637142e+02
5.149090378043822192e+00	1.031169774674896047e+02
5.155289879840074363e+00	1.036473170266616393e+02
5.161564521234301317e+00	1.043027498613210611e+02
5.167916673496016244e+00	1.046900292097909784e+02
5.174205974602950064e+00	1.053068506494228558e+02
5.180434820793812456e+00	1.067158580615121366e+02
5.186729096569634656e+00	1.075939400073450543e+02
5.193058481037780894e+00	1.082040647634934203e+02
5.199319511444338460e+00	1.085742070821331282e+02
5.205574295584361799e+00	1.104455526319547829e+02
5.211894977074066126e+00	1.100659428811866292e+02
5.218201708336958511e+00	1.105835163913895514e+02
5.224411911780083351e+00	1.132010346301889712e+02
5.230677632666463239e+00	1.121968663256201069e+02
5.237056729559757429e+00	1.153557249041573982e+02
5.243336785035660697e+00	1.148366282629487074e+02
5.249493476178225038e+00	1.150799065075224519e+02
5.255787017738318134e+00	1.173114583312865875e+02
5.262205327426889845e+00	1.184427566211658274e+02
5.268477758348532269e+00	1.184340606518028238e+02
5.274632213654732560e+00	1.201049177606058009e+02
5.280950543314659740e+00	1.216597531324425461e+02
5.287327645024750389e+00	1.221013866908052563e+02
5.293582359180156516e+00	1.231281370567396749e+02
5.299789992649893478e+00	1.249197985403431090e+02
5.306111460381987222e+00	1.260972116359269393e+02
5.312452717892129250e+00	1.251107037554735228e+02
5.318650122853046724e+00	1.270204068570169795e+02
5.324923043129819789e+00	1.287897430114381336e+02
5.331330237158205421e+00	1.294720375851455003e+02
5.337586726886338617e+00	1.281635267852132642e+02
5.343685192440848830e+00	1.327929106463216158e+02
5.350070659715249199e+00	1.324493093825892345e+02
5.356556762554878226e+00	1.323894254914533803e+02
5.362691868684501095e+00	1.365521410904511299e+02
5.368769208912516966e+00	1.375872126617055073e+02
5.375270137997677722e+00	1.377523275569452323e+02
5.381769983045385786e+00	1.379165607298789951e+02
5.387701030372958222e+00	1.403581703028355889e+02
5.393786668001271600e+00	1.449243685582490571e+02
5.400446161099396569e+00	1.447883163421136601e+02
5.406957063684501463e+00	1.469904204394426870e+02
5.412655672453426270e+00	1.486249067314302010e+02
5.418821279260546575e+00	1.472432280241309002e+02
5.425690594366304076e+00	1.509005190708545285e+02
5.432217487502165376e+00	1.555385483752928053e+02
5.437649811577258241e+00	1.535956258793453060e+02
5.443914404015878006e+00	1.577625987349107106e+02
5.450953501686320202e+00	1.604956432283458412e+02
5.457483690405861232e+00	1.556720079467356470e+02
5.462715250135157241e+00	1.653218344307274776e+02
5.469033575551323523e+00	1.656400359269091211e+02
5.476177730420278778e+00	1.652601714058447726e+02
5.482708935702562236e+00	1.740617176993074509e+02
5.487722405008360838e+00	1.656050350321504823e+02
5.494194284996126498e+00	1.666903642213840442e+02
5.501391471009256406e+00	1.786872678952846343e+02
5.507128202673079009e+00	1.833884195771174461e+02
5.512278020050448646e+00	1.729953460224063804e+02
5.519395563377015534e+00	1.941833483237047062e+02
5.526598678609708770e+00	1.860275831573593450e+02
5.532162682462509196e+00	1.855539285556648395e+02
5.537397124017139127e+00	1.949046253674171112e+02
5.544582756485218589e+00	1.913968346356202801e+02
5.551739327507637434e+00	1.925218712631191806e+02
5.557493306674907707e+00	2.343434131198486057e+02
5.562281709102816940e+00	1.665161074135133106e+02
5.569272720323164449e+00	1.067585642843780391e+02
