8.899641224696953554e-03	6.181478959386962742e+03
1.507912216506557788e-02	1.213791530667795814e+04
2.144790186456836667e-02	1.265152950118789704e+04
2.783660776489276650e-02	1.347374725142256466e+04
3.435099785803411021e-02	1.254780066154057204e+04
4.047886761425745911e-02	1.079828969637116643e+04
4.676716683575679601e-02	1.045626374556141309e+04
5.308225101765951665e-02	9.348323239436145741e+03
5.945362440940590160e-02	7.994823278130562358e+03
6.576224814588792211e-02	8.039188435931818276e+03
7.196632906698736953e-02	7.361892929553473550e+03
7.827860915688347743e-02	6.679243992602359867e+03
8.470398945834539672e-02	5.817708350645097198e+03
9.096854620527369817e-02	5.488954958334525145e+03
9.720789776830213169e-02	4.936133564176718210e+03
1.034763038959366499e-01	4.852873982933137086e+03
1.097576444254559219e-01	4.500557646008868687e+03
1.160543084780093354e-01	4.208703113159272107e+03
1.223669666537485351e-01	3.996652876656162334e+03
1.286817263090294094e-01	3.763416544731036083e+03
1.349500801664080818e-01	3.661866337089554690e+03
1.411949558842147678e-01	3.513446949464595036e+03
1.475133575747468451e-01	3.156531945645956057e+03
1.537865074252268427e-01	2.962868822899879433e+03
1.600657544051110326e-01	2.837953355970639677e+03
1.663991168687080635e-01	2.669025228351376427e+03
1.727195645776442856e-01	2.583068271837512839e+03
1.789765213377084718e-01	2.477430665467969902e+03
1.852353690647852158e-01	2.434174070584479068e+03
1.914806787341157279e-01	2.299178113970366667e+03
1.977889868651535599e-01	2.244423178541861489e+03
2.040937735447724277e-01	2.102312440840449199e+03
2.103939302609846018e-01	2.025476485764096196e+03
2.166909709822301688e-01	1.957694101060734056e+03
2.229700281216152047e-01	1.891146802728613466e+03
2.292620027086341994e-01	1.814254847818656117e+03
2.355141508366812297e-01	1.784556281442778527e+03
2.417910583817859116e-01	1.722624397580993673e+03
2.480856539439619257e-01	1.660441416664170447e+03
2.543492256872954549e-01	1.611229682473202956e+03
2.606334251884805386e-01	1.592102012129999366e+03
2.669257370896960802e-01	1.562688979305058410e+03
2.732423343141155980e-01	1.474534977507582198e+03
2.795529680084415936e-01	1.436731980419356205e+03
2.858366292314493129e-01	1.425715160743315209e+03
2.920876271394311496e-01	1.361819806685048889e+03
2.983449844439822751e-01	1.317540852726666117e+03
3.046382639407197446e-01	1.317962469232965759e+03
3.109279127003197196e-01	1.285779213944089179e+03
3.172168171618398036e-01	1.250217619426336114e+03
3.235187567944423082e-01	1.230204224006439290e+03
3.298168217550395687e-01	1.202491091021653347e+03
3.361176429457156667e-01	1.187697658715557509e+03
3.423700375709273769e-01	1.156468399573424222e+03
3.486478192666269682e-01	1.126626725344999841e+03
3.549411614411318028e-01	1.089978858357603258e+03
3.611916935421040642e-01	1.078314055932339670e+03
3.674767089563572564e-01	1.064330029616951833e+03
3.737647795277591056e-01	1.043082224952671140e+03
3.800654031475132477e-01	1.027790150998702075e+03
3.863539861259823738e-01	9.965831413467277571e+02
3.926140181364449755e-01	9.966734632360504520e+02
3.989264500321934581e-01	9.731080994045094030e+02
4.052073244576828714e-01	9.561348371725133575e+02
4.114916477570477182e-01	9.373247554364601228e+02
4.177814272116491257e-01	9.382175889514604705e+02
4.240400648725131116e-01	9.123014133511638875e+02
4.303425690270192283e-01	9.041046859284683705e+02
4.366358560255625965e-01	8.976849080825589908e+02
4.428996183220763605e-01	8.780624852211301459e+02
4.491634418529859563e-01	8.644989314315599813e+02
4.554414146254732731e-01	8.503423669098631308e+02
4.617634470301058558e-01	8.425588294576003818e+02
4.680644242023710433e-01	8.299346775848271136e+02
4.743485242764365895e-01	8.172403948710082204e+02
4.806356136815400082e-01	8.131926197050231622e+02
4.869019258388697646e-01	7.897109323299539483e+02
4.931697099599955947e-01	7.838195140026355148e+02
4.994506747144535908e-01	7.778109688272039648e+02
5.057159051335421429e-01	7.664281663862838059e+02
5.119923996268095356e-01	7.590876261682356017e+02
5.183126097768406826e-01	7.545495826025156703e+02
5.246089638029100000e-01	7.430186963671152398e+02
5.308757308483337267e-01	7.321219932374791597e+02
5.371573527946726934e-01	7.271631992800414537e+02
5.434579563783791256e-01	7.260413155064030661e+02
5.497430652392217842e-01	7.131504560446505820e+02
5.559937427501778773e-01	7.061840983407565773e+02
5.622854676609657654e-01	6.976382171862653649e+02
5.686011537227265711e-01	6.865079972056435054e+02
5.748804589422079614e-01	6.854444498900813869e+02
5.811550210340560296e-01	6.791727580609424422e+02
5.874394496660968468e-01	6.731058290387787792e+02
5.937176220296899176e-01	6.687928720169051076e+02
5.999971954793682505e-01	6.529694991873185472e+02
6.062679115124277596e-01	6.494773321007291997e+02
6.125469576444534381e-01	6.417390092502187144e+02
6.188477733041515272e-01	6.406277285859324593e+02
6.251310567437898813e-01	6.301306531538318723e+02
6.314027450383210560e-01	6.293006849684541066e+02
6.377003562732055375e-01	6.263031922469372148e+02
6.439857783314556494e-01	6.204583928635641996e+02
6.502685417166111925e-01	6.077300080981757446e+02
6.565586117699038216e-01	6.033632638254011908e+02
6.628369282359254377e-01	6.009346309734738725e+02
6.691185444962194362e-01	5.952900117596617520e+02
6.754070198575605755e-01	5.920942866702964693e+02
6.816835514593204692e-01	5.864718358105180869e+02
6.879592533861698112e-01	5.820244728224270148e+02
6.942344317039531587e-01	5.768245483838236396e+02
7.005175402434737908e-01	5.713224855537980602e+02
7.068124956608716758e-01	5.709914121177637298e+02
7.131019009674921527e-01	5.672422862384705695e+02
7.193918251171427247e-01	5.597373588260920769e+02
7.256833807598113140e-01	5.530208807484935960e+02
7.319652682709349989e-01	5.504300048691558231e+02
7.382507990484923344e-01	5.493770854844578935e+02
7.445265842115937893e-01	5.434777323090444270e+02
7.507871101942712455e-01	5.411230930000654098e+02
7.570758465316046459e-01	5.357700671872160001e+02
7.633641233600957365e-01	5.319668842658230687e+02
7.696462959862266917e-01	5.266287220371083322e+02
7.759394865175414102e-01	5.251132226774983565e+02
7.822329141989586843e-01	5.179246964165120062e+02
7.885314936520240181e-01	5.147140459783195183e+02
7.947896566979522071e-01	5.122676691188310087e+02
8.010491096592354809e-01	5.090413302554551933e+02
8.073364061727361651e-01	5.062534628697490007e+02
8.136229488373866170e-01	5.004954426682196527e+02
8.199152998961036776e-01	4.992353570048961160e+02
8.261952636392789762e-01	4.960838334702117436e+02
8.324897070080405914e-01	4.929125785047775139e+02
8.387959309210778480e-01	4.895096842962627193e+02
8.450634639703045181e-01	4.870388551955077787e+02
8.513282867562648182e-01	4.804690826210834871e+02
8.576198263902009566e-01	4.783595682059982437e+02
8.639058477062415697e-01	4.777969817226054374e+02
8.701838745487597837e-01	4.733911779576520189e+02
8.764641096075268534e-01	4.712131710276042327e+02
8.827503873399735745e-01	4.671933118934527442e+02
8.890332768393869323e-01	4.640896231516233001e+02
8.953084247113127780e-01	4.622789097427191791e+02
9.015956521667095602e-01	4.584247495768674980e+02
9.078833328094829680e-01	4.565916606777665834e+02
9.141744106319863450e-01	4.524074945819227764e+02
9.204630817717615043e-01	4.504800172229433883e+02
9.267434415264711456e-01	4.467905311270939706e+02
9.330324197354928906e-01	4.449653241230611798e+02
9.393265785573878812e-01	4.423362319749002722e+02
9.455974810398196650e-01	4.375648690569981909e+02
9.518660018545171964e-01	4.367176193383211853e+02
9.581413255531838757e-01	4.353159614159947068e+02
9.644350945109106954e-01	4.319372953726200421e+02
9.707355633568249820e-01	4.289013355065263227e+02
9.770080768450029041e-01	4.266803929039671743e+02
9.832823325363413414e-01	4.233848519362113052e+02
9.895569691966674686e-01	4.224616394389982474e+02
9.958456301921106979e-01	4.205892542964741097e+02
1.002136210743837408e+00	4.166346007164996195e+02
1.008404825335135424e+00	4.145104182691017627e+02
1.014694149836243398e+00	4.125331604581007241e+02
1.020992555437297167e+00	4.101838232809959663e+02
1.027273980437394485e+00	4.056917412511313614e+02
1.033559181896017254e+00	4.050892657233555383e+02
1.039847557392594934e+00	4.044920620946827512e+02
1.046126974943305088e+00	4.012760651370372784e+02
1.052403436811028659e+00	3.989784199243949274e+02
1.058680704651608684e+00	3.964822142613207916e+02
1.064964333065789193e+00	3.942330476243167823e+02
1.071256777440835473e+00	3.923326669165281260e+02
1.077544048801078125e+00	3.898186263743818927e+02
1.083824820188043603e+00	3.876244894000560066e+02
1.090108023942816695e+00	3.854229580173590080e+02
1.096389665956643222e+00	3.829177755361463369e+02
1.102681132058841440e+00	3.806480501813892943e+02
1.108963047594879958e+00	3.780032276276634207e+02
1.115225428463759272e+00	3.762607860453024955e+02
1.121502127614767863e+00	3.755398092176537830e+02
1.127792573824792033e+00	3.742218417960988859e+02
1.134089552668382961e+00	3.728494418855368053e+02
1.140364049650405942e+00	3.676339213591733710e+02
1.146639180320979445e+00	3.684456242669231756e+02
1.152942412991649901e+00	3.655270548399652739e+02
1.159228906751078814e+00	3.629770913950055728e+02
1.165508721887268173e+00	3.626337390517603581e+02
1.171793076256210320e+00	3.597308256164002955e+02
1.178087436369658958e+00	3.582432760196057302e+02
1.184367654251526902e+00	3.583017415041123286e+02
1.190634642299266632e+00	3.535936203249092955e+02
1.196912208834400859e+00	3.533943787310098514e+02
1.203201577354146234e+00	3.507923685930957731e+02
1.209486844441705733e+00	3.500058073193479800e+02
1.215763902074809888e+00	3.473607624887235374e+02
1.222049755171146668e+00	3.458184556125979157e+02
1.228340616621486969e+00	3.441370875826683573e+02
1.234632986576932767e+00	3.414423490248895519e+02
1.240902247176856488e+00	3.417753211484128997e+02
1.247174839144687519e+00	3.377263665459327058e+02
1.253465459933442272e+00	3.375298464140220176e+02
1.259749951892178421e+00	3.355290403859601156e+02
1.266032143127253873e+00	3.335139783618605520e+02
1.272316288472006507e+00	3.319942846545227439e+02
1.278604155058621350e+00	3.312066771303504993e+02
1.284886588933593865e+00	3.294051683906791936e+02
1.291175420066583257e+00	3.264368967583681069e+02
1.297465726373772332e+00	3.264363912935988878e+02
1.303741827011944299e+00	3.238232599763911708e+02
1.310017322922761851e+00	3.228143952992444952e+02
1.316301447662886703e+00	3.214064756402098055e+02
1.322586760363303249e+00	3.179587257745963029e+02
1.328865492452874664e+00	3.165490384003022086e+02
1.335144804954555564e+00	3.167763395841942611e+02
1.341440516272275119e+00	3.147229691333748178e+02
1.347730868417094552e+00	3.141916634133919501e+02
1.354001589994877630e+00	3.122119285360066101e+02
1.360282609297778444e+00	3.105127908626923841e+02
1.366565686457597906e+00	3.086768652804011026e+02
1.372851498482432708e+00	3.063657370546920333e+02
1.379135372929401804e+00	3.066742640830843811e+02
1.385409567149057164e+00	3.047094848355568502e+02
1.391698641219299315e+00	3.037064890697270698e+02
1.397984451439470810e+00	3.012403098811080326e+02
1.404267883409181961e+00	3.001897023399487807e+02
1.410554779484869181e+00	2.983312452929317260e+02
1.416837833547465397e+00	2.977091283034781100e+02
1.423118177187137068e+00	2.970303258904499444e+02
1.429397801164240089e+00	2.933117210175692549e+02
1.435686921822787232e+00	2.931730286959185605e+02
1.441977121769299597e+00	2.920652383816780571e+02
1.448253667853332427e+00	2.911856594363067643e+02
1.454532348972172651e+00	2.893880746839576545e+02
1.460819319151879903e+00	2.877676067957841610e+02
1.467110364402026468e+00	2.863788827805666415e+02
1.473392908948962132e+00	2.852935567903562628e+02
1.479669965243598950e+00	2.833043757963106941e+02
1.485956144602843532e+00	2.824937525883902367e+02
1.492233610763115115e+00	2.799208837080455510e+02
1.498502470379980078e+00	2.793104625443996838e+02
1.504785752051182701e+00	2.781611833775635887e+02
1.511075991894575976e+00	2.773286221521038897e+02
1.517361634985162189e+00	2.750800716835873345e+02
1.523648570969130533e+00	2.752621097881946071e+02
1.529938035715892264e+00	2.734182071316241718e+02
1.536230176913891965e+00	2.720143251521355410e+02
1.542510718779388279e+00	2.713060364787314143e+02
1.548783963082980275e+00	2.696620329353731904e+02
1.555073069779651318e+00	2.684639895650036578e+02
1.561357324927233892e+00	2.671439908672933825e+02
1.567629121053141006e+00	2.660649032416370119e+02
1.573913697404382583e+00	2.643836017846106756e+02
1.580203545230874029e+00	2.639866096087265532e+02
1.586485393434537983e+00	2.625198373763244604e+02
1.592760014263005841e+00	2.607726413169869488e+02
1.599046436394670812e+00	2.601467154744955792e+02
1.605342136637478934e+00	2.583322940663776990e+02
1.611619860919608627e+00	2.573791785437493900e+02
1.617897597081673799e+00	2.574289871421732983e+02
1.624183235481122756e+00	2.555874685811477320e+02
1.630464598531913722e+00	2.540078157605551041e+02
1.636748985747638274e+00	2.529871636590027606e+02
1.643030923698886259e+00	2.517053069904441998e+02
1.649309176648513064e+00	2.502540182306073859e+02
1.655593633940351861e+00	2.502252107658369198e+02
1.661879571405086464e+00	2.480930710873902001e+02
1.668169361685170271e+00	2.470051344961731274e+02
1.674450151530487485e+00	2.464722636477125945e+02
1.680722718978495900e+00	2.449921740910632195e+02
1.687013891340952476e+00	2.448186482812605789e+02
1.693308984907921033e+00	2.433168768764972469e+02
1.699582147428448486e+00	2.419074082963092849e+02
1.705863747055134105e+00	2.411869075019748152e+02
1.712154434283889470e+00	2.403718780688526806e+02
1.718438381579399321e+00	2.396378208867841124e+02
1.724721264464063930e+00	2.381165917300178592e+02
1.730997441276920679e+00	2.372139166779123229e+02
1.737287073528269499e+00	2.363045231629419050e+02
1.743567991878527401e+00	2.348117817244565799e+02
1.749840680212231048e+00	2.336918500209592651e+02
1.756128549091961144e+00	2.331129009822331568e+02
1.762413535324792502e+00	2.321435768567228592e+02
1.768696187669963837e+00	2.307287477192721781e+02
1.774979359379055266e+00	2.302684631920635638e+02
1.781265555576432957e+00	2.290695125651007515e+02
1.787549427830244619e+00	2.281911246576557346e+02
1.793834120011633004e+00	2.274324098856255318e+02
1.800115051552487300e+00	2.264372719564303793e+02
1.806393904854530330e+00	2.255983719659222118e+02
1.812674089667083432e+00	2.245217133861715979e+02
1.818956920109354058e+00	2.229970717501784065e+02
1.825244164118212220e+00	2.222860646193007028e+02
1.831527256642196955e+00	2.212391694289138684e+02
1.837811294935716599e+00	2.198240917865864787e+02
1.844100717411196744e+00	2.191582004797526508e+02
1.850384816792487230e+00	2.189222604854375334e+02
1.856666059735203822e+00	2.175211023930475562e+02
1.862947728675613979e+00	2.166533021290887859e+02
1.869229324466858078e+00	2.160819332677312445e+02
1.875517616802973686e+00	2.153170847941586601e+02
1.881800769033795229e+00	2.136561534243883216e+02
1.888078863416442710e+00	2.129195535746235066e+02
1.894353975182237582e+00	2.123104516703531317e+02
1.900642716154182565e+00	2.112074378108038957e+02
1.906933494748685121e+00	2.104437943724136915e+02
1.913207568676573933e+00	2.093130955630771268e+02
1.919490884732178992e+00	2.085367557165472476e+02
1.925776855684274480e+00	2.080215969693936131e+02
1.932064452961978152e+00	2.072331142933496722e+02
1.938342610030488800e+00	2.059864090520160858e+02
1.944618341543410178e+00	2.054630051492412122e+02
1.950906260203513876e+00	2.046992598841968061e+02
1.957194556613796488e+00	2.043971816156829391e+02
1.963479614559011432e+00	2.030833184775354141e+02
1.969760361532916226e+00	2.024487077000120792e+02
1.976048367034604736e+00	2.013800957295632656e+02
1.982337990217652335e+00	2.004536402950058971e+02
1.988617489259562721e+00	1.997165963517400087e+02
1.994896320665194178e+00	1.990824125695286000e+02
2.001179596222827151e+00	1.981087230035546725e+02
2.007459756923499761e+00	1.974637666873538819e+02
2.013737397779169935e+00	1.963912741846267238e+02
2.020017234677497164e+00	1.961709028373892636e+02
2.026310251015072783e+00	1.951408141693520406e+02
2.032600542948020284e+00	1.946164240955442040e+02
2.038873863192099289e+00	1.931553720878916067e+02
2.045154087821675404e+00	1.925734717255194823e+02
2.051444704514288730e+00	1.921139525020280416e+02
2.057730430280644729e+00	1.912495422506682985e+02
2.064013940455224461e+00	1.909358551899419183e+02
2.070299891179459895e+00	1.896591746195205133e+02
2.076589719964883951e+00	1.887931833049651686e+02
2.082865483794470673e+00	1.883980760859239751e+02
2.089134494859368640e+00	1.877340788788202133e+02
2.095424211360070288e+00	1.868652843444250777e+02
2.101707116664804254e+00	1.861576564983544699e+02
2.107986473933564309e+00	1.855511508839273063e+02
2.114271806543862375e+00	1.846415656640155021e+02
2.120552717288892275e+00	1.840496198447312679e+02
2.126836933207161717e+00	1.833319835822966013e+02
2.133122044791171845e+00	1.828948688672499259e+02
2.139411711910842673e+00	1.819447201024804599e+02
2.145697076775292089e+00	1.813128986720112152e+02
2.151973548606471276e+00	1.809090199006730018e+02
2.158259913555724108e+00	1.795675232314002301e+02
2.164545396699105506e+00	1.794473182179850994e+02
2.170830700377734068e+00	1.783242248490235511e+02
2.177114138849150393e+00	1.778296848541895372e+02
2.183387647576827018e+00	1.770734737518320401e+02
2.189670273687676971e+00	1.766297051951200103e+02
2.195960147934207463e+00	1.756888425662364455e+02
2.202242556317716371e+00	1.751348999303031349e+02
2.208521655981037668e+00	1.748768467093003665e+02
2.214804637081333016e+00	1.741025175050124290e+02
2.221092583349425276e+00	1.733299716443434306e+02
2.227372893591468728e+00	1.728398445219669668e+02
2.233657161144248171e+00	1.719693677026384933e+02
2.239943485394438660e+00	1.715542792589073144e+02
2.246224175264620815e+00	1.707719031026378218e+02
2.252506378421252009e+00	1.703038625101427215e+02
2.258783417054270437e+00	1.693861194588179160e+02
2.265069077371457684e+00	1.691141231737062753e+02
2.271350377044131452e+00	1.684041156743393515e+02
2.277633995145353918e+00	1.678562911091239869e+02
2.283922419579920149e+00	1.670198420495121354e+02
2.290202874392252674e+00	1.668139577792917407e+02
2.296490779970905560e+00	1.660477518863078501e+02
2.302771769934229162e+00	1.654592897787988761e+02
2.309051364164305564e+00	1.650076968123442214e+02
2.315338502539088239e+00	1.641843456124817919e+02
2.321627336503874428e+00	1.637521193455297635e+02
2.327911878297218795e+00	1.631349371223641924e+02
2.334186238580297168e+00	1.626950852258648013e+02
2.340467971862688401e+00	1.621424012200867537e+02
2.346756940970738725e+00	1.613621547758027361e+02
2.353044444556199988e+00	1.606721803140302143e+02
2.359327653314069906e+00	1.602891742887242117e+02
2.365603048789861607e+00	1.599780033997127759e+02
2.371885911737665165e+00	1.593641928175244118e+02
2.378173303594019572e+00	1.587121638022566117e+02
2.384454016539381271e+00	1.582129558313074256e+02
2.390736447344785187e+00	1.579395122994362737e+02
2.397014133897952259e+00	1.571992887002583927e+02
2.403295490074321972e+00	1.568257467906137208e+02
2.409585049672506862e+00	1.562596946339255624e+02
2.415871703165322071e+00	1.556544308317880052e+02
2.422160652369088840e+00	1.551160602515509765e+02
2.428440167222748691e+00	1.546015001216834435e+02
2.434717472383889803e+00	1.540819310238617277e+02
2.441002456202044257e+00	1.537632761097752336e+02
2.447289980304530488e+00	1.534723093738409148e+02
2.453571844729242279e+00	1.527556955905968721e+02
2.459852705114058846e+00	1.521630913488625083e+02
2.466139233225018934e+00	1.518137756760843615e+02
2.472421963421291391e+00	1.514361084216363054e+02
2.478698519174224568e+00	1.504124186486129702e+02
2.484980841400355800e+00	1.502566386332854051e+02
2.491269319409339822e+00	1.497858854574591874e+02
2.497548505139029373e+00	1.493118079503794888e+02
2.503831667172610853e+00	1.489436511735862894e+02
2.510117938323931153e+00	1.481956663850881455e+02
2.516400733681277480e+00	1.480526409924701454e+02
2.522688226833368130e+00	1.477314976095445616e+02
2.528971695852665569e+00	1.473676174457213790e+02
2.535252039407670299e+00	1.467934555717397416e+02
2.541537514142774512e+00	1.462144734479297199e+02
2.547823008847572179e+00	1.458781206343227552e+02
2.554100666580690238e+00	1.454051931011660201e+02
2.560376788884177301e+00	1.448835165056715937e+02
2.566667521601497359e+00	1.446466581529681434e+02
2.572955062237090473e+00	1.441347025592924069e+02
2.579233771797999175e+00	1.437601650428881612e+02
2.585520164300948220e+00	1.432844257221541397e+02
2.591805130332431872e+00	1.426480937152245474e+02
2.598084074692260881e+00	1.427926396119943036e+02
2.604360404197643586e+00	1.420029862488829053e+02
2.610647185140439142e+00	1.415151201551636859e+02
2.616931864059273138e+00	1.414308914168094873e+02
2.623206107911065565e+00	1.412272530244281938e+02
2.629491626543270844e+00	1.405567173750534096e+02
2.635778507982642349e+00	1.403844668329830370e+02
2.642061039325260818e+00	1.395526799870928016e+02
2.648343840729305843e+00	1.395423001640579912e+02
2.654631838974855551e+00	1.390582391354712968e+02
2.660919001246303761e+00	1.389468900827683342e+02
2.667198525130066056e+00	1.385307674506399565e+02
2.673484307038032526e+00	1.382186245580980994e+02
2.679773388053849459e+00	1.379323378424766418e+02
2.686058217632288692e+00	1.371939660730310209e+02
2.692338738200057868e+00	1.371164434709222348e+02
2.698618022887226964e+00	1.368307871944173542e+02
2.704895450708277860e+00	1.362217364816939664e+02
2.711175674923682166e+00	1.359934860584281182e+02
2.717459832966957922e+00	1.356971513049900580e+02
2.723745731959044569e+00	1.353629952209298892e+02
2.730038414850594730e+00	1.352818629476640240e+02
2.736317989800789441e+00	1.349312650631042914e+02
2.742591858549239703e+00	1.346424179126568959e+02
2.748879749010778362e+00	1.341009288617730988e+02
2.755163403825859447e+00	1.338686197543512719e+02
2.761446955625852073e+00	1.338902031879077299e+02
2.767732088935374701e+00	1.333023397541179520e+02
2.774015452421743966e+00	1.331278228333657125e+02
2.780298635700591436e+00	1.327961220546077357e+02
2.786577474762241380e+00	1.326952549302883142e+02
2.792857983210164541e+00	1.322609384203768457e+02
2.799143790920211483e+00	1.320066461483929743e+02
2.805430058399325244e+00	1.318215159416243694e+02
2.811715058209780072e+00	1.314602607208317409e+02
2.817989272498773623e+00	1.313170200924229221e+02
2.824269171595737760e+00	1.313184222236515382e+02
2.830563016441804081e+00	1.308585515144286546e+02
2.836848750951622034e+00	1.307408290204170100e+02
2.843130027866129783e+00	1.305106946205009422e+02
2.849413896912404986e+00	1.301193860704187841e+02
2.855697464522425566e+00	1.299020737867816422e+02
2.861978799810683594e+00	1.297521937747933123e+02
2.868262469415629567e+00	1.295328046165228386e+02
2.874547359206753860e+00	1.291992428526703520e+02
2.880831111471525041e+00	1.289933158221474230e+02
2.887113216972382546e+00	1.288328890114774765e+02
2.893394504725182781e+00	1.287021415329896854e+02
2.899673662137033592e+00	1.285197994741134835e+02
2.905953958587380814e+00	1.284627853329505172e+02
2.912241118105161064e+00	1.283219587443778096e+02
2.918525996366671205e+00	1.280364503853014924e+02
2.924809035425688819e+00	1.279282068611981771e+02
2.931095916293684933e+00	1.277657910028702446e+02
2.937378182606774413e+00	1.273576492352670186e+02
2.943659980254369923e+00	1.274751812873599874e+02
2.949946454403890250e+00	1.273037806044661693e+02
2.956227653702202307e+00	1.270505542559956069e+02
2.962510478867462993e+00	1.269996068782026839e+02
2.968796535179442309e+00	1.269098951598383991e+02
2.975077657376874907e+00	1.265248688274734263e+02
2.981359866759223376e+00	1.266996874895777552e+02
2.987646761575656562e+00	1.265709838404870169e+02
2.993929038370399365e+00	1.266383268327980716e+02
3.000206214840962726e+00	1.262066272347186953e+02
3.006486172402415669e+00	1.263650018496923195e+02
3.012769812211594456e+00	1.259294664661078684e+02
3.019053144326170113e+00	1.259588696883331664e+02
3.025337405144251424e+00	1.260267855067957044e+02
3.031623734799107961e+00	1.259865332634484503e+02
3.037908962055872575e+00	1.258926826828146801e+02
3.044195067146031608e+00	1.259809761380963522e+02
3.050475543482170426e+00	1.257627398410864288e+02
3.056754954538277502e+00	1.258518205505935299e+02
3.063040539557494668e+00	1.256681888557984479e+02
3.069323699454357346e+00	1.256200017900798400e+02
3.075610692642898769e+00	1.256483224380818342e+02
3.081893798009918584e+00	1.256894781253823368e+02
3.088174549548037717e+00	1.256914422246654226e+02
3.094458635632868493e+00	1.255710256557251796e+02
3.100743982931558840e+00	1.257259000926790122e+02
3.107028111748448396e+00	1.256017039755686824e+02
3.113309299655494300e+00	1.256533281931108519e+02
3.119590662867241626e+00	1.258509205110734541e+02
3.125874006820172912e+00	1.257152685520761537e+02
3.132159251154602586e+00	1.259206096744260748e+02
3.138439172765940643e+00	1.258781391886922734e+02
3.144723867719826593e+00	1.257443323797193386e+02
3.151003951258561031e+00	1.260623957162779334e+02
3.157283664131563139e+00	1.260055246063952410e+02
3.163569317183839935e+00	1.262596885554182222e+02
3.169851661717792091e+00	1.261845946753014118e+02
3.176137704316093657e+00	1.264099691783132187e+02
3.182420924828643916e+00	1.264477680586328603e+02
3.188702811875577581e+00	1.266781123359525338e+02
3.194990520008989865e+00	1.266766269104538907e+02
3.201275324656983834e+00	1.266838869823598372e+02
3.207551352179861759e+00	1.268887597627343666e+02
3.213835216737041645e+00	1.270306909028884803e+02
3.220122579819103770e+00	1.270844219150082353e+02
3.226406606618656525e+00	1.267777854849084065e+02
3.232687390085645429e+00	1.265061428360579612e+02
3.238969121280456331e+00	1.262336963441938167e+02
3.245254751548589667e+00	1.260565449905323590e+02
3.251534499036136783e+00	1.258857727145036165e+02
3.257817780791052442e+00	1.255224261600731239e+02
3.264102164154097263e+00	1.252755993144714211e+02
3.270384152138468892e+00	1.250164227769222975e+02
3.276669427476867735e+00	1.247266265927475644e+02
3.282954688864507808e+00	1.246013581845278964e+02
3.289237200334947264e+00	1.243039582291645786e+02
3.295519587088236779e+00	1.240578791225594131e+02
3.301805977329951958e+00	1.238252257110222274e+02
3.308087486222440088e+00	1.237741180346408072e+02
3.314367630234227313e+00	1.231785346905726186e+02
3.320651909732194262e+00	1.230698694710894472e+02
3.326931260376857047e+00	1.226933811314922025e+02
3.333216512447217728e+00	1.228676382101128155e+02
3.339504489419978128e+00	1.225024718771291248e+02
3.345786804809928405e+00	1.223211630946945832e+02
3.352071130016277767e+00	1.221117214648105715e+02
3.358351496304225581e+00	1.219044454503939647e+02
3.364630591073392019e+00	1.218539336408934730e+02
3.370916305215045483e+00	1.213389724735520616e+02
3.377197952029413752e+00	1.212327045263641168e+02
3.383483063818085501e+00	1.210428950452820658e+02
3.389769992424469969e+00	1.209208951481924004e+02
3.396051330885982100e+00	1.206926777657825056e+02
3.402330879139463971e+00	1.204240694038732613e+02
3.408610488352048495e+00	1.204858216255103969e+02
3.414897837696641236e+00	1.200559908916981016e+02
3.421180484052105619e+00	1.199375361348975559e+02
3.427461639653846870e+00	1.197781894109007084e+02
3.433749159643459059e+00	1.195494490918062098e+02
3.440032646656798310e+00	1.193564154974819331e+02
3.446313366033385339e+00	1.191481106194596578e+02
3.452600135384134905e+00	1.190096158932098973e+02
3.458883152815406703e+00	1.187692341191357457e+02
3.465163834403715448e+00	1.185426289360027852e+02
3.471449329786229221e+00	1.182587971578860646e+02
3.477734476754053894e+00	1.181959318337733720e+02
3.484019652467224226e+00	1.177935363684984225e+02
3.490297019369712928e+00	1.177270238193236480e+02
3.496582486484379970e+00	1.176787112855303548e+02
3.502868048046865024e+00	1.175488563332382768e+02
3.509144649545451244e+00	1.172566714233383323e+02
3.515428082003116295e+00	1.172762373210223501e+02
3.521711031624695565e+00	1.170054243229739086e+02
3.527991850954735664e+00	1.169395476905783511e+02
3.534275545726699885e+00	1.169210600406149467e+02
3.540562632020772149e+00	1.165630624786141425e+02
3.546844410757220789e+00	1.164593827757217781e+02
3.553131386753758836e+00	1.163257232152183178e+02
3.559419203211965144e+00	1.162916056820242545e+02
3.565697971577579839e+00	1.160189842715766133e+02
3.571979559134798254e+00	1.159847616951666822e+02
3.578265774595833726e+00	1.159181960878380266e+02
3.584548309769353125e+00	1.155819835986452944e+02
3.590826843920031486e+00	1.156731342931048232e+02
3.597107306745233934e+00	1.154426637998767120e+02
3.603392831792229245e+00	1.153918558462069512e+02
3.609673209822572559e+00	1.151045126653576602e+02
3.615955412133016189e+00	1.152097084844648691e+02
3.622241607772384686e+00	1.150454892145380512e+02
3.628520252736676444e+00	1.146903784676321862e+02
3.634804827569451113e+00	1.147644712945925107e+02
3.641094981788862928e+00	1.145298307126995212e+02
3.647383514928639325e+00	1.145423036730946080e+02
3.653663283927725658e+00	1.144236956669365952e+02
3.659943504072155296e+00	1.142618854757720470e+02
3.666232000281138603e+00	1.141779324780555243e+02
3.672514211678317597e+00	1.140886163281958972e+02
3.678794154686042539e+00	1.139299178896466742e+02
3.685078621861909820e+00	1.138288637809012016e+02
3.691359210097977961e+00	1.138381315140972561e+02
3.697642368173791105e+00	1.136764219603790877e+02
3.703925796735277665e+00	1.135945049649705538e+02
3.710208240364660348e+00	1.135985211575393947e+02
3.716494593122387169e+00	1.135427193271317918e+02
3.722775386659595398e+00	1.132563924713367811e+02
3.729058392883481510e+00	1.133143973368464259e+02
3.735339748210807720e+00	1.130739760179991009e+02
3.741620776392969638e+00	1.132789601644996935e+02
3.747904795418762980e+00	1.132737126021761185e+02
3.754190633281219380e+00	1.131370549059951998e+02
3.760478208018912749e+00	1.129615011823983792e+02
3.766755538573464346e+00	1.129738641893769540e+02
3.773032090135151506e+00	1.130086896836687202e+02
3.779322553012896879e+00	1.129121004562638859e+02
3.785609109731308930e+00	1.128497436412270218e+02
3.791889825936295200e+00	1.127319655726870167e+02
3.798174822702435893e+00	1.125420774741126451e+02
3.804458658753491651e+00	1.125313469558880968e+02
3.810738438095723435e+00	1.124964618452553395e+02
3.817018850285747167e+00	1.125769791156251074e+02
3.823305314209427763e+00	1.125655458450811324e+02
3.829591295197792178e+00	1.128473709630588502e+02
3.835872296070849341e+00	1.123236648474224353e+02
3.842156279590906109e+00	1.125721664933551267e+02
3.848441511099312429e+00	1.127512123152183818e+02
3.854723334376886079e+00	1.123847655010666955e+02
3.861004740704794713e+00	1.125189072025266626e+02
3.867284336650660848e+00	1.123968022514546874e+02
3.873567367678779849e+00	1.124396406954102900e+02
3.879850662830422792e+00	1.123768897984423489e+02
3.886137063198143338e+00	1.126174439413477728e+02
3.892419463049126005e+00	1.125459007577223360e+02
3.898703740328622658e+00	1.126540579215974418e+02
3.904991458788179326e+00	1.123760704813598892e+02
3.911270842222104083e+00	1.126110471515273588e+02
3.917549806479573071e+00	1.126123525797993210e+02
3.923836006203090587e+00	1.125656034740042628e+02
3.930121452497870926e+00	1.125121649568121569e+02
3.936398172858230460e+00	1.124576613066485038e+02
3.942683040425962293e+00	1.127095862810708979e+02
3.948974759704379611e+00	1.126086954559957434e+02
3.955259227995065352e+00	1.126734100660052889e+02
3.961537174921395454e+00	1.128197325601382772e+02
3.967820217617139544e+00	1.128309028882457170e+02
3.974105559832568968e+00	1.131174225299868965e+02
3.980384727931198352e+00	1.127510262235156091e+02
3.986664590839849698e+00	1.129663471786258810e+02
3.992949619150675034e+00	1.131359269834193384e+02
3.999235075769965952e+00	1.133314458276853713e+02
4.005515715515433506e+00	1.131406034663105800e+02
4.011798434346478537e+00	1.135304975319113225e+02
4.018083716245132386e+00	1.134096054332829766e+02
4.024365700052603856e+00	1.135154248230399787e+02
4.030643960839860540e+00	1.135696354842779954e+02
4.036928708926215137e+00	1.138389695203188410e+02
4.043218157412017177e+00	1.138764992962152007e+02
4.049503019487663558e+00	1.138467654000670564e+02
4.055781898960511000e+00	1.141679481142076327e+02
4.062060795621602161e+00	1.140735927178798335e+02
4.068347865354716042e+00	1.141466997529332872e+02
4.074631027173265529e+00	1.140769832702412430e+02
4.080910837526078971e+00	1.143192826328893119e+02
4.087201203341442657e+00	1.144677804005589792e+02
4.093486818591942189e+00	1.144801358434236960e+02
4.099764387336505500e+00	1.147952138155951616e+02
4.106049166937662420e+00	1.149153304975750700e+02
4.112334559041358695e+00	1.150013512802964186e+02
4.118618926059533614e+00	1.155977163858059669e+02
4.124898942031112625e+00	1.154464698026957450e+02
4.131175432561665417e+00	1.157063725499611166e+02
4.137461563786142271e+00	1.155928282704059171e+02
4.143746006210170307e+00	1.159752542975083855e+02
4.150029800482964326e+00	1.161254372269001465e+02
4.156313390684649001e+00	1.160847862932607057e+02
4.162596105843763716e+00	1.164621752308319458e+02
4.168881843141768684e+00	1.166677827931657987e+02
4.175162111073220217e+00	1.167170394021020883e+02
4.181448573417560155e+00	1.168905143959319730e+02
4.187738782464171194e+00	1.173428732817409355e+02
4.194017437180169061e+00	1.175722095267281020e+02
4.200293572701767175e+00	1.175467185547993978e+02
4.206580195481546269e+00	1.175650305660921902e+02
4.212860644652220543e+00	1.179353227998778948e+02
4.219138153430114002e+00	1.182272464490888808e+02
4.225426162098283811e+00	1.185457070557082204e+02
4.231713506719782636e+00	1.186867775314232460e+02
4.237990056577191744e+00	1.191492335803137195e+02
4.244267783646744618e+00	1.189537805487123876e+02
4.250560660182562955e+00	1.196187335848312756e+02
4.256847734842668096e+00	1.193923805757717531e+02
4.263127100734456221e+00	1.199961617594101853e+02
4.269406860432507500e+00	1.200174216636845159e+02
4.275691671482192646e+00	1.203089433121771918e+02
4.281972414189518794e+00	1.206602716913047715e+02
4.288253516806755705e+00	1.206269043005342922e+02
4.294540520160492925e+00	1.207902647451499405e+02
4.300825742921731809e+00	1.217999135984001100e+02
4.307109835491901961e+00	1.217448556348209507e+02
4.313390926478413157e+00	1.218772024224291926e+02
4.319667979480563247e+00	1.220438165263988708e+02
4.325952598143786076e+00	1.225586049776043183e+02
4.332241647035422361e+00	1.224743873306972972e+02
4.338524445619096781e+00	1.227822732601274538e+02
4.344809348131129845e+00	1.232174695897887204e+02
4.351090699193166600e+00	1.236075612436068099e+02
4.357369710808320029e+00	1.238589937920156956e+02
4.363659348967174445e+00	1.238334810442628395e+02
4.369947418280990981e+00	1.242190585959852598e+02
4.376226569265827315e+00	1.246912536027000300e+02
4.382499356631129217e+00	1.245836021181205524e+02
4.388784975178015024e+00	1.250240840017929713e+02
4.395068696309480494e+00	1.251124379443844390e+02
4.401347962382031298e+00	1.254787091949110760e+02
4.407628405096517099e+00	1.260308354271859912e+02
4.413915862185140426e+00	1.261224610319314507e+02
4.420203163534264235e+00	1.258271764743906118e+02
4.426480311003382795e+00	1.260765527773927204e+02
4.432765973643649104e+00	1.270933561439186548e+02
4.439053392023870614e+00	1.267681389985619091e+02
4.445336141335588742e+00	1.267768436932646381e+02
4.451617241414883352e+00	1.273484136673531140e+02
4.457901500730311106e+00	1.271871704908515426e+02
4.464189501093017043e+00	1.276612854029507957e+02
4.470470197548729985e+00	1.274070584346319777e+02
4.476748044268524573e+00	1.278416789093534902e+02
4.483035990164653484e+00	1.278419426260030463e+02
4.489323331650528104e+00	1.278659678818106613e+02
4.495599111667934800e+00	1.276251261725304289e+02
4.501870922878794090e+00	1.279629519895923266e+02
4.508155162877705457e+00	1.279581569251114104e+02
4.514446451153479423e+00	1.279273538116288620e+02
4.520723894043856994e+00	1.279487612501333587e+02
4.527003782460155890e+00	1.276370534899752300e+02
4.533293086610313161e+00	1.274606085302619363e+02
4.539578989864040182e+00	1.273463204834675651e+02
4.545857164866476730e+00	1.270187723956430261e+02
4.552138955546025656e+00	1.271637995709500188e+02
4.558432046889146605e+00	1.259909032108567573e+02
4.564713463378488711e+00	1.266482130217365523e+02
4.570987274133244682e+00	1.259656723608625839e+02
4.577274818151045643e+00	1.262583193752233512e+02
4.583563263889338657e+00	1.263888979464097702e+02
4.589844917004465508e+00	1.263342515871686942e+02
4.596126259982004747e+00	1.263805069550846127e+02
4.602409075598298926e+00	1.259577072467393180e+02
4.608696634867644804e+00	1.262694958334288344e+02
4.614977646498861219e+00	1.257588512069171713e+02
4.621258953029527383e+00	1.264292204842577405e+02
4.627547993978874175e+00	1.263703171890607990e+02
4.633830152730579854e+00	1.258460759343212061e+02
4.640104005367354567e+00	1.267262063920522905e+02
4.646382060386754276e+00	1.268777704650006228e+02
4.652674213731970987e+00	1.263894872021219982e+02
4.658958291796220230e+00	1.266683789921408589e+02
4.665233615070169648e+00	1.269110677978605111e+02
4.671520675710307380e+00	1.273125351050206007e+02
4.677814351732177300e+00	1.272919720565229369e+02
4.684093699744638073e+00	1.273845461795632446e+02
4.690368661472568590e+00	1.275688973458246238e+02
4.696663270746453733e+00	1.275515989156095031e+02
4.702945459248681459e+00	1.280968284223841351e+02
4.709209170841929470e+00	1.284069062732955899e+02
4.715491634753063543e+00	1.277750003925071951e+02
4.721784316284933780e+00	1.283872749567112237e+02
4.728063062331094635e+00	1.288746302811144915e+02
4.734337423381671073e+00	1.290785556823574609e+02
4.740627024094544062e+00	1.290224140303510865e+02
4.746914995664547554e+00	1.292173801989148103e+02
4.753194740071086777e+00	1.297536962363392661e+02
4.759478891864783456e+00	1.298574718006489377e+02
4.765762396877359031e+00	1.299173508747978190e+02
4.772049481246195768e+00	1.307319107629190285e+02
4.778335091022592351e+00	1.303757132576064635e+02
4.784610831402393849e+00	1.311223154007850837e+02
4.790907306208476157e+00	1.313739966517120479e+02
4.797204047706418173e+00	1.314037102863697157e+02
4.803470827697504220e+00	1.322138238115983597e+02
4.809748850577324042e+00	1.320947824788898401e+02
4.816045316586602176e+00	1.331767952224421947e+02
4.822329240673497885e+00	1.325918524128058209e+02
4.828596758226470165e+00	1.331440245864325789e+02
4.834890332961369275e+00	1.335225982579973163e+02
4.841191655056394261e+00	1.337587498380268016e+02
4.847460407468000554e+00	1.340899566423016438e+02
4.853732128521334843e+00	1.346373040648927599e+02
4.860029138783373170e+00	1.347227978659419705e+02
4.866314601732018019e+00	1.354852266203351974e+02
4.872587026269203925e+00	1.359868680264873433e+02
4.878874221748241702e+00	1.368219709482139024e+02
4.885171078138658807e+00	1.364308314086143241e+02
4.891450629931857641e+00	1.371207735510211307e+02
4.897716482750221978e+00	1.379926652388456887e+02
4.904002834596266069e+00	1.380053931560291858e+02
4.910295858205786068e+00	1.391884291896411980e+02
4.916575188115905881e+00	1.391846367587877751e+02
4.922847946197084212e+00	1.391073348291176899e+02
4.929131667457151700e+00	1.392039369169293082e+02
4.935434460144239033e+00	1.404079744530502012e+02
4.941718513303545279e+00	1.412561253361321292e+02
4.947978624761803168e+00	1.414006420821004610e+02
4.954274999209829389e+00	1.421544214675950855e+02
4.960571094729937514e+00	1.426722550824566156e+02
4.966823207626954506e+00	1.435018832023766322e+02
4.973097418390337587e+00	1.438462446623723281e+02
4.979415129936382023e+00	1.442396060062249319e+02
4.985702082330368157e+00	1.452522903393033005e+02
4.991949985828016523e+00	1.458945315404429266e+02
4.998241586316924057e+00	1.471169052260769092e+02
5.004556635606089543e+00	1.471650994968101145e+02
5.010828655701208945e+00	1.478789491625266805e+02
5.017077229702536556e+00	1.485697709052525681e+02
5.023374414758113637e+00	1.486339750067658372e+02
5.029688873569548413e+00	1.503543568661736458e+02
5.035958413584124216e+00	1.505280539871242240e+02
5.042232667658486989e+00	1.514924805541164119e+02
5.048528755870775875e+00	1.516553996834462623e+02
5.054821121427484520e+00	1.528704887983718663e+02
5.061069509814582368e+00	1.538668619140559599e+02
5.067347812754101177e+00	1.544053835694188024e+02
5.073675050630431116e+00	1.555541573912138347e+02
5.079945928388977627e+00	1.566771118027799048e+02
5.086192992546071601e+00	1.571996107060350312e+02
5.092484128970163226e+00	1.577923354838125363e+02
5.098802924706086870e+00	1.590626354231903861e+02
5.105078217426394005e+00	1.592879741725020608e+02
5.111325076574067872e+00	1.608900465019090404e+02
5.117628358851224135e+00	1.610742441605930821e+02
5.123935939383525984e+00	1.622753458020225992e+02
5.130199176325612065e+00	1.632772023381650115e+02
5.136469985878846956e+00	1.652950225433178559e+02
5.142797788696348071e+00	1.667130131156862376e+02
5.149090378043822192e+00	1.669867009580763408e+02
5.155289879840074363e+00	1.681018843144392179e+02
5.161564521234301317e+00	1.669801068064941205e+02
5.167916673496016244e+00	1.690535784974528042e+02
5.174205974602950064e+00	1.713304568021773093e+02
5.180434820793812456e+00	1.732836037997267624e+02
5.186729096569634656e+00	1.727215251830930356e+02
5.193058481037780894e+00	1.739218655250944323e+02
5.199319511444338460e+00	1.770292066435457343e+02
5.205574295584361799e+00	1.766782960718308289e+02
5.211894977074066126e+00	1.793813413358680293e+02
5.218201708336958511e+00	1.792759767408929861e+02
5.224411911780083351e+00	1.805853423161735520e+02
5.230677632666463239e+00	1.826625671369921804e+02
5.237056729559757429e+00	1.850095293074741676e+02
5.243336785035660697e+00	1.856654832768597316e+02
5.249493476178225038e+00	1.873686348757669009e+02
5.255787017738318134e+00	1.882588633745554887e+02
5.262205327426889845e+00	1.886950276904695443e+02
5.268477758348532269e+00	1.932981385117337823e+02
5.274632213654732560e+00	1.945905862216121989e+02
5.280950543314659740e+00	1.939793685078253702e+02
5.287327645024750389e+00	1.954733881572339271e+02
5.293582359180156516e+00	1.960945578778454603e+02
5.299789992649893478e+00	1.997104093728317480e+02
5.306111460381987222e+00	2.029634857193228470e+02
5.312452717892129250e+00	2.038173784488341767e+02
5.318650122853046724e+00	2.062391269796327435e+02
5.324923043129819789e+00	2.056986814130740129e+02
5.331330237158205421e+00	2.097966954310065262e+02
5.337586726886338617e+00	2.095146869005742758e+02
5.343685192440848830e+00	2.128116565615811169e+02
5.350070659715249199e+00	2.157810067430079073e+02
5.356556762554878226e+00	2.196896025045154488e+02
5.362691868684501095e+00	2.191384337954582691e+02
5.368769208912516966e+00	2.272866639741896222e+02
5.375270137997677722e+00	2.264806351606842725e+02
5.381769983045385786e+00	2.208645917354791095e+02
5.387701030372958222e+00	2.285332761165429645e+02
5.393786668001271600e+00	2.313499776106917238e+02
5.400446161099396569e+00	2.332401930675960955e+02
5.406957063684501463e+00	2.399664280025675680e+02
5.412655672453426270e+00	2.454311847161177127e+02
5.418821279260546575e+00	2.370262111677589587e+02
5.425690594366304076e+00	2.470367658811908029e+02
5.432217487502165376e+00	2.398940636797535149e+02
5.437649811577258241e+00	2.481447603632136065e+02
5.443914404015878006e+00	2.491870695895332801e+02
5.450953501686320202e+00	2.569855210033658182e+02
5.457483690405861232e+00	2.527417286263205085e+02
5.462715250135157241e+00	2.535215336784290514e+02
5.469033575551323523e+00	2.636689775308553862e+02
5.476177730420278778e+00	2.762251389707845988e+02
5.482708935702562236e+00	2.710720136620772109e+02
5.487722405008360838e+00	2.852383726927026260e+02
5.494194284996126498e+00	2.804077168233326347e+02
5.501391471009256406e+00	2.895970433473533490e+02
5.507128202673079009e+00	2.883293454564367835e+02
5.512278020050448646e+00	2.859989001265235515e+02
5.519395563377015534e+00	2.869207481152452033e+02
5.526598678609708770e+00	2.858309155902040288e+02
5.532162682462509196e+00	3.436554544890552734e+02
5.537397124017139127e+00	3.063100438694487480e+02
5.544582756485218589e+00	3.142150814570130706e+02
5.551739327507637434e+00	3.206865562325734800e+02
5.557493306674907707e+00	2.821799411723188200e+02
5.562281709102816940e+00	2.864493840005332572e+02
5.569272720323164449e+00	3.951447976805748681e+02
