8.899641224696953554e-03	4.665903291149459983e+04
1.507912216506557788e-02	6.713613621595386940e+04
2.144790186456836667e-02	4.861808417842946801e+04
2.783660776489276650e-02	3.314660496563465858e+04
3.435099785803411021e-02	3.109183415806998164e+04
4.047886761425745911e-02	2.135806983195852808e+04
4.676716683575679601e-02	1.941260658365540439e+04
5.308225101765951665e-02	1.630653633019113113e+04
5.945362440940590160e-02	1.479581154878175585e+04
6.576224814588792211e-02	1.492806396300072993e+04
7.196632906698736953e-02	1.227566630164386515e+04
7.827860915688347743e-02	1.140446750789926773e+04
8.470398945834539672e-02	9.693764275451701906e+03
9.096854620527369817e-02	8.379547727357008625e+03
9.720789776830213169e-02	7.641832376042827491e+03
1.034763038959366499e-01	6.647030596846774642e+03
1.097576444254559219e-01	6.238899639629131343e+03
1.160543084780093354e-01	5.627452941972610461e+03
1.223669666537485351e-01	5.548477659304900953e+03
1.286817263090294094e-01	5.175015139871155952e+03
1.349500801664080818e-01	4.813683493475657087e+03
1.411949558842147678e-01	4.513441113151996433e+03
1.475133575747468451e-01	4.208105890785031079e+03
1.537865074252268427e-01	3.921958260682270975e+03
1.600657544051110326e-01	3.662496785214162173e+03
1.663991168687080635e-01	3.395250061553176238e+03
1.727195645776442856e-01	3.244651162211937390e+03
1.789765213377084718e-01	3.106856292991186365e+03
1.852353690647852158e-01	3.006334106641281323e+03
1.914806787341157279e-01	2.892556763938895983e+03
1.977889868651535599e-01	2.734706106113979786e+03
2.040937735447724277e-01	2.617014816691240867e+03
2.103939302609846018e-01	2.547983907662389356e+03
2.166909709822301688e-01	2.449342343511880244e+03
2.229700281216152047e-01	2.312314225108433220e+03
2.292620027086341994e-01	2.219080099289009468e+03
2.355141508366812297e-01	2.145025911740445281e+03
2.417910583817859116e-01	2.099497847261272909e+03
2.480856539439619257e-01	1.999740455996845867e+03
2.543492256872954549e-01	1.977403007996810629e+03
2.606334251884805386e-01	1.864363537175392594e+03
2.669257370896960802e-01	1.842911922776848087e+03
2.732423343141155980e-01	1.776997305416100062e+03
2.795529680084415936e-01	1.721342110883341775e+03
2.858366292314493129e-01	1.665568792035582874e+03
2.920876271394311496e-01	1.616836227616789529e+03
2.983449844439822751e-01	1.606573927718043251e+03
3.046382639407197446e-01	1.554341558802092322e+03
3.109279127003197196e-01	1.516200857028317841e+03
3.172168171618398036e-01	1.484948295002535588e+03
3.235187567944423082e-01	1.454877118746084761e+03
3.298168217550395687e-01	1.401637062797813542e+03
3.361176429457156667e-01	1.386548101950984574e+03
3.423700375709273769e-01	1.334796819453462604e+03
3.486478192666269682e-01	1.334220272435742345e+03
3.549411614411318028e-01	1.289293285784622867e+03
3.611916935421040642e-01	1.274172610013764597e+03
3.674767089563572564e-01	1.262228385012229637e+03
3.737647795277591056e-01	1.216314993810525266e+03
3.800654031475132477e-01	1.204993835955538088e+03
3.863539861259823738e-01	1.190209913175384145e+03
3.926140181364449755e-01	1.162881386813217205e+03
3.989264500321934581e-01	1.139289347029880673e+03
4.052073244576828714e-01	1.123489910391536341e+03
4.114916477570477182e-01	1.112895369430422988e+03
4.177814272116491257e-01	1.078005622962634106e+03
4.240400648725131116e-01	1.062597181547654372e+03
4.303425690270192283e-01	1.058137083579808177e+03
4.366358560255625965e-01	1.035637952354834397e+03
4.428996183220763605e-01	1.022413739826694382e+03
4.491634418529859563e-01	1.012688762146125441e+03
4.554414146254732731e-01	9.905425369966602602e+02
4.617634470301058558e-01	9.762556047975774618e+02
4.680644242023710433e-01	9.599695010172192724e+02
4.743485242764365895e-01	9.409865782305582798e+02
4.806356136815400082e-01	9.253852592963944517e+02
4.869019258388697646e-01	9.146327054819952309e+02
4.931697099599955947e-01	9.120361964927366216e+02
4.994506747144535908e-01	8.894886823705569441e+02
5.057159051335421429e-01	8.761793082063020393e+02
5.119923996268095356e-01	8.673375951210713311e+02
5.183126097768406826e-01	8.669828375545203016e+02
5.246089638029100000e-01	8.440241848242259266e+02
5.308757308483337267e-01	8.391483058036003513e+02
5.371573527946726934e-01	8.284930423976172733e+02
5.434579563783791256e-01	8.195277228728238015e+02
5.497430652392217842e-01	8.069426688303888113e+02
5.559937427501778773e-01	7.968533284665558085e+02
5.622854676609657654e-01	7.929235069050370157e+02
5.686011537227265711e-01	7.771360572224120915e+02
5.748804589422079614e-01	7.681033519771164038e+02
5.811550210340560296e-01	7.628701727834063604e+02
5.874394496660968468e-01	7.576543197923213029e+02
5.937176220296899176e-01	7.481479298085978371e+02
5.999971954793682505e-01	7.466662789781404399e+02
6.062679115124277596e-01	7.356559668190147931e+02
6.125469576444534381e-01	7.242693443499219939e+02
6.188477733041515272e-01	7.187605704959539707e+02
6.251310567437898813e-01	7.130609766257227875e+02
6.314027450383210560e-01	6.999566169379831990e+02
6.377003562732055375e-01	6.977994772880235814e+02
6.439857783314556494e-01	6.905702177823959573e+02
6.502685417166111925e-01	6.846448075067397667e+02
6.565586117699038216e-01	6.788722446390058849e+02
6.628369282359254377e-01	6.689400811643380393e+02
6.691185444962194362e-01	6.641103308567053318e+02
6.754070198575605755e-01	6.550610687123263460e+02
6.816835514593204692e-01	6.528247778883547880e+02
6.879592533861698112e-01	6.466089639486517626e+02
6.942344317039531587e-01	6.388376399680799977e+02
7.005175402434737908e-01	6.339290492630200333e+02
7.068124956608716758e-01	6.282950008263388781e+02
7.131019009674921527e-01	6.209657691279954861e+02
7.193918251171427247e-01	6.166116730149086607e+02
7.256833807598113140e-01	6.123585181447284640e+02
7.319652682709349989e-01	6.013737242651686756e+02
7.382507990484923344e-01	6.019551577694358002e+02
7.445265842115937893e-01	5.940431081029973939e+02
7.507871101942712455e-01	5.883964397575431349e+02
7.570758465316046459e-01	5.831741204574746007e+02
7.633641233600957365e-01	5.807480715473996042e+02
7.696462959862266917e-01	5.780521254371964233e+02
7.759394865175414102e-01	5.694599101522637739e+02
7.822329141989586843e-01	5.676255660805652496e+02
7.885314936520240181e-01	5.585112744470468442e+02
7.947896566979522071e-01	5.584344718274070374e+02
8.010491096592354809e-01	5.518562665845056472e+02
8.073364061727361651e-01	5.479126748829122562e+02
8.136229488373866170e-01	5.408104980295613586e+02
8.199152998961036776e-01	5.367910242490087285e+02
8.261952636392789762e-01	5.371471853301487727e+02
8.324897070080405914e-01	5.288051224885424517e+02
8.387959309210778480e-01	5.267857034362646118e+02
8.450634639703045181e-01	5.223051563437295499e+02
8.513282867562648182e-01	5.168352366146225449e+02
8.576198263902009566e-01	5.158155721383375294e+02
8.639058477062415697e-01	5.111203889012882655e+02
8.701838745487597837e-01	5.078836987163882668e+02
8.764641096075268534e-01	5.037226346807125879e+02
8.827503873399735745e-01	4.995937322425888283e+02
8.890332768393869323e-01	4.988377714006930432e+02
8.953084247113127780e-01	4.922013786244716016e+02
9.015956521667095602e-01	4.893448153425694045e+02
9.078833328094829680e-01	4.843547060558792623e+02
9.141744106319863450e-01	4.837657344382053566e+02
9.204630817717615043e-01	4.769133229197018977e+02
9.267434415264711456e-01	4.733414101330603785e+02
9.330324197354928906e-01	4.705912427763544770e+02
9.393265785573878812e-01	4.689288781184656614e+02
9.455974810398196650e-01	4.640214356150675030e+02
9.518660018545171964e-01	4.611234168768012864e+02
9.581413255531838757e-01	4.562293013297530138e+02
9.644350945109106954e-01	4.548201239297269467e+02
9.707355633568249820e-01	4.502663427294244798e+02
9.770080768450029041e-01	4.453132552616869475e+02
9.832823325363413414e-01	4.438580569184589422e+02
9.895569691966674686e-01	4.422547894242103439e+02
9.958456301921106979e-01	4.384147685145384798e+02
1.002136210743837408e+00	4.361629499447646481e+02
1.008404825335135424e+00	4.313517366553820693e+02
1.014694149836243398e+00	4.302373122714529359e+02
1.020992555437297167e+00	4.252929066358791488e+02
1.027273980437394485e+00	4.241497935169211360e+02
1.033559181896017254e+00	4.195346825368919781e+02
1.039847557392594934e+00	4.167728375014216340e+02
1.046126974943305088e+00	4.141193033808478390e+02
1.052403436811028659e+00	4.114413240010975414e+02
1.058680704651608684e+00	4.088068684212920516e+02
1.064964333065789193e+00	4.065596918042845118e+02
1.071256777440835473e+00	4.037919648960219092e+02
1.077544048801078125e+00	4.009565815914484688e+02
1.083824820188043603e+00	3.983538050060001865e+02
1.090108023942816695e+00	3.942514397342000052e+02
1.096389665956643222e+00	3.930766467610870336e+02
1.102681132058841440e+00	3.911073447079186280e+02
1.108963047594879958e+00	3.883528455214877226e+02
1.115225428463759272e+00	3.852757968236330157e+02
1.121502127614767863e+00	3.830016355126539906e+02
1.127792573824792033e+00	3.795393610228389889e+02
1.134089552668382961e+00	3.759478215026363159e+02
1.140364049650405942e+00	3.769187125154169280e+02
1.146639180320979445e+00	3.729066932690651015e+02
1.152942412991649901e+00	3.694236527946210344e+02
1.159228906751078814e+00	3.659865204006764543e+02
1.165508721887268173e+00	3.644098392381212648e+02
1.171793076256210320e+00	3.615926057409492387e+02
1.178087436369658958e+00	3.607214888560149575e+02
1.184367654251526902e+00	3.583643667592826318e+02
1.190634642299266632e+00	3.559330871558976810e+02
1.196912208834400859e+00	3.545014032146982572e+02
1.203201577354146234e+00	3.522802305068935880e+02
1.209486844441705733e+00	3.504621654398453643e+02
1.215763902074809888e+00	3.470663113237709467e+02
1.222049755171146668e+00	3.458863348762964733e+02
1.228340616621486969e+00	3.437280863899832752e+02
1.234632986576932767e+00	3.413639730999354924e+02
1.240902247176856488e+00	3.399979892175649638e+02
1.247174839144687519e+00	3.369657717387058824e+02
1.253465459933442272e+00	3.351132184363675037e+02
1.259749951892178421e+00	3.342922131353307122e+02
1.266032143127253873e+00	3.320253181606424846e+02
1.272316288472006507e+00	3.288661340185734048e+02
1.278604155058621350e+00	3.275045925051127256e+02
1.284886588933593865e+00	3.250691560033811243e+02
1.291175420066583257e+00	3.233509167190124458e+02
1.297465726373772332e+00	3.213389196579145164e+02
1.303741827011944299e+00	3.199050799050805836e+02
1.310017322922761851e+00	3.178368510800256672e+02
1.316301447662886703e+00	3.161998120217850214e+02
1.322586760363303249e+00	3.133633284923927818e+02
1.328865492452874664e+00	3.113962559079712946e+02
1.335144804954555564e+00	3.109010897687159627e+02
1.341440516272275119e+00	3.087049338256903752e+02
1.347730868417094552e+00	3.066054273752657764e+02
1.354001589994877630e+00	3.042559414422707960e+02
1.360282609297778444e+00	3.028484791333597173e+02
1.366565686457597906e+00	3.007843807118541690e+02
1.372851498482432708e+00	3.004889191152410035e+02
1.379135372929401804e+00	2.985132282450767320e+02
1.385409567149057164e+00	2.968485915083085729e+02
1.391698641219299315e+00	2.944069700969925520e+02
1.397984451439470810e+00	2.920763161822400207e+02
1.404267883409181961e+00	2.917617272438321265e+02
1.410554779484869181e+00	2.894978941815229518e+02
1.416837833547465397e+00	2.888104862074364974e+02
1.423118177187137068e+00	2.858735834801086639e+02
1.429397801164240089e+00	2.842510828483785303e+02
1.435686921822787232e+00	2.828627800651550501e+02
1.441977121769299597e+00	2.815088246573119477e+02
1.448253667853332427e+00	2.797015164979021051e+02
1.454532348972172651e+00	2.781530539872543955e+02
1.460819319151879903e+00	2.765191478797443096e+02
1.467110364402026468e+00	2.747228704634112546e+02
1.473392908948962132e+00	2.731636495640456701e+02
1.479669965243598950e+00	2.713651461532163012e+02
1.485956144602843532e+00	2.706632887191784107e+02
1.492233610763115115e+00	2.686406131898293665e+02
1.498502470379980078e+00	2.667943255084563816e+02
1.504785752051182701e+00	2.655657403785395445e+02
1.511075991894575976e+00	2.646344718528573594e+02
1.517361634985162189e+00	2.630833332062560999e+02
1.523648570969130533e+00	2.619505775067059972e+02
1.529938035715892264e+00	2.597782850957896699e+02
1.536230176913891965e+00	2.587205721668817091e+02
1.542510718779388279e+00	2.571610856916422563e+02
1.548783963082980275e+00	2.560992794685018339e+02
1.555073069779651318e+00	2.543511528795930019e+02
1.561357324927233892e+00	2.535585688962025301e+02
1.567629121053141006e+00	2.513220308746516878e+02
1.573913697404382583e+00	2.498554607013491875e+02
1.580203545230874029e+00	2.492490890608985694e+02
1.586485393434537983e+00	2.471884267709039875e+02
1.592760014263005841e+00	2.465090817755028638e+02
1.599046436394670812e+00	2.451876916149687702e+02
1.605342136637478934e+00	2.428892419702902430e+02
1.611619860919608627e+00	2.428958148856146124e+02
1.617897597081673799e+00	2.407217353468799956e+02
1.624183235481122756e+00	2.394871801866596570e+02
1.630464598531913722e+00	2.385613756493169149e+02
1.636748985747638274e+00	2.371199870445339855e+02
1.643030923698886259e+00	2.360597678569242817e+02
1.649309176648513064e+00	2.346560121005582005e+02
1.655593633940351861e+00	2.340275624537090948e+02
1.661879571405086464e+00	2.326531350431331759e+02
1.668169361685170271e+00	2.315404600796036618e+02
1.674450151530487485e+00	2.298880635603856035e+02
1.680722718978495900e+00	2.283961510653085725e+02
1.687013891340952476e+00	2.276856999225342122e+02
1.693308984907921033e+00	2.264316072925798835e+02
1.699582147428448486e+00	2.254147182368819244e+02
1.705863747055134105e+00	2.236411161992485006e+02
1.712154434283889470e+00	2.226145489345410624e+02
1.718438381579399321e+00	2.219011172661769251e+02
1.724721264464063930e+00	2.205261123356564212e+02
1.730997441276920679e+00	2.195526498151520229e+02
1.737287073528269499e+00	2.192037557637518717e+02
1.743567991878527401e+00	2.173317505716154869e+02
1.749840680212231048e+00	2.159742802453889681e+02
1.756128549091961144e+00	2.150236812563017565e+02
1.762413535324792502e+00	2.146274165853601517e+02
1.768696187669963837e+00	2.128984085655157230e+02
1.774979359379055266e+00	2.119131307068267063e+02
1.781265555576432957e+00	2.109034270211320461e+02
1.787549427830244619e+00	2.100535778693827638e+02
1.793834120011633004e+00	2.090243937606563520e+02
1.800115051552487300e+00	2.072888401998677921e+02
1.806393904854530330e+00	2.068687030390530595e+02
1.812674089667083432e+00	2.056525612155086264e+02
1.818956920109354058e+00	2.052623002138387278e+02
1.825244164118212220e+00	2.032165002293195073e+02
1.831527256642196955e+00	2.030887000629871011e+02
1.837811294935716599e+00	2.019022863979408271e+02
1.844100717411196744e+00	2.014649635441746796e+02
1.850384816792487230e+00	1.998922946702191155e+02
1.856666059735203822e+00	1.983380033886739398e+02
1.862947728675613979e+00	1.978769354352621690e+02
1.869229324466858078e+00	1.974630742108887205e+02
1.875517616802973686e+00	1.957053834874214147e+02
1.881800769033795229e+00	1.948985398738436174e+02
1.888078863416442710e+00	1.938461686694317336e+02
1.894353975182237582e+00	1.935234114739964184e+02
1.900642716154182565e+00	1.918258378091245788e+02
1.906933494748685121e+00	1.912919503499304597e+02
1.913207568676573933e+00	1.902109182516309431e+02
1.919490884732178992e+00	1.895044543302682030e+02
1.925776855684274480e+00	1.882738254389909969e+02
1.932064452961978152e+00	1.881721415671396187e+02
1.938342610030488800e+00	1.872670631775316963e+02
1.944618341543410178e+00	1.854197484871350809e+02
1.950906260203513876e+00	1.846790204740732690e+02
1.957194556613796488e+00	1.838953932404548084e+02
1.963479614559011432e+00	1.830052061564026928e+02
1.969760361532916226e+00	1.821663703162330137e+02
1.976048367034604736e+00	1.811241754366515693e+02
1.982337990217652335e+00	1.802807049843024458e+02
1.988617489259562721e+00	1.796576923478816639e+02
1.994896320665194178e+00	1.787864395699177180e+02
2.001179596222827151e+00	1.779606849513374698e+02
2.007459756923499761e+00	1.771739823965463643e+02
2.013737397779169935e+00	1.763010288919901143e+02
2.020017234677497164e+00	1.756428672986768902e+02
2.026310251015072783e+00	1.750500771134697970e+02
2.032600542948020284e+00	1.736943270476852490e+02
2.038873863192099289e+00	1.730094134664581134e+02
2.045154087821675404e+00	1.725929321154151523e+02
2.051444704514288730e+00	1.712877166306340087e+02
2.057730430280644729e+00	1.707551759409957128e+02
2.064013940455224461e+00	1.702370533186848434e+02
2.070299891179459895e+00	1.690410399423908814e+02
2.076589719964883951e+00	1.682184904311158107e+02
2.082865483794470673e+00	1.677939719423954443e+02
2.089134494859368640e+00	1.669576856534621641e+02
2.095424211360070288e+00	1.659314670183838416e+02
2.101707116664804254e+00	1.652195891965666874e+02
2.107986473933564309e+00	1.646611186143598218e+02
2.114271806543862375e+00	1.639651823304615164e+02
2.120552717288892275e+00	1.631112159749042974e+02
2.126836933207161717e+00	1.627199127481351582e+02
2.133122044791171845e+00	1.619916478996962894e+02
2.139411711910842673e+00	1.608360521542769277e+02
2.145697076775292089e+00	1.604781704615232911e+02
2.151973548606471276e+00	1.597515872133266157e+02
2.158259913555724108e+00	1.590774618131932812e+02
2.164545396699105506e+00	1.583446727169178132e+02
2.170830700377734068e+00	1.576279697649080447e+02
2.177114138849150393e+00	1.563089846658898239e+02
2.183387647576827018e+00	1.561260761539448367e+02
2.189670273687676971e+00	1.555485084759361598e+02
2.195960147934207463e+00	1.546695204847095226e+02
2.202242556317716371e+00	1.540568669990442743e+02
2.208521655981037668e+00	1.536561182659918359e+02
2.214804637081333016e+00	1.527734185338721318e+02
2.221092583349425276e+00	1.518910216008122518e+02
2.227372893591468728e+00	1.517853263711672298e+02
2.233657161144248171e+00	1.507246495653004956e+02
2.239943485394438660e+00	1.498765346832531122e+02
2.246224175264620815e+00	1.500149549078294058e+02
2.252506378421252009e+00	1.488792904673440489e+02
2.258783417054270437e+00	1.487624628784013510e+02
2.265069077371457684e+00	1.479005764959292151e+02
2.271350377044131452e+00	1.470559154855902477e+02
2.277633995145353918e+00	1.465084817149946161e+02
2.283922419579920149e+00	1.459784171232066399e+02
2.290202874392252674e+00	1.456527316857296910e+02
2.296490779970905560e+00	1.449035514312485873e+02
2.302771769934229162e+00	1.444448139488658001e+02
2.309051364164305564e+00	1.438115935711007864e+02
2.315338502539088239e+00	1.431739733095953397e+02
2.321627336503874428e+00	1.427622703712950454e+02
2.327911878297218795e+00	1.421326418270481327e+02
2.334186238580297168e+00	1.417138974198154244e+02
2.340467971862688401e+00	1.408406201413992562e+02
2.346756940970738725e+00	1.402550235638010747e+02
2.353044444556199988e+00	1.394603061270265130e+02
2.359327653314069906e+00	1.391678021591631023e+02
2.365603048789861607e+00	1.386745432355118339e+02
2.371885911737665165e+00	1.380100743931824638e+02
2.378173303594019572e+00	1.376577501998662854e+02
2.384454016539381271e+00	1.369537209869725984e+02
2.390736447344785187e+00	1.364946791789561189e+02
2.397014133897952259e+00	1.359710232020752585e+02
2.403295490074321972e+00	1.356645390065396839e+02
2.409585049672506862e+00	1.352754934476572544e+02
2.415871703165322071e+00	1.344631211366471177e+02
2.422160652369088840e+00	1.339628500861102793e+02
2.428440167222748691e+00	1.333333187740381902e+02
2.434717472383889803e+00	1.329012760891027654e+02
2.441002456202044257e+00	1.323928975604773655e+02
2.447289980304530488e+00	1.320018915106727206e+02
2.453571844729242279e+00	1.317310334477461993e+02
2.459852705114058846e+00	1.310072904455437026e+02
2.466139233225018934e+00	1.307105918797887796e+02
2.472421963421291391e+00	1.302665883767785431e+02
2.478698519174224568e+00	1.295770637976089859e+02
2.484980841400355800e+00	1.288548793184649526e+02
2.491269319409339822e+00	1.286989190891609667e+02
2.497548505139029373e+00	1.282419077506920644e+02
2.503831667172610853e+00	1.275021300198015268e+02
2.510117938323931153e+00	1.272006740866927146e+02
2.516400733681277480e+00	1.266756549352266035e+02
2.522688226833368130e+00	1.263445300685877726e+02
2.528971695852665569e+00	1.257934554747250644e+02
2.535252039407670299e+00	1.254348411270847379e+02
2.541537514142774512e+00	1.248422826136621069e+02
2.547823008847572179e+00	1.247187136745492353e+02
2.554100666580690238e+00	1.241059521538786470e+02
2.560376788884177301e+00	1.237223247924999185e+02
2.566667521601497359e+00	1.233557885412257349e+02
2.572955062237090473e+00	1.228533963264448374e+02
2.579233771797999175e+00	1.224212664024693424e+02
2.585520164300948220e+00	1.222583324937844225e+02
2.591805130332431872e+00	1.218549825216925910e+02
2.598084074692260881e+00	1.215026835648456256e+02
2.604360404197643586e+00	1.211522950289347307e+02
2.610647185140439142e+00	1.204493588100851582e+02
2.616931864059273138e+00	1.202136590706636952e+02
2.623206107911065565e+00	1.197159124799094769e+02
2.629491626543270844e+00	1.194729786643972318e+02
2.635778507982642349e+00	1.191108570471032237e+02
2.642061039325260818e+00	1.186707017716267245e+02
2.648343840729305843e+00	1.183918014115061226e+02
2.654631838974855551e+00	1.181620392438233580e+02
2.660919001246303761e+00	1.177187892778344320e+02
2.667198525130066056e+00	1.173819527355973520e+02
2.673484307038032526e+00	1.167770463006545469e+02
2.679773388053849459e+00	1.164756530273144364e+02
2.686058217632288692e+00	1.162718912409596612e+02
2.692338738200057868e+00	1.158164658822574751e+02
2.698618022887226964e+00	1.157099294500069675e+02
2.704895450708277860e+00	1.151490113003355589e+02
2.711175674923682166e+00	1.149418190737791861e+02
2.717459832966957922e+00	1.145692048021422380e+02
2.723745731959044569e+00	1.143312034710755825e+02
2.730038414850594730e+00	1.141136182124591869e+02
2.736317989800789441e+00	1.136079114342912817e+02
2.742591858549239703e+00	1.135225946533381176e+02
2.748879749010778362e+00	1.128424257564713997e+02
2.755163403825859447e+00	1.127907343413477577e+02
2.761446955625852073e+00	1.122386338412730709e+02
2.767732088935374701e+00	1.119565352471824582e+02
2.774015452421743966e+00	1.118405611528240797e+02
2.780298635700591436e+00	1.115366153924001225e+02
2.786577474762241380e+00	1.112848871679975673e+02
2.792857983210164541e+00	1.111126827683576863e+02
2.799143790920211483e+00	1.107875670480591452e+02
2.805430058399325244e+00	1.104916712906944127e+02
2.811715058209780072e+00	1.102242002348921091e+02
2.817989272498773623e+00	1.099485088013458380e+02
2.824269171595737760e+00	1.097524361606520102e+02
2.830563016441804081e+00	1.093964708206042644e+02
2.836848750951622034e+00	1.092224565171835025e+02
2.843130027866129783e+00	1.087290081370129684e+02
2.849413896912404986e+00	1.089125982881527790e+02
2.855697464522425566e+00	1.083899780431575408e+02
2.861978799810683594e+00	1.083228024247249266e+02
2.868262469415629567e+00	1.083204195143267015e+02
2.874547359206753860e+00	1.079237697595499412e+02
2.880831111471525041e+00	1.076882713211493439e+02
2.887113216972382546e+00	1.075124425248912985e+02
2.893394504725182781e+00	1.073245602689964215e+02
2.899673662137033592e+00	1.070128435206565030e+02
2.905953958587380814e+00	1.068953489461750905e+02
2.912241118105161064e+00	1.065356296333493447e+02
2.918525996366671205e+00	1.064947571286365360e+02
2.924809035425688819e+00	1.063037024113084499e+02
2.931095916293684933e+00	1.060917606238497228e+02
2.937378182606774413e+00	1.059896222983453242e+02
2.943659980254369923e+00	1.057624005066368795e+02
2.949946454403890250e+00	1.056649208001839639e+02
2.956227653702202307e+00	1.056322584250075352e+02
2.962510478867462993e+00	1.052404569015124594e+02
2.968796535179442309e+00	1.052900823017599379e+02
2.975077657376874907e+00	1.049364513135627135e+02
2.981359866759223376e+00	1.047696419651700808e+02
2.987646761575656562e+00	1.047306157119150356e+02
2.993929038370399365e+00	1.046558565064637634e+02
3.000206214840962726e+00	1.045008348522299002e+02
3.006486172402415669e+00	1.045103092445104380e+02
3.012769812211594456e+00	1.043485779710515118e+02
3.019053144326170113e+00	1.040765847043209078e+02
3.025337405144251424e+00	1.041300892199136570e+02
3.031623734799107961e+00	1.039707613120094720e+02
3.037908962055872575e+00	1.039943647592488531e+02
3.044195067146031608e+00	1.040724955546484694e+02
3.050475543482170426e+00	1.037708337921763899e+02
3.056754954538277502e+00	1.036927302745412760e+02
3.063040539557494668e+00	1.036997300190712821e+02
3.069323699454357346e+00	1.036343476543347037e+02
3.075610692642898769e+00	1.037289572343331798e+02
3.081893798009918584e+00	1.036802732937320997e+02
3.088174549548037717e+00	1.035267114942856779e+02
3.094458635632868493e+00	1.035033943592526526e+02
3.100743982931558840e+00	1.033589664415823250e+02
3.107028111748448396e+00	1.033661219819371695e+02
3.113309299655494300e+00	1.033912027359023682e+02
3.119590662867241626e+00	1.033945311010378276e+02
3.125874006820172912e+00	1.033144631654096059e+02
3.132159251154602586e+00	1.033921880447523733e+02
3.138439172765940643e+00	1.033941251573170064e+02
3.144723867719826593e+00	1.034326054687545025e+02
3.151003951258561031e+00	1.033421515792666128e+02
3.157283664131563139e+00	1.032456308326076027e+02
3.163569317183839935e+00	1.035165136828548640e+02
3.169851661717792091e+00	1.035708166231051024e+02
3.176137704316093657e+00	1.035938774274043084e+02
3.182420924828643916e+00	1.035080143873427829e+02
3.188702811875577581e+00	1.037581763922772495e+02
3.194990520008989865e+00	1.037007338017027962e+02
3.201275324656983834e+00	1.038764322316245341e+02
3.207551352179861759e+00	1.038712823219644434e+02
3.213835216737041645e+00	1.039950363447787254e+02
3.220122579819103770e+00	1.039824491547332883e+02
3.226406606618656525e+00	1.038661311358801953e+02
3.232687390085645429e+00	1.034753974729433992e+02
3.238969121280456331e+00	1.032299469910774263e+02
3.245254751548589667e+00	1.031157029751819181e+02
3.251534499036136783e+00	1.027048381900869032e+02
3.257817780791052442e+00	1.027379186839574743e+02
3.264102164154097263e+00	1.022431115991227983e+02
3.270384152138468892e+00	1.021148971320460674e+02
3.276669427476867735e+00	1.018179627630152169e+02
3.282954688864507808e+00	1.017205972053392884e+02
3.289237200334947264e+00	1.015497649361109325e+02
3.295519587088236779e+00	1.011093640986102287e+02
3.301805977329951958e+00	1.008745088876142404e+02
3.308087486222440088e+00	1.006134343965738083e+02
3.314367630234227313e+00	1.004043064269175431e+02
3.320651909732194262e+00	1.001768251719786775e+02
3.326931260376857047e+00	1.000385175730941114e+02
3.333216512447217728e+00	9.975509072053478121e+01
3.339504489419978128e+00	9.952032281709470851e+01
3.345786804809928405e+00	9.931863607519041182e+01
3.352071130016277767e+00	9.923081131765123075e+01
3.358351496304225581e+00	9.887515873881952189e+01
3.364630591073392019e+00	9.867714525747690857e+01
3.370916305215045483e+00	9.838269577077493011e+01
3.377197952029413752e+00	9.850197903747366013e+01
3.383483063818085501e+00	9.810525936335518793e+01
3.389769992424469969e+00	9.794970709605419756e+01
3.396051330885982100e+00	9.770253025951413406e+01
3.402330879139463971e+00	9.752337564973454676e+01
3.408610488352048495e+00	9.719960730958158024e+01
3.414897837696641236e+00	9.707637062778276515e+01
3.421180484052105619e+00	9.682762371863967132e+01
3.427461639653846870e+00	9.680028668593485008e+01
3.433749159643459059e+00	9.669392342581292610e+01
3.440032646656798310e+00	9.649715092849679365e+01
3.446313366033385339e+00	9.624719504967234229e+01
3.452600135384134905e+00	9.605869345018403749e+01
3.458883152815406703e+00	9.593461521121923852e+01
3.465163834403715448e+00	9.585261317494233424e+01
3.471449329786229221e+00	9.553518088757851956e+01
3.477734476754053894e+00	9.546293000733540168e+01
3.484019652467224226e+00	9.521225383145873877e+01
3.490297019369712928e+00	9.519174168329644203e+01
3.496582486484379970e+00	9.487251720107715869e+01
3.502868048046865024e+00	9.485409809458124641e+01
3.509144649545451244e+00	9.462256591528893068e+01
3.515428082003116295e+00	9.453838984988026084e+01
3.521711031624695565e+00	9.426058711929907474e+01
3.527991850954735664e+00	9.412894284547495261e+01
3.534275545726699885e+00	9.394425167270915722e+01
3.540562632020772149e+00	9.392846762500897739e+01
3.546844410757220789e+00	9.372790953157111460e+01
3.553131386753758836e+00	9.358187283269558066e+01
3.559419203211965144e+00	9.344555403898785073e+01
3.565697971577579839e+00	9.316776945492536299e+01
3.571979559134798254e+00	9.307527875967184627e+01
3.578265774595833726e+00	9.300774335013932159e+01
3.584548309769353125e+00	9.284427594959676355e+01
3.590826843920031486e+00	9.286601080114968454e+01
3.597107306745233934e+00	9.252283595403093841e+01
3.603392831792229245e+00	9.250579924244634356e+01
3.609673209822572559e+00	9.237864953683822478e+01
3.615955412133016189e+00	9.241274959428194791e+01
3.622241607772384686e+00	9.216391216943539177e+01
3.628520252736676444e+00	9.197769679988481073e+01
3.634804827569451113e+00	9.204453017434023820e+01
3.641094981788862928e+00	9.180820769290305350e+01
3.647383514928639325e+00	9.191185563355966792e+01
3.653663283927725658e+00	9.157739921818074436e+01
3.659943504072155296e+00	9.139873487600830515e+01
3.666232000281138603e+00	9.136896046468054067e+01
3.672514211678317597e+00	9.136642425238304099e+01
3.678794154686042539e+00	9.109848202122964267e+01
3.685078621861909820e+00	9.106314954262008143e+01
3.691359210097977961e+00	9.088723403355957942e+01
3.697642368173791105e+00	9.100900688983503528e+01
3.703925796735277665e+00	9.080796926960454130e+01
3.710208240364660348e+00	9.082462184845505249e+01
3.716494593122387169e+00	9.063472915163910670e+01
3.722775386659595398e+00	9.056212904169775868e+01
3.729058392883481510e+00	9.055547805933845495e+01
3.735339748210807720e+00	9.054708121274761368e+01
3.741620776392969638e+00	9.034048870763716366e+01
3.747904795418762980e+00	9.019110694372537296e+01
3.754190633281219380e+00	9.027172574313877362e+01
3.760478208018912749e+00	9.013573709044318605e+01
3.766755538573464346e+00	9.003445573087006437e+01
3.773032090135151506e+00	8.990768501464658868e+01
3.779322553012896879e+00	9.003944473887965216e+01
3.785609109731308930e+00	8.976125007480496265e+01
3.791889825936295200e+00	8.983867940796490359e+01
3.798174822702435893e+00	8.972216974143964308e+01
3.804458658753491651e+00	8.971689582626069637e+01
3.810738438095723435e+00	8.975025670475670836e+01
3.817018850285747167e+00	8.964938420813258801e+01
3.823305314209427763e+00	8.967162596660404006e+01
3.829591295197792178e+00	8.954699457247151884e+01
3.835872296070849341e+00	8.947264485782248755e+01
3.842156279590906109e+00	8.934196829389803440e+01
3.848441511099312429e+00	8.938429552525913380e+01
3.854723334376886079e+00	8.928232577112096635e+01
3.861004740704794713e+00	8.945284597891031808e+01
3.867284336650660848e+00	8.928176015921832231e+01
3.873567367678779849e+00	8.936750096471290306e+01
3.879850662830422792e+00	8.929059019150187737e+01
3.886137063198143338e+00	8.921438207357510919e+01
3.892419463049126005e+00	8.922188355806613913e+01
3.898703740328622658e+00	8.911339615573859874e+01
3.904991458788179326e+00	8.923759270500644902e+01
3.911270842222104083e+00	8.926809892206476604e+01
3.917549806479573071e+00	8.918029367905818106e+01
3.923836006203090587e+00	8.924996928746976721e+01
3.930121452497870926e+00	8.916010106499733467e+01
3.936398172858230460e+00	8.929314853960187293e+01
3.942683040425962293e+00	8.927596157426491175e+01
3.948974759704379611e+00	8.917092779549170700e+01
3.955259227995065352e+00	8.915609883523694634e+01
3.961537174921395454e+00	8.927992775896449018e+01
3.967820217617139544e+00	8.937824455771230703e+01
3.974105559832568968e+00	8.926761054494458847e+01
3.980384727931198352e+00	8.905288700752065267e+01
3.986664590839849698e+00	8.925830125833880402e+01
3.992949619150675034e+00	8.929764196111607077e+01
3.999235075769965952e+00	8.930780073560953269e+01
4.005515715515433506e+00	8.943650373909036944e+01
4.011798434346478537e+00	8.932589915708743433e+01
4.018083716245132386e+00	8.928097058698692479e+01
4.024365700052603856e+00	8.956977309367282203e+01
4.030643960839860540e+00	8.938969373994433454e+01
4.036928708926215137e+00	8.955825332600738875e+01
4.043218157412017177e+00	8.983844601403278318e+01
4.049503019487663558e+00	8.984294030986578150e+01
4.055781898960511000e+00	8.999758333700235369e+01
4.062060795621602161e+00	8.982109132349992819e+01
4.068347865354716042e+00	8.992021961997851065e+01
4.074631027173265529e+00	9.005852604184782706e+01
4.080910837526078971e+00	9.009288430532058101e+01
4.087201203341442657e+00	9.000508488086357772e+01
4.093486818591942189e+00	9.023806080945853125e+01
4.099764387336505500e+00	9.028389731153880859e+01
4.106049166937662420e+00	9.060311861785599774e+01
4.112334559041358695e+00	9.067138404116185768e+01
4.118618926059533614e+00	9.082978937402934605e+01
4.124898942031112625e+00	9.066339141589709527e+01
4.131175432561665417e+00	9.091514878197814653e+01
4.137461563786142271e+00	9.099500761512368285e+01
4.143746006210170307e+00	9.114086974198775692e+01
4.150029800482964326e+00	9.124779673575967820e+01
4.156313390684649001e+00	9.146734190676457388e+01
4.162596105843763716e+00	9.156308461344468697e+01
4.168881843141768684e+00	9.144239491251146035e+01
4.175162111073220217e+00	9.157219157803127985e+01
4.181448573417560155e+00	9.177912318269622460e+01
4.187738782464171194e+00	9.184027416668222088e+01
4.194017437180169061e+00	9.216461979197273990e+01
4.200293572701767175e+00	9.230986653454725399e+01
4.206580195481546269e+00	9.244726059229127202e+01
4.212860644652220543e+00	9.245522959698676857e+01
4.219138153430114002e+00	9.293684104288749381e+01
4.225426162098283811e+00	9.285175585229289652e+01
4.231713506719782636e+00	9.290294774213595019e+01
4.237990056577191744e+00	9.329136275280511370e+01
4.244267783646744618e+00	9.340754567467193681e+01
4.250560660182562955e+00	9.340929348987839376e+01
4.256847734842668096e+00	9.366261524706503394e+01
4.263127100734456221e+00	9.409335992858613906e+01
4.269406860432507500e+00	9.426177604852487946e+01
4.275691671482192646e+00	9.439920324780027272e+01
4.281972414189518794e+00	9.447203459338513198e+01
4.288253516806755705e+00	9.448491879177616681e+01
4.294540520160492925e+00	9.488550598328218655e+01
4.300825742921731809e+00	9.509925111227488514e+01
4.307109835491901961e+00	9.530214946173992985e+01
4.313390926478413157e+00	9.542299937444940383e+01
4.319667979480563247e+00	9.541830314348653985e+01
4.325952598143786076e+00	9.582279768003161280e+01
4.332241647035422361e+00	9.581084852790947082e+01
4.338524445619096781e+00	9.598779477843427799e+01
4.344809348131129845e+00	9.646149109782209052e+01
4.351090699193166600e+00	9.650509368533592180e+01
4.357369710808320029e+00	9.667241219209837766e+01
4.363659348967174445e+00	9.691257249844227317e+01
4.369947418280990981e+00	9.731228827967133554e+01
4.376226569265827315e+00	9.733426901868047310e+01
4.382499356631129217e+00	9.736269520771455177e+01
4.388784975178015024e+00	9.772149587811179572e+01
4.395068696309480494e+00	9.739465285271667483e+01
4.401347962382031298e+00	9.831488630303320519e+01
4.407628405096517099e+00	9.820827050712092898e+01
4.413915862185140426e+00	9.831071572785209867e+01
4.420203163534264235e+00	9.859314151497298440e+01
4.426480311003382795e+00	9.870997340996578373e+01
4.432765973643649104e+00	9.908461402156655140e+01
4.439053392023870614e+00	9.882383263168435406e+01
4.445336141335588742e+00	9.903332255442971643e+01
4.451617241414883352e+00	9.925186467384206424e+01
4.457901500730311106e+00	9.949864191261185908e+01
4.464189501093017043e+00	9.953134195979539811e+01
4.470470197548729985e+00	9.917983949451736692e+01
4.476748044268524573e+00	9.973713451191660795e+01
4.483035990164653484e+00	9.980124361021356094e+01
4.489323331650528104e+00	9.970368858615438512e+01
4.495599111667934800e+00	9.957753517449842207e+01
4.501870922878794090e+00	9.971819901254990270e+01
4.508155162877705457e+00	9.983033926252385015e+01
4.514446451153479423e+00	9.962172606804550412e+01
4.520723894043856994e+00	9.969728945167341294e+01
4.527003782460155890e+00	9.894910013034495933e+01
4.533293086610313161e+00	9.933491616325133577e+01
4.539578989864040182e+00	9.892868759942338386e+01
4.545857164866476730e+00	9.886147688584235027e+01
4.552138955546025656e+00	9.850761478342916178e+01
4.558432046889146605e+00	9.831261802119279025e+01
4.564713463378488711e+00	9.819929488897908243e+01
4.570987274133244682e+00	9.797297909372221625e+01
4.577274818151045643e+00	9.831604217067759066e+01
4.583563263889338657e+00	9.805586384025239965e+01
4.589844917004465508e+00	9.821141901663274609e+01
4.596126259982004747e+00	9.759332211741242702e+01
4.602409075598298926e+00	9.789152828672870044e+01
4.608696634867644804e+00	9.787229901329924076e+01
4.614977646498861219e+00	9.802458345434166631e+01
4.621258953029527383e+00	9.818935034808008311e+01
4.627547993978874175e+00	9.793548600053843245e+01
4.633830152730579854e+00	9.836384631504674303e+01
4.640104005367354567e+00	9.871443581584362903e+01
4.646382060386754276e+00	9.779812877580785369e+01
4.652674213731970987e+00	9.836121637327099165e+01
4.658958291796220230e+00	9.859165396549194327e+01
4.665233615070169648e+00	9.838430972837987554e+01
4.671520675710307380e+00	9.833013738097403689e+01
4.677814351732177300e+00	9.833083376923691787e+01
4.684093699744638073e+00	9.881372552586493896e+01
4.690368661472568590e+00	9.863736178914686548e+01
4.696663270746453733e+00	9.884130442899551383e+01
4.702945459248681459e+00	9.871638155590318320e+01
4.709209170841929470e+00	9.890486474331734712e+01
4.715491634753063543e+00	9.952091427774044519e+01
4.721784316284933780e+00	9.973429504974866688e+01
4.728063062331094635e+00	9.993458558682284831e+01
4.734337423381671073e+00	1.000066880953553294e+02
4.740627024094544062e+00	9.988698393568259348e+01
4.746914995664547554e+00	1.003405627224307466e+02
4.753194740071086777e+00	1.001262033448330442e+02
4.759478891864783456e+00	1.001387349333048888e+02
4.765762396877359031e+00	1.007458256941492323e+02
4.772049481246195768e+00	1.008435186609109024e+02
4.778335091022592351e+00	1.011581740322379659e+02
4.784610831402393849e+00	1.008383839075438289e+02
4.790907306208476157e+00	1.014334001650296102e+02
4.797204047706418173e+00	1.017992372979741589e+02
4.803470827697504220e+00	1.018349503682121053e+02
4.809748850577324042e+00	1.020926624383513115e+02
4.816045316586602176e+00	1.018385802907428399e+02
4.822329240673497885e+00	1.024229900279775052e+02
4.828596758226470165e+00	1.027427763477114411e+02
4.834890332961369275e+00	1.033889854195615783e+02
4.841191655056394261e+00	1.035163078708534670e+02
4.847460407468000554e+00	1.035163569414301179e+02
4.853732128521334843e+00	1.043824336991963690e+02
4.860029138783373170e+00	1.040676954163998289e+02
4.866314601732018019e+00	1.044325844633937521e+02
4.872587026269203925e+00	1.050595423018211250e+02
4.878874221748241702e+00	1.052142539955376321e+02
4.885171078138658807e+00	1.061323661696510641e+02
4.891450629931857641e+00	1.060576469652922071e+02
4.897716482750221978e+00	1.064439753260937067e+02
4.904002834596266069e+00	1.067796957010994561e+02
4.910295858205786068e+00	1.067939468074519169e+02
4.916575188115905881e+00	1.071739822125292818e+02
4.922847946197084212e+00	1.073485197943198131e+02
4.929131667457151700e+00	1.078370111503938062e+02
4.935434460144239033e+00	1.085326182604779319e+02
4.941718513303545279e+00	1.086833505174747785e+02
4.947978624761803168e+00	1.092693141282854725e+02
4.954274999209829389e+00	1.100577283354778757e+02
4.960571094729937514e+00	1.104059033485300745e+02
4.966823207626954506e+00	1.110332359632939614e+02
4.973097418390337587e+00	1.113541074232422119e+02
4.979415129936382023e+00	1.113671231653758156e+02
4.985702082330368157e+00	1.118840248536879756e+02
4.991949985828016523e+00	1.120730959855252848e+02
4.998241586316924057e+00	1.129596073120640938e+02
5.004556635606089543e+00	1.132815790255951214e+02
5.010828655701208945e+00	1.131877077930063109e+02
5.017077229702536556e+00	1.143730033990354684e+02
5.023374414758113637e+00	1.152155114368712674e+02
5.029688873569548413e+00	1.155983177400365918e+02
5.035958413584124216e+00	1.155178844507773022e+02
5.042232667658486989e+00	1.175860823847729222e+02
5.048528755870775875e+00	1.172327160691557424e+02
5.054821121427484520e+00	1.172820254479841822e+02
5.061069509814582368e+00	1.188824510771854222e+02
5.067347812754101177e+00	1.184905204895405006e+02
5.073675050630431116e+00	1.190793768489424167e+02
5.079945928388977627e+00	1.196178081596263780e+02
5.086192992546071601e+00	1.203212592098930855e+02
5.092484128970163226e+00	1.207776413246245966e+02
5.098802924706086870e+00	1.217955829478719920e+02
5.105078217426394005e+00	1.221935439532237950e+02
5.111325076574067872e+00	1.239439481811415504e+02
5.117628358851224135e+00	1.246834059248931936e+02
5.123935939383525984e+00	1.253273150439703727e+02
5.130199176325612065e+00	1.258422372421871671e+02
5.136469985878846956e+00	1.270027764990700376e+02
5.142797788696348071e+00	1.268233902087464884e+02
5.149090378043822192e+00	1.287122744348368997e+02
5.155289879840074363e+00	1.294412369870442205e+02
5.161564521234301317e+00	1.303239697292238475e+02
5.167916673496016244e+00	1.323303944652575410e+02
5.174205974602950064e+00	1.311569717806977451e+02
5.180434820793812456e+00	1.327555117484385221e+02
5.186729096569634656e+00	1.333409380612599477e+02
5.193058481037780894e+00	1.345416179990729404e+02
5.199319511444338460e+00	1.354531249701578588e+02
5.205574295584361799e+00	1.357308853928906274e+02
5.211894977074066126e+00	1.366691509603820123e+02
5.218201708336958511e+00	1.387033524206347863e+02
5.224411911780083351e+00	1.399008739951439395e+02
5.230677632666463239e+00	1.426572730847337880e+02
5.237056729559757429e+00	1.419052621049255833e+02
5.243336785035660697e+00	1.426635169329899782e+02
5.249493476178225038e+00	1.438281199032519453e+02
5.255787017738318134e+00	1.426993833890765302e+02
5.262205327426889845e+00	1.479333145841547719e+02
5.268477758348532269e+00	1.480106650150923144e+02
5.274632213654732560e+00	1.505947939690925921e+02
5.280950543314659740e+00	1.498212564296068763e+02
5.287327645024750389e+00	1.507250277198899937e+02
5.293582359180156516e+00	1.510398327145821895e+02
5.299789992649893478e+00	1.531193822079210918e+02
5.306111460381987222e+00	1.544355876840291160e+02
5.312452717892129250e+00	1.570231056332487753e+02
5.318650122853046724e+00	1.598968344292926247e+02
5.324923043129819789e+00	1.593448202171174444e+02
5.331330237158205421e+00	1.617153461413279842e+02
5.337586726886338617e+00	1.646345880216887565e+02
5.343685192440848830e+00	1.639582981372717541e+02
5.350070659715249199e+00	1.645210799514992175e+02
5.356556762554878226e+00	1.648998376567793969e+02
5.362691868684501095e+00	1.655494568487700633e+02
5.368769208912516966e+00	1.679871504742962429e+02
5.375270137997677722e+00	1.729103934707238466e+02
5.381769983045385786e+00	1.705894896115209463e+02
5.387701030372958222e+00	1.744952881319782136e+02
5.393786668001271600e+00	1.791996677906880677e+02
5.400446161099396569e+00	1.808675604015620593e+02
5.406957063684501463e+00	1.784072173507068726e+02
5.412655672453426270e+00	1.831603212743641791e+02
5.418821279260546575e+00	1.873194168316119033e+02
5.425690594366304076e+00	1.838261377380707131e+02
5.432217487502165376e+00	1.933493412462094909e+02
5.437649811577258241e+00	1.948624108411673603e+02
5.443914404015878006e+00	1.966268085641826531e+02
5.450953501686320202e+00	1.983178003457198315e+02
5.457483690405861232e+00	1.916015118736571878e+02
5.462715250135157241e+00	2.036002736281495231e+02
5.469033575551323523e+00	2.031687308677192902e+02
5.476177730420278778e+00	2.170156098280100139e+02
5.482708935702562236e+00	2.155403557144538524e+02
5.487722405008360838e+00	2.037732557552947128e+02
5.494194284996126498e+00	2.078915147223420377e+02
5.501391471009256406e+00	2.088698277497459799e+02
5.507128202673079009e+00	2.265515066298108309e+02
5.512278020050448646e+00	2.196132281499641010e+02
5.519395563377015534e+00	2.316192146431202161e+02
5.526598678609708770e+00	2.278059803705911577e+02
5.532162682462509196e+00	2.172658054439712885e+02
5.537397124017139127e+00	2.372078189985436438e+02
5.544582756485218589e+00	2.159105861398284958e+02
5.551739327507637434e+00	2.405429192532997149e+02
5.557493306674907707e+00	2.843616192881459028e+02
5.562281709102816940e+00	2.472974796824397004e+02
5.569272720323164449e+00	2.346081952742090380e+02
