8.899641224696953554e-03	2.235097603979082123e+03
1.507912216506557788e-02	4.873640316501244342e+03
2.144790186456836667e-02	4.467929209774514675e+03
2.783660776489276650e-02	4.745424930178358409e+03
3.435099785803411021e-02	4.423580693310837887e+03
4.047886761425745911e-02	4.073490615808721031e+03
4.676716683575679601e-02	3.634902171748469300e+03
5.308225101765951665e-02	4.004150507805831239e+03
5.945362440940590160e-02	3.671766114907866722e+03
6.576224814588792211e-02	3.524440365778189062e+03
7.196632906698736953e-02	3.457529578429643152e+03
7.827860915688347743e-02	3.319341675562667206e+03
8.470398945834539672e-02	3.085574285024265919e+03
9.096854620527369817e-02	2.725073516746542737e+03
9.720789776830213169e-02	2.597391036583125242e+03
1.034763038959366499e-01	2.510567672654278795e+03
1.097576444254559219e-01	2.238570232504117484e+03
1.160543084780093354e-01	2.187354441069238874e+03
1.223669666537485351e-01	2.127975910994654441e+03
1.286817263090294094e-01	1.997501766961289377e+03
1.349500801664080818e-01	1.867955594093641594e+03
1.411949558842147678e-01	1.846688307223517086e+03
1.475133575747468451e-01	1.681495797446674715e+03
1.537865074252268427e-01	1.647355658203235407e+03
1.600657544051110326e-01	1.548179586275871316e+03
1.663991168687080635e-01	1.478169324225748369e+03
1.727195645776442856e-01	1.418851129363002201e+03
1.789765213377084718e-01	1.362401615007848704e+03
1.852353690647852158e-01	1.309107603198413244e+03
1.914806787341157279e-01	1.276976378662375055e+03
1.977889868651535599e-01	1.202516205385616558e+03
2.040937735447724277e-01	1.168083056400318355e+03
2.103939302609846018e-01	1.105375049932660659e+03
2.166909709822301688e-01	1.049218749179019596e+03
2.229700281216152047e-01	1.016960316339502469e+03
2.292620027086341994e-01	1.003331745956921736e+03
2.355141508366812297e-01	9.575341408504032188e+02
2.417910583817859116e-01	9.364939444175141716e+02
2.480856539439619257e-01	9.143917981097138181e+02
2.543492256872954549e-01	8.824985384844384271e+02
2.606334251884805386e-01	8.593962768869657793e+02
2.669257370896960802e-01	8.270265940023377880e+02
2.732423343141155980e-01	8.094785153215044602e+02
2.795529680084415936e-01	7.919626351675108253e+02
2.858366292314493129e-01	7.584600127103484510e+02
2.920876271394311496e-01	7.431753216278598302e+02
2.983449844439822751e-01	7.301164180054265671e+02
3.046382639407197446e-01	7.049366102486544605e+02
3.109279127003197196e-01	7.064043430481519863e+02
3.172168171618398036e-01	6.775435467717699112e+02
3.235187567944423082e-01	6.524012448139766320e+02
3.298168217550395687e-01	6.382220186886719375e+02
3.361176429457156667e-01	6.275466511197528234e+02
3.423700375709273769e-01	6.068260975720802435e+02
3.486478192666269682e-01	6.005006011932621277e+02
3.549411614411318028e-01	5.964505522530240569e+02
3.611916935421040642e-01	5.817225876416591746e+02
3.674767089563572564e-01	5.627239529700412959e+02
3.737647795277591056e-01	5.498044512733822557e+02
3.800654031475132477e-01	5.495905413820535159e+02
3.863539861259823738e-01	5.309196147489668647e+02
3.926140181364449755e-01	5.252119524333579648e+02
3.989264500321934581e-01	5.117603734175895056e+02
4.052073244576828714e-01	5.045464397827465177e+02
4.114916477570477182e-01	4.984533062163670252e+02
4.177814272116491257e-01	4.904057883712687840e+02
4.240400648725131116e-01	4.759819935196285883e+02
4.303425690270192283e-01	4.712329196518751360e+02
4.366358560255625965e-01	4.596498541132786499e+02
4.428996183220763605e-01	4.569623067470365072e+02
4.491634418529859563e-01	4.489642656122496760e+02
4.554414146254732731e-01	4.417095451155450405e+02
4.617634470301058558e-01	4.335726615150232419e+02
4.680644242023710433e-01	4.252819353375693936e+02
4.743485242764365895e-01	4.271258744768425686e+02
4.806356136815400082e-01	4.180584328496746593e+02
4.869019258388697646e-01	4.122843607524135905e+02
4.931697099599955947e-01	4.038571545804883840e+02
4.994506747144535908e-01	4.019447816667404823e+02
5.057159051335421429e-01	3.934459132683879261e+02
5.119923996268095356e-01	3.908005580615283066e+02
5.183126097768406826e-01	3.831253729189209594e+02
5.246089638029100000e-01	3.785222206396921365e+02
5.308757308483337267e-01	3.756655222252397834e+02
5.371573527946726934e-01	3.705987331016484632e+02
5.434579563783791256e-01	3.624639627792819851e+02
5.497430652392217842e-01	3.619192924971461593e+02
5.559937427501778773e-01	3.548736359797430282e+02
5.622854676609657654e-01	3.533204024905274423e+02
5.686011537227265711e-01	3.464139656381906320e+02
5.748804589422079614e-01	3.425918333174944905e+02
5.811550210340560296e-01	3.420960592946028100e+02
5.874394496660968468e-01	3.370006594183340098e+02
5.937176220296899176e-01	3.308789232256900164e+02
5.999971954793682505e-01	3.268309721786566229e+02
6.062679115124277596e-01	3.262698266911187375e+02
6.125469576444534381e-01	3.208302285331977828e+02
6.188477733041515272e-01	3.178285926906076497e+02
6.251310567437898813e-01	3.165042389676017933e+02
6.314027450383210560e-01	3.121978324538117704e+02
6.377003562732055375e-01	3.103095406838900772e+02
6.439857783314556494e-01	3.065497965532204603e+02
6.502685417166111925e-01	3.017748450384204375e+02
6.565586117699038216e-01	2.989426649290361411e+02
6.628369282359254377e-01	2.960175667508058268e+02
6.691185444962194362e-01	2.956147802836294431e+02
6.754070198575605755e-01	2.889572342640016700e+02
6.816835514593204692e-01	2.894532070017550609e+02
6.879592533861698112e-01	2.849646428591755694e+02
6.942344317039531587e-01	2.850106496954186355e+02
7.005175402434737908e-01	2.816493931188820170e+02
7.068124956608716758e-01	2.789547398540385075e+02
7.131019009674921527e-01	2.769534328912023398e+02
7.193918251171427247e-01	2.758084339906556011e+02
7.256833807598113140e-01	2.715989356489323541e+02
7.319652682709349989e-01	2.686196981127317258e+02
7.382507990484923344e-01	2.666626258989402345e+02
7.445265842115937893e-01	2.654023858200488348e+02
7.507871101942712455e-01	2.632961040116560412e+02
7.570758465316046459e-01	2.608867202959543192e+02
7.633641233600957365e-01	2.583285554973759304e+02
7.696462959862266917e-01	2.576638804080668592e+02
7.759394865175414102e-01	2.543978541879733939e+02
7.822329141989586843e-01	2.521066419717045335e+02
7.885314936520240181e-01	2.493821888342580735e+02
7.947896566979522071e-01	2.480498235591294076e+02
8.010491096592354809e-01	2.477553603669501285e+02
8.073364061727361651e-01	2.462452283601892589e+02
8.136229488373866170e-01	2.433581058478212640e+02
8.199152998961036776e-01	2.417069301860021824e+02
8.261952636392789762e-01	2.401753197193928884e+02
8.324897070080405914e-01	2.398662693286588592e+02
8.387959309210778480e-01	2.362452805602755177e+02
8.450634639703045181e-01	2.337741576173525289e+02
8.513282867562648182e-01	2.349967071339272024e+02
8.576198263902009566e-01	2.322224433578084017e+02
8.639058477062415697e-01	2.303456897065039186e+02
8.701838745487597837e-01	2.288147182722982791e+02
8.764641096075268534e-01	2.273366775507528814e+02
8.827503873399735745e-01	2.258741945179710910e+02
8.890332768393869323e-01	2.236363554037106098e+02
8.953084247113127780e-01	2.232960564404708066e+02
9.015956521667095602e-01	2.209318363377433343e+02
9.078833328094829680e-01	2.207943984674595015e+02
9.141744106319863450e-01	2.188816773568061080e+02
9.204630817717615043e-01	2.182202359386640182e+02
9.267434415264711456e-01	2.168231815682277386e+02
9.330324197354928906e-01	2.151990615585101239e+02
9.393265785573878812e-01	2.143671207976721291e+02
9.455974810398196650e-01	2.114708599907562245e+02
9.518660018545171964e-01	2.105671842706597658e+02
9.581413255531838757e-01	2.095905184288409941e+02
9.644350945109106954e-01	2.077822542974745659e+02
9.707355633568249820e-01	2.069549969411869199e+02
9.770080768450029041e-01	2.054082317587399018e+02
9.832823325363413414e-01	2.046359542433648073e+02
9.895569691966674686e-01	2.023198509356683132e+02
9.958456301921106979e-01	2.024310526858334924e+02
1.002136210743837408e+00	2.004601423273969090e+02
1.008404825335135424e+00	2.004547632512376936e+02
1.014694149836243398e+00	1.988688115483380159e+02
1.020992555437297167e+00	1.988670332999059269e+02
1.027273980437394485e+00	1.972457948998157349e+02
1.033559181896017254e+00	1.954770023434097084e+02
1.039847557392594934e+00	1.938614479993206885e+02
1.046126974943305088e+00	1.941125094157439150e+02
1.052403436811028659e+00	1.927465843896330568e+02
1.058680704651608684e+00	1.924529111824751624e+02
1.064964333065789193e+00	1.893150051614632332e+02
1.071256777440835473e+00	1.897382197579731837e+02
1.077544048801078125e+00	1.887055497103368111e+02
1.083824820188043603e+00	1.866982326970976658e+02
1.090108023942816695e+00	1.862154863182197175e+02
1.096389665956643222e+00	1.857110818497820617e+02
1.102681132058841440e+00	1.844088012483228738e+02
1.108963047594879958e+00	1.840966658069596633e+02
1.115225428463759272e+00	1.830895204920436754e+02
1.121502127614767863e+00	1.824559950490912286e+02
1.127792573824792033e+00	1.808739579472234027e+02
1.134089552668382961e+00	1.810072355823990620e+02
1.140364049650405942e+00	1.790369680455277717e+02
1.146639180320979445e+00	1.784262939746546124e+02
1.152942412991649901e+00	1.777494774797245611e+02
1.159228906751078814e+00	1.758656241594939900e+02
1.165508721887268173e+00	1.753066515378288841e+02
1.171793076256210320e+00	1.747313855988607827e+02
1.178087436369658958e+00	1.745255785106868700e+02
1.184367654251526902e+00	1.737380056342831836e+02
1.190634642299266632e+00	1.728475789097722952e+02
1.196912208834400859e+00	1.716189684932297723e+02
1.203201577354146234e+00	1.713486876317538190e+02
1.209486844441705733e+00	1.700932180103599762e+02
1.215763902074809888e+00	1.694191131514553774e+02
1.222049755171146668e+00	1.689395969898498890e+02
1.228340616621486969e+00	1.682460565300957853e+02
1.234632986576932767e+00	1.670211775095465612e+02
1.240902247176856488e+00	1.661595194155827926e+02
1.247174839144687519e+00	1.661220502238267898e+02
1.253465459933442272e+00	1.647737618334446381e+02
1.259749951892178421e+00	1.638642245362982237e+02
1.266032143127253873e+00	1.634359294521346442e+02
1.272316288472006507e+00	1.628445169789183637e+02
1.278604155058621350e+00	1.619451047686443417e+02
1.284886588933593865e+00	1.618123354098444793e+02
1.291175420066583257e+00	1.599726218331834957e+02
1.297465726373772332e+00	1.594736907000435906e+02
1.303741827011944299e+00	1.596456054607487829e+02
1.310017322922761851e+00	1.586768070177570849e+02
1.316301447662886703e+00	1.578923020143365363e+02
1.322586760363303249e+00	1.572160826765165496e+02
1.328865492452874664e+00	1.566959927372537322e+02
1.335144804954555564e+00	1.561413648370167095e+02
1.341440516272275119e+00	1.560385865467569033e+02
1.347730868417094552e+00	1.545801795639594047e+02
1.354001589994877630e+00	1.538221365085087484e+02
1.360282609297778444e+00	1.532894665377217223e+02
1.366565686457597906e+00	1.526154229659746306e+02
1.372851498482432708e+00	1.523046040285679794e+02
1.379135372929401804e+00	1.514449331697176149e+02
1.385409567149057164e+00	1.516724364774862295e+02
1.391698641219299315e+00	1.499160947413166127e+02
1.397984451439470810e+00	1.497130365070257483e+02
1.404267883409181961e+00	1.494247762141415308e+02
1.410554779484869181e+00	1.479893985348445824e+02
1.416837833547465397e+00	1.480867823084253985e+02
1.423118177187137068e+00	1.475589548759201080e+02
1.429397801164240089e+00	1.465555687058502770e+02
1.435686921822787232e+00	1.465066408008245844e+02
1.441977121769299597e+00	1.462029580750485707e+02
1.448253667853332427e+00	1.454484647299422306e+02
1.454532348972172651e+00	1.446542622729997731e+02
1.460819319151879903e+00	1.437958377536952810e+02
1.467110364402026468e+00	1.430606133348971980e+02
1.473392908948962132e+00	1.429802311258557665e+02
1.479669965243598950e+00	1.423443485727742654e+02
1.485956144602843532e+00	1.417235789891055617e+02
1.492233610763115115e+00	1.411929999596681853e+02
1.498502470379980078e+00	1.407260142143886981e+02
1.504785752051182701e+00	1.400087493280973661e+02
1.511075991894575976e+00	1.399062428041721091e+02
1.517361634985162189e+00	1.391415787008059510e+02
1.523648570969130533e+00	1.388126775415058205e+02
1.529938035715892264e+00	1.380455744365580415e+02
1.536230176913891965e+00	1.377937387344301783e+02
1.542510718779388279e+00	1.371038675873296881e+02
1.548783963082980275e+00	1.365511548123827765e+02
1.555073069779651318e+00	1.359528951841077173e+02
1.561357324927233892e+00	1.353802396239872508e+02
1.567629121053141006e+00	1.346461527293007236e+02
1.573913697404382583e+00	1.343105630152210495e+02
1.580203545230874029e+00	1.345532818555140011e+02
1.586485393434537983e+00	1.337117884163853603e+02
1.592760014263005841e+00	1.326900559498318160e+02
1.599046436394670812e+00	1.325522626681904796e+02
1.605342136637478934e+00	1.318630002371534147e+02
1.611619860919608627e+00	1.316799863684123295e+02
1.617897597081673799e+00	1.311941513987719645e+02
1.624183235481122756e+00	1.304965842041023620e+02
1.630464598531913722e+00	1.302298730377276286e+02
1.636748985747638274e+00	1.297204257492098236e+02
1.643030923698886259e+00	1.289826298151824062e+02
1.649309176648513064e+00	1.287682536428810351e+02
1.655593633940351861e+00	1.282567818345571311e+02
1.661879571405086464e+00	1.275066181177212457e+02
1.668169361685170271e+00	1.272838841849804794e+02
1.674450151530487485e+00	1.272100248075432347e+02
1.680722718978495900e+00	1.269700388597113943e+02
1.687013891340952476e+00	1.262157708585223475e+02
1.693308984907921033e+00	1.257905846769551772e+02
1.699582147428448486e+00	1.251647868168441988e+02
1.705863747055134105e+00	1.251470331622726349e+02
1.712154434283889470e+00	1.244928603222254964e+02
1.718438381579399321e+00	1.241170455376740733e+02
1.724721264464063930e+00	1.235674872796660679e+02
1.730997441276920679e+00	1.229903453019848456e+02
1.737287073528269499e+00	1.228087881810306641e+02
1.743567991878527401e+00	1.220645000206377375e+02
1.749840680212231048e+00	1.215032092271700748e+02
1.756128549091961144e+00	1.213255765990899420e+02
1.762413535324792502e+00	1.208276724875196919e+02
1.768696187669963837e+00	1.205299262125860764e+02
1.774979359379055266e+00	1.200060579901793574e+02
1.781265555576432957e+00	1.196610495577779716e+02
1.787549427830244619e+00	1.192932546510865137e+02
1.793834120011633004e+00	1.189438175727811569e+02
1.800115051552487300e+00	1.185862193251082886e+02
1.806393904854530330e+00	1.179380583283919322e+02
1.812674089667083432e+00	1.176875474580883321e+02
1.818956920109354058e+00	1.173098951313536418e+02
1.825244164118212220e+00	1.169353571802289053e+02
1.831527256642196955e+00	1.165219836261748725e+02
1.837811294935716599e+00	1.161772250481385953e+02
1.844100717411196744e+00	1.159461934655995634e+02
1.850384816792487230e+00	1.152785151607471335e+02
1.856666059735203822e+00	1.150912796798626374e+02
1.862947728675613979e+00	1.147262434185928726e+02
1.869229324466858078e+00	1.140565463198113036e+02
1.875517616802973686e+00	1.137995007242620034e+02
1.881800769033795229e+00	1.136504365173906166e+02
1.888078863416442710e+00	1.131716011071188461e+02
1.894353975182237582e+00	1.126480559536168187e+02
1.900642716154182565e+00	1.122267245496042989e+02
1.906933494748685121e+00	1.119896550409438447e+02
1.913207568676573933e+00	1.117256566100729316e+02
1.919490884732178992e+00	1.113300597552400859e+02
1.925776855684274480e+00	1.107422769138949405e+02
1.932064452961978152e+00	1.101242144669173797e+02
1.938342610030488800e+00	1.102101849432182945e+02
1.944618341543410178e+00	1.094251956559519670e+02
1.950906260203513876e+00	1.094527502831773091e+02
1.957194556613796488e+00	1.087963362018274438e+02
1.963479614559011432e+00	1.086839058655231867e+02
1.969760361532916226e+00	1.082779824857512381e+02
1.976048367034604736e+00	1.080553498250645248e+02
1.982337990217652335e+00	1.077509087529710712e+02
1.988617489259562721e+00	1.073064618579943641e+02
1.994896320665194178e+00	1.069876562498534724e+02
2.001179596222827151e+00	1.067149655075100725e+02
2.007459756923499761e+00	1.062682625920797079e+02
2.013737397779169935e+00	1.059985925559431621e+02
2.020017234677497164e+00	1.058182070935710755e+02
2.026310251015072783e+00	1.051167567634087021e+02
2.032600542948020284e+00	1.051170309219135390e+02
2.038873863192099289e+00	1.044654488582852707e+02
2.045154087821675404e+00	1.040342928514626806e+02
2.051444704514288730e+00	1.039323020341246178e+02
2.057730430280644729e+00	1.036269247715111135e+02
2.064013940455224461e+00	1.034301572485342291e+02
2.070299891179459895e+00	1.031544676048732896e+02
2.076589719964883951e+00	1.027420854213416419e+02
2.082865483794470673e+00	1.024418372624904663e+02
2.089134494859368640e+00	1.020312643918552169e+02
2.095424211360070288e+00	1.017499618782266992e+02
2.101707116664804254e+00	1.014795304143734000e+02
2.107986473933564309e+00	1.010749002836483044e+02
2.114271806543862375e+00	1.007758089353133215e+02
2.120552717288892275e+00	1.005148886634444665e+02
2.126836933207161717e+00	9.984722032498669364e+01
2.133122044791171845e+00	9.982459391774685287e+01
2.139411711910842673e+00	9.949754181177732448e+01
2.145697076775292089e+00	9.955522284789878995e+01
2.151973548606471276e+00	9.893991388296898037e+01
2.158259913555724108e+00	9.853033285588107049e+01
2.164545396699105506e+00	9.835330965355326782e+01
2.170830700377734068e+00	9.793134225197337628e+01
2.177114138849150393e+00	9.765646758262039384e+01
2.183387647576827018e+00	9.755983745725369261e+01
2.189670273687676971e+00	9.724410075244962570e+01
2.195960147934207463e+00	9.681529336376428319e+01
2.202242556317716371e+00	9.642161909710199552e+01
2.208521655981037668e+00	9.628289891997545169e+01
2.214804637081333016e+00	9.606721041226182933e+01
2.221092583349425276e+00	9.586035273980797911e+01
2.227372893591468728e+00	9.555952903360069683e+01
2.233657161144248171e+00	9.504666474811824628e+01
2.239943485394438660e+00	9.490122634073246388e+01
2.246224175264620815e+00	9.448555682821793766e+01
2.252506378421252009e+00	9.453666759904830030e+01
2.258783417054270437e+00	9.401082325841557008e+01
2.265069077371457684e+00	9.373984723503919270e+01
2.271350377044131452e+00	9.361925409560758737e+01
2.277633995145353918e+00	9.309571905569698913e+01
2.283922419579920149e+00	9.293014588663893960e+01
2.290202874392252674e+00	9.262081373164343745e+01
2.296490779970905560e+00	9.225274187878113707e+01
2.302771769934229162e+00	9.218221481441716492e+01
2.309051364164305564e+00	9.204409070540015136e+01
2.315338502539088239e+00	9.179996423540553963e+01
2.321627336503874428e+00	9.147840783555869848e+01
2.327911878297218795e+00	9.130715782334279140e+01
2.334186238580297168e+00	9.093476284900160067e+01
2.340467971862688401e+00	9.075062202200351180e+01
2.346756940970738725e+00	9.045446374067492457e+01
2.353044444556199988e+00	9.017885020954129516e+01
2.359327653314069906e+00	8.999595925860165835e+01
2.365603048789861607e+00	8.984172483232761408e+01
2.371885911737665165e+00	8.933589538648401174e+01
2.378173303594019572e+00	8.918081056758751402e+01
2.384454016539381271e+00	8.902985125961781421e+01
2.390736447344785187e+00	8.879636914199261355e+01
2.397014133897952259e+00	8.858714331775766482e+01
2.403295490074321972e+00	8.846969198247043664e+01
2.409585049672506862e+00	8.822742080743044824e+01
2.415871703165322071e+00	8.793522223004877958e+01
2.422160652369088840e+00	8.756509002910031825e+01
2.428440167222748691e+00	8.737828515025061904e+01
2.434717472383889803e+00	8.713041204101634207e+01
2.441002456202044257e+00	8.695102062989241176e+01
2.447289980304530488e+00	8.662743681449805422e+01
2.453571844729242279e+00	8.645701940146669529e+01
2.459852705114058846e+00	8.635922127777089941e+01
2.466139233225018934e+00	8.607877620466345547e+01
2.472421963421291391e+00	8.572168485241114411e+01
2.478698519174224568e+00	8.549274684001433400e+01
2.484980841400355800e+00	8.533436515865794547e+01
2.491269319409339822e+00	8.512290896565549758e+01
2.497548505139029373e+00	8.498382827357730207e+01
2.503831667172610853e+00	8.487443745387228944e+01
2.510117938323931153e+00	8.461178133818131641e+01
2.516400733681277480e+00	8.429230582804748906e+01
2.522688226833368130e+00	8.417195349162469142e+01
2.528971695852665569e+00	8.395978238430350871e+01
2.535252039407670299e+00	8.380393845672750786e+01
2.541537514142774512e+00	8.357004251941128814e+01
2.547823008847572179e+00	8.344452138471778824e+01
2.554100666580690238e+00	8.326182510412525062e+01
2.560376788884177301e+00	8.297916305077094989e+01
2.566667521601497359e+00	8.293132797298886771e+01
2.572955062237090473e+00	8.248564070163668305e+01
2.579233771797999175e+00	8.240415008696258781e+01
2.585520164300948220e+00	8.229187850267722126e+01
2.591805130332431872e+00	8.212917272501651667e+01
2.598084074692260881e+00	8.185123485973659285e+01
2.604360404197643586e+00	8.177376498783418413e+01
2.610647185140439142e+00	8.162016495185824283e+01
2.616931864059273138e+00	8.132512111651321618e+01
2.623206107911065565e+00	8.125212133687833216e+01
2.629491626543270844e+00	8.097434635597420538e+01
2.635778507982642349e+00	8.091170982116186394e+01
2.642061039325260818e+00	8.071842795817731542e+01
2.648343840729305843e+00	8.052407251703451152e+01
2.654631838974855551e+00	8.039134663517174317e+01
2.660919001246303761e+00	8.035344564791711264e+01
2.667198525130066056e+00	8.022629689637089712e+01
2.673484307038032526e+00	7.985686758813442054e+01
2.679773388053849459e+00	7.989616723964282130e+01
2.686058217632288692e+00	7.959472325144329830e+01
2.692338738200057868e+00	7.947891128155215767e+01
2.698618022887226964e+00	7.941746422746328449e+01
2.704895450708277860e+00	7.927237746289928566e+01
2.711175674923682166e+00	7.905251070802761149e+01
2.717459832966957922e+00	7.890826770468213169e+01
2.723745731959044569e+00	7.866969204164607277e+01
2.730038414850594730e+00	7.861671865940732573e+01
2.736317989800789441e+00	7.853370615083071016e+01
2.742591858549239703e+00	7.833247667165707639e+01
2.748879749010778362e+00	7.824022223701918222e+01
2.755163403825859447e+00	7.818192831810853249e+01
2.761446955625852073e+00	7.798199076690970344e+01
2.767732088935374701e+00	7.783302160161738925e+01
2.774015452421743966e+00	7.771464729818067951e+01
2.780298635700591436e+00	7.769366273422006941e+01
2.786577474762241380e+00	7.738139814421275275e+01
2.792857983210164541e+00	7.740353766363035959e+01
2.799143790920211483e+00	7.722862385386348194e+01
2.805430058399325244e+00	7.717758491271234789e+01
2.811715058209780072e+00	7.702883073616898457e+01
2.817989272498773623e+00	7.701753177335122302e+01
2.824269171595737760e+00	7.679456902345515346e+01
2.830563016441804081e+00	7.682799151075363397e+01
2.836848750951622034e+00	7.656214126220849892e+01
2.843130027866129783e+00	7.650040870083839195e+01
2.849413896912404986e+00	7.651265932705329931e+01
2.855697464522425566e+00	7.653882706093379795e+01
2.861978799810683594e+00	7.624733350510591379e+01
2.868262469415629567e+00	7.616127176562071099e+01
2.874547359206753860e+00	7.609927348465309649e+01
2.880831111471525041e+00	7.591719445038945935e+01
2.887113216972382546e+00	7.595053704141268724e+01
2.893394504725182781e+00	7.592720602879845160e+01
2.899673662137033592e+00	7.585692322416295497e+01
2.905953958587380814e+00	7.586835199179864730e+01
2.912241118105161064e+00	7.580765755456023669e+01
2.918525996366671205e+00	7.556706062151478420e+01
2.924809035425688819e+00	7.560372510567387394e+01
2.931095916293684933e+00	7.547797536287946230e+01
2.937378182606774413e+00	7.544389809784630074e+01
2.943659980254369923e+00	7.541415410376247053e+01
2.949946454403890250e+00	7.548998022998435431e+01
2.956227653702202307e+00	7.525187682036755632e+01
2.962510478867462993e+00	7.530811501346305192e+01
2.968796535179442309e+00	7.526613394397070067e+01
2.975077657376874907e+00	7.514768854047625268e+01
2.981359866759223376e+00	7.514849485263371776e+01
2.987646761575656562e+00	7.517283430857757764e+01
2.993929038370399365e+00	7.501975841087374874e+01
3.000206214840962726e+00	7.517904741547194192e+01
3.006486172402415669e+00	7.520733023598162958e+01
3.012769812211594456e+00	7.504513617639456413e+01
3.019053144326170113e+00	7.503968945305715010e+01
3.025337405144251424e+00	7.503297871126265761e+01
3.031623734799107961e+00	7.503553852555573656e+01
3.037908962055872575e+00	7.513726335467308104e+01
3.044195067146031608e+00	7.502470444349026479e+01
3.050475543482170426e+00	7.515721002555186203e+01
3.056754954538277502e+00	7.522818606333503055e+01
3.063040539557494668e+00	7.513437245375635598e+01
3.069323699454357346e+00	7.516656117747965027e+01
3.075610692642898769e+00	7.517328095742789174e+01
3.081893798009918584e+00	7.517667690998924002e+01
3.088174549548037717e+00	7.519317385698144562e+01
3.094458635632868493e+00	7.527873048257200139e+01
3.100743982931558840e+00	7.533165374516028123e+01
3.107028111748448396e+00	7.528941099649333069e+01
3.113309299655494300e+00	7.537568522065960508e+01
3.119590662867241626e+00	7.533925233493026496e+01
3.125874006820172912e+00	7.541879090479558556e+01
3.132159251154602586e+00	7.560059444751395574e+01
3.138439172765940643e+00	7.562077624755725935e+01
3.144723867719826593e+00	7.555434564696648181e+01
3.151003951258561031e+00	7.566160020520774765e+01
3.157283664131563139e+00	7.572103376817868536e+01
3.163569317183839935e+00	7.604741379515006372e+01
3.169851661717792091e+00	7.598210884782889707e+01
3.176137704316093657e+00	7.601958923240698596e+01
3.182420924828643916e+00	7.616778691205188068e+01
3.188702811875577581e+00	7.618990134206701725e+01
3.194990520008989865e+00	7.633979686500757111e+01
3.201275324656983834e+00	7.649116779222576668e+01
3.207551352179861759e+00	7.650239672959860115e+01
3.213835216737041645e+00	7.657526158849273656e+01
3.220122579819103770e+00	7.671408527432768665e+01
3.226406606618656525e+00	7.658789363650157611e+01
3.232687390085645429e+00	7.645553422760097817e+01
3.238969121280456331e+00	7.619536392806035963e+01
3.245254751548589667e+00	7.613618977595331216e+01
3.251534499036136783e+00	7.598619269704865076e+01
3.257817780791052442e+00	7.592498686180411482e+01
3.264102164154097263e+00	7.585078626632235910e+01
3.270384152138468892e+00	7.563093455025969547e+01
3.276669427476867735e+00	7.556797219331375004e+01
3.282954688864507808e+00	7.544742084703113960e+01
3.289237200334947264e+00	7.532722382704677955e+01
3.295519587088236779e+00	7.521322807231571517e+01
3.301805977329951958e+00	7.510025738817151364e+01
3.308087486222440088e+00	7.503353644512004905e+01
3.314367630234227313e+00	7.480410555715462806e+01
3.320651909732194262e+00	7.470835132035931281e+01
3.326931260376857047e+00	7.471130398033874087e+01
3.333216512447217728e+00	7.462272480708227818e+01
3.339504489419978128e+00	7.440917677852014833e+01
3.345786804809928405e+00	7.442285941888593470e+01
3.352071130016277767e+00	7.430084419519383232e+01
3.358351496304225581e+00	7.406988066237441615e+01
3.364630591073392019e+00	7.399888306898418477e+01
3.370916305215045483e+00	7.389368209697211398e+01
3.377197952029413752e+00	7.374126301435231312e+01
3.383483063818085501e+00	7.373360521476999452e+01
3.389769992424469969e+00	7.354846777025370841e+01
3.396051330885982100e+00	7.358468044878304681e+01
3.402330879139463971e+00	7.340825898291409146e+01
3.408610488352048495e+00	7.332577829908690603e+01
3.414897837696641236e+00	7.322636348619991509e+01
3.421180484052105619e+00	7.316878124269943839e+01
3.427461639653846870e+00	7.297135674336797706e+01
3.433749159643459059e+00	7.276729129219626202e+01
3.440032646656798310e+00	7.294435799162972955e+01
3.446313366033385339e+00	7.272463614600653159e+01
3.452600135384134905e+00	7.270057976569262337e+01
3.458883152815406703e+00	7.263335742223252112e+01
3.465163834403715448e+00	7.257564991896911977e+01
3.471449329786229221e+00	7.246827227007986494e+01
3.477734476754053894e+00	7.235918254498233182e+01
3.484019652467224226e+00	7.224268888718006565e+01
3.490297019369712928e+00	7.219162793271331680e+01
3.496582486484379970e+00	7.220794567388132634e+01
3.502868048046865024e+00	7.206461915684440100e+01
3.509144649545451244e+00	7.192508507306526155e+01
3.515428082003116295e+00	7.189195045145466167e+01
3.521711031624695565e+00	7.178497105464639105e+01
3.527991850954735664e+00	7.173500892895070535e+01
3.534275545726699885e+00	7.169075554077126355e+01
3.540562632020772149e+00	7.161147445088320751e+01
3.546844410757220789e+00	7.165555110939463646e+01
3.553131386753758836e+00	7.151781534656093697e+01
3.559419203211965144e+00	7.141970858966564606e+01
3.565697971577579839e+00	7.140646549368699425e+01
3.571979559134798254e+00	7.141792572059075894e+01
3.578265774595833726e+00	7.124518427879233684e+01
3.584548309769353125e+00	7.117789979163030978e+01
3.590826843920031486e+00	7.108257018370132130e+01
3.597107306745233934e+00	7.106486556827520928e+01
3.603392831792229245e+00	7.122004629462266223e+01
3.609673209822572559e+00	7.095851268353516161e+01
3.615955412133016189e+00	7.092210568650315849e+01
3.622241607772384686e+00	7.092400436981112932e+01
3.628520252736676444e+00	7.081801493883142484e+01
3.634804827569451113e+00	7.083979346478659522e+01
3.641094981788862928e+00	7.083353115120338828e+01
3.647383514928639325e+00	7.077212876271619280e+01
3.653663283927725658e+00	7.072583046985236876e+01
3.659943504072155296e+00	7.063009248006258645e+01
3.666232000281138603e+00	7.071539970157738253e+01
3.672514211678317597e+00	7.050078248505126055e+01
3.678794154686042539e+00	7.056129286953272128e+01
3.685078621861909820e+00	7.050904808049672567e+01
3.691359210097977961e+00	7.046010932076015365e+01
3.697642368173791105e+00	7.058308355888235042e+01
3.703925796735277665e+00	7.044903198971796598e+01
3.710208240364660348e+00	7.051366379580554167e+01
3.716494593122387169e+00	7.033682041937603913e+01
3.722775386659595398e+00	7.033321821580031497e+01
3.729058392883481510e+00	7.030433452147309481e+01
3.735339748210807720e+00	7.039668117693440763e+01
3.741620776392969638e+00	7.025836383191568757e+01
3.747904795418762980e+00	7.039150133411385468e+01
3.754190633281219380e+00	7.030568712052773606e+01
3.760478208018912749e+00	7.022663407078094622e+01
3.766755538573464346e+00	7.012425941162706522e+01
3.773032090135151506e+00	7.015070034328910253e+01
3.779322553012896879e+00	7.025905944686448379e+01
3.785609109731308930e+00	7.008066323059588854e+01
3.791889825936295200e+00	7.027217704273685683e+01
3.798174822702435893e+00	7.015641891111550876e+01
3.804458658753491651e+00	7.028350476271174330e+01
3.810738438095723435e+00	7.022410070315602582e+01
3.817018850285747167e+00	7.034657148397793947e+01
3.823305314209427763e+00	7.023385305796973910e+01
3.829591295197792178e+00	7.027585053506959412e+01
3.835872296070849341e+00	7.013420941958429466e+01
3.842156279590906109e+00	7.013432556407433083e+01
3.848441511099312429e+00	7.025840571105878496e+01
3.854723334376886079e+00	7.023165574057668437e+01
3.861004740704794713e+00	7.043428706167757980e+01
3.867284336650660848e+00	7.039757949069957021e+01
3.873567367678779849e+00	7.018978580016442947e+01
3.879850662830422792e+00	7.042462494162542441e+01
3.886137063198143338e+00	7.038439226512220159e+01
3.892419463049126005e+00	7.034582904893812838e+01
3.898703740328622658e+00	7.043805475046156062e+01
3.904991458788179326e+00	7.034350917728424690e+01
3.911270842222104083e+00	7.043616485598140287e+01
3.917549806479573071e+00	7.056926810095441738e+01
3.923836006203090587e+00	7.055346490932608106e+01
3.930121452497870926e+00	7.062119931723628952e+01
3.936398172858230460e+00	7.067386290118699321e+01
3.942683040425962293e+00	7.090567341084495467e+01
3.948974759704379611e+00	7.072125093679642305e+01
3.955259227995065352e+00	7.085335928515965520e+01
3.961537174921395454e+00	7.080815121189451133e+01
3.967820217617139544e+00	7.085845182345236992e+01
3.974105559832568968e+00	7.100005341258889757e+01
3.980384727931198352e+00	7.109756674900772566e+01
3.986664590839849698e+00	7.106132408739824768e+01
3.992949619150675034e+00	7.116777392665994739e+01
3.999235075769965952e+00	7.117391207654749508e+01
4.005515715515433506e+00	7.130875399150690441e+01
4.011798434346478537e+00	7.146113984276432518e+01
4.018083716245132386e+00	7.149770423786328877e+01
4.024365700052603856e+00	7.151185375693475521e+01
4.030643960839860540e+00	7.167726889263427381e+01
4.036928708926215137e+00	7.163177993373125219e+01
4.043218157412017177e+00	7.176641237471655188e+01
4.049503019487663558e+00	7.191262664234032798e+01
4.055781898960511000e+00	7.198395024712392853e+01
4.062060795621602161e+00	7.203904517113232941e+01
4.068347865354716042e+00	7.210547783083924855e+01
4.074631027173265529e+00	7.225065437094724530e+01
4.080910837526078971e+00	7.226983447589593368e+01
4.087201203341442657e+00	7.242998374404652395e+01
4.093486818591942189e+00	7.254515117470555197e+01
4.099764387336505500e+00	7.266712975528160712e+01
4.106049166937662420e+00	7.267645286717056763e+01
4.112334559041358695e+00	7.285888444422646160e+01
4.118618926059533614e+00	7.286798800705456358e+01
4.124898942031112625e+00	7.297178100122536648e+01
4.131175432561665417e+00	7.320053918696558526e+01
4.137461563786142271e+00	7.324106172868891917e+01
4.143746006210170307e+00	7.359456829082053275e+01
4.150029800482964326e+00	7.360299479472254802e+01
4.156313390684649001e+00	7.381457776041384022e+01
4.162596105843763716e+00	7.372456016522529865e+01
4.168881843141768684e+00	7.393554564313922128e+01
4.175162111073220217e+00	7.404141923562546879e+01
4.181448573417560155e+00	7.425725144003970968e+01
4.187738782464171194e+00	7.452870349042665055e+01
4.194017437180169061e+00	7.475317855810530432e+01
4.200293572701767175e+00	7.465536119294695538e+01
4.206580195481546269e+00	7.477463229247045717e+01
4.212860644652220543e+00	7.505036846555124441e+01
4.219138153430114002e+00	7.513749490457354341e+01
4.225426162098283811e+00	7.525486373182593525e+01
4.231713506719782636e+00	7.541153529909179554e+01
4.237990056577191744e+00	7.560391602615057138e+01
4.244267783646744618e+00	7.590091047527242551e+01
4.250560660182562955e+00	7.606777505688751262e+01
4.256847734842668096e+00	7.624725017075013511e+01
4.263127100734456221e+00	7.617086072899482474e+01
4.269406860432507500e+00	7.659509613530160266e+01
4.275691671482192646e+00	7.662389604438060076e+01
4.281972414189518794e+00	7.685984292475362167e+01
4.288253516806755705e+00	7.682301448425899082e+01
4.294540520160492925e+00	7.721428675668659025e+01
4.300825742921731809e+00	7.740275984844896584e+01
4.307109835491901961e+00	7.768523195721964214e+01
4.313390926478413157e+00	7.795504249830474919e+01
4.319667979480563247e+00	7.796122324745206811e+01
4.325952598143786076e+00	7.820813691145451685e+01
4.332241647035422361e+00	7.841084406076605262e+01
4.338524445619096781e+00	7.859533703605224275e+01
4.344809348131129845e+00	7.877740710021345194e+01
4.351090699193166600e+00	7.873733046704721517e+01
4.357369710808320029e+00	7.920515419605710861e+01
4.363659348967174445e+00	7.927012095521124024e+01
4.369947418280990981e+00	7.932521240272241414e+01
4.376226569265827315e+00	7.972383141276557694e+01
4.382499356631129217e+00	7.989676539038181602e+01
4.388784975178015024e+00	8.001799273908834209e+01
4.395068696309480494e+00	8.003761127819967669e+01
4.401347962382031298e+00	8.035629592636114182e+01
4.407628405096517099e+00	8.061936307739765084e+01
4.413915862185140426e+00	8.082023237905875135e+01
4.420203163534264235e+00	8.112035638507914825e+01
4.426480311003382795e+00	8.087388615600902142e+01
4.432765973643649104e+00	8.134613720440539453e+01
4.439053392023870614e+00	8.121320144404751318e+01
4.445336141335588742e+00	8.163453003225299653e+01
4.451617241414883352e+00	8.156006629501000305e+01
4.457901500730311106e+00	8.184361628410495371e+01
4.464189501093017043e+00	8.192261953235397698e+01
4.470470197548729985e+00	8.199761663330863826e+01
4.476748044268524573e+00	8.207038035749535254e+01
4.483035990164653484e+00	8.207265195027991922e+01
4.489323331650528104e+00	8.230023693538247187e+01
4.495599111667934800e+00	8.236478538354742795e+01
4.501870922878794090e+00	8.206584827799304094e+01
4.508155162877705457e+00	8.223747499242951164e+01
4.514446451153479423e+00	8.250497446426376769e+01
4.520723894043856994e+00	8.214536553298808030e+01
4.527003782460155890e+00	8.206427093751342738e+01
4.533293086610313161e+00	8.206757279494584623e+01
4.539578989864040182e+00	8.210524892108888650e+01
4.545857164866476730e+00	8.177361414338595580e+01
4.552138955546025656e+00	8.172917687843089141e+01
4.558432046889146605e+00	8.163105061810706786e+01
4.564713463378488711e+00	8.120980503854256938e+01
4.570987274133244682e+00	8.135123314534179428e+01
4.577274818151045643e+00	8.123921666789841822e+01
4.583563263889338657e+00	8.151684741166434378e+01
4.589844917004465508e+00	8.126838244383063170e+01
4.596126259982004747e+00	8.176385477511669819e+01
4.602409075598298926e+00	8.149162972164040752e+01
4.608696634867644804e+00	8.163148589237145814e+01
4.614977646498861219e+00	8.156911398478835906e+01
4.621258953029527383e+00	8.193911093758447350e+01
4.627547993978874175e+00	8.154840609130964424e+01
4.633830152730579854e+00	8.179618322997212942e+01
4.640104005367354567e+00	8.211725509281190227e+01
4.646382060386754276e+00	8.178834588531799454e+01
4.652674213731970987e+00	8.160552053359708680e+01
4.658958291796220230e+00	8.238103045868543006e+01
4.665233615070169648e+00	8.248768865990689392e+01
4.671520675710307380e+00	8.236753356797891001e+01
4.677814351732177300e+00	8.231624000443244427e+01
4.684093699744638073e+00	8.251357873670903587e+01
4.690368661472568590e+00	8.262259308455134033e+01
4.696663270746453733e+00	8.269999924826497306e+01
4.702945459248681459e+00	8.281169039962794898e+01
4.709209170841929470e+00	8.301699877196678301e+01
4.715491634753063543e+00	8.310172645208156439e+01
4.721784316284933780e+00	8.341094538247281776e+01
4.728063062331094635e+00	8.341664733841334112e+01
4.734337423381671073e+00	8.374227024777174222e+01
4.740627024094544062e+00	8.345297244834559081e+01
4.746914995664547554e+00	8.405619646319800609e+01
4.753194740071086777e+00	8.416850115434638724e+01
4.759478891864783456e+00	8.454876451123391234e+01
4.765762396877359031e+00	8.444953428583750110e+01
4.772049481246195768e+00	8.482512327732510471e+01
4.778335091022592351e+00	8.511008395863717624e+01
4.784610831402393849e+00	8.502816944411925704e+01
4.790907306208476157e+00	8.525510665168148705e+01
4.797204047706418173e+00	8.542515822098353340e+01
4.803470827697504220e+00	8.595981398096624559e+01
4.809748850577324042e+00	8.621364624759034712e+01
4.816045316586602176e+00	8.590004298139288608e+01
4.822329240673497885e+00	8.675144959314670245e+01
4.828596758226470165e+00	8.687381744075618428e+01
4.834890332961369275e+00	8.674544409840630976e+01
4.841191655056394261e+00	8.721841313116561878e+01
4.847460407468000554e+00	8.787005631711991782e+01
4.853732128521334843e+00	8.814090562980837262e+01
4.860029138783373170e+00	8.818919336635093487e+01
4.866314601732018019e+00	8.890039274386776924e+01
4.872587026269203925e+00	8.836183317703810758e+01
4.878874221748241702e+00	8.836744272600878958e+01
4.885171078138658807e+00	8.911464954135257699e+01
4.891450629931857641e+00	8.945173668752940443e+01
4.897716482750221978e+00	8.959755041814764809e+01
4.904002834596266069e+00	8.980675907931495772e+01
4.910295858205786068e+00	9.010368473776014753e+01
4.916575188115905881e+00	9.088949175462316532e+01
4.922847946197084212e+00	9.136743765880545709e+01
4.929131667457151700e+00	9.170001518642756366e+01
4.935434460144239033e+00	9.205768564313920876e+01
4.941718513303545279e+00	9.227069714806211209e+01
4.947978624761803168e+00	9.193626052623667988e+01
4.954274999209829389e+00	9.268559394021544051e+01
4.960571094729937514e+00	9.334451770649788216e+01
4.966823207626954506e+00	9.369994925167203803e+01
4.973097418390337587e+00	9.461900122042798955e+01
4.979415129936382023e+00	9.480905250690133812e+01
4.985702082330368157e+00	9.541407332380769901e+01
4.991949985828016523e+00	9.585859385469305494e+01
4.998241586316924057e+00	9.607390593382373822e+01
5.004556635606089543e+00	9.662529367281197779e+01
5.010828655701208945e+00	9.677713336308917746e+01
5.017077229702536556e+00	9.755963226194420201e+01
5.023374414758113637e+00	9.795101850431440482e+01
5.029688873569548413e+00	9.826865011659593563e+01
5.035958413584124216e+00	9.888331969258884158e+01
5.042232667658486989e+00	9.969190545061987052e+01
5.048528755870775875e+00	9.976982180110653076e+01
5.054821121427484520e+00	1.010966752385922689e+02
5.061069509814582368e+00	1.008460606743562096e+02
5.067347812754101177e+00	1.020681745252805541e+02
5.073675050630431116e+00	1.023836925529913628e+02
5.079945928388977627e+00	1.029649042681497377e+02
5.086192992546071601e+00	1.032743652507861754e+02
5.092484128970163226e+00	1.037132046094556728e+02
5.098802924706086870e+00	1.050769600982772829e+02
5.105078217426394005e+00	1.057775842122819370e+02
5.111325076574067872e+00	1.056034008359611249e+02
5.117628358851224135e+00	1.072791106045345657e+02
5.123935939383525984e+00	1.075624563919365784e+02
5.130199176325612065e+00	1.081892577926842449e+02
5.136469985878846956e+00	1.087569777873621462e+02
5.142797788696348071e+00	1.094681395816034239e+02
5.149090378043822192e+00	1.110175460065365343e+02
5.155289879840074363e+00	1.109760959113969818e+02
5.161564521234301317e+00	1.114224080599355915e+02
5.167916673496016244e+00	1.123384263359145621e+02
5.174205974602950064e+00	1.122067733170346457e+02
5.180434820793812456e+00	1.140662449648629746e+02
5.186729096569634656e+00	1.140743576341954650e+02
5.193058481037780894e+00	1.154165032559522643e+02
5.199319511444338460e+00	1.163519335383078186e+02
5.205574295584361799e+00	1.176676956875495108e+02
5.211894977074066126e+00	1.179836436845398566e+02
5.218201708336958511e+00	1.186224149837224076e+02
5.224411911780083351e+00	1.194794190028779752e+02
5.230677632666463239e+00	1.198420225141646966e+02
5.237056729559757429e+00	1.205979942445155046e+02
5.243336785035660697e+00	1.231457750200775791e+02
5.249493476178225038e+00	1.247499028767583980e+02
5.255787017738318134e+00	1.251167795679520367e+02
5.262205327426889845e+00	1.262796923667537072e+02
5.268477758348532269e+00	1.271433439783616137e+02
5.274632213654732560e+00	1.282523758818017541e+02
5.280950543314659740e+00	1.285148430896926470e+02
5.287327645024750389e+00	1.301942206352586879e+02
5.293582359180156516e+00	1.322052908744268791e+02
5.299789992649893478e+00	1.333978689614885695e+02
5.306111460381987222e+00	1.338458121985660512e+02
5.312452717892129250e+00	1.358566656322306869e+02
5.318650122853046724e+00	1.367459366029735008e+02
5.324923043129819789e+00	1.378047606733643420e+02
5.331330237158205421e+00	1.380413423788401417e+02
5.337586726886338617e+00	1.389722489357087341e+02
5.343685192440848830e+00	1.408763890457311732e+02
5.350070659715249199e+00	1.439691707229012820e+02
5.356556762554878226e+00	1.439065903713674288e+02
5.362691868684501095e+00	1.440966972771503549e+02
5.368769208912516966e+00	1.465275147570467880e+02
5.375270137997677722e+00	1.466511137343911173e+02
5.381769983045385786e+00	1.520213913813520037e+02
5.387701030372958222e+00	1.536847560230125680e+02
5.393786668001271600e+00	1.548334117255566014e+02
5.400446161099396569e+00	1.567469431281823518e+02
5.406957063684501463e+00	1.591220422597854167e+02
5.412655672453426270e+00	1.576044044101819566e+02
5.418821279260546575e+00	1.589893911306859593e+02
5.425690594366304076e+00	1.627609736461568559e+02
5.432217487502165376e+00	1.684542534760917931e+02
5.437649811577258241e+00	1.660594493442554835e+02
5.443914404015878006e+00	1.660210445200202969e+02
5.450953501686320202e+00	1.666556719695144579e+02
5.457483690405861232e+00	1.709920854349332160e+02
5.462715250135157241e+00	1.742399166478821257e+02
5.469033575551323523e+00	1.784661836233321139e+02
5.476177730420278778e+00	1.763560359066796650e+02
5.482708935702562236e+00	1.846531390902182181e+02
5.487722405008360838e+00	1.880624670245859136e+02
5.494194284996126498e+00	1.878192341546188970e+02
5.501391471009256406e+00	1.954704390847947764e+02
5.507128202673079009e+00	1.953342718293806399e+02
5.512278020050448646e+00	1.860345989889256941e+02
5.519395563377015534e+00	1.985882807255062232e+02
5.526598678609708770e+00	1.938577537259685926e+02
5.532162682462509196e+00	2.047515007166922487e+02
5.537397124017139127e+00	2.162532481166409468e+02
5.544582756485218589e+00	1.982542650614650768e+02
5.551739327507637434e+00	1.734315189496382743e+02
5.557493306674907707e+00	3.102849912762292206e+02
5.562281709102816940e+00	2.115351002947646180e+02
5.569272720323164449e+00	1.565464580404816388e+02
