8.899641224696953554e-03	6.054027980985755858e+04
1.507912216506557788e-02	6.969700831903181097e+04
2.144790186456836667e-02	4.371982429010721535e+04
2.783660776489276650e-02	3.547417865235701902e+04
3.435099785803411021e-02	2.813081551319790378e+04
4.047886761425745911e-02	2.207869542737888696e+04
4.676716683575679601e-02	1.620406075864078412e+04
5.308225101765951665e-02	1.517356826458442993e+04
5.945362440940590160e-02	1.446022523903875845e+04
6.576224814588792211e-02	1.422573236808166075e+04
7.196632906698736953e-02	1.154346736092849096e+04
7.827860915688347743e-02	9.204858682713294911e+03
8.470398945834539672e-02	8.489615759800375599e+03
9.096854620527369817e-02	7.091073480558292431e+03
9.720789776830213169e-02	6.253910277329951896e+03
1.034763038959366499e-01	6.095812739481736571e+03
1.097576444254559219e-01	5.757894798050263489e+03
1.160543084780093354e-01	5.493957300571625638e+03
1.223669666537485351e-01	4.954072532802468231e+03
1.286817263090294094e-01	4.636422335995320282e+03
1.349500801664080818e-01	4.242143701695321397e+03
1.411949558842147678e-01	3.841731714747247224e+03
1.475133575747468451e-01	3.549424341873961566e+03
1.537865074252268427e-01	3.341199040368951046e+03
1.600657544051110326e-01	3.274138483196023117e+03
1.663991168687080635e-01	3.152051360408232540e+03
1.727195645776442856e-01	2.920166400756693292e+03
1.789765213377084718e-01	2.813482955255720753e+03
1.852353690647852158e-01	2.720098552831095731e+03
1.914806787341157279e-01	2.555487857727520350e+03
1.977889868651535599e-01	2.430262405316767854e+03
2.040937735447724277e-01	2.305072734471239983e+03
2.103939302609846018e-01	2.228925178090682039e+03
2.166909709822301688e-01	2.152749986521380379e+03
2.229700281216152047e-01	2.024556050939287161e+03
2.292620027086341994e-01	1.991433600045413641e+03
2.355141508366812297e-01	1.899058010511730345e+03
2.417910583817859116e-01	1.832450200022840818e+03
2.480856539439619257e-01	1.760037172615681811e+03
2.543492256872954549e-01	1.718398625390291727e+03
2.606334251884805386e-01	1.647516581684286621e+03
2.669257370896960802e-01	1.610899659642592724e+03
2.732423343141155980e-01	1.556126691727034085e+03
2.795529680084415936e-01	1.541140908857666318e+03
2.858366292314493129e-01	1.480684989072708504e+03
2.920876271394311496e-01	1.439900411006594368e+03
2.983449844439822751e-01	1.389192358238590259e+03
3.046382639407197446e-01	1.347813212337791356e+03
3.109279127003197196e-01	1.335432253194040413e+03
3.172168171618398036e-01	1.295972949644518394e+03
3.235187567944423082e-01	1.253177300891931282e+03
3.298168217550395687e-01	1.233591071338834126e+03
3.361176429457156667e-01	1.193622971085871313e+03
3.423700375709273769e-01	1.181494321584060117e+03
3.486478192666269682e-01	1.154332657409726835e+03
3.549411614411318028e-01	1.123586670929695174e+03
3.611916935421040642e-01	1.091408720024741342e+03
3.674767089563572564e-01	1.074839074963869507e+03
3.737647795277591056e-01	1.064067235882309205e+03
3.800654031475132477e-01	1.045286860983012957e+03
3.863539861259823738e-01	1.015567113125795458e+03
3.926140181364449755e-01	9.965805430777177207e+02
3.989264500321934581e-01	9.774931686007574854e+02
4.052073244576828714e-01	9.694931297366613308e+02
4.114916477570477182e-01	9.508081900534087936e+02
4.177814272116491257e-01	9.324754407457235175e+02
4.240400648725131116e-01	9.145979600873778281e+02
4.303425690270192283e-01	9.029899963498987745e+02
4.366358560255625965e-01	8.835633303858915042e+02
4.428996183220763605e-01	8.737973411055297674e+02
4.491634418529859563e-01	8.642000234914868315e+02
4.554414146254732731e-01	8.435467504322544983e+02
4.617634470301058558e-01	8.362013544315901754e+02
4.680644242023710433e-01	8.180413578769386049e+02
4.743485242764365895e-01	8.144432649678831240e+02
4.806356136815400082e-01	7.978191007367274779e+02
4.869019258388697646e-01	7.907834071457405116e+02
4.931697099599955947e-01	7.794801243478025299e+02
4.994506747144535908e-01	7.774753238054015583e+02
5.057159051335421429e-01	7.590550175260461856e+02
5.119923996268095356e-01	7.511633873447453880e+02
5.183126097768406826e-01	7.409365801276235288e+02
5.246089638029100000e-01	7.326903115020609221e+02
5.308757308483337267e-01	7.237826615470346496e+02
5.371573527946726934e-01	7.131680459470424012e+02
5.434579563783791256e-01	7.061541243564405477e+02
5.497430652392217842e-01	6.998493574810172504e+02
5.559937427501778773e-01	6.899165768725807766e+02
5.622854676609657654e-01	6.806420712502946344e+02
5.686011537227265711e-01	6.758354497245319408e+02
5.748804589422079614e-01	6.699243265912398329e+02
5.811550210340560296e-01	6.600913622226221378e+02
5.874394496660968468e-01	6.489297737385285245e+02
5.937176220296899176e-01	6.399911471753440537e+02
5.999971954793682505e-01	6.384914833098694089e+02
6.062679115124277596e-01	6.286869105327364196e+02
6.125469576444534381e-01	6.256126582621577654e+02
6.188477733041515272e-01	6.172822588782416915e+02
6.251310567437898813e-01	6.108162998298278126e+02
6.314027450383210560e-01	6.019688828347027538e+02
6.377003562732055375e-01	6.017864324100561362e+02
6.439857783314556494e-01	5.932269845713573204e+02
6.502685417166111925e-01	5.866148197951445127e+02
6.565586117699038216e-01	5.846086609726689858e+02
6.628369282359254377e-01	5.780655776512647890e+02
6.691185444962194362e-01	5.716957294521120048e+02
6.754070198575605755e-01	5.660350695790734790e+02
6.816835514593204692e-01	5.614470372017016189e+02
6.879592533861698112e-01	5.549803858276607116e+02
6.942344317039531587e-01	5.508727195449397414e+02
7.005175402434737908e-01	5.446692255544737691e+02
7.068124956608716758e-01	5.416810481426381330e+02
7.131019009674921527e-01	5.352340265767782057e+02
7.193918251171427247e-01	5.333563646586729874e+02
7.256833807598113140e-01	5.256285055012922385e+02
7.319652682709349989e-01	5.207898150149214871e+02
7.382507990484923344e-01	5.198730170620708577e+02
7.445265842115937893e-01	5.169822959212168598e+02
7.507871101942712455e-01	5.102814246790052835e+02
7.570758465316046459e-01	5.030750717635872888e+02
7.633641233600957365e-01	5.010601791689282436e+02
7.696462959862266917e-01	4.923319516811428116e+02
7.759394865175414102e-01	4.960495259160475712e+02
7.822329141989586843e-01	4.910809766113912360e+02
7.885314936520240181e-01	4.844238852021767343e+02
7.947896566979522071e-01	4.825085942873765248e+02
8.010491096592354809e-01	4.759282036825044315e+02
8.073364061727361651e-01	4.712981962409421612e+02
8.136229488373866170e-01	4.709153014433938438e+02
8.199152998961036776e-01	4.667112775085594194e+02
8.261952636392789762e-01	4.629498443422215246e+02
8.324897070080405914e-01	4.598190768304635299e+02
8.387959309210778480e-01	4.548624470233937700e+02
8.450634639703045181e-01	4.534101843485097447e+02
8.513282867562648182e-01	4.499788633384835066e+02
8.576198263902009566e-01	4.446326097318039388e+02
8.639058477062415697e-01	4.421915849085903005e+02
8.701838745487597837e-01	4.383287744320994648e+02
8.764641096075268534e-01	4.362309064085919204e+02
8.827503873399735745e-01	4.330507899496814161e+02
8.890332768393869323e-01	4.290656491812026161e+02
8.953084247113127780e-01	4.277880658591033125e+02
9.015956521667095602e-01	4.234856352396930106e+02
9.078833328094829680e-01	4.235229464503790382e+02
9.141744106319863450e-01	4.166685726639442464e+02
9.204630817717615043e-01	4.152248022182612885e+02
9.267434415264711456e-01	4.102341237926370354e+02
9.330324197354928906e-01	4.075689499403894160e+02
9.393265785573878812e-01	4.058231610479638221e+02
9.455974810398196650e-01	4.038899370434066327e+02
9.518660018545171964e-01	4.010985852925579138e+02
9.581413255531838757e-01	3.976528311750687408e+02
9.644350945109106954e-01	3.965539983023162449e+02
9.707355633568249820e-01	3.931844833112892843e+02
9.770080768450029041e-01	3.886959900789661901e+02
9.832823325363413414e-01	3.868982818782336608e+02
9.895569691966674686e-01	3.839434354526513857e+02
9.958456301921106979e-01	3.827994542977669425e+02
1.002136210743837408e+00	3.776265101984923263e+02
1.008404825335135424e+00	3.750515023305791829e+02
1.014694149836243398e+00	3.752071065365037157e+02
1.020992555437297167e+00	3.714599071949950826e+02
1.027273980437394485e+00	3.687535440155619995e+02
1.033559181896017254e+00	3.673995345190310786e+02
1.039847557392594934e+00	3.656368121818094323e+02
1.046126974943305088e+00	3.633900848199800180e+02
1.052403436811028659e+00	3.600409935908782018e+02
1.058680704651608684e+00	3.575894306926987838e+02
1.064964333065789193e+00	3.563599704431829878e+02
1.071256777440835473e+00	3.537827478894802766e+02
1.077544048801078125e+00	3.512856613256972196e+02
1.083824820188043603e+00	3.477512702127616535e+02
1.090108023942816695e+00	3.472427845629272269e+02
1.096389665956643222e+00	3.435052185205750561e+02
1.102681132058841440e+00	3.418938912123463751e+02
1.108963047594879958e+00	3.386998649342921794e+02
1.115225428463759272e+00	3.371764703124831044e+02
1.121502127614767863e+00	3.353706875291148890e+02
1.127792573824792033e+00	3.343192078166502483e+02
1.134089552668382961e+00	3.320820834800557009e+02
1.140364049650405942e+00	3.290425300474207120e+02
1.146639180320979445e+00	3.279766193231086504e+02
1.152942412991649901e+00	3.268748446781976327e+02
1.159228906751078814e+00	3.227866486887111250e+02
1.165508721887268173e+00	3.224608731227355065e+02
1.171793076256210320e+00	3.213072822961311203e+02
1.178087436369658958e+00	3.186632038658004831e+02
1.184367654251526902e+00	3.152871248316918695e+02
1.190634642299266632e+00	3.144030732660452259e+02
1.196912208834400859e+00	3.118977210347238156e+02
1.203201577354146234e+00	3.107578153350069101e+02
1.209486844441705733e+00	3.082222937213187492e+02
1.215763902074809888e+00	3.071395154128038598e+02
1.222049755171146668e+00	3.060850044763708979e+02
1.228340616621486969e+00	3.041452867467201031e+02
1.234632986576932767e+00	3.015710510923493644e+02
1.240902247176856488e+00	2.997919451348904545e+02
1.247174839144687519e+00	2.979721513049659620e+02
1.253465459933442272e+00	2.959731044459452391e+02
1.259749951892178421e+00	2.942434722524442918e+02
1.266032143127253873e+00	2.927101614377640999e+02
1.272316288472006507e+00	2.901175875085393727e+02
1.278604155058621350e+00	2.894868122114101539e+02
1.284886588933593865e+00	2.880909698148578855e+02
1.291175420066583257e+00	2.868723254987102109e+02
1.297465726373772332e+00	2.842622958423260116e+02
1.303741827011944299e+00	2.829363068631702731e+02
1.310017322922761851e+00	2.808736773680938654e+02
1.316301447662886703e+00	2.796596688572286666e+02
1.322586760363303249e+00	2.781144738968254160e+02
1.328865492452874664e+00	2.763180479887703314e+02
1.335144804954555564e+00	2.742655301752898822e+02
1.341440516272275119e+00	2.728830796961615874e+02
1.347730868417094552e+00	2.724774950790845196e+02
1.354001589994877630e+00	2.710241356526570371e+02
1.360282609297778444e+00	2.704691624637112000e+02
1.366565686457597906e+00	2.672931068276902238e+02
1.372851498482432708e+00	2.662607497756192743e+02
1.379135372929401804e+00	2.645413627476518741e+02
1.385409567149057164e+00	2.640069509411072772e+02
1.391698641219299315e+00	2.619579679464712854e+02
1.397984451439470810e+00	2.608970525721107947e+02
1.404267883409181961e+00	2.581348414650282734e+02
1.410554779484869181e+00	2.576865496987590518e+02
1.416837833547465397e+00	2.565547377871229173e+02
1.423118177187137068e+00	2.551195174461261956e+02
1.429397801164240089e+00	2.534461008812559726e+02
1.435686921822787232e+00	2.521403467554277711e+02
1.441977121769299597e+00	2.505493175838246032e+02
1.448253667853332427e+00	2.496688055840762104e+02
1.454532348972172651e+00	2.472974215318002678e+02
1.460819319151879903e+00	2.465459098480926627e+02
1.467110364402026468e+00	2.454254995461620013e+02
1.473392908948962132e+00	2.449298452323773176e+02
1.479669965243598950e+00	2.429273081445257958e+02
1.485956144602843532e+00	2.411881960998895522e+02
1.492233610763115115e+00	2.403991391032176352e+02
1.498502470379980078e+00	2.399428886074392153e+02
1.504785752051182701e+00	2.381369389055477939e+02
1.511075991894575976e+00	2.369028787216711294e+02
1.517361634985162189e+00	2.350663939377029976e+02
1.523648570969130533e+00	2.340205983684222417e+02
1.529938035715892264e+00	2.336990751073736874e+02
1.536230176913891965e+00	2.321068976822310503e+02
1.542510718779388279e+00	2.315068701628682675e+02
1.548783963082980275e+00	2.295930019389722361e+02
1.555073069779651318e+00	2.280010845456095865e+02
1.561357324927233892e+00	2.278651199073652549e+02
1.567629121053141006e+00	2.266206518370138951e+02
1.573913697404382583e+00	2.254887121482329917e+02
1.580203545230874029e+00	2.242765962975955745e+02
1.586485393434537983e+00	2.226874680697379745e+02
1.592760014263005841e+00	2.219656101340097791e+02
1.599046436394670812e+00	2.209819503395232800e+02
1.605342136637478934e+00	2.198728921504438460e+02
1.611619860919608627e+00	2.183485625516451591e+02
1.617897597081673799e+00	2.177029771825772571e+02
1.624183235481122756e+00	2.160305791257085559e+02
1.630464598531913722e+00	2.149550862816179517e+02
1.636748985747638274e+00	2.143909113391939059e+02
1.643030923698886259e+00	2.133849217302098680e+02
1.649309176648513064e+00	2.121555974017002484e+02
1.655593633940351861e+00	2.111503253807416058e+02
1.661879571405086464e+00	2.096080330799719320e+02
1.668169361685170271e+00	2.086900870415125837e+02
1.674450151530487485e+00	2.078369387688570384e+02
1.680722718978495900e+00	2.067562270386102625e+02
1.687013891340952476e+00	2.055201394638077943e+02
1.693308984907921033e+00	2.047145480541427389e+02
1.699582147428448486e+00	2.035875389311903518e+02
1.705863747055134105e+00	2.026813401971753308e+02
1.712154434283889470e+00	2.018896597493846627e+02
1.718438381579399321e+00	2.005558276238809867e+02
1.724721264464063930e+00	1.992884737185358688e+02
1.730997441276920679e+00	1.988805211048901356e+02
1.737287073528269499e+00	1.975733657929986009e+02
1.743567991878527401e+00	1.965864812209179036e+02
1.749840680212231048e+00	1.960867585118060106e+02
1.756128549091961144e+00	1.952619617885057437e+02
1.762413535324792502e+00	1.939398870019846299e+02
1.768696187669963837e+00	1.931065999550478978e+02
1.774979359379055266e+00	1.918027174420472534e+02
1.781265555576432957e+00	1.913448119076722378e+02
1.787549427830244619e+00	1.906681642498836595e+02
1.793834120011633004e+00	1.896585274646139680e+02
1.800115051552487300e+00	1.883614449531061723e+02
1.806393904854530330e+00	1.873485179862352084e+02
1.812674089667083432e+00	1.866921987353482564e+02
1.818956920109354058e+00	1.860384743932650053e+02
1.825244164118212220e+00	1.847901503988895229e+02
1.831527256642196955e+00	1.843375278023101771e+02
1.837811294935716599e+00	1.827001752944992177e+02
1.844100717411196744e+00	1.821587767560519069e+02
1.850384816792487230e+00	1.813757441709181819e+02
1.856666059735203822e+00	1.807252805570468297e+02
1.862947728675613979e+00	1.800564254625525962e+02
1.869229324466858078e+00	1.790890418705138813e+02
1.875517616802973686e+00	1.779030948846545641e+02
1.881800769033795229e+00	1.771509414435367376e+02
1.888078863416442710e+00	1.765247507641553568e+02
1.894353975182237582e+00	1.760195340237161759e+02
1.900642716154182565e+00	1.748933183274967860e+02
1.906933494748685121e+00	1.744165639665649223e+02
1.913207568676573933e+00	1.734664128924251827e+02
1.919490884732178992e+00	1.728532935091621141e+02
1.925776855684274480e+00	1.716918473386257347e+02
1.932064452961978152e+00	1.714684929474701107e+02
1.938342610030488800e+00	1.702898078015139731e+02
1.944618341543410178e+00	1.697743772656087913e+02
1.950906260203513876e+00	1.693028198785804932e+02
1.957194556613796488e+00	1.681681387080898560e+02
1.963479614559011432e+00	1.674981647399775397e+02
1.969760361532916226e+00	1.663140763637633768e+02
1.976048367034604736e+00	1.657487514996379332e+02
1.982337990217652335e+00	1.650653407159278174e+02
1.988617489259562721e+00	1.644529521272949921e+02
1.994896320665194178e+00	1.637478212383344953e+02
2.001179596222827151e+00	1.630864573427442394e+02
2.007459756923499761e+00	1.622424438978180206e+02
2.013737397779169935e+00	1.614380243511644153e+02
2.020017234677497164e+00	1.609531491940505248e+02
2.026310251015072783e+00	1.601594637271819579e+02
2.032600542948020284e+00	1.597102269122537450e+02
2.038873863192099289e+00	1.586093334339879561e+02
2.045154087821675404e+00	1.578064148699183420e+02
2.051444704514288730e+00	1.572829100978418637e+02
2.057730430280644729e+00	1.570774739571512839e+02
2.064013940455224461e+00	1.563541062148561025e+02
2.070299891179459895e+00	1.553193748837358896e+02
2.076589719964883951e+00	1.549686703073209060e+02
2.082865483794470673e+00	1.542429157233767114e+02
2.089134494859368640e+00	1.533046996353857878e+02
2.095424211360070288e+00	1.527855443390608343e+02
2.101707116664804254e+00	1.522015337936772426e+02
2.107986473933564309e+00	1.511749156499305400e+02
2.114271806543862375e+00	1.509108410019208861e+02
2.120552717288892275e+00	1.500739509135510446e+02
2.126836933207161717e+00	1.497740885372492983e+02
2.133122044791171845e+00	1.489585433165403003e+02
2.139411711910842673e+00	1.485370631903645062e+02
2.145697076775292089e+00	1.478300793148922310e+02
2.151973548606471276e+00	1.473655707027955941e+02
2.158259913555724108e+00	1.466214633265282430e+02
2.164545396699105506e+00	1.458842076858967403e+02
2.170830700377734068e+00	1.453627340262536336e+02
2.177114138849150393e+00	1.450121868001234589e+02
2.183387647576827018e+00	1.443254791948479863e+02
2.189670273687676971e+00	1.438992779657921233e+02
2.195960147934207463e+00	1.433320223325075915e+02
2.202242556317716371e+00	1.426228035571412533e+02
2.208521655981037668e+00	1.423080084681137407e+02
2.214804637081333016e+00	1.413033658394830923e+02
2.221092583349425276e+00	1.409857823282499965e+02
2.227372893591468728e+00	1.403855390999767110e+02
2.233657161144248171e+00	1.395876205492525060e+02
2.239943485394438660e+00	1.393189493680567921e+02
2.246224175264620815e+00	1.387681224915724840e+02
2.252506378421252009e+00	1.381098046416144882e+02
2.258783417054270437e+00	1.378479726281556168e+02
2.265069077371457684e+00	1.369383374397108923e+02
2.271350377044131452e+00	1.365422893871491112e+02
2.277633995145353918e+00	1.360881294847004597e+02
2.283922419579920149e+00	1.353535697073480435e+02
2.290202874392252674e+00	1.350247708330351202e+02
2.296490779970905560e+00	1.343797460453608608e+02
2.302771769934229162e+00	1.338677768363992300e+02
2.309051364164305564e+00	1.334145814274260999e+02
2.315338502539088239e+00	1.331048661185878927e+02
2.321627336503874428e+00	1.321960844198506209e+02
2.327911878297218795e+00	1.319893311033913221e+02
2.334186238580297168e+00	1.312565597260109200e+02
2.340467971862688401e+00	1.307276030304717835e+02
2.346756940970738725e+00	1.306496485639164007e+02
2.353044444556199988e+00	1.301660237228150834e+02
2.359327653314069906e+00	1.293907033247045888e+02
2.365603048789861607e+00	1.286935450349796213e+02
2.371885911737665165e+00	1.283483214027440056e+02
2.378173303594019572e+00	1.280646818236627951e+02
2.384454016539381271e+00	1.273851364071058043e+02
2.390736447344785187e+00	1.274249791180813673e+02
2.397014133897952259e+00	1.266919247704178133e+02
2.403295490074321972e+00	1.262230012340557721e+02
2.409585049672506862e+00	1.257485073611892830e+02
2.415871703165322071e+00	1.253112480592822777e+02
2.422160652369088840e+00	1.248641322043515487e+02
2.428440167222748691e+00	1.243523230592523419e+02
2.434717472383889803e+00	1.238744219001583815e+02
2.441002456202044257e+00	1.233331522238246549e+02
2.447289980304530488e+00	1.228091418234687353e+02
2.453571844729242279e+00	1.226438724143558403e+02
2.459852705114058846e+00	1.221683708931984711e+02
2.466139233225018934e+00	1.219755240388459896e+02
2.472421963421291391e+00	1.214008217761157198e+02
2.478698519174224568e+00	1.209741702914011370e+02
2.484980841400355800e+00	1.204642455353413908e+02
2.491269319409339822e+00	1.202938257306491465e+02
2.497548505139029373e+00	1.199037741116469959e+02
2.503831667172610853e+00	1.193405499847269624e+02
2.510117938323931153e+00	1.189545535146925346e+02
2.516400733681277480e+00	1.185623334396941289e+02
2.522688226833368130e+00	1.179923612383132934e+02
2.528971695852665569e+00	1.178573239561009558e+02
2.535252039407670299e+00	1.173641648237002357e+02
2.541537514142774512e+00	1.171039312627395788e+02
2.547823008847572179e+00	1.167272650063007262e+02
2.554100666580690238e+00	1.162036622208309495e+02
2.560376788884177301e+00	1.160132421092494042e+02
2.566667521601497359e+00	1.156502286121774716e+02
2.572955062237090473e+00	1.151923245355903731e+02
2.579233771797999175e+00	1.146841500119674890e+02
2.585520164300948220e+00	1.146022252481763104e+02
2.591805130332431872e+00	1.140968647151428570e+02
2.598084074692260881e+00	1.137797694803214767e+02
2.604360404197643586e+00	1.133831125603324779e+02
2.610647185140439142e+00	1.132953296566586943e+02
2.616931864059273138e+00	1.128949240413127058e+02
2.623206107911065565e+00	1.124864138380038696e+02
2.629491626543270844e+00	1.119372993472675262e+02
2.635778507982642349e+00	1.118120871507899778e+02
2.642061039325260818e+00	1.115337056406606706e+02
2.648343840729305843e+00	1.110586716584250269e+02
2.654631838974855551e+00	1.107042956276120549e+02
2.660919001246303761e+00	1.106194329883309422e+02
2.667198525130066056e+00	1.104199284249496742e+02
2.673484307038032526e+00	1.100481974039643802e+02
2.679773388053849459e+00	1.096228537950610900e+02
2.686058217632288692e+00	1.092569871568525457e+02
2.692338738200057868e+00	1.090292449806943580e+02
2.698618022887226964e+00	1.089368896952326509e+02
2.704895450708277860e+00	1.083987061870136870e+02
2.711175674923682166e+00	1.081033262586494175e+02
2.717459832966957922e+00	1.080548585598500182e+02
2.723745731959044569e+00	1.076681785609682152e+02
2.730038414850594730e+00	1.075042593481527007e+02
2.736317989800789441e+00	1.071188495329526233e+02
2.742591858549239703e+00	1.067913472037272555e+02
2.748879749010778362e+00	1.064727513590976571e+02
2.755163403825859447e+00	1.063667553446660605e+02
2.761446955625852073e+00	1.058655778563224032e+02
2.767732088935374701e+00	1.058193493615705592e+02
2.774015452421743966e+00	1.055651716256672046e+02
2.780298635700591436e+00	1.051584286122519671e+02
2.786577474762241380e+00	1.050957553162666898e+02
2.792857983210164541e+00	1.048687145938029914e+02
2.799143790920211483e+00	1.046248793766865504e+02
2.805430058399325244e+00	1.043653672103154975e+02
2.811715058209780072e+00	1.039252323760130281e+02
2.817989272498773623e+00	1.040108967103079891e+02
2.824269171595737760e+00	1.035196884552153165e+02
2.830563016441804081e+00	1.034149026781785921e+02
2.836848750951622034e+00	1.032823360299496898e+02
2.843130027866129783e+00	1.031622112189496647e+02
2.849413896912404986e+00	1.028689167794604060e+02
2.855697464522425566e+00	1.025818631072462352e+02
2.861978799810683594e+00	1.025464741123973624e+02
2.868262469415629567e+00	1.021768289774065863e+02
2.874547359206753860e+00	1.020028281210146019e+02
2.880831111471525041e+00	1.017924922601204827e+02
2.887113216972382546e+00	1.017127532524523588e+02
2.893394504725182781e+00	1.015065920372510249e+02
2.899673662137033592e+00	1.013092997341400263e+02
2.905953958587380814e+00	1.012864053775855950e+02
2.912241118105161064e+00	1.010851417089816806e+02
2.918525996366671205e+00	1.008006471316712975e+02
2.924809035425688819e+00	1.006242741727800194e+02
2.931095916293684933e+00	1.006005111938155920e+02
2.937378182606774413e+00	1.004710943137252173e+02
2.943659980254369923e+00	1.003185068112335756e+02
2.949946454403890250e+00	1.000208542530438791e+02
2.956227653702202307e+00	1.001291044249124127e+02
2.962510478867462993e+00	1.000156425763815804e+02
2.968796535179442309e+00	9.981584602208563695e+01
2.975077657376874907e+00	9.963682338556593265e+01
2.981359866759223376e+00	9.955415025643466720e+01
2.987646761575656562e+00	9.948904786241723741e+01
2.993929038370399365e+00	9.937138059627417874e+01
3.000206214840962726e+00	9.922752516524661814e+01
3.006486172402415669e+00	9.918960784792156460e+01
3.012769812211594456e+00	9.900343595716681477e+01
3.019053144326170113e+00	9.893250358596797867e+01
3.025337405144251424e+00	9.894901767133956128e+01
3.031623734799107961e+00	9.892201653353191659e+01
3.037908962055872575e+00	9.871885219821395197e+01
3.044195067146031608e+00	9.889787546017166164e+01
3.050475543482170426e+00	9.870708849331249723e+01
3.056754954538277502e+00	9.861079255179843983e+01
3.063040539557494668e+00	9.849783275416712058e+01
3.069323699454357346e+00	9.858624991864074616e+01
3.075610692642898769e+00	9.861218521405497484e+01
3.081893798009918584e+00	9.853469229190669409e+01
3.088174549548037717e+00	9.845116788643717598e+01
3.094458635632868493e+00	9.842785580151053182e+01
3.100743982931558840e+00	9.848911603109959856e+01
3.107028111748448396e+00	9.847228183689502146e+01
3.113309299655494300e+00	9.825207396490560541e+01
3.119590662867241626e+00	9.835316464664674641e+01
3.125874006820172912e+00	9.830863800414576303e+01
3.132159251154602586e+00	9.859376339048802151e+01
3.138439172765940643e+00	9.833193624623214646e+01
3.144723867719826593e+00	9.858411118141256679e+01
3.151003951258561031e+00	9.850349878660341574e+01
3.157283664131563139e+00	9.835975337754015868e+01
3.163569317183839935e+00	9.867182929270705927e+01
3.169851661717792091e+00	9.870618848958537228e+01
3.176137704316093657e+00	9.862386229925151326e+01
3.182420924828643916e+00	9.888849482234016364e+01
3.188702811875577581e+00	9.882846603198767355e+01
3.194990520008989865e+00	9.895846504790287668e+01
3.201275324656983834e+00	9.906198495039686236e+01
3.207551352179861759e+00	9.908116174110453755e+01
3.213835216737041645e+00	9.925614969912312802e+01
3.220122579819103770e+00	9.927412256933868662e+01
3.226406606618656525e+00	9.907483656025191010e+01
3.232687390085645429e+00	9.874301953037507928e+01
3.238969121280456331e+00	9.857650138247208815e+01
3.245254751548589667e+00	9.836028238047751415e+01
3.251534499036136783e+00	9.804541137919117944e+01
3.257817780791052442e+00	9.787838226887747339e+01
3.264102164154097263e+00	9.771716587577149937e+01
3.270384152138468892e+00	9.755956330803388710e+01
3.276669427476867735e+00	9.721065192393231769e+01
3.282954688864507808e+00	9.700377481789224987e+01
3.289237200334947264e+00	9.674831450981066894e+01
3.295519587088236779e+00	9.670323031884282727e+01
3.301805977329951958e+00	9.648941250704237405e+01
3.308087486222440088e+00	9.630671128247594481e+01
3.314367630234227313e+00	9.610177269059857963e+01
3.320651909732194262e+00	9.584690196222054226e+01
3.326931260376857047e+00	9.557387966962203052e+01
3.333216512447217728e+00	9.539009045992408176e+01
3.339504489419978128e+00	9.523666554385798122e+01
3.345786804809928405e+00	9.517495349123440462e+01
3.352071130016277767e+00	9.494481112105488307e+01
3.358351496304225581e+00	9.469468313907854906e+01
3.364630591073392019e+00	9.464090468351295726e+01
3.370916305215045483e+00	9.442445258435331823e+01
3.377197952029413752e+00	9.432638952308361979e+01
3.383483063818085501e+00	9.409834343589280081e+01
3.389769992424469969e+00	9.399036392844755028e+01
3.396051330885982100e+00	9.349106216282868331e+01
3.402330879139463971e+00	9.355775568049504898e+01
3.408610488352048495e+00	9.331993901866124475e+01
3.414897837696641236e+00	9.309265416394684678e+01
3.421180484052105619e+00	9.304495760560806161e+01
3.427461639653846870e+00	9.287128354022023302e+01
3.433749159643459059e+00	9.282778517662630691e+01
3.440032646656798310e+00	9.260238705170129947e+01
3.446313366033385339e+00	9.249786687908809313e+01
3.452600135384134905e+00	9.233455162363591739e+01
3.458883152815406703e+00	9.205918920381893145e+01
3.465163834403715448e+00	9.204245069418941227e+01
3.471449329786229221e+00	9.181766921866677933e+01
3.477734476754053894e+00	9.167617820784438720e+01
3.484019652467224226e+00	9.153208727476994966e+01
3.490297019369712928e+00	9.138690201175978700e+01
3.496582486484379970e+00	9.132967797153683875e+01
3.502868048046865024e+00	9.116110408913085905e+01
3.509144649545451244e+00	9.093611398333041507e+01
3.515428082003116295e+00	9.094591098264861273e+01
3.521711031624695565e+00	9.069519361722966266e+01
3.527991850954735664e+00	9.057417373364769730e+01
3.534275545726699885e+00	9.045725660880755470e+01
3.540562632020772149e+00	9.034658007165901950e+01
3.546844410757220789e+00	9.029618515920729749e+01
3.553131386753758836e+00	9.009149989885212051e+01
3.559419203211965144e+00	9.002076761118908621e+01
3.565697971577579839e+00	8.970982275708604448e+01
3.571979559134798254e+00	8.978151661960285423e+01
3.578265774595833726e+00	8.964617952834110781e+01
3.584548309769353125e+00	8.945774210493379996e+01
3.590826843920031486e+00	8.930517030002870627e+01
3.597107306745233934e+00	8.928124925150731883e+01
3.603392831792229245e+00	8.919227409808269158e+01
3.609673209822572559e+00	8.911732892056936350e+01
3.615955412133016189e+00	8.896159992567922359e+01
3.622241607772384686e+00	8.891039941492944365e+01
3.628520252736676444e+00	8.880643542653277223e+01
3.634804827569451113e+00	8.857501472178479673e+01
3.641094981788862928e+00	8.865165125480643837e+01
3.647383514928639325e+00	8.847790088978051415e+01
3.653663283927725658e+00	8.842286828749737992e+01
3.659943504072155296e+00	8.843014917967131794e+01
3.666232000281138603e+00	8.837818848209748523e+01
3.672514211678317597e+00	8.825701650921168095e+01
3.678794154686042539e+00	8.814783241293858396e+01
3.685078621861909820e+00	8.783170095179535508e+01
3.691359210097977961e+00	8.786179636772637025e+01
3.697642368173791105e+00	8.776361286994054467e+01
3.703925796735277665e+00	8.786977412336723603e+01
3.710208240364660348e+00	8.779496914060666768e+01
3.716494593122387169e+00	8.767381757136944032e+01
3.722775386659595398e+00	8.764144388941357988e+01
3.729058392883481510e+00	8.757360740347544947e+01
3.735339748210807720e+00	8.720611162645120373e+01
3.741620776392969638e+00	8.744698113537191375e+01
3.747904795418762980e+00	8.743236735324325082e+01
3.754190633281219380e+00	8.727344815216223139e+01
3.760478208018912749e+00	8.728872444053588708e+01
3.766755538573464346e+00	8.710168010042157505e+01
3.773032090135151506e+00	8.721394968758721689e+01
3.779322553012896879e+00	8.709626242468276303e+01
3.785609109731308930e+00	8.700255345657471651e+01
3.791889825936295200e+00	8.709817770331497400e+01
3.798174822702435893e+00	8.707962052807260989e+01
3.804458658753491651e+00	8.681724040298342970e+01
3.810738438095723435e+00	8.679697601840852883e+01
3.817018850285747167e+00	8.688361803546118267e+01
3.823305314209427763e+00	8.685199928302276362e+01
3.829591295197792178e+00	8.680845412072291367e+01
3.835872296070849341e+00	8.660391675111694099e+01
3.842156279590906109e+00	8.676280944838865139e+01
3.848441511099312429e+00	8.667101460500735755e+01
3.854723334376886079e+00	8.671924332609728481e+01
3.861004740704794713e+00	8.672893630823055844e+01
3.867284336650660848e+00	8.675968081997511661e+01
3.873567367678779849e+00	8.671750800704660378e+01
3.879850662830422792e+00	8.664668294661025527e+01
3.886137063198143338e+00	8.662130373757108259e+01
3.892419463049126005e+00	8.659325064052217158e+01
3.898703740328622658e+00	8.662210356359052810e+01
3.904991458788179326e+00	8.676489746042715012e+01
3.911270842222104083e+00	8.666955590886739458e+01
3.917549806479573071e+00	8.669009388487485523e+01
3.923836006203090587e+00	8.674221307707057349e+01
3.930121452497870926e+00	8.684232839955124916e+01
3.936398172858230460e+00	8.686168902891802190e+01
3.942683040425962293e+00	8.682093783767952289e+01
3.948974759704379611e+00	8.686581048798235827e+01
3.955259227995065352e+00	8.681392388390035819e+01
3.961537174921395454e+00	8.698412479344263204e+01
3.967820217617139544e+00	8.686649941451490520e+01
3.974105559832568968e+00	8.682432913364610272e+01
3.980384727931198352e+00	8.692307636493251266e+01
3.986664590839849698e+00	8.688402249120302656e+01
3.992949619150675034e+00	8.713649378392837264e+01
3.999235075769965952e+00	8.708048980810156081e+01
4.005515715515433506e+00	8.722326567905632544e+01
4.011798434346478537e+00	8.723118166511723359e+01
4.018083716245132386e+00	8.714824954294073223e+01
4.024365700052603856e+00	8.745911454966916665e+01
4.030643960839860540e+00	8.713381949528726977e+01
4.036928708926215137e+00	8.734854239008635091e+01
4.043218157412017177e+00	8.734134312085140550e+01
4.049503019487663558e+00	8.738427070499218985e+01
4.055781898960511000e+00	8.768993999380154492e+01
4.062060795621602161e+00	8.760477306497317329e+01
4.068347865354716042e+00	8.771341996010603737e+01
4.074631027173265529e+00	8.792703255936305595e+01
4.080910837526078971e+00	8.796352446569297001e+01
4.087201203341442657e+00	8.820839058966198820e+01
4.093486818591942189e+00	8.798549684817285765e+01
4.099764387336505500e+00	8.826411773444878861e+01
4.106049166937662420e+00	8.821897796175299789e+01
4.112334559041358695e+00	8.847998691747648081e+01
4.118618926059533614e+00	8.854042746994996094e+01
4.124898942031112625e+00	8.861698417074175893e+01
4.131175432561665417e+00	8.872581927026237736e+01
4.137461563786142271e+00	8.872612308492364264e+01
4.143746006210170307e+00	8.907989586975577367e+01
4.150029800482964326e+00	8.894718277301170417e+01
4.156313390684649001e+00	8.912133918896060436e+01
4.162596105843763716e+00	8.928549184561134666e+01
4.168881843141768684e+00	8.949961767279991420e+01
4.175162111073220217e+00	8.965716474431035010e+01
4.181448573417560155e+00	8.981487502999347328e+01
4.187738782464171194e+00	9.000026286370501793e+01
4.194017437180169061e+00	9.007147161785013623e+01
4.200293572701767175e+00	9.024300943458676727e+01
4.206580195481546269e+00	9.032858913137795298e+01
4.212860644652220543e+00	9.050233160522077469e+01
4.219138153430114002e+00	9.066321928947758124e+01
4.225426162098283811e+00	9.071838646721508326e+01
4.231713506719782636e+00	9.105019568508609495e+01
4.237990056577191744e+00	9.111907596199313275e+01
4.244267783646744618e+00	9.118049066252631008e+01
4.250560660182562955e+00	9.158252899521350798e+01
4.256847734842668096e+00	9.170311165503450468e+01
4.263127100734456221e+00	9.192933723385621647e+01
4.269406860432507500e+00	9.214987335930263157e+01
4.275691671482192646e+00	9.226956903138059829e+01
4.281972414189518794e+00	9.246037092413861558e+01
4.288253516806755705e+00	9.239370729568588558e+01
4.294540520160492925e+00	9.301419506567668805e+01
4.300825742921731809e+00	9.298590949148649543e+01
4.307109835491901961e+00	9.316214390999846273e+01
4.313390926478413157e+00	9.344322059214081833e+01
4.319667979480563247e+00	9.355942506509623513e+01
4.325952598143786076e+00	9.372890637843120487e+01
4.332241647035422361e+00	9.415406206692753699e+01
4.338524445619096781e+00	9.428226980328953744e+01
4.344809348131129845e+00	9.456126324898143309e+01
4.351090699193166600e+00	9.451303972998653080e+01
4.357369710808320029e+00	9.465387660772833556e+01
4.363659348967174445e+00	9.477543879120960924e+01
4.369947418280990981e+00	9.528259155379807055e+01
4.376226569265827315e+00	9.534280166982887295e+01
4.382499356631129217e+00	9.532316968352516540e+01
4.388784975178015024e+00	9.566499344555688822e+01
4.395068696309480494e+00	9.579912196695642024e+01
4.401347962382031298e+00	9.638794795096197277e+01
4.407628405096517099e+00	9.631164478813167307e+01
4.413915862185140426e+00	9.653493536179088608e+01
4.420203163534264235e+00	9.697285880821719672e+01
4.426480311003382795e+00	9.675357521151480000e+01
4.432765973643649104e+00	9.717408257311873854e+01
4.439053392023870614e+00	9.707408908496012145e+01
4.445336141335588742e+00	9.752610294958215320e+01
4.451617241414883352e+00	9.751790826947043911e+01
4.457901500730311106e+00	9.733927981599815382e+01
4.464189501093017043e+00	9.774324650766757827e+01
4.470470197548729985e+00	9.750921974811161874e+01
4.476748044268524573e+00	9.803444862937750770e+01
4.483035990164653484e+00	9.775992568429583685e+01
4.489323331650528104e+00	9.769940928952684089e+01
4.495599111667934800e+00	9.807694335299653687e+01
4.501870922878794090e+00	9.803534426412574021e+01
4.508155162877705457e+00	9.805074441373713512e+01
4.514446451153479423e+00	9.784636890545384347e+01
4.520723894043856994e+00	9.804701033688419898e+01
4.527003782460155890e+00	9.746063377379930159e+01
4.533293086610313161e+00	9.764707348217926608e+01
4.539578989864040182e+00	9.738712806344173600e+01
4.545857164866476730e+00	9.718142048333803018e+01
4.552138955546025656e+00	9.684967217330921585e+01
4.558432046889146605e+00	9.661382145543184663e+01
4.564713463378488711e+00	9.684497744425037524e+01
4.570987274133244682e+00	9.624403008593742470e+01
4.577274818151045643e+00	9.673449119812579511e+01
4.583563263889338657e+00	9.653392604807956445e+01
4.589844917004465508e+00	9.651203039094239955e+01
4.596126259982004747e+00	9.643137268693440944e+01
4.602409075598298926e+00	9.671856982812647630e+01
4.608696634867644804e+00	9.661173063618907975e+01
4.614977646498861219e+00	9.650614333161342984e+01
4.621258953029527383e+00	9.702851010578946500e+01
4.627547993978874175e+00	9.687478099729963787e+01
4.633830152730579854e+00	9.671613015864346607e+01
4.640104005367354567e+00	9.698398840084685446e+01
4.646382060386754276e+00	9.689412036814243834e+01
4.652674213731970987e+00	9.672205009444510893e+01
4.658958291796220230e+00	9.689740029433501434e+01
4.665233615070169648e+00	9.720945174107296793e+01
4.671520675710307380e+00	9.722028266602505653e+01
4.677814351732177300e+00	9.721548938285296515e+01
4.684093699744638073e+00	9.773448790516700058e+01
4.690368661472568590e+00	9.729374607452834312e+01
4.696663270746453733e+00	9.769942473360399049e+01
4.702945459248681459e+00	9.776936406713589633e+01
4.709209170841929470e+00	9.779110284083266436e+01
4.715491634753063543e+00	9.793207042138931229e+01
4.721784316284933780e+00	9.776567319825474556e+01
4.728063062331094635e+00	9.853783637846569832e+01
4.734337423381671073e+00	9.873526658360744079e+01
4.740627024094544062e+00	9.865851151208651970e+01
4.746914995664547554e+00	9.934202663006634282e+01
4.753194740071086777e+00	9.903482421551490233e+01
4.759478891864783456e+00	9.877942533619130927e+01
4.765762396877359031e+00	9.964337021122209137e+01
4.772049481246195768e+00	9.964849750252810168e+01
4.778335091022592351e+00	9.977934224636489091e+01
4.784610831402393849e+00	9.984797274280347779e+01
4.790907306208476157e+00	1.001624537170463185e+02
4.797204047706418173e+00	1.006211653763804605e+02
4.803470827697504220e+00	1.008367593127741202e+02
4.809748850577324042e+00	1.008280207021358450e+02
4.816045316586602176e+00	1.011441505332549156e+02
4.822329240673497885e+00	1.013662331867529076e+02
4.828596758226470165e+00	1.018995722612910555e+02
4.834890332961369275e+00	1.019736674285202866e+02
4.841191655056394261e+00	1.022303695517193063e+02
4.847460407468000554e+00	1.021420662274284155e+02
4.853732128521334843e+00	1.027802269164169218e+02
4.860029138783373170e+00	1.029782952124217132e+02
4.866314601732018019e+00	1.032618282634073097e+02
4.872587026269203925e+00	1.037794095776207257e+02
4.878874221748241702e+00	1.038698972255582476e+02
4.885171078138658807e+00	1.036254348178564584e+02
4.891450629931857641e+00	1.045083405951725553e+02
4.897716482750221978e+00	1.048040694116900369e+02
4.904002834596266069e+00	1.052131909107625347e+02
4.910295858205786068e+00	1.056833950825958368e+02
4.916575188115905881e+00	1.058700944390170235e+02
4.922847946197084212e+00	1.065212155325188661e+02
4.929131667457151700e+00	1.066476244116130516e+02
4.935434460144239033e+00	1.074131214144396722e+02
4.941718513303545279e+00	1.078673962320399795e+02
4.947978624761803168e+00	1.075856631950438498e+02
4.954274999209829389e+00	1.087349800006713139e+02
4.960571094729937514e+00	1.088460614049237023e+02
4.966823207626954506e+00	1.093177010779834291e+02
4.973097418390337587e+00	1.094737975405720789e+02
4.979415129936382023e+00	1.103285449571944383e+02
4.985702082330368157e+00	1.110468031323151479e+02
4.991949985828016523e+00	1.107687894296194884e+02
4.998241586316924057e+00	1.117501947070337991e+02
5.004556635606089543e+00	1.124004139829861515e+02
5.010828655701208945e+00	1.128717362228687193e+02
5.017077229702536556e+00	1.141797053019664787e+02
5.023374414758113637e+00	1.142026776224417688e+02
5.029688873569548413e+00	1.146691170411914129e+02
5.035958413584124216e+00	1.150092572529601114e+02
5.042232667658486989e+00	1.155615260632149557e+02
5.048528755870775875e+00	1.161043259669344678e+02
5.054821121427484520e+00	1.173232968566950660e+02
5.061069509814582368e+00	1.176239071416667059e+02
5.067347812754101177e+00	1.175244210783249486e+02
5.073675050630431116e+00	1.191314592161411383e+02
5.079945928388977627e+00	1.188701410346658207e+02
5.086192992546071601e+00	1.195196708538278898e+02
5.092484128970163226e+00	1.210517458366638550e+02
5.098802924706086870e+00	1.211800048060387383e+02
5.105078217426394005e+00	1.226438681962599304e+02
5.111325076574067872e+00	1.220236343982658127e+02
5.117628358851224135e+00	1.231256131350211405e+02
5.123935939383525984e+00	1.233666492236007599e+02
5.130199176325612065e+00	1.260177956470027141e+02
5.136469985878846956e+00	1.259608270398499457e+02
5.142797788696348071e+00	1.268297670742662149e+02
5.149090378043822192e+00	1.263041901706340866e+02
5.155289879840074363e+00	1.278408137182472188e+02
5.161564521234301317e+00	1.287709252196819989e+02
5.167916673496016244e+00	1.294175392339083146e+02
5.174205974602950064e+00	1.310791162564496801e+02
5.180434820793812456e+00	1.308645421962444857e+02
5.186729096569634656e+00	1.336519561589581713e+02
5.193058481037780894e+00	1.328973935375504141e+02
5.199319511444338460e+00	1.344684220540809463e+02
5.205574295584361799e+00	1.367117745077803477e+02
5.211894977074066126e+00	1.364412333433863296e+02
5.218201708336958511e+00	1.374960428354826263e+02
5.224411911780083351e+00	1.395265575004435448e+02
5.230677632666463239e+00	1.396643327792126001e+02
5.237056729559757429e+00	1.394898429693578521e+02
5.243336785035660697e+00	1.414663804387443804e+02
5.249493476178225038e+00	1.442464478028891790e+02
5.255787017738318134e+00	1.442413566646863501e+02
5.262205327426889845e+00	1.455989184802971579e+02
5.268477758348532269e+00	1.468664027670974974e+02
5.274632213654732560e+00	1.485609642137897595e+02
5.280950543314659740e+00	1.482930596852384895e+02
5.287327645024750389e+00	1.514733391068925812e+02
5.293582359180156516e+00	1.525520363573207305e+02
5.299789992649893478e+00	1.525635816548127650e+02
5.306111460381987222e+00	1.541520152333104079e+02
5.312452717892129250e+00	1.547301270626983012e+02
5.318650122853046724e+00	1.568983215243912639e+02
5.324923043129819789e+00	1.582315023244770771e+02
5.331330237158205421e+00	1.611095540467991896e+02
5.337586726886338617e+00	1.612481917543850045e+02
5.343685192440848830e+00	1.624112464666505957e+02
5.350070659715249199e+00	1.620848455704121704e+02
5.356556762554878226e+00	1.674562775894433457e+02
5.362691868684501095e+00	1.683648861297102428e+02
5.368769208912516966e+00	1.699100722561494479e+02
5.375270137997677722e+00	1.718681450028877293e+02
5.381769983045385786e+00	1.720229884302150651e+02
5.387701030372958222e+00	1.764298009788521995e+02
5.393786668001271600e+00	1.742293511758205682e+02
5.400446161099396569e+00	1.749118082737273028e+02
5.406957063684501463e+00	1.766888337853166036e+02
5.412655672453426270e+00	1.824012250716829442e+02
5.418821279260546575e+00	1.835545741098973167e+02
5.425690594366304076e+00	1.846020438353102691e+02
5.432217487502165376e+00	1.911384663647215518e+02
5.437649811577258241e+00	1.900227888976460520e+02
5.443914404015878006e+00	1.920419347531060907e+02
5.450953501686320202e+00	1.966455414736376781e+02
5.457483690405861232e+00	1.941935256473090590e+02
5.462715250135157241e+00	2.002180106671328303e+02
5.469033575551323523e+00	1.997569787987447967e+02
5.476177730420278778e+00	1.956734111308296917e+02
5.482708935702562236e+00	2.098251333658503199e+02
5.487722405008360838e+00	2.103723343807913579e+02
5.494194284996126498e+00	2.022030694245594589e+02
5.501391471009256406e+00	2.194160894758639699e+02
5.507128202673079009e+00	2.121911031738663382e+02
5.512278020050448646e+00	2.211707024459400941e+02
5.519395563377015534e+00	2.327687756075072798e+02
5.526598678609708770e+00	2.270521663388177842e+02
5.532162682462509196e+00	2.416596820034572772e+02
5.537397124017139127e+00	2.128915646188276867e+02
5.544582756485218589e+00	2.487968951234547603e+02
5.551739327507637434e+00	2.434060719163552164e+02
5.557493306674907707e+00	2.049068065612278247e+02
5.562281709102816940e+00	2.695314711146035620e+02
5.569272720323164449e+00	2.565532805050071943e+02
