8.899641224696953554e-03	6.237843448622572760e+04
1.507912216506557788e-02	3.707511501870989014e+04
2.144790186456836667e-02	3.207532504688225163e+04
2.783660776489276650e-02	2.646027660678344546e+04
3.435099785803411021e-02	2.015779708187494907e+04
4.047886761425745911e-02	1.431562494758522735e+04
4.676716683575679601e-02	1.221371189022696308e+04
5.308225101765951665e-02	1.213378005673017651e+04
5.945362440940590160e-02	1.034563236435759791e+04
6.576224814588792211e-02	9.299104554954315972e+03
7.196632906698736953e-02	8.352176482992274032e+03
7.827860915688347743e-02	7.431527329101159012e+03
8.470398945834539672e-02	5.870927430601844208e+03
9.096854620527369817e-02	5.040350974928036521e+03
9.720789776830213169e-02	4.359644062410950028e+03
1.034763038959366499e-01	4.001685913689116660e+03
1.097576444254559219e-01	3.750252676013739347e+03
1.160543084780093354e-01	3.570891619975589947e+03
1.223669666537485351e-01	3.523952315129544331e+03
1.286817263090294094e-01	3.171869332829614905e+03
1.349500801664080818e-01	2.956118186115726985e+03
1.411949558842147678e-01	2.608598719798171715e+03
1.475133575747468451e-01	2.435407451829848924e+03
1.537865074252268427e-01	2.182702931310835993e+03
1.600657544051110326e-01	2.103889631081473908e+03
1.663991168687080635e-01	1.949163337031694482e+03
1.727195645776442856e-01	1.875544086961895118e+03
1.789765213377084718e-01	1.774545494878746240e+03
1.852353690647852158e-01	1.688198750626897436e+03
1.914806787341157279e-01	1.606691789999533285e+03
1.977889868651535599e-01	1.545965171643521444e+03
2.040937735447724277e-01	1.462773303454066763e+03
2.103939302609846018e-01	1.380199041752922085e+03
2.166909709822301688e-01	1.316023704389783688e+03
2.229700281216152047e-01	1.253103615486124227e+03
2.292620027086341994e-01	1.213708059374749382e+03
2.355141508366812297e-01	1.150270706732325380e+03
2.417910583817859116e-01	1.100198135066493023e+03
2.480856539439619257e-01	1.066933323509144657e+03
2.543492256872954549e-01	1.026813381366666590e+03
2.606334251884805386e-01	9.802714121824911899e+02
2.669257370896960802e-01	9.707246431872389394e+02
2.732423343141155980e-01	9.213048172055076748e+02
2.795529680084415936e-01	8.994660056604894862e+02
2.858366292314493129e-01	8.792538497184455082e+02
2.920876271394311496e-01	8.230357075189454008e+02
2.983449844439822751e-01	7.985263687117329710e+02
3.046382639407197446e-01	7.975128652605634443e+02
3.109279127003197196e-01	7.681815962695719691e+02
3.172168171618398036e-01	7.443610162216925801e+02
3.235187567944423082e-01	7.170940498008691293e+02
3.298168217550395687e-01	6.981825393925250864e+02
3.361176429457156667e-01	6.797597884838121445e+02
3.423700375709273769e-01	6.677394715182546179e+02
3.486478192666269682e-01	6.564114718670233515e+02
3.549411614411318028e-01	6.378237897891119701e+02
3.611916935421040642e-01	6.157430224907050160e+02
3.674767089563572564e-01	6.050575744100975726e+02
3.737647795277591056e-01	5.967538773695506507e+02
3.800654031475132477e-01	5.829502574422616590e+02
3.863539861259823738e-01	5.661295182236407300e+02
3.926140181364449755e-01	5.532317457440866519e+02
3.989264500321934581e-01	5.389817088631112938e+02
4.052073244576828714e-01	5.327330666091123703e+02
4.114916477570477182e-01	5.127085124503840916e+02
4.177814272116491257e-01	5.111742789733056043e+02
4.240400648725131116e-01	4.936838547974915059e+02
4.303425690270192283e-01	4.868197498798208471e+02
4.366358560255625965e-01	4.824290508443638146e+02
4.428996183220763605e-01	4.687601097121889779e+02
4.491634418529859563e-01	4.616295710927976756e+02
4.554414146254732731e-01	4.552832019109286534e+02
4.617634470301058558e-01	4.428240026756155316e+02
4.680644242023710433e-01	4.426427426164622716e+02
4.743485242764365895e-01	4.254980223518170419e+02
4.806356136815400082e-01	4.234872591409575762e+02
4.869019258388697646e-01	4.203152648933530600e+02
4.931697099599955947e-01	4.067662266640550115e+02
4.994506747144535908e-01	4.025847021125340461e+02
5.057159051335421429e-01	3.971915457104322513e+02
5.119923996268095356e-01	3.870818143779588354e+02
5.183126097768406826e-01	3.842940504129927604e+02
5.246089638029100000e-01	3.785504521452484710e+02
5.308757308483337267e-01	3.754410905010570332e+02
5.371573527946726934e-01	3.672059543695889943e+02
5.434579563783791256e-01	3.629974676115554075e+02
5.497430652392217842e-01	3.587885893263545540e+02
5.559937427501778773e-01	3.520018597545618491e+02
5.622854676609657654e-01	3.444643774530279643e+02
5.686011537227265711e-01	3.463186050629082615e+02
5.748804589422079614e-01	3.378269493801677754e+02
5.811550210340560296e-01	3.354462683968743590e+02
5.874394496660968468e-01	3.309039701025424165e+02
5.937176220296899176e-01	3.253913207605657476e+02
5.999971954793682505e-01	3.231472459109425586e+02
6.062679115124277596e-01	3.178033815271346612e+02
6.125469576444534381e-01	3.157480739880830924e+02
6.188477733041515272e-01	3.097044428838448198e+02
6.251310567437898813e-01	3.077332501518322943e+02
6.314027450383210560e-01	3.040865140249286469e+02
6.377003562732055375e-01	2.969521203498253499e+02
6.439857783314556494e-01	2.966783015780814026e+02
6.502685417166111925e-01	2.925600961826000912e+02
6.565586117699038216e-01	2.902512559737068614e+02
6.628369282359254377e-01	2.875710262245100921e+02
6.691185444962194362e-01	2.836061971910523880e+02
6.754070198575605755e-01	2.804355459982566572e+02
6.816835514593204692e-01	2.788094078744235276e+02
6.879592533861698112e-01	2.758249656232753182e+02
6.942344317039531587e-01	2.738589632890992220e+02
7.005175402434737908e-01	2.700281582963395408e+02
7.068124956608716758e-01	2.662602093077866243e+02
7.131019009674921527e-01	2.649365862212404750e+02
7.193918251171427247e-01	2.621607207451638715e+02
7.256833807598113140e-01	2.591761071227946900e+02
7.319652682709349989e-01	2.564316795648832112e+02
7.382507990484923344e-01	2.540439059778915976e+02
7.445265842115937893e-01	2.523084349811607296e+02
7.507871101942712455e-01	2.507357164015922990e+02
7.570758465316046459e-01	2.467031923538445142e+02
7.633641233600957365e-01	2.444006644531338566e+02
7.696462959862266917e-01	2.411283876432637783e+02
7.759394865175414102e-01	2.404261545494344432e+02
7.822329141989586843e-01	2.370377504927714085e+02
7.885314936520240181e-01	2.361306709946464366e+02
7.947896566979522071e-01	2.316352894747743107e+02
8.010491096592354809e-01	2.303926850400011688e+02
8.073364061727361651e-01	2.281289574812396950e+02
8.136229488373866170e-01	2.276748365290133904e+02
8.199152998961036776e-01	2.247404527942050834e+02
8.261952636392789762e-01	2.229896817248850596e+02
8.324897070080405914e-01	2.208434363197134758e+02
8.387959309210778480e-01	2.196933080460825920e+02
8.450634639703045181e-01	2.178215125257969476e+02
8.513282867562648182e-01	2.168138854210526745e+02
8.576198263902009566e-01	2.150856566756872610e+02
8.639058477062415697e-01	2.139241261540335017e+02
8.701838745487597837e-01	2.113068948037773680e+02
8.764641096075268534e-01	2.098457662044042706e+02
8.827503873399735745e-01	2.070751271657973689e+02
8.890332768393869323e-01	2.061484847875204878e+02
8.953084247113127780e-01	2.046054939453171642e+02
9.015956521667095602e-01	2.032396213306187747e+02
9.078833328094829680e-01	2.011392767607734129e+02
9.141744106319863450e-01	1.998778509887057169e+02
9.204630817717615043e-01	1.989743811024888203e+02
9.267434415264711456e-01	1.977511945387495018e+02
9.330324197354928906e-01	1.951990175457572434e+02
9.393265785573878812e-01	1.942808900924630677e+02
9.455974810398196650e-01	1.926746449502521727e+02
9.518660018545171964e-01	1.918736867984913772e+02
9.581413255531838757e-01	1.898377114263974761e+02
9.644350945109106954e-01	1.885060969689589285e+02
9.707355633568249820e-01	1.873661763937117257e+02
9.770080768450029041e-01	1.857382772810387905e+02
9.832823325363413414e-01	1.845453549263314983e+02
9.895569691966674686e-01	1.840009510974700220e+02
9.958456301921106979e-01	1.818654097620178618e+02
1.002136210743837408e+00	1.814373761950503194e+02
1.008404825335135424e+00	1.786697741965612067e+02
1.014694149836243398e+00	1.780764161366240046e+02
1.020992555437297167e+00	1.768668008721430454e+02
1.027273980437394485e+00	1.754907475694419361e+02
1.033559181896017254e+00	1.744347362814342546e+02
1.039847557392594934e+00	1.734192847581112744e+02
1.046126974943305088e+00	1.732294304962329363e+02
1.052403436811028659e+00	1.713296941033021028e+02
1.058680704651608684e+00	1.710452743492464833e+02
1.064964333065789193e+00	1.688538652884504927e+02
1.071256777440835473e+00	1.676631847087057849e+02
1.077544048801078125e+00	1.660477113925522872e+02
1.083824820188043603e+00	1.661471145513180545e+02
1.090108023942816695e+00	1.651006902348123333e+02
1.096389665956643222e+00	1.638287480490536154e+02
1.102681132058841440e+00	1.634504883788939935e+02
1.108963047594879958e+00	1.618830795347272726e+02
1.115225428463759272e+00	1.611293270576414614e+02
1.121502127614767863e+00	1.601669512045721433e+02
1.127792573824792033e+00	1.584514821224148022e+02
1.134089552668382961e+00	1.576069118750179427e+02
1.140364049650405942e+00	1.567596888712364773e+02
1.146639180320979445e+00	1.554151354914255592e+02
1.152942412991649901e+00	1.551090650539095464e+02
1.159228906751078814e+00	1.541768171236317926e+02
1.165508721887268173e+00	1.537684276407567268e+02
1.171793076256210320e+00	1.516345333002208804e+02
1.178087436369658958e+00	1.518657905472782375e+02
1.184367654251526902e+00	1.497026657772043166e+02
1.190634642299266632e+00	1.499774192920850169e+02
1.196912208834400859e+00	1.491794334574990728e+02
1.203201577354146234e+00	1.479812764047732401e+02
1.209486844441705733e+00	1.473255283083571214e+02
1.215763902074809888e+00	1.456656697211248570e+02
1.222049755171146668e+00	1.454455011400258115e+02
1.228340616621486969e+00	1.448444209596543715e+02
1.234632986576932767e+00	1.432168002415760668e+02
1.240902247176856488e+00	1.429285675641440321e+02
1.247174839144687519e+00	1.426771243065115016e+02
1.253465459933442272e+00	1.416679201145917659e+02
1.259749951892178421e+00	1.403074626328391048e+02
1.266032143127253873e+00	1.398617680704127793e+02
1.272316288472006507e+00	1.386203039127222212e+02
1.278604155058621350e+00	1.381981330874408513e+02
1.284886588933593865e+00	1.374523751778104952e+02
1.291175420066583257e+00	1.368855880865661732e+02
1.297465726373772332e+00	1.362722415714702606e+02
1.303741827011944299e+00	1.356724928895374092e+02
1.310017322922761851e+00	1.346816253380337685e+02
1.316301447662886703e+00	1.332703457371960951e+02
1.322586760363303249e+00	1.328993284623775821e+02
1.328865492452874664e+00	1.321191782878283902e+02
1.335144804954555564e+00	1.318114980614780904e+02
1.341440516272275119e+00	1.307813488313218784e+02
1.347730868417094552e+00	1.303862726567771233e+02
1.354001589994877630e+00	1.294259446450096789e+02
1.360282609297778444e+00	1.288508850871010338e+02
1.366565686457597906e+00	1.285974738585910870e+02
1.372851498482432708e+00	1.278279681109802510e+02
1.379135372929401804e+00	1.268112861918023953e+02
1.385409567149057164e+00	1.262967252982758737e+02
1.391698641219299315e+00	1.261754082738214464e+02
1.397984451439470810e+00	1.252120769926392683e+02
1.404267883409181961e+00	1.243529530983558686e+02
1.410554779484869181e+00	1.240929183074954807e+02
1.416837833547465397e+00	1.230315522231969680e+02
1.423118177187137068e+00	1.224655593495968589e+02
1.429397801164240089e+00	1.217839505631833958e+02
1.435686921822787232e+00	1.211647974233257798e+02
1.441977121769299597e+00	1.208664581830426386e+02
1.448253667853332427e+00	1.202769333065753017e+02
1.454532348972172651e+00	1.197428497662937303e+02
1.460819319151879903e+00	1.191812440455969124e+02
1.467110364402026468e+00	1.188285089750660433e+02
1.473392908948962132e+00	1.178029833370786434e+02
1.479669965243598950e+00	1.174912206018395722e+02
1.485956144602843532e+00	1.163237708178427425e+02
1.492233610763115115e+00	1.160150875743494225e+02
1.498502470379980078e+00	1.158039401023117279e+02
1.504785752051182701e+00	1.152504911562224379e+02
1.511075991894575976e+00	1.142138027465809529e+02
1.517361634985162189e+00	1.137604062612530669e+02
1.523648570969130533e+00	1.135391253874390429e+02
1.529938035715892264e+00	1.131190207574411630e+02
1.536230176913891965e+00	1.124150705376806769e+02
1.542510718779388279e+00	1.118370246002050408e+02
1.548783963082980275e+00	1.113939417002043797e+02
1.555073069779651318e+00	1.106619523544356554e+02
1.561357324927233892e+00	1.099681826181943478e+02
1.567629121053141006e+00	1.098251918838721366e+02
1.573913697404382583e+00	1.092307402961400271e+02
1.580203545230874029e+00	1.088430061473421375e+02
1.586485393434537983e+00	1.082681054665797120e+02
1.592760014263005841e+00	1.079077798473958012e+02
1.599046436394670812e+00	1.071724735235709147e+02
1.605342136637478934e+00	1.069345103339806116e+02
1.611619860919608627e+00	1.064315786878755006e+02
1.617897597081673799e+00	1.056588437213705305e+02
1.624183235481122756e+00	1.052721856100304336e+02
1.630464598531913722e+00	1.048136612949590045e+02
1.636748985747638274e+00	1.045036132209177424e+02
1.643030923698886259e+00	1.040274077666584702e+02
1.649309176648513064e+00	1.033323099249633685e+02
1.655593633940351861e+00	1.031694624034935828e+02
1.661879571405086464e+00	1.028930267225029098e+02
1.668169361685170271e+00	1.021538009943745493e+02
1.674450151530487485e+00	1.015932986900568551e+02
1.680722718978495900e+00	1.015070447903822668e+02
1.687013891340952476e+00	1.006907087173532460e+02
1.693308984907921033e+00	1.003503532864663867e+02
1.699582147428448486e+00	1.002200665237748751e+02
1.705863747055134105e+00	9.975546881770652874e+01
1.712154434283889470e+00	9.940677426324793942e+01
1.718438381579399321e+00	9.863040314737959591e+01
1.724721264464063930e+00	9.854400226858423650e+01
1.730997441276920679e+00	9.790722908670441882e+01
1.737287073528269499e+00	9.748216812986153457e+01
1.743567991878527401e+00	9.720227567939679147e+01
1.749840680212231048e+00	9.665497019427786540e+01
1.756128549091961144e+00	9.636595936581205990e+01
1.762413535324792502e+00	9.585864922895446227e+01
1.768696187669963837e+00	9.529480506670793716e+01
1.774979359379055266e+00	9.502969420664372535e+01
1.781265555576432957e+00	9.463100795075678207e+01
1.787549427830244619e+00	9.426577009292060438e+01
1.793834120011633004e+00	9.396289930395667511e+01
1.800115051552487300e+00	9.369060926503421172e+01
1.806393904854530330e+00	9.317052409100352861e+01
1.812674089667083432e+00	9.274281986146858969e+01
1.818956920109354058e+00	9.272668245381288443e+01
1.825244164118212220e+00	9.210163496184514997e+01
1.831527256642196955e+00	9.187898970366626372e+01
1.837811294935716599e+00	9.117886711852597159e+01
1.844100717411196744e+00	9.096907533838843563e+01
1.850384816792487230e+00	9.066011892195591315e+01
1.856666059735203822e+00	9.029728291100794024e+01
1.862947728675613979e+00	8.972444105003748405e+01
1.869229324466858078e+00	8.942544908651503022e+01
1.875517616802973686e+00	8.925409669683450886e+01
1.881800769033795229e+00	8.877423072018075345e+01
1.888078863416442710e+00	8.832329396262366572e+01
1.894353975182237582e+00	8.807724466192776447e+01
1.900642716154182565e+00	8.773182940552958087e+01
1.906933494748685121e+00	8.748458353063743687e+01
1.913207568676573933e+00	8.716568635077376825e+01
1.919490884732178992e+00	8.699048711456468652e+01
1.925776855684274480e+00	8.643594907773099578e+01
1.932064452961978152e+00	8.604781837060485827e+01
1.938342610030488800e+00	8.584330784727613661e+01
1.944618341543410178e+00	8.562467747889412806e+01
1.950906260203513876e+00	8.502640533100441189e+01
1.957194556613796488e+00	8.452682371535321693e+01
1.963479614559011432e+00	8.445349441797021939e+01
1.969760361532916226e+00	8.419668179824513743e+01
1.976048367034604736e+00	8.371870265064247008e+01
1.982337990217652335e+00	8.340171808045676016e+01
1.988617489259562721e+00	8.307204108317772295e+01
1.994896320665194178e+00	8.276166297032594343e+01
2.001179596222827151e+00	8.252174059003399975e+01
2.007459756923499761e+00	8.204912189990325544e+01
2.013737397779169935e+00	8.178334953825751086e+01
2.020017234677497164e+00	8.169611559531084310e+01
2.026310251015072783e+00	8.117723498882165245e+01
2.032600542948020284e+00	8.099612238142778153e+01
2.038873863192099289e+00	8.055006370810122007e+01
2.045154087821675404e+00	8.049409558144790822e+01
2.051444704514288730e+00	7.999714306898968630e+01
2.057730430280644729e+00	7.985271601666889296e+01
2.064013940455224461e+00	7.956068183448680031e+01
2.070299891179459895e+00	7.924401286499588082e+01
2.076589719964883951e+00	7.878053774400703446e+01
2.082865483794470673e+00	7.843654986243515737e+01
2.089134494859368640e+00	7.833322018583879753e+01
2.095424211360070288e+00	7.797020424395957150e+01
2.101707116664804254e+00	7.774013452912930688e+01
2.107986473933564309e+00	7.746274756917152615e+01
2.114271806543862375e+00	7.729906092302567799e+01
2.120552717288892275e+00	7.689760188254938100e+01
2.126836933207161717e+00	7.668950684475503010e+01
2.133122044791171845e+00	7.649552240753131116e+01
2.139411711910842673e+00	7.618955527764350677e+01
2.145697076775292089e+00	7.580444899469006259e+01
2.151973548606471276e+00	7.561266866727699210e+01
2.158259913555724108e+00	7.536261425017578119e+01
2.164545396699105506e+00	7.498073859798860497e+01
2.170830700377734068e+00	7.464619051484417867e+01
2.177114138849150393e+00	7.451855942472055006e+01
2.183387647576827018e+00	7.431016340894190364e+01
2.189670273687676971e+00	7.412914085678799836e+01
2.195960147934207463e+00	7.367620677036661903e+01
2.202242556317716371e+00	7.332171588643915072e+01
2.208521655981037668e+00	7.309224159489301087e+01
2.214804637081333016e+00	7.304940220246028559e+01
2.221092583349425276e+00	7.267169836656501047e+01
2.227372893591468728e+00	7.242932953236780236e+01
2.233657161144248171e+00	7.224516089886760994e+01
2.239943485394438660e+00	7.201981355329522216e+01
2.246224175264620815e+00	7.180255261408838408e+01
2.252506378421252009e+00	7.163547065896628396e+01
2.258783417054270437e+00	7.147765631032552847e+01
2.265069077371457684e+00	7.123902321222483636e+01
2.271350377044131452e+00	7.082592510850126644e+01
2.277633995145353918e+00	7.067451296738605038e+01
2.283922419579920149e+00	7.042054070648050867e+01
2.290202874392252674e+00	7.007821370181645193e+01
2.296490779970905560e+00	6.986052946270908137e+01
2.302771769934229162e+00	6.956332906478172617e+01
2.309051364164305564e+00	6.934184746937896193e+01
2.315338502539088239e+00	6.928844108445430550e+01
2.321627336503874428e+00	6.890557424744456227e+01
2.327911878297218795e+00	6.885556577604521067e+01
2.334186238580297168e+00	6.861384838859244439e+01
2.340467971862688401e+00	6.843829633928338296e+01
2.346756940970738725e+00	6.816626372477271900e+01
2.353044444556199988e+00	6.777173743649252913e+01
2.359327653314069906e+00	6.759599942552203800e+01
2.365603048789861607e+00	6.737524196237164631e+01
2.371885911737665165e+00	6.734688008607787424e+01
2.378173303594019572e+00	6.716590912868576879e+01
2.384454016539381271e+00	6.679559242925573415e+01
2.390736447344785187e+00	6.654582755652792514e+01
2.397014133897952259e+00	6.646670835230364105e+01
2.403295490074321972e+00	6.614890290444870402e+01
2.409585049672506862e+00	6.602566212494691911e+01
2.415871703165322071e+00	6.572551393118452268e+01
2.422160652369088840e+00	6.564629174673341083e+01
2.428440167222748691e+00	6.542590192155169859e+01
2.434717472383889803e+00	6.521517774320972194e+01
2.441002456202044257e+00	6.489447798341683438e+01
2.447289980304530488e+00	6.489742906954627699e+01
2.453571844729242279e+00	6.466051948014829520e+01
2.459852705114058846e+00	6.452962622360412581e+01
2.466139233225018934e+00	6.431451943555147466e+01
2.472421963421291391e+00	6.407834487654974964e+01
2.478698519174224568e+00	6.394415237829191767e+01
2.484980841400355800e+00	6.376279317901898480e+01
2.491269319409339822e+00	6.361854566633534347e+01
2.497548505139029373e+00	6.330059865286553844e+01
2.503831667172610853e+00	6.315279259542639778e+01
2.510117938323931153e+00	6.296574354725545675e+01
2.516400733681277480e+00	6.281940034229895531e+01
2.522688226833368130e+00	6.262674291030745621e+01
2.528971695852665569e+00	6.249162708482281658e+01
2.535252039407670299e+00	6.231214126483705940e+01
2.541537514142774512e+00	6.217657119987733694e+01
2.547823008847572179e+00	6.202293655323403243e+01
2.554100666580690238e+00	6.179718080282363957e+01
2.560376788884177301e+00	6.154019272364887883e+01
2.566667521601497359e+00	6.155906241852480321e+01
2.572955062237090473e+00	6.134353189708960485e+01
2.579233771797999175e+00	6.111313597548590337e+01
2.585520164300948220e+00	6.117846402470809153e+01
2.591805130332431872e+00	6.091598356045769691e+01
2.598084074692260881e+00	6.068735212803213841e+01
2.604360404197643586e+00	6.051937542413149629e+01
2.610647185140439142e+00	6.029142611154723141e+01
2.616931864059273138e+00	6.017709068434491115e+01
2.623206107911065565e+00	5.999654103681146466e+01
2.629491626543270844e+00	6.001057009931811592e+01
2.635778507982642349e+00	5.967571674928983327e+01
2.642061039325260818e+00	5.969787938520156700e+01
2.648343840729305843e+00	5.949684898932757449e+01
2.654631838974855551e+00	5.933379088652092292e+01
2.660919001246303761e+00	5.923814958527552221e+01
2.667198525130066056e+00	5.907277544969749528e+01
2.673484307038032526e+00	5.894722089770880302e+01
2.679773388053849459e+00	5.880666288642709105e+01
2.686058217632288692e+00	5.876314266542974707e+01
2.692338738200057868e+00	5.853936859297430573e+01
2.698618022887226964e+00	5.841858887333579986e+01
2.704895450708277860e+00	5.822399395183801118e+01
2.711175674923682166e+00	5.818644424870964116e+01
2.717459832966957922e+00	5.804706088932802288e+01
2.723745731959044569e+00	5.792531158248708323e+01
2.730038414850594730e+00	5.777854990280654590e+01
2.736317989800789441e+00	5.772616042447543805e+01
2.742591858549239703e+00	5.754878883201563866e+01
2.748879749010778362e+00	5.744502946105818353e+01
2.755163403825859447e+00	5.734790513531775957e+01
2.761446955625852073e+00	5.717033228427555969e+01
2.767732088935374701e+00	5.703653738996653288e+01
2.774015452421743966e+00	5.706690747263364472e+01
2.780298635700591436e+00	5.687293684159822504e+01
2.786577474762241380e+00	5.678224406513120215e+01
2.792857983210164541e+00	5.672456875746158289e+01
2.799143790920211483e+00	5.662646607394528786e+01
2.805430058399325244e+00	5.651846704424485068e+01
2.811715058209780072e+00	5.649150420150963470e+01
2.817989272498773623e+00	5.625686071398529720e+01
2.824269171595737760e+00	5.622407800691437529e+01
2.830563016441804081e+00	5.617632754599434719e+01
2.836848750951622034e+00	5.602580247676388581e+01
2.843130027866129783e+00	5.606954576934533208e+01
2.849413896912404986e+00	5.590287843753296926e+01
2.855697464522425566e+00	5.588302884836959805e+01
2.861978799810683594e+00	5.572532264737845509e+01
2.868262469415629567e+00	5.567117275342883431e+01
2.874547359206753860e+00	5.560766650479371975e+01
2.880831111471525041e+00	5.553526089080485661e+01
2.887113216972382546e+00	5.538094380201773248e+01
2.893394504725182781e+00	5.531672606364526956e+01
2.899673662137033592e+00	5.530184473133819267e+01
2.905953958587380814e+00	5.532655573985813646e+01
2.912241118105161064e+00	5.525582815972413187e+01
2.918525996366671205e+00	5.517146443749518170e+01
2.924809035425688819e+00	5.513944579846853600e+01
2.931095916293684933e+00	5.499142896102437561e+01
2.937378182606774413e+00	5.504507174807821457e+01
2.943659980254369923e+00	5.504349319494010473e+01
2.949946454403890250e+00	5.486267620262967881e+01
2.956227653702202307e+00	5.476878021516034067e+01
2.962510478867462993e+00	5.477958006155370896e+01
2.968796535179442309e+00	5.473674498070526795e+01
2.975077657376874907e+00	5.461381915042110791e+01
2.981359866759223376e+00	5.464234324396894493e+01
2.987646761575656562e+00	5.464222994888777407e+01
2.993929038370399365e+00	5.459596370647866337e+01
3.000206214840962726e+00	5.458910060999297542e+01
3.006486172402415669e+00	5.456102201587693656e+01
3.012769812211594456e+00	5.450986824931851515e+01
3.019053144326170113e+00	5.444019856611956243e+01
3.025337405144251424e+00	5.442962481773954408e+01
3.031623734799107961e+00	5.447715505467622421e+01
3.037908962055872575e+00	5.439036375844630555e+01
3.044195067146031608e+00	5.442840201383624077e+01
3.050475543482170426e+00	5.432223661844710705e+01
3.056754954538277502e+00	5.433671370935504541e+01
3.063040539557494668e+00	5.439859541400070952e+01
3.069323699454357346e+00	5.434407640210187651e+01
3.075610692642898769e+00	5.444880083002325222e+01
3.081893798009918584e+00	5.435279048269848090e+01
3.088174549548037717e+00	5.436580932006543065e+01
3.094458635632868493e+00	5.445793395141030402e+01
3.100743982931558840e+00	5.454848375452684905e+01
3.107028111748448396e+00	5.452415998052464374e+01
3.113309299655494300e+00	5.452791154671529483e+01
3.119590662867241626e+00	5.448174738200668088e+01
3.125874006820172912e+00	5.450505653967710629e+01
3.132159251154602586e+00	5.462700025386178027e+01
3.138439172765940643e+00	5.469749115728777866e+01
3.144723867719826593e+00	5.458938390733316481e+01
3.151003951258561031e+00	5.479361877327853136e+01
3.157283664131563139e+00	5.475540327799249951e+01
3.163569317183839935e+00	5.482356478221234397e+01
3.169851661717792091e+00	5.474812292648142176e+01
3.176137704316093657e+00	5.484449883740437315e+01
3.182420924828643916e+00	5.497369466935944615e+01
3.188702811875577581e+00	5.507243560852400321e+01
3.194990520008989865e+00	5.504979068949509724e+01
3.201275324656983834e+00	5.503408852714910182e+01
3.207551352179861759e+00	5.519209473307556379e+01
3.213835216737041645e+00	5.531468774761210483e+01
3.220122579819103770e+00	5.525502313972727109e+01
3.226406606618656525e+00	5.512253433905600986e+01
3.232687390085645429e+00	5.493202027543910759e+01
3.238969121280456331e+00	5.489858311325880891e+01
3.245254751548589667e+00	5.472923599158885821e+01
3.251534499036136783e+00	5.462538127371675500e+01
3.257817780791052442e+00	5.451781057470793002e+01
3.264102164154097263e+00	5.443787395977120980e+01
3.270384152138468892e+00	5.417354049657092929e+01
3.276669427476867735e+00	5.417791689680542078e+01
3.282954688864507808e+00	5.399795020861290595e+01
3.289237200334947264e+00	5.381696849875349642e+01
3.295519587088236779e+00	5.378630849466352259e+01
3.301805977329951958e+00	5.366501726154686480e+01
3.308087486222440088e+00	5.361474245106936820e+01
3.314367630234227313e+00	5.338631807001056728e+01
3.320651909732194262e+00	5.340086948024957536e+01
3.326931260376857047e+00	5.322551833562288692e+01
3.333216512447217728e+00	5.320030203590935258e+01
3.339504489419978128e+00	5.314103487412187832e+01
3.345786804809928405e+00	5.299298923053032695e+01
3.352071130016277767e+00	5.288684825747889562e+01
3.358351496304225581e+00	5.282726248907196975e+01
3.364630591073392019e+00	5.275658436894013192e+01
3.370916305215045483e+00	5.264394635073501405e+01
3.377197952029413752e+00	5.256915311731835061e+01
3.383483063818085501e+00	5.242178383277743592e+01
3.389769992424469969e+00	5.240361925386377351e+01
3.396051330885982100e+00	5.229972734069760065e+01
3.402330879139463971e+00	5.220533371273835854e+01
3.408610488352048495e+00	5.211127328290925931e+01
3.414897837696641236e+00	5.211145882322463052e+01
3.421180484052105619e+00	5.203868352026000110e+01
3.427461639653846870e+00	5.198145484870256894e+01
3.433749159643459059e+00	5.187134471438050554e+01
3.440032646656798310e+00	5.178290745696398290e+01
3.446313366033385339e+00	5.172726187075948445e+01
3.452600135384134905e+00	5.163949460611705433e+01
3.458883152815406703e+00	5.162529575062141873e+01
3.465163834403715448e+00	5.155000700210301545e+01
3.471449329786229221e+00	5.144042749611077170e+01
3.477734476754053894e+00	5.129484001977261443e+01
3.484019652467224226e+00	5.139959482098478105e+01
3.490297019369712928e+00	5.129107629191525319e+01
3.496582486484379970e+00	5.111380219844728856e+01
3.502868048046865024e+00	5.111129521142322574e+01
3.509144649545451244e+00	5.105760064893022587e+01
3.515428082003116295e+00	5.108715718871430056e+01
3.521711031624695565e+00	5.092985976104445456e+01
3.527991850954735664e+00	5.088571575551673476e+01
3.534275545726699885e+00	5.088180916570055956e+01
3.540562632020772149e+00	5.078664481143226084e+01
3.546844410757220789e+00	5.070781148805094318e+01
3.553131386753758836e+00	5.065221821669349112e+01
3.559419203211965144e+00	5.066500120588501233e+01
3.565697971577579839e+00	5.061527070816251239e+01
3.571979559134798254e+00	5.057802994522192108e+01
3.578265774595833726e+00	5.048095777458395617e+01
3.584548309769353125e+00	5.045886516388718945e+01
3.590826843920031486e+00	5.043925101526579624e+01
3.597107306745233934e+00	5.040431274497682779e+01
3.603392831792229245e+00	5.037589855623420476e+01
3.609673209822572559e+00	5.028023363575518090e+01
3.615955412133016189e+00	5.033501034634229399e+01
3.622241607772384686e+00	5.021284584551140995e+01
3.628520252736676444e+00	5.025706078709287539e+01
3.634804827569451113e+00	5.015852604419604432e+01
3.641094981788862928e+00	5.017778645708415297e+01
3.647383514928639325e+00	5.012579967488601795e+01
3.653663283927725658e+00	4.997416484472065434e+01
3.659943504072155296e+00	5.007605742239727675e+01
3.666232000281138603e+00	5.008040010692536725e+01
3.672514211678317597e+00	4.998315449476719863e+01
3.678794154686042539e+00	5.007780862968853341e+01
3.685078621861909820e+00	4.997070797017060784e+01
3.691359210097977961e+00	4.993079587178536372e+01
3.697642368173791105e+00	4.993140783419066508e+01
3.703925796735277665e+00	4.993629240969547567e+01
3.710208240364660348e+00	4.991726341195232663e+01
3.716494593122387169e+00	4.994161409362614279e+01
3.722775386659595398e+00	4.978551382818211124e+01
3.729058392883481510e+00	4.977162353748370549e+01
3.735339748210807720e+00	4.987960303023351827e+01
3.741620776392969638e+00	4.983493682689009319e+01
3.747904795418762980e+00	4.972592305781915911e+01
3.754190633281219380e+00	4.982293051889555358e+01
3.760478208018912749e+00	4.973740133684981402e+01
3.766755538573464346e+00	4.975774910843116317e+01
3.773032090135151506e+00	4.966111870789390537e+01
3.779322553012896879e+00	4.974556764162685596e+01
3.785609109731308930e+00	4.975897557652439929e+01
3.791889825936295200e+00	4.973717508685526667e+01
3.798174822702435893e+00	4.971077435438320435e+01
3.804458658753491651e+00	4.975729195767602420e+01
3.810738438095723435e+00	4.972394218620543427e+01
3.817018850285747167e+00	4.976458508104993683e+01
3.823305314209427763e+00	4.967531368360525335e+01
3.829591295197792178e+00	4.972063945422265618e+01
3.835872296070849341e+00	4.970060166992570316e+01
3.842156279590906109e+00	4.974477607015040803e+01
3.848441511099312429e+00	4.975975463565121260e+01
3.854723334376886079e+00	4.980692924187933102e+01
3.861004740704794713e+00	4.981637325371077907e+01
3.867284336650660848e+00	4.980283661578282306e+01
3.873567367678779849e+00	4.982954447854291402e+01
3.879850662830422792e+00	4.983200990579153000e+01
3.886137063198143338e+00	4.986397681415407135e+01
3.892419463049126005e+00	4.988628077597998356e+01
3.898703740328622658e+00	4.996183692738686233e+01
3.904991458788179326e+00	4.994086033026380278e+01
3.911270842222104083e+00	4.991014798662563834e+01
3.917549806479573071e+00	4.994655835665506061e+01
3.923836006203090587e+00	5.001056338144796598e+01
3.930121452497870926e+00	5.010179545972474813e+01
3.936398172858230460e+00	4.999648481772836561e+01
3.942683040425962293e+00	5.013497375489505714e+01
3.948974759704379611e+00	5.013899145118406153e+01
3.955259227995065352e+00	5.008363599979576009e+01
3.961537174921395454e+00	5.021436228944225633e+01
3.967820217617139544e+00	5.016403859850690594e+01
3.974105559832568968e+00	5.026443369558356267e+01
3.980384727931198352e+00	5.033868359861975961e+01
3.986664590839849698e+00	5.037936106533482672e+01
3.992949619150675034e+00	5.037729671361582007e+01
3.999235075769965952e+00	5.040781110426941325e+01
4.005515715515433506e+00	5.055614933869843952e+01
4.011798434346478537e+00	5.050680438817405360e+01
4.018083716245132386e+00	5.052729861154166002e+01
4.024365700052603856e+00	5.065067196086454970e+01
4.030643960839860540e+00	5.066838078889499286e+01
4.036928708926215137e+00	5.078788857004747825e+01
4.043218157412017177e+00	5.085286719206813899e+01
4.049503019487663558e+00	5.093057697515734361e+01
4.055781898960511000e+00	5.094349812119330068e+01
4.062060795621602161e+00	5.090088775024418055e+01
4.068347865354716042e+00	5.114502142582396971e+01
4.074631027173265529e+00	5.111033615140789266e+01
4.080910837526078971e+00	5.120216465871036604e+01
4.087201203341442657e+00	5.138790001678312080e+01
4.093486818591942189e+00	5.135280568233274323e+01
4.099764387336505500e+00	5.148010740152101761e+01
4.106049166937662420e+00	5.145284801206419445e+01
4.112334559041358695e+00	5.157669958788973474e+01
4.118618926059533614e+00	5.170790130121785921e+01
4.124898942031112625e+00	5.180950501555606991e+01
4.131175432561665417e+00	5.188714705667523219e+01
4.137461563786142271e+00	5.189118436083848707e+01
4.143746006210170307e+00	5.193545486320654447e+01
4.150029800482964326e+00	5.224971098993673024e+01
4.156313390684649001e+00	5.220815284057410821e+01
4.162596105843763716e+00	5.224960006105668953e+01
4.168881843141768684e+00	5.233755343601487198e+01
4.175162111073220217e+00	5.241810940642669436e+01
4.181448573417560155e+00	5.263060611670106681e+01
4.187738782464171194e+00	5.265258576281013347e+01
4.194017437180169061e+00	5.280257120767526402e+01
4.200293572701767175e+00	5.285630103110451472e+01
4.206580195481546269e+00	5.305794748714149023e+01
4.212860644652220543e+00	5.305200769980367426e+01
4.219138153430114002e+00	5.322383264900218336e+01
4.225426162098283811e+00	5.326511218454396612e+01
4.231713506719782636e+00	5.344336196250630877e+01
4.237990056577191744e+00	5.358781836639089136e+01
4.244267783646744618e+00	5.356288893736911660e+01
4.250560660182562955e+00	5.390741457036469342e+01
4.256847734842668096e+00	5.390472603720122180e+01
4.263127100734456221e+00	5.399278910769871942e+01
4.269406860432507500e+00	5.419890069945885358e+01
4.275691671482192646e+00	5.434706022192085584e+01
4.281972414189518794e+00	5.444604100553265624e+01
4.288253516806755705e+00	5.453320535462475505e+01
4.294540520160492925e+00	5.477190407923477267e+01
4.300825742921731809e+00	5.478310164443567487e+01
4.307109835491901961e+00	5.493152999067226716e+01
4.313390926478413157e+00	5.502461975265580207e+01
4.319667979480563247e+00	5.521624097362205674e+01
4.325952598143786076e+00	5.545752154170835979e+01
4.332241647035422361e+00	5.536618900067703208e+01
4.338524445619096781e+00	5.559878279340006912e+01
4.344809348131129845e+00	5.585527328534458746e+01
4.351090699193166600e+00	5.592756987934210855e+01
4.357369710808320029e+00	5.599525109912879373e+01
4.363659348967174445e+00	5.612919603008581504e+01
4.369947418280990981e+00	5.627649070867053638e+01
4.376226569265827315e+00	5.638146098944285711e+01
4.382499356631129217e+00	5.654552180403027251e+01
4.388784975178015024e+00	5.670161563679094741e+01
4.395068696309480494e+00	5.687856218487303295e+01
4.401347962382031298e+00	5.711166879495232251e+01
4.407628405096517099e+00	5.702053081717455996e+01
4.413915862185140426e+00	5.729224808850589312e+01
4.420203163534264235e+00	5.737874561528141015e+01
4.426480311003382795e+00	5.728518902554696268e+01
4.432765973643649104e+00	5.761837271945047689e+01
4.439053392023870614e+00	5.759377303257392100e+01
4.445336141335588742e+00	5.793494068208288894e+01
4.451617241414883352e+00	5.776131279724840084e+01
4.457901500730311106e+00	5.795343114554171393e+01
4.464189501093017043e+00	5.819114399362739931e+01
4.470470197548729985e+00	5.807515975779248407e+01
4.476748044268524573e+00	5.829917279781950157e+01
4.483035990164653484e+00	5.833927781029997561e+01
4.489323331650528104e+00	5.843491433142342117e+01
4.495599111667934800e+00	5.839522530828194391e+01
4.501870922878794090e+00	5.835115454044886718e+01
4.508155162877705457e+00	5.825522415853871649e+01
4.514446451153479423e+00	5.828857757911874415e+01
4.520723894043856994e+00	5.838271958088656532e+01
4.527003782460155890e+00	5.824989910715153485e+01
4.533293086610313161e+00	5.838722635043178144e+01
4.539578989864040182e+00	5.820478227153169826e+01
4.545857164866476730e+00	5.816160477916167793e+01
4.552138955546025656e+00	5.793440066198463256e+01
4.558432046889146605e+00	5.790493876945339480e+01
4.564713463378488711e+00	5.782721301571720574e+01
4.570987274133244682e+00	5.762504524741753897e+01
4.577274818151045643e+00	5.779331686213475905e+01
4.583563263889338657e+00	5.781512016351458527e+01
4.589844917004465508e+00	5.795576875461119926e+01
4.596126259982004747e+00	5.787782209025352387e+01
4.602409075598298926e+00	5.782024987269654304e+01
4.608696634867644804e+00	5.796653829336134578e+01
4.614977646498861219e+00	5.788266058267576142e+01
4.621258953029527383e+00	5.808289928874796004e+01
4.627547993978874175e+00	5.789292911122840479e+01
4.633830152730579854e+00	5.828264050059238599e+01
4.640104005367354567e+00	5.829456956283355140e+01
4.646382060386754276e+00	5.824537042938820264e+01
4.652674213731970987e+00	5.826294990485951786e+01
4.658958291796220230e+00	5.832427609104122013e+01
4.665233615070169648e+00	5.858635220706836577e+01
4.671520675710307380e+00	5.856629608515142849e+01
4.677814351732177300e+00	5.867845461616153813e+01
4.684093699744638073e+00	5.871801750009241516e+01
4.690368661472568590e+00	5.880604501521681726e+01
4.696663270746453733e+00	5.918940213224936286e+01
4.702945459248681459e+00	5.915028953848916871e+01
4.709209170841929470e+00	5.920362399656594476e+01
4.715491634753063543e+00	5.943004315795176495e+01
4.721784316284933780e+00	5.934325259031700739e+01
4.728063062331094635e+00	5.940292319167046031e+01
4.734337423381671073e+00	5.968819624405852409e+01
4.740627024094544062e+00	5.975813147937519432e+01
4.746914995664547554e+00	5.999680400982650497e+01
4.753194740071086777e+00	6.015566777311840951e+01
4.759478891864783456e+00	6.010885224437097918e+01
4.765762396877359031e+00	6.035399630971677709e+01
4.772049481246195768e+00	6.044846733996924826e+01
4.778335091022592351e+00	6.071903496852267779e+01
4.784610831402393849e+00	6.090281721173560214e+01
4.790907306208476157e+00	6.084171585830794271e+01
4.797204047706418173e+00	6.113836278312565042e+01
4.803470827697504220e+00	6.138243945643109356e+01
4.809748850577324042e+00	6.117944321254412188e+01
4.816045316586602176e+00	6.160448166703913131e+01
4.822329240673497885e+00	6.181694383336915166e+01
4.828596758226470165e+00	6.207361964895786599e+01
4.834890332961369275e+00	6.205936184926266463e+01
4.841191655056394261e+00	6.227975539808990391e+01
4.847460407468000554e+00	6.253440766998698308e+01
4.853732128521334843e+00	6.265459997597744746e+01
4.860029138783373170e+00	6.278133596575533204e+01
4.866314601732018019e+00	6.304344915141066252e+01
4.872587026269203925e+00	6.346284701494837321e+01
4.878874221748241702e+00	6.351859845358131196e+01
4.885171078138658807e+00	6.399988908149887834e+01
4.891450629931857641e+00	6.434346100652766154e+01
4.897716482750221978e+00	6.440160442502910598e+01
4.904002834596266069e+00	6.409844969533028802e+01
4.910295858205786068e+00	6.482155818699293093e+01
4.916575188115905881e+00	6.490901989713280784e+01
4.922847946197084212e+00	6.520573316775416117e+01
4.929131667457151700e+00	6.547468423839281115e+01
4.935434460144239033e+00	6.633725235036077095e+01
4.941718513303545279e+00	6.608569324094020203e+01
4.947978624761803168e+00	6.669638025277788529e+01
4.954274999209829389e+00	6.685926474371800055e+01
4.960571094729937514e+00	6.708994087788087768e+01
4.966823207626954506e+00	6.785387769814722958e+01
4.973097418390337587e+00	6.774249498066095043e+01
4.979415129936382023e+00	6.798282665985422568e+01
4.985702082330368157e+00	6.816746382234154567e+01
4.991949985828016523e+00	6.873384884885878421e+01
4.998241586316924057e+00	6.889176805762159006e+01
5.004556635606089543e+00	6.921214997215960807e+01
5.010828655701208945e+00	6.970973932737047107e+01
5.017077229702536556e+00	6.994440081869109349e+01
5.023374414758113637e+00	7.041659116032624866e+01
5.029688873569548413e+00	7.087169596988483988e+01
5.035958413584124216e+00	7.093887498316333051e+01
5.042232667658486989e+00	7.122340418541516271e+01
5.048528755870775875e+00	7.153823757533950811e+01
5.054821121427484520e+00	7.195045522021092665e+01
5.061069509814582368e+00	7.272004075633424236e+01
5.067347812754101177e+00	7.303966237027555053e+01
5.073675050630431116e+00	7.401768099835180692e+01
5.079945928388977627e+00	7.367286013676124412e+01
5.086192992546071601e+00	7.425898192592185865e+01
5.092484128970163226e+00	7.473009564493322898e+01
5.098802924706086870e+00	7.474699510318836815e+01
5.105078217426394005e+00	7.548155626595789158e+01
5.111325076574067872e+00	7.602215956979584632e+01
5.117628358851224135e+00	7.634776834809422041e+01
5.123935939383525984e+00	7.699394535438612763e+01
5.130199176325612065e+00	7.769293526548544548e+01
5.136469985878846956e+00	7.754789413347771188e+01
5.142797788696348071e+00	7.854083063072413040e+01
5.149090378043822192e+00	7.941431436942977484e+01
5.155289879840074363e+00	7.939812237958895480e+01
5.161564521234301317e+00	8.007055516746294188e+01
5.167916673496016244e+00	8.040025225059461889e+01
5.174205974602950064e+00	8.141596781200348687e+01
5.180434820793812456e+00	8.230656834775527386e+01
5.186729096569634656e+00	8.229154230107170065e+01
5.193058481037780894e+00	8.338602586664207195e+01
5.199319511444338460e+00	8.380896846594197314e+01
5.205574295584361799e+00	8.475874622878804132e+01
5.211894977074066126e+00	8.501110021351915691e+01
5.218201708336958511e+00	8.481624228758168726e+01
5.224411911780083351e+00	8.717180235351932538e+01
5.230677632666463239e+00	8.693563398456718971e+01
5.237056729559757429e+00	8.798792233306750177e+01
5.243336785035660697e+00	8.904174246570822504e+01
5.249493476178225038e+00	8.915519462532017769e+01
5.255787017738318134e+00	8.979766666451772039e+01
5.262205327426889845e+00	9.113192249859308447e+01
5.268477758348532269e+00	9.094545861181785540e+01
5.274632213654732560e+00	9.274394875420779272e+01
5.280950543314659740e+00	9.378197843009647272e+01
5.287327645024750389e+00	9.367976672419825945e+01
5.293582359180156516e+00	9.617715406005770262e+01
5.299789992649893478e+00	9.593342146759019329e+01
5.306111460381987222e+00	9.721978322365842473e+01
5.312452717892129250e+00	9.712610351599025194e+01
5.318650122853046724e+00	9.929644471657843496e+01
5.324923043129819789e+00	9.748940909788778697e+01
5.331330237158205421e+00	1.001059087756209180e+02
5.337586726886338617e+00	9.978585315300799152e+01
5.343685192440848830e+00	1.012003825279099942e+02
5.350070659715249199e+00	1.039769739668123663e+02
5.356556762554878226e+00	1.036725123086205400e+02
5.362691868684501095e+00	1.041626615548963315e+02
5.368769208912516966e+00	1.056951413916491873e+02
5.375270137997677722e+00	1.082818076177420608e+02
5.381769983045385786e+00	1.076773071577415379e+02
5.387701030372958222e+00	1.103350109591643218e+02
5.393786668001271600e+00	1.132101684535833925e+02
5.400446161099396569e+00	1.101951778550469641e+02
5.406957063684501463e+00	1.116281942970861536e+02
5.412655672453426270e+00	1.134016326154595617e+02
5.418821279260546575e+00	1.137984312816507355e+02
5.425690594366304076e+00	1.169516805386798097e+02
5.432217487502165376e+00	1.189438539942923683e+02
5.437649811577258241e+00	1.210076195079303432e+02
5.443914404015878006e+00	1.240594317271180529e+02
5.450953501686320202e+00	1.207850646556443905e+02
5.457483690405861232e+00	1.257018421604210374e+02
5.462715250135157241e+00	1.244431910616412864e+02
5.469033575551323523e+00	1.295500954775381501e+02
5.476177730420278778e+00	1.315776011611335718e+02
5.482708935702562236e+00	1.274102743624676179e+02
5.487722405008360838e+00	1.286869382031214855e+02
5.494194284996126498e+00	1.357613669624023771e+02
5.501391471009256406e+00	1.339466218594035638e+02
5.507128202673079009e+00	1.415764930587425283e+02
5.512278020050448646e+00	1.397351891088726461e+02
5.519395563377015534e+00	1.456407341892364684e+02
5.526598678609708770e+00	1.240706042481552061e+02
5.532162682462509196e+00	1.487189666550774803e+02
5.537397124017139127e+00	1.537545670621925069e+02
5.544582756485218589e+00	1.493655485513514236e+02
5.551739327507637434e+00	1.696931365510027092e+02
5.557493306674907707e+00	1.571832948692462821e+02
5.562281709102816940e+00	2.137322272867275217e+02
5.569272720323164449e+00	2.422733179112094959e+01
