8.899641224696953554e-03	3.832071034246575437e+04
1.507912216506557788e-02	3.036824956783218659e+04
2.144790186456836667e-02	3.855978156733205833e+04
2.783660776489276650e-02	3.442357494590947317e+04
3.435099785803411021e-02	2.673890235855396895e+04
4.047886761425745911e-02	2.525892011058331627e+04
4.676716683575679601e-02	2.191627210030822607e+04
5.308225101765951665e-02	1.655425585479099755e+04
5.945362440940590160e-02	1.619952442048244848e+04
6.576224814588792211e-02	1.396507296691718329e+04
7.196632906698736953e-02	1.345568910461686573e+04
7.827860915688347743e-02	1.283582841880916567e+04
8.470398945834539672e-02	1.102081652305277385e+04
9.096854620527369817e-02	1.033017807020043438e+04
9.720789776830213169e-02	8.788654235847194286e+03
1.034763038959366499e-01	7.972450298827281586e+03
1.097576444254559219e-01	6.990907167669783121e+03
1.160543084780093354e-01	6.650669392938515557e+03
1.223669666537485351e-01	6.235984313176855721e+03
1.286817263090294094e-01	5.885545854123278332e+03
1.349500801664080818e-01	5.827241578997387478e+03
1.411949558842147678e-01	5.534821545038356817e+03
1.475133575747468451e-01	5.246019526816640791e+03
1.537865074252268427e-01	4.857390100090586202e+03
1.600657544051110326e-01	4.541714369319733123e+03
1.663991168687080635e-01	4.356408770606314647e+03
1.727195645776442856e-01	4.140870970624875554e+03
1.789765213377084718e-01	3.914189561669833893e+03
1.852353690647852158e-01	3.686149617590329854e+03
1.914806787341157279e-01	3.609734641797540462e+03
1.977889868651535599e-01	3.482098655307555418e+03
2.040937735447724277e-01	3.284349646257895529e+03
2.103939302609846018e-01	3.169670075425672167e+03
2.166909709822301688e-01	3.059400779308775782e+03
2.229700281216152047e-01	2.993203006668175476e+03
2.292620027086341994e-01	2.903625730448959530e+03
2.355141508366812297e-01	2.788234111106493856e+03
2.417910583817859116e-01	2.680295984145378497e+03
2.480856539439619257e-01	2.654728226225197432e+03
2.543492256872954549e-01	2.532219675266892409e+03
2.606334251884805386e-01	2.478303594658028942e+03
2.669257370896960802e-01	2.388827624092551105e+03
2.732423343141155980e-01	2.346161902204728904e+03
2.795529680084415936e-01	2.307947026003276278e+03
2.858366292314493129e-01	2.232454804464183326e+03
2.920876271394311496e-01	2.171439211130164949e+03
2.983449844439822751e-01	2.124911435745265862e+03
3.046382639407197446e-01	2.098575221053559289e+03
3.109279127003197196e-01	2.001367479861787388e+03
3.172168171618398036e-01	1.966763620319537267e+03
3.235187567944423082e-01	1.937642256372219663e+03
3.298168217550395687e-01	1.879338984547346172e+03
3.361176429457156667e-01	1.844081309419261061e+03
3.423700375709273769e-01	1.823594037189032861e+03
3.486478192666269682e-01	1.799347110182479128e+03
3.549411614411318028e-01	1.754655689339705532e+03
3.611916935421040642e-01	1.727382204718924413e+03
3.674767089563572564e-01	1.706292872944170995e+03
3.737647795277591056e-01	1.663754226856551441e+03
3.800654031475132477e-01	1.637549136726765028e+03
3.863539861259823738e-01	1.617289633643422121e+03
3.926140181364449755e-01	1.594154397884984292e+03
3.989264500321934581e-01	1.557100471201816617e+03
4.052073244576828714e-01	1.527202046128087431e+03
4.114916477570477182e-01	1.501408732141184828e+03
4.177814272116491257e-01	1.494890599262092792e+03
4.240400648725131116e-01	1.463708948234768741e+03
4.303425690270192283e-01	1.442567732288922116e+03
4.366358560255625965e-01	1.422509706039863886e+03
4.428996183220763605e-01	1.390388138116752543e+03
4.491634418529859563e-01	1.385219819581283900e+03
4.554414146254732731e-01	1.354410789382717439e+03
4.617634470301058558e-01	1.352296823855851699e+03
4.680644242023710433e-01	1.334026738215518435e+03
4.743485242764365895e-01	1.307519206916010035e+03
4.806356136815400082e-01	1.291444104030704011e+03
4.869019258388697646e-01	1.278819676360845278e+03
4.931697099599955947e-01	1.260333864877461792e+03
4.994506747144535908e-01	1.246152099503261525e+03
5.057159051335421429e-01	1.233834818937065847e+03
5.119923996268095356e-01	1.217088652758239050e+03
5.183126097768406826e-01	1.202070225597711442e+03
5.246089638029100000e-01	1.187909807982163329e+03
5.308757308483337267e-01	1.176385445066506691e+03
5.371573527946726934e-01	1.164162254848980410e+03
5.434579563783791256e-01	1.151165925654004923e+03
5.497430652392217842e-01	1.137250013532895991e+03
5.559937427501778773e-01	1.119169031597468575e+03
5.622854676609657654e-01	1.108050685562900753e+03
5.686011537227265711e-01	1.099936595822314985e+03
5.748804589422079614e-01	1.087011023117130890e+03
5.811550210340560296e-01	1.087517801924792138e+03
5.874394496660968468e-01	1.068442099967171998e+03
5.937176220296899176e-01	1.062001344783635659e+03
5.999971954793682505e-01	1.045945315923310773e+03
6.062679115124277596e-01	1.038571434854540712e+03
6.125469576444534381e-01	1.027730062402918747e+03
6.188477733041515272e-01	1.013899946497848873e+03
6.251310567437898813e-01	1.012168194751219858e+03
6.314027450383210560e-01	9.948855660433349613e+02
6.377003562732055375e-01	9.757918248500683376e+02
6.439857783314556494e-01	9.832877375973743028e+02
6.502685417166111925e-01	9.723627572856869392e+02
6.565586117699038216e-01	9.607819049838325327e+02
6.628369282359254377e-01	9.562030864554134268e+02
6.691185444962194362e-01	9.449863958284994396e+02
6.754070198575605755e-01	9.367386037916535315e+02
6.816835514593204692e-01	9.346088129278612087e+02
6.879592533861698112e-01	9.160374187607726526e+02
6.942344317039531587e-01	9.117500766528917211e+02
7.005175402434737908e-01	9.036218466043311537e+02
7.068124956608716758e-01	8.981234346779162934e+02
7.131019009674921527e-01	8.875397506064460913e+02
7.193918251171427247e-01	8.797193250378927587e+02
7.256833807598113140e-01	8.688762288085519003e+02
7.319652682709349989e-01	8.660775991870937105e+02
7.382507990484923344e-01	8.568739233763245693e+02
7.445265842115937893e-01	8.536832181141410274e+02
7.507871101942712455e-01	8.429693553655499727e+02
7.570758465316046459e-01	8.390513577606880062e+02
7.633641233600957365e-01	8.332430656660162640e+02
7.696462959862266917e-01	8.229910457455094956e+02
7.759394865175414102e-01	8.158420738398557432e+02
7.822329141989586843e-01	8.104684570896858986e+02
7.885314936520240181e-01	8.046040333769750532e+02
7.947896566979522071e-01	8.019816621416390490e+02
8.010491096592354809e-01	7.867197901246695437e+02
8.073364061727361651e-01	7.883428885872718865e+02
8.136229488373866170e-01	7.799470205599196788e+02
8.199152998961036776e-01	7.724375587344633232e+02
8.261952636392789762e-01	7.677139000938743720e+02
8.324897070080405914e-01	7.595568156132090962e+02
8.387959309210778480e-01	7.552073842467401619e+02
8.450634639703045181e-01	7.455082063315527421e+02
8.513282867562648182e-01	7.429942008557742383e+02
8.576198263902009566e-01	7.372208507579899788e+02
8.639058477062415697e-01	7.303256497949929553e+02
8.701838745487597837e-01	7.271964183275524647e+02
8.764641096075268534e-01	7.232724763374645818e+02
8.827503873399735745e-01	7.189759022538340787e+02
8.890332768393869323e-01	7.100106149926723447e+02
8.953084247113127780e-01	7.045959772432921682e+02
9.015956521667095602e-01	7.019063773237749047e+02
9.078833328094829680e-01	6.916081577252001580e+02
9.141744106319863450e-01	6.857396750975286750e+02
9.204630817717615043e-01	6.850121155092608660e+02
9.267434415264711456e-01	6.773160276087787679e+02
9.330324197354928906e-01	6.752050420477035004e+02
9.393265785573878812e-01	6.705148985606796259e+02
9.455974810398196650e-01	6.637000587535643490e+02
9.518660018545171964e-01	6.595312006196739958e+02
9.581413255531838757e-01	6.532585394502548297e+02
9.644350945109106954e-01	6.494393844467416557e+02
9.707355633568249820e-01	6.451735896643263004e+02
9.770080768450029041e-01	6.430879734740626645e+02
9.832823325363413414e-01	6.377272239636628228e+02
9.895569691966674686e-01	6.339128701079641814e+02
9.958456301921106979e-01	6.266465127112421669e+02
1.002136210743837408e+00	6.231237638906756047e+02
1.008404825335135424e+00	6.209041076090491060e+02
1.014694149836243398e+00	6.149219444360942362e+02
1.020992555437297167e+00	6.101338693273828540e+02
1.027273980437394485e+00	6.040656337256212964e+02
1.033559181896017254e+00	6.023576927178933147e+02
1.039847557392594934e+00	5.966623089266109901e+02
1.046126974943305088e+00	5.929425697333599601e+02
1.052403436811028659e+00	5.904145959798756849e+02
1.058680704651608684e+00	5.847219574461802267e+02
1.064964333065789193e+00	5.795568628445912509e+02
1.071256777440835473e+00	5.778157396181571812e+02
1.077544048801078125e+00	5.718711758383105916e+02
1.083824820188043603e+00	5.704607589804885492e+02
1.090108023942816695e+00	5.661463236501039091e+02
1.096389665956643222e+00	5.608351886223858855e+02
1.102681132058841440e+00	5.598678847439944093e+02
1.108963047594879958e+00	5.544415358891279766e+02
1.115225428463759272e+00	5.518346707031518008e+02
1.121502127614767863e+00	5.471306383162458360e+02
1.127792573824792033e+00	5.440098430750781517e+02
1.134089552668382961e+00	5.410816786406830943e+02
1.140364049650405942e+00	5.361612334074151249e+02
1.146639180320979445e+00	5.327843749564441396e+02
1.152942412991649901e+00	5.288733123921605284e+02
1.159228906751078814e+00	5.276368072690668214e+02
1.165508721887268173e+00	5.237319771289909340e+02
1.171793076256210320e+00	5.189294801825617469e+02
1.178087436369658958e+00	5.165088102521161773e+02
1.184367654251526902e+00	5.130366399915166085e+02
1.190634642299266632e+00	5.101770754901893383e+02
1.196912208834400859e+00	5.053655940136354161e+02
1.203201577354146234e+00	5.008145816431916160e+02
1.209486844441705733e+00	4.981068840798370161e+02
1.215763902074809888e+00	4.954127696713897535e+02
1.222049755171146668e+00	4.920066502619463904e+02
1.228340616621486969e+00	4.888662793944890268e+02
1.234632986576932767e+00	4.862692775475700842e+02
1.240902247176856488e+00	4.823771380239992936e+02
1.247174839144687519e+00	4.812427691980642521e+02
1.253465459933442272e+00	4.766430206381221524e+02
1.259749951892178421e+00	4.757411136856736107e+02
1.266032143127253873e+00	4.707823247232288395e+02
1.272316288472006507e+00	4.673542439067703071e+02
1.278604155058621350e+00	4.636104221975920154e+02
1.284886588933593865e+00	4.613699006595855963e+02
1.291175420066583257e+00	4.583988335429912695e+02
1.297465726373772332e+00	4.566434109327781812e+02
1.303741827011944299e+00	4.540178086125207528e+02
1.310017322922761851e+00	4.514677251840632266e+02
1.316301447662886703e+00	4.464287831101339634e+02
1.322586760363303249e+00	4.437064831437525640e+02
1.328865492452874664e+00	4.426088518032187835e+02
1.335144804954555564e+00	4.406720170472789846e+02
1.341440516272275119e+00	4.363469542577096263e+02
1.347730868417094552e+00	4.351481818070645886e+02
1.354001589994877630e+00	4.311375581289390198e+02
1.360282609297778444e+00	4.283151125851677534e+02
1.366565686457597906e+00	4.263930996017846269e+02
1.372851498482432708e+00	4.239838533564346221e+02
1.379135372929401804e+00	4.197911281834765305e+02
1.385409567149057164e+00	4.183484307971259568e+02
1.391698641219299315e+00	4.162994492422478174e+02
1.397984451439470810e+00	4.129870637939631024e+02
1.404267883409181961e+00	4.099085919732955858e+02
1.410554779484869181e+00	4.088062847953287928e+02
1.416837833547465397e+00	4.052264032181289508e+02
1.423118177187137068e+00	4.030675428721597200e+02
1.429397801164240089e+00	3.997450016502194217e+02
1.435686921822787232e+00	3.990943131949381950e+02
1.441977121769299597e+00	3.955146207845525055e+02
1.448253667853332427e+00	3.936840744058480936e+02
1.454532348972172651e+00	3.916053790721310861e+02
1.460819319151879903e+00	3.888490025805397181e+02
1.467110364402026468e+00	3.867234065139488166e+02
1.473392908948962132e+00	3.850858255216246562e+02
1.479669965243598950e+00	3.825565708945073311e+02
1.485956144602843532e+00	3.795973840697636774e+02
1.492233610763115115e+00	3.771143069931048331e+02
1.498502470379980078e+00	3.758606487266681029e+02
1.504785752051182701e+00	3.727526495214383999e+02
1.511075991894575976e+00	3.704761470407740944e+02
1.517361634985162189e+00	3.688440976725081555e+02
1.523648570969130533e+00	3.661991760760291754e+02
1.529938035715892264e+00	3.642107517709769695e+02
1.536230176913891965e+00	3.624552869728418614e+02
1.542510718779388279e+00	3.588568082777889003e+02
1.548783963082980275e+00	3.576771575867704200e+02
1.555073069779651318e+00	3.557629868836166906e+02
1.561357324927233892e+00	3.536264541393444460e+02
1.567629121053141006e+00	3.522427866541239609e+02
1.573913697404382583e+00	3.501060056229673023e+02
1.580203545230874029e+00	3.482391820663291924e+02
1.586485393434537983e+00	3.455132185490176653e+02
1.592760014263005841e+00	3.441760199615255829e+02
1.599046436394670812e+00	3.425961887451346115e+02
1.605342136637478934e+00	3.395984195968414383e+02
1.611619860919608627e+00	3.384303320733131955e+02
1.617897597081673799e+00	3.354820397466478425e+02
1.624183235481122756e+00	3.335960164224961773e+02
1.630464598531913722e+00	3.318327908915832154e+02
1.636748985747638274e+00	3.306438643988149693e+02
1.643030923698886259e+00	3.293334819586806930e+02
1.649309176648513064e+00	3.278497450990793141e+02
1.655593633940351861e+00	3.258876748481591790e+02
1.661879571405086464e+00	3.235439692081650378e+02
1.668169361685170271e+00	3.216821163194621249e+02
1.674450151530487485e+00	3.193586577253742007e+02
1.680722718978495900e+00	3.178078943013554181e+02
1.687013891340952476e+00	3.170328636953941555e+02
1.693308984907921033e+00	3.140615566792328082e+02
1.699582147428448486e+00	3.129476022395223822e+02
1.705863747055134105e+00	3.103587499736705126e+02
1.712154434283889470e+00	3.096488732714804542e+02
1.718438381579399321e+00	3.085635024264129811e+02
1.724721264464063930e+00	3.068467265258182124e+02
1.730997441276920679e+00	3.042034312961991418e+02
1.737287073528269499e+00	3.024740451852977685e+02
1.743567991878527401e+00	3.009858239847442292e+02
1.749840680212231048e+00	2.998753778750909760e+02
1.756128549091961144e+00	2.977197250941597986e+02
1.762413535324792502e+00	2.969910751582053763e+02
1.768696187669963837e+00	2.957695669083690291e+02
1.774979359379055266e+00	2.939419380304177594e+02
1.781265555576432957e+00	2.919523014238268388e+02
1.787549427830244619e+00	2.903312348813532253e+02
1.793834120011633004e+00	2.884188351388723959e+02
1.800115051552487300e+00	2.869556798457419973e+02
1.806393904854530330e+00	2.855629678431533307e+02
1.812674089667083432e+00	2.845269599589597647e+02
1.818956920109354058e+00	2.832462595764268372e+02
1.825244164118212220e+00	2.807240112443002999e+02
1.831527256642196955e+00	2.790175064859215013e+02
1.837811294935716599e+00	2.775717929561469646e+02
1.844100717411196744e+00	2.772311632510335926e+02
1.850384816792487230e+00	2.756916252832203895e+02
1.856666059735203822e+00	2.746471773783682693e+02
1.862947728675613979e+00	2.722077039408954988e+02
1.869229324466858078e+00	2.709119150855894986e+02
1.875517616802973686e+00	2.700854458537982055e+02
1.881800769033795229e+00	2.684825067928247222e+02
1.888078863416442710e+00	2.669166266897893820e+02
1.894353975182237582e+00	2.658203612216838678e+02
1.900642716154182565e+00	2.647604952487290575e+02
1.906933494748685121e+00	2.628612331434183034e+02
1.913207568676573933e+00	2.615741294551050942e+02
1.919490884732178992e+00	2.601969207403231508e+02
1.925776855684274480e+00	2.586903561505932885e+02
1.932064452961978152e+00	2.573232705225106542e+02
1.938342610030488800e+00	2.566297070893217551e+02
1.944618341543410178e+00	2.551824781395271202e+02
1.950906260203513876e+00	2.543139465853235208e+02
1.957194556613796488e+00	2.523257471515393888e+02
1.963479614559011432e+00	2.512852162525947222e+02
1.969760361532916226e+00	2.500800319500444289e+02
1.976048367034604736e+00	2.490312958181846454e+02
1.982337990217652335e+00	2.478457265847983706e+02
1.988617489259562721e+00	2.463823355383547664e+02
1.994896320665194178e+00	2.447796921396738128e+02
2.001179596222827151e+00	2.438190127961457847e+02
2.007459756923499761e+00	2.427691109050888372e+02
2.013737397779169935e+00	2.416415767809827742e+02
2.020017234677497164e+00	2.405019400482957224e+02
2.026310251015072783e+00	2.399397092782137122e+02
2.032600542948020284e+00	2.383116321408379576e+02
2.038873863192099289e+00	2.372677577457577911e+02
2.045154087821675404e+00	2.355549779310518375e+02
2.051444704514288730e+00	2.346953905150765820e+02
2.057730430280644729e+00	2.338015220011117208e+02
2.064013940455224461e+00	2.328085111512063179e+02
2.070299891179459895e+00	2.313672926140318395e+02
2.076589719964883951e+00	2.304786912186147561e+02
2.082865483794470673e+00	2.295257921158850252e+02
2.089134494859368640e+00	2.277929352409397552e+02
2.095424211360070288e+00	2.273794166843745757e+02
2.101707116664804254e+00	2.260984501443509487e+02
2.107986473933564309e+00	2.253835472694267423e+02
2.114271806543862375e+00	2.242321503150429862e+02
2.120552717288892275e+00	2.228693684249123237e+02
2.126836933207161717e+00	2.217294127674515494e+02
2.133122044791171845e+00	2.208727793697478603e+02
2.139411711910842673e+00	2.198419637546598722e+02
2.145697076775292089e+00	2.183269108674573431e+02
2.151973548606471276e+00	2.175463206072668925e+02
2.158259913555724108e+00	2.162503657119119964e+02
2.164545396699105506e+00	2.159064154273903853e+02
2.170830700377734068e+00	2.145556145119229825e+02
2.177114138849150393e+00	2.137222994327316030e+02
2.183387647576827018e+00	2.130866365682509809e+02
2.189670273687676971e+00	2.123482318801190729e+02
2.195960147934207463e+00	2.110874955950521326e+02
2.202242556317716371e+00	2.098391465802874905e+02
2.208521655981037668e+00	2.088237477599361114e+02
2.214804637081333016e+00	2.083725148775561138e+02
2.221092583349425276e+00	2.072883031750600082e+02
2.227372893591468728e+00	2.065224601248688714e+02
2.233657161144248171e+00	2.052972843328946055e+02
2.239943485394438660e+00	2.050755630086391079e+02
2.246224175264620815e+00	2.035307531626167474e+02
2.252506378421252009e+00	2.027224837172671528e+02
2.258783417054270437e+00	2.019822589787289644e+02
2.265069077371457684e+00	2.011427646961768687e+02
2.271350377044131452e+00	2.000201796105949370e+02
2.277633995145353918e+00	1.994034335641739517e+02
2.283922419579920149e+00	1.983758118014444563e+02
2.290202874392252674e+00	1.973298256060924700e+02
2.296490779970905560e+00	1.966617707071995937e+02
2.302771769934229162e+00	1.960288366722173805e+02
2.309051364164305564e+00	1.952652793615467317e+02
2.315338502539088239e+00	1.941211870991152182e+02
2.321627336503874428e+00	1.933004316014877304e+02
2.327911878297218795e+00	1.926492702837942943e+02
2.334186238580297168e+00	1.916733597844038002e+02
2.340467971862688401e+00	1.911321915897905512e+02
2.346756940970738725e+00	1.901853131954787557e+02
2.353044444556199988e+00	1.896331407752380187e+02
2.359327653314069906e+00	1.889046660363190142e+02
2.365603048789861607e+00	1.882945084892615171e+02
2.371885911737665165e+00	1.875400313662966880e+02
2.378173303594019572e+00	1.863781564225874661e+02
2.384454016539381271e+00	1.863519068675446420e+02
2.390736447344785187e+00	1.849844874745149070e+02
2.397014133897952259e+00	1.844566819043096189e+02
2.403295490074321972e+00	1.834835167690254423e+02
2.409585049672506862e+00	1.825277035750440859e+02
2.415871703165322071e+00	1.819297303905159993e+02
2.422160652369088840e+00	1.813810630075982147e+02
2.428440167222748691e+00	1.808603388592445924e+02
2.434717472383889803e+00	1.796813247452302846e+02
2.441002456202044257e+00	1.786220364292966849e+02
2.447289980304530488e+00	1.786010048097126059e+02
2.453571844729242279e+00	1.782330607721907256e+02
2.459852705114058846e+00	1.770133788252924205e+02
2.466139233225018934e+00	1.763589015374359974e+02
2.472421963421291391e+00	1.757145726877445497e+02
2.478698519174224568e+00	1.750999325684687449e+02
2.484980841400355800e+00	1.746252082435467230e+02
2.491269319409339822e+00	1.735090326516597656e+02
2.497548505139029373e+00	1.731514820468107416e+02
2.503831667172610853e+00	1.724426642310884574e+02
2.510117938323931153e+00	1.718348062709029875e+02
2.516400733681277480e+00	1.713215664103530287e+02
2.522688226833368130e+00	1.707203275086427254e+02
2.528971695852665569e+00	1.704803957684305544e+02
2.535252039407670299e+00	1.697980275444851372e+02
2.541537514142774512e+00	1.688409375410688540e+02
2.547823008847572179e+00	1.684936812518531895e+02
2.554100666580690238e+00	1.677396755941967115e+02
2.560376788884177301e+00	1.671889685600189921e+02
2.566667521601497359e+00	1.665687852950902084e+02
2.572955062237090473e+00	1.657604133604672256e+02
2.579233771797999175e+00	1.652279742989375677e+02
2.585520164300948220e+00	1.645675782658697983e+02
2.591805130332431872e+00	1.640995068753600776e+02
2.598084074692260881e+00	1.637135929235554670e+02
2.604360404197643586e+00	1.631795953632005762e+02
2.610647185140439142e+00	1.624266220368256484e+02
2.616931864059273138e+00	1.619791871708207225e+02
2.623206107911065565e+00	1.613082066528738778e+02
2.629491626543270844e+00	1.612418146418037281e+02
2.635778507982642349e+00	1.606801112946367596e+02
2.642061039325260818e+00	1.599765959832944304e+02
2.648343840729305843e+00	1.592542912101840784e+02
2.654631838974855551e+00	1.590636507096093055e+02
2.660919001246303761e+00	1.585298929457206896e+02
2.667198525130066056e+00	1.576933191092801110e+02
2.673484307038032526e+00	1.575145747033943167e+02
2.679773388053849459e+00	1.569413354945071433e+02
2.686058217632288692e+00	1.566649003908743794e+02
2.692338738200057868e+00	1.560865243802281270e+02
2.698618022887226964e+00	1.557358284865293570e+02
2.704895450708277860e+00	1.550186540747977517e+02
2.711175674923682166e+00	1.544889360389545061e+02
2.717459832966957922e+00	1.542061326761010491e+02
2.723745731959044569e+00	1.539696050115677224e+02
2.730038414850594730e+00	1.533906793764951999e+02
2.736317989800789441e+00	1.524512400216614765e+02
2.742591858549239703e+00	1.522941506166675936e+02
2.748879749010778362e+00	1.521137451071946316e+02
2.755163403825859447e+00	1.515371818900089806e+02
2.761446955625852073e+00	1.510582366115737045e+02
2.767732088935374701e+00	1.508873467108658701e+02
2.774015452421743966e+00	1.504139386158927891e+02
2.780298635700591436e+00	1.500699591309885648e+02
2.786577474762241380e+00	1.494792508300191400e+02
2.792857983210164541e+00	1.492557409989474593e+02
2.799143790920211483e+00	1.489557098461648934e+02
2.805430058399325244e+00	1.484171776187047840e+02
2.811715058209780072e+00	1.480173515258500174e+02
2.817989272498773623e+00	1.477417306409122091e+02
2.824269171595737760e+00	1.474408152935409930e+02
2.830563016441804081e+00	1.470492582847351741e+02
2.836848750951622034e+00	1.469856642576249897e+02
2.843130027866129783e+00	1.463345011549252490e+02
2.849413896912404986e+00	1.460564026836980531e+02
2.855697464522425566e+00	1.455446754602471344e+02
2.861978799810683594e+00	1.454958419036076407e+02
2.868262469415629567e+00	1.452035649987918475e+02
2.874547359206753860e+00	1.446552555139131755e+02
2.880831111471525041e+00	1.444550409272016225e+02
2.887113216972382546e+00	1.439503537051601825e+02
2.893394504725182781e+00	1.439482144929869492e+02
2.899673662137033592e+00	1.436799092496900982e+02
2.905953958587380814e+00	1.431779392291545037e+02
2.912241118105161064e+00	1.431483073771086083e+02
2.918525996366671205e+00	1.426801196433225982e+02
2.924809035425688819e+00	1.426047877750683313e+02
2.931095916293684933e+00	1.425438628014928781e+02
2.937378182606774413e+00	1.421547327934197824e+02
2.943659980254369923e+00	1.416801427732652314e+02
2.949946454403890250e+00	1.416979064546394227e+02
2.956227653702202307e+00	1.412515749355396508e+02
2.962510478867462993e+00	1.410705408168916506e+02
2.968796535179442309e+00	1.408536389569511016e+02
2.975077657376874907e+00	1.406146641971747613e+02
2.981359866759223376e+00	1.404330569490566631e+02
2.987646761575656562e+00	1.404928218274110066e+02
2.993929038370399365e+00	1.401526134911205759e+02
3.000206214840962726e+00	1.399720322427668009e+02
3.006486172402415669e+00	1.398246728247499959e+02
3.012769812211594456e+00	1.398021330432042930e+02
3.019053144326170113e+00	1.395559521015332791e+02
3.025337405144251424e+00	1.392880665624558958e+02
3.031623734799107961e+00	1.392961031898136923e+02
3.037908962055872575e+00	1.389001440441154500e+02
3.044195067146031608e+00	1.390460317747095758e+02
3.050475543482170426e+00	1.387163412773074356e+02
3.056754954538277502e+00	1.387410553750577833e+02
3.063040539557494668e+00	1.386350906154396796e+02
3.069323699454357346e+00	1.385372184328353171e+02
3.075610692642898769e+00	1.384056973453033379e+02
3.081893798009918584e+00	1.384923036518789559e+02
3.088174549548037717e+00	1.381872472997614807e+02
3.094458635632868493e+00	1.384237544868742305e+02
3.100743982931558840e+00	1.381359892064497217e+02
3.107028111748448396e+00	1.380495908668202958e+02
3.113309299655494300e+00	1.379159956858880491e+02
3.119590662867241626e+00	1.381827814950076174e+02
3.125874006820172912e+00	1.380732808481204188e+02
3.132159251154602586e+00	1.381454639285515213e+02
3.138439172765940643e+00	1.380541636538876844e+02
3.144723867719826593e+00	1.381706042711085445e+02
3.151003951258561031e+00	1.380276745665818225e+02
3.157283664131563139e+00	1.379743936279344609e+02
3.163569317183839935e+00	1.379820337883437276e+02
3.169851661717792091e+00	1.382256514585096170e+02
3.176137704316093657e+00	1.381764883586920405e+02
3.182420924828643916e+00	1.383040015621977261e+02
3.188702811875577581e+00	1.384913157863835806e+02
3.194990520008989865e+00	1.384810329445973309e+02
3.201275324656983834e+00	1.387072546485612179e+02
3.207551352179861759e+00	1.386447529895159789e+02
3.213835216737041645e+00	1.387696445628785682e+02
3.220122579819103770e+00	1.386751378082767019e+02
3.226406606618656525e+00	1.383264213499144546e+02
3.232687390085645429e+00	1.379810228438666400e+02
3.238969121280456331e+00	1.376679752464278010e+02
3.245254751548589667e+00	1.373802323582417841e+02
3.251534499036136783e+00	1.370953641765022724e+02
3.257817780791052442e+00	1.366104498243497005e+02
3.264102164154097263e+00	1.362347733227160518e+02
3.270384152138468892e+00	1.359539361443471535e+02
3.276669427476867735e+00	1.358584375137975542e+02
3.282954688864507808e+00	1.352421198011671777e+02
3.289237200334947264e+00	1.350257549531198435e+02
3.295519587088236779e+00	1.347971221957027694e+02
3.301805977329951958e+00	1.345574160403797066e+02
3.308087486222440088e+00	1.340564848511834555e+02
3.314367630234227313e+00	1.337736229812907709e+02
3.320651909732194262e+00	1.335739976129013087e+02
3.326931260376857047e+00	1.333183470434570097e+02
3.333216512447217728e+00	1.329416768763262269e+02
3.339504489419978128e+00	1.327260038987264466e+02
3.345786804809928405e+00	1.324438896976077160e+02
3.352071130016277767e+00	1.320072976922967314e+02
3.358351496304225581e+00	1.317795265789140160e+02
3.364630591073392019e+00	1.316315756003351396e+02
3.370916305215045483e+00	1.310821220848741859e+02
3.377197952029413752e+00	1.310477008277517825e+02
3.383483063818085501e+00	1.305999987093753418e+02
3.389769992424469969e+00	1.302989952373589233e+02
3.396051330885982100e+00	1.301417470452925897e+02
3.402330879139463971e+00	1.297434561974233418e+02
3.408610488352048495e+00	1.297453229462399804e+02
3.414897837696641236e+00	1.293879959265471200e+02
3.421180484052105619e+00	1.290656415564241684e+02
3.427461639653846870e+00	1.289032040662076497e+02
3.433749159643459059e+00	1.286330090168890194e+02
3.440032646656798310e+00	1.283871614801639396e+02
3.446313366033385339e+00	1.280525728775739367e+02
3.452600135384134905e+00	1.278103728892202184e+02
3.458883152815406703e+00	1.276982897531947714e+02
3.465163834403715448e+00	1.275119629136615629e+02
3.471449329786229221e+00	1.270674661391637130e+02
3.477734476754053894e+00	1.269321514674598319e+02
3.484019652467224226e+00	1.268613108814409287e+02
3.490297019369712928e+00	1.263336885268345924e+02
3.496582486484379970e+00	1.266412155996264488e+02
3.502868048046865024e+00	1.262222771549314615e+02
3.509144649545451244e+00	1.259336862055287867e+02
3.515428082003116295e+00	1.258064130652022357e+02
3.521711031624695565e+00	1.253947814068709476e+02
3.527991850954735664e+00	1.251148325540240194e+02
3.534275545726699885e+00	1.250089361605553933e+02
3.540562632020772149e+00	1.249437543792982268e+02
3.546844410757220789e+00	1.245464568406343204e+02
3.553131386753758836e+00	1.241940340657572506e+02
3.559419203211965144e+00	1.241337234902591717e+02
3.565697971577579839e+00	1.238557254863099928e+02
3.571979559134798254e+00	1.239828497030247405e+02
3.578265774595833726e+00	1.235347110878042116e+02
3.584548309769353125e+00	1.234933643257078302e+02
3.590826843920031486e+00	1.232027903298655502e+02
3.597107306745233934e+00	1.229223120782188943e+02
3.603392831792229245e+00	1.230389947558805233e+02
3.609673209822572559e+00	1.225413454181388175e+02
3.615955412133016189e+00	1.225313864309933081e+02
3.622241607772384686e+00	1.223693148314669514e+02
3.628520252736676444e+00	1.221081713107482614e+02
3.634804827569451113e+00	1.219987392707166407e+02
3.641094981788862928e+00	1.219600521653144369e+02
3.647383514928639325e+00	1.218150307276249720e+02
3.653663283927725658e+00	1.213667526569228414e+02
3.659943504072155296e+00	1.213037393857307507e+02
3.666232000281138603e+00	1.212164088982248558e+02
3.672514211678317597e+00	1.211471259426289464e+02
3.678794154686042539e+00	1.209362650654571922e+02
3.685078621861909820e+00	1.208085228282350272e+02
3.691359210097977961e+00	1.206295802469413161e+02
3.697642368173791105e+00	1.205014461100809342e+02
3.703925796735277665e+00	1.202552187131535248e+02
3.710208240364660348e+00	1.203683051020882573e+02
3.716494593122387169e+00	1.200815634957939011e+02
3.722775386659595398e+00	1.198182884936543076e+02
3.729058392883481510e+00	1.200259105459084026e+02
3.735339748210807720e+00	1.196635315117213736e+02
3.741620776392969638e+00	1.196069222082030308e+02
3.747904795418762980e+00	1.195740404529471306e+02
3.754190633281219380e+00	1.195037848151073092e+02
3.760478208018912749e+00	1.193966935412804133e+02
3.766755538573464346e+00	1.192304484421167814e+02
3.773032090135151506e+00	1.190677714167404417e+02
3.779322553012896879e+00	1.191982035040153960e+02
3.785609109731308930e+00	1.188843790869912738e+02
3.791889825936295200e+00	1.188138419112675876e+02
3.798174822702435893e+00	1.186942037900656715e+02
3.804458658753491651e+00	1.187584963644515881e+02
3.810738438095723435e+00	1.183998430843492997e+02
3.817018850285747167e+00	1.185250115115600096e+02
3.823305314209427763e+00	1.185382460401241218e+02
3.829591295197792178e+00	1.183536160816430964e+02
3.835872296070849341e+00	1.185491728996961172e+02
3.842156279590906109e+00	1.182358308179413200e+02
3.848441511099312429e+00	1.181996257990259949e+02
3.854723334376886079e+00	1.181984095543004685e+02
3.861004740704794713e+00	1.182645307449808882e+02
3.867284336650660848e+00	1.177635053745017899e+02
3.873567367678779849e+00	1.181424524499623629e+02
3.879850662830422792e+00	1.179288550836161562e+02
3.886137063198143338e+00	1.177430620865766713e+02
3.892419463049126005e+00	1.179278035008619128e+02
3.898703740328622658e+00	1.179745874850043350e+02
3.904991458788179326e+00	1.179273790330889398e+02
3.911270842222104083e+00	1.176931686856781170e+02
3.917549806479573071e+00	1.181282693202934695e+02
3.923836006203090587e+00	1.177708815688913830e+02
3.930121452497870926e+00	1.179236154071902547e+02
3.936398172858230460e+00	1.178683074783002525e+02
3.942683040425962293e+00	1.177548033728631651e+02
3.948974759704379611e+00	1.177860182886485063e+02
3.955259227995065352e+00	1.179051021382047111e+02
3.961537174921395454e+00	1.178229582356986924e+02
3.967820217617139544e+00	1.179825770116573409e+02
3.974105559832568968e+00	1.176553794454152637e+02
3.980384727931198352e+00	1.179828382460297149e+02
3.986664590839849698e+00	1.178823323278452051e+02
3.992949619150675034e+00	1.177382959275517891e+02
3.999235075769965952e+00	1.179088905394909261e+02
4.005515715515433506e+00	1.179502259122505308e+02
4.011798434346478537e+00	1.179797508496310314e+02
4.018083716245132386e+00	1.181487690895978631e+02
4.024365700052603856e+00	1.181426839241684235e+02
4.030643960839860540e+00	1.181583785649983156e+02
4.036928708926215137e+00	1.183331472511576266e+02
4.043218157412017177e+00	1.184900662521361312e+02
4.049503019487663558e+00	1.183847871656914208e+02
4.055781898960511000e+00	1.185207092963457995e+02
4.062060795621602161e+00	1.186695681573971370e+02
4.068347865354716042e+00	1.186268088569847947e+02
4.074631027173265529e+00	1.189005453732714130e+02
4.080910837526078971e+00	1.187760611262468586e+02
4.087201203341442657e+00	1.190457760352880712e+02
4.093486818591942189e+00	1.189772650190915613e+02
4.099764387336505500e+00	1.192500602288986613e+02
4.106049166937662420e+00	1.190370827664548301e+02
4.112334559041358695e+00	1.193560363985556592e+02
4.118618926059533614e+00	1.195386690462598978e+02
4.124898942031112625e+00	1.197124979178810094e+02
4.131175432561665417e+00	1.197755374759100846e+02
4.137461563786142271e+00	1.199989329980764836e+02
4.143746006210170307e+00	1.201899163673901683e+02
4.150029800482964326e+00	1.200580302793119500e+02
4.156313390684649001e+00	1.201545056105559439e+02
4.162596105843763716e+00	1.204509904527393331e+02
4.168881843141768684e+00	1.205392165522888064e+02
4.175162111073220217e+00	1.208805035428543704e+02
4.181448573417560155e+00	1.210768919040259988e+02
4.187738782464171194e+00	1.213137297128277226e+02
4.194017437180169061e+00	1.213987046141217547e+02
4.200293572701767175e+00	1.215008944338110553e+02
4.206580195481546269e+00	1.215044885061291353e+02
4.212860644652220543e+00	1.218212060966839374e+02
4.219138153430114002e+00	1.218986375983088806e+02
4.225426162098283811e+00	1.220291813347261467e+02
4.231713506719782636e+00	1.221274453858783460e+02
4.237990056577191744e+00	1.224998830431997590e+02
4.244267783646744618e+00	1.227047967516046185e+02
4.250560660182562955e+00	1.230812327324761668e+02
4.256847734842668096e+00	1.229829890304994251e+02
4.263127100734456221e+00	1.234715276067024519e+02
4.269406860432507500e+00	1.236945567784663496e+02
4.275691671482192646e+00	1.240084815643722038e+02
4.281972414189518794e+00	1.241422033332890322e+02
4.288253516806755705e+00	1.242523134152586834e+02
4.294540520160492925e+00	1.245589659461714120e+02
4.300825742921731809e+00	1.247849721583085767e+02
4.307109835491901961e+00	1.249768141787538980e+02
4.313390926478413157e+00	1.256149294981710085e+02
4.319667979480563247e+00	1.256339435217657865e+02
4.325952598143786076e+00	1.261694027571627004e+02
4.332241647035422361e+00	1.259756987877152881e+02
4.338524445619096781e+00	1.264519643647720955e+02
4.344809348131129845e+00	1.265131019010648998e+02
4.351090699193166600e+00	1.266970434725412673e+02
4.357369710808320029e+00	1.270840056469472898e+02
4.363659348967174445e+00	1.272249881013805322e+02
4.369947418280990981e+00	1.273408360516162503e+02
4.376226569265827315e+00	1.279162489095725022e+02
4.382499356631129217e+00	1.276799046725739544e+02
4.388784975178015024e+00	1.282071292409122805e+02
4.395068696309480494e+00	1.284343169689296360e+02
4.401347962382031298e+00	1.289680166706246780e+02
4.407628405096517099e+00	1.291500254309326579e+02
4.413915862185140426e+00	1.288612031896757628e+02
4.420203163534264235e+00	1.294215390212497425e+02
4.426480311003382795e+00	1.289818620382198446e+02
4.432765973643649104e+00	1.295941782552160930e+02
4.439053392023870614e+00	1.298313924164576747e+02
4.445336141335588742e+00	1.302544171230014456e+02
4.451617241414883352e+00	1.299872351650956261e+02
4.457901500730311106e+00	1.305162394560232997e+02
4.464189501093017043e+00	1.306723123178502419e+02
4.470470197548729985e+00	1.302475090029747662e+02
4.476748044268524573e+00	1.309562439972021934e+02
4.483035990164653484e+00	1.308820436108925662e+02
4.489323331650528104e+00	1.309609531356580021e+02
4.495599111667934800e+00	1.306966835768310204e+02
4.501870922878794090e+00	1.309066865705706562e+02
4.508155162877705457e+00	1.308334342094157705e+02
4.514446451153479423e+00	1.304724051824590560e+02
4.520723894043856994e+00	1.306490972754091615e+02
4.527003782460155890e+00	1.301914264096933209e+02
4.533293086610313161e+00	1.299401723876976860e+02
4.539578989864040182e+00	1.299231704371356102e+02
4.545857164866476730e+00	1.297481636691758240e+02
4.552138955546025656e+00	1.290323145911526694e+02
4.558432046889146605e+00	1.288299195508721766e+02
4.564713463378488711e+00	1.289328748213411302e+02
4.570987274133244682e+00	1.286770083336670609e+02
4.577274818151045643e+00	1.287075396437466850e+02
4.583563263889338657e+00	1.281832288990324287e+02
4.589844917004465508e+00	1.283899321595486924e+02
4.596126259982004747e+00	1.286210496259966760e+02
4.602409075598298926e+00	1.284373788069505053e+02
4.608696634867644804e+00	1.282291822206503014e+02
4.614977646498861219e+00	1.282365499885767974e+02
4.621258953029527383e+00	1.285214495849277512e+02
4.627547993978874175e+00	1.290291136719603458e+02
4.633830152730579854e+00	1.285280315165968830e+02
4.640104005367354567e+00	1.288413652321023903e+02
4.646382060386754276e+00	1.289126530899914371e+02
4.652674213731970987e+00	1.284942364780743276e+02
4.658958291796220230e+00	1.286974789145447176e+02
4.665233615070169648e+00	1.290473353371833127e+02
4.671520675710307380e+00	1.289088660284276955e+02
4.677814351732177300e+00	1.291308452367281063e+02
4.684093699744638073e+00	1.298006927327425899e+02
4.690368661472568590e+00	1.293285487876973718e+02
4.696663270746453733e+00	1.298558193412319213e+02
4.702945459248681459e+00	1.294558491086993399e+02
4.709209170841929470e+00	1.296757290555058262e+02
4.715491634753063543e+00	1.300128676755149115e+02
4.721784316284933780e+00	1.301395415555357431e+02
4.728063062331094635e+00	1.302685439110300365e+02
4.734337423381671073e+00	1.303893126209532340e+02
4.740627024094544062e+00	1.304253174780004372e+02
4.746914995664547554e+00	1.305138161369472414e+02
4.753194740071086777e+00	1.309852027000054875e+02
4.759478891864783456e+00	1.317357105068131773e+02
4.765762396877359031e+00	1.310692558724553862e+02
4.772049481246195768e+00	1.319339225555596329e+02
4.778335091022592351e+00	1.322587430213457083e+02
4.784610831402393849e+00	1.321935086405042341e+02
4.790907306208476157e+00	1.324517815615458858e+02
4.797204047706418173e+00	1.324901899123703402e+02
4.803470827697504220e+00	1.330387217362661829e+02
4.809748850577324042e+00	1.327321279092054738e+02
4.816045316586602176e+00	1.333333533973555802e+02
4.822329240673497885e+00	1.341808462525387142e+02
4.828596758226470165e+00	1.340543277072536910e+02
4.834890332961369275e+00	1.346686217546703404e+02
4.841191655056394261e+00	1.349874602838547730e+02
4.847460407468000554e+00	1.354793179255642315e+02
4.853732128521334843e+00	1.365564594605014577e+02
4.860029138783373170e+00	1.356268980992483364e+02
4.866314601732018019e+00	1.362544926958011899e+02
4.872587026269203925e+00	1.369482776646240154e+02
4.878874221748241702e+00	1.377662261130092247e+02
4.885171078138658807e+00	1.379964386815903765e+02
4.891450629931857641e+00	1.379397589554223771e+02
4.897716482750221978e+00	1.386275022414904186e+02
4.904002834596266069e+00	1.389290026637501967e+02
4.910295858205786068e+00	1.390075220837972836e+02
4.916575188115905881e+00	1.396848752433103584e+02
4.922847946197084212e+00	1.397832993188105206e+02
4.929131667457151700e+00	1.407579481034481717e+02
4.935434460144239033e+00	1.418476413338315183e+02
4.941718513303545279e+00	1.419656670186580243e+02
4.947978624761803168e+00	1.420701455436943377e+02
4.954274999209829389e+00	1.431488324796835911e+02
4.960571094729937514e+00	1.437484884731990462e+02
4.966823207626954506e+00	1.441475774603121067e+02
4.973097418390337587e+00	1.442333814459122436e+02
4.979415129936382023e+00	1.456365705069713385e+02
4.985702082330368157e+00	1.452640858400867501e+02
4.991949985828016523e+00	1.462193344301967102e+02
4.998241586316924057e+00	1.473195876576657213e+02
5.004556635606089543e+00	1.477936935526584250e+02
5.010828655701208945e+00	1.476900001462068701e+02
5.017077229702536556e+00	1.486871926384489200e+02
5.023374414758113637e+00	1.503540613083462461e+02
5.029688873569548413e+00	1.500213306456091118e+02
5.035958413584124216e+00	1.507677849477267671e+02
5.042232667658486989e+00	1.519399745265347406e+02
5.048528755870775875e+00	1.521255458435278740e+02
5.054821121427484520e+00	1.531321799027876693e+02
5.061069509814582368e+00	1.530699899429385198e+02
5.067347812754101177e+00	1.544307437134737597e+02
5.073675050630431116e+00	1.557279411286678510e+02
5.079945928388977627e+00	1.565379930608297343e+02
5.086192992546071601e+00	1.586078940324310906e+02
5.092484128970163226e+00	1.578013817468549291e+02
5.098802924706086870e+00	1.588521582245591901e+02
5.105078217426394005e+00	1.605215541292606929e+02
5.111325076574067872e+00	1.604882163965897632e+02
5.117628358851224135e+00	1.617282184046118516e+02
5.123935939383525984e+00	1.626947782558471260e+02
5.130199176325612065e+00	1.646104430494438020e+02
5.136469985878846956e+00	1.645222199642051066e+02
5.142797788696348071e+00	1.645597320797903080e+02
5.149090378043822192e+00	1.665799606241340314e+02
5.155289879840074363e+00	1.680466803931332720e+02
5.161564521234301317e+00	1.675884264148540126e+02
5.167916673496016244e+00	1.704728588695924714e+02
5.174205974602950064e+00	1.714702265932479293e+02
5.180434820793812456e+00	1.719200029767156650e+02
5.186729096569634656e+00	1.733225795226445314e+02
5.193058481037780894e+00	1.744875604329618852e+02
5.199319511444338460e+00	1.771391393204377209e+02
5.205574295584361799e+00	1.773145111759936015e+02
5.211894977074066126e+00	1.762782471716673740e+02
5.218201708336958511e+00	1.794486515646506177e+02
5.224411911780083351e+00	1.788184107331912855e+02
5.230677632666463239e+00	1.838271949608073328e+02
5.237056729559757429e+00	1.837547804723412526e+02
5.243336785035660697e+00	1.879046996470300712e+02
5.249493476178225038e+00	1.870235087105722300e+02
5.255787017738318134e+00	1.888395244703821447e+02
5.262205327426889845e+00	1.888995512976520104e+02
5.268477758348532269e+00	1.920486283515975288e+02
5.274632213654732560e+00	1.926533117624196052e+02
5.280950543314659740e+00	1.941161508788760841e+02
5.287327645024750389e+00	1.949427516302041568e+02
5.293582359180156516e+00	1.977779280015681991e+02
5.299789992649893478e+00	2.002865463499530847e+02
5.306111460381987222e+00	2.028457290362777599e+02
5.312452717892129250e+00	2.017952550505130489e+02
5.318650122853046724e+00	2.058086233464041754e+02
5.324923043129819789e+00	2.099870847141584989e+02
5.331330237158205421e+00	2.093829380542013325e+02
5.337586726886338617e+00	2.123047637396160496e+02
5.343685192440848830e+00	2.113218045867363912e+02
5.350070659715249199e+00	2.159694466907878905e+02
5.356556762554878226e+00	2.165300661752334861e+02
5.362691868684501095e+00	2.213928935921044001e+02
5.368769208912516966e+00	2.218517563285259087e+02
5.375270137997677722e+00	2.262409454494442400e+02
5.381769983045385786e+00	2.213289904149471283e+02
5.387701030372958222e+00	2.262713966820850828e+02
5.393786668001271600e+00	2.330954235989040910e+02
5.400446161099396569e+00	2.348166918305550439e+02
5.406957063684501463e+00	2.319555314109907727e+02
5.412655672453426270e+00	2.293261608937135634e+02
5.418821279260546575e+00	2.419723633810368426e+02
5.425690594366304076e+00	2.430764594568280472e+02
5.432217487502165376e+00	2.400994203088553149e+02
5.437649811577258241e+00	2.524011631055114435e+02
5.443914404015878006e+00	2.496672953179022443e+02
5.450953501686320202e+00	2.528050460149553942e+02
5.457483690405861232e+00	2.557373901986788383e+02
5.462715250135157241e+00	2.636489624290491633e+02
5.469033575551323523e+00	2.648036955174039804e+02
5.476177730420278778e+00	2.669299382516047672e+02
5.482708935702562236e+00	2.672928526154473161e+02
5.487722405008360838e+00	2.853456476398641257e+02
5.494194284996126498e+00	2.680235528767052529e+02
5.501391471009256406e+00	2.736677632729222296e+02
5.507128202673079009e+00	2.923808948502233989e+02
5.512278020050448646e+00	2.825136820513315001e+02
5.519395563377015534e+00	2.923104370616496226e+02
5.526598678609708770e+00	2.898736873910090139e+02
5.532162682462509196e+00	2.779127516656939179e+02
5.537397124017139127e+00	3.010304990237449374e+02
5.544582756485218589e+00	3.035167572731052132e+02
5.551739327507637434e+00	3.106122107223766307e+02
5.557493306674907707e+00	3.495880889093126598e+02
5.562281709102816940e+00	3.287343209553773136e+02
5.569272720323164449e+00	1.225252476028023381e+02
