8.899641224696953554e-03	3.181799331060595250e+03
1.507912216506557788e-02	4.660064223173927530e+03
2.144790186456836667e-02	4.123447226866726851e+03
2.783660776489276650e-02	5.337807220487936320e+03
3.435099785803411021e-02	4.965469128317734430e+03
4.047886761425745911e-02	4.508168321506882421e+03
4.676716683575679601e-02	4.042808485787592417e+03
5.308225101765951665e-02	3.654676195813754930e+03
5.945362440940590160e-02	3.770597971571882226e+03
6.576224814588792211e-02	3.325419050808635802e+03
7.196632906698736953e-02	3.359289212456063979e+03
7.827860915688347743e-02	3.052252173455127377e+03
8.470398945834539672e-02	2.815113407553160414e+03
9.096854620527369817e-02	2.831586047850320938e+03
9.720789776830213169e-02	2.500367075440069129e+03
1.034763038959366499e-01	2.390970298470287162e+03
1.097576444254559219e-01	2.081790619525282182e+03
1.160543084780093354e-01	2.133181142691267723e+03
1.223669666537485351e-01	1.919733655510742892e+03
1.286817263090294094e-01	1.814605380231073241e+03
1.349500801664080818e-01	1.803528956005766759e+03
1.411949558842147678e-01	1.777860853633224451e+03
1.475133575747468451e-01	1.637938880714591960e+03
1.537865074252268427e-01	1.568669582027644765e+03
1.600657544051110326e-01	1.478512949790071161e+03
1.663991168687080635e-01	1.421983419626739078e+03
1.727195645776442856e-01	1.374387776765603576e+03
1.789765213377084718e-01	1.260244979581443204e+03
1.852353690647852158e-01	1.208419303555921488e+03
1.914806787341157279e-01	1.175999878102725233e+03
1.977889868651535599e-01	1.119672255944615245e+03
2.040937735447724277e-01	1.094782805672006361e+03
2.103939302609846018e-01	1.067842663688179528e+03
2.166909709822301688e-01	1.020518259782827045e+03
2.229700281216152047e-01	9.799012062881170095e+02
2.292620027086341994e-01	9.397548067324552221e+02
2.355141508366812297e-01	9.164835031813980777e+02
2.417910583817859116e-01	8.759584185027014200e+02
2.480856539439619257e-01	8.413463985678885138e+02
2.543492256872954549e-01	8.241780648305975774e+02
2.606334251884805386e-01	8.019280237187142575e+02
2.669257370896960802e-01	7.695108406434637800e+02
2.732423343141155980e-01	7.388390126338896380e+02
2.795529680084415936e-01	7.444636400898344846e+02
2.858366292314493129e-01	7.028615488827382478e+02
2.920876271394311496e-01	6.900833222483378222e+02
2.983449844439822751e-01	6.718733618935457343e+02
3.046382639407197446e-01	6.564044526672646498e+02
3.109279127003197196e-01	6.411146194490665948e+02
3.172168171618398036e-01	6.194447371337241748e+02
3.235187567944423082e-01	6.035674691069343680e+02
3.298168217550395687e-01	5.916048906012149473e+02
3.361176429457156667e-01	5.737496462450197896e+02
3.423700375709273769e-01	5.613178773140120938e+02
3.486478192666269682e-01	5.480027927794535572e+02
3.549411614411318028e-01	5.417302401817642021e+02
3.611916935421040642e-01	5.238911739962716183e+02
3.674767089563572564e-01	5.120744998462487274e+02
3.737647795277591056e-01	5.066494887779038550e+02
3.800654031475132477e-01	4.969800510840598804e+02
3.863539861259823738e-01	4.845666937518803365e+02
3.926140181364449755e-01	4.731152826596526779e+02
3.989264500321934581e-01	4.673880726058496293e+02
4.052073244576828714e-01	4.575229728059770196e+02
4.114916477570477182e-01	4.469502047562888265e+02
4.177814272116491257e-01	4.431198727717757038e+02
4.240400648725131116e-01	4.275459074507679702e+02
4.303425690270192283e-01	4.254517949377333252e+02
4.366358560255625965e-01	4.164543029450340441e+02
4.428996183220763605e-01	4.100126678062288761e+02
4.491634418529859563e-01	4.071793548111677410e+02
4.554414146254732731e-01	3.977132019075021958e+02
4.617634470301058558e-01	3.924507580894816101e+02
4.680644242023710433e-01	3.869238651166311342e+02
4.743485242764365895e-01	3.805983963133973020e+02
4.806356136815400082e-01	3.773709410690497066e+02
4.869019258388697646e-01	3.667712534921208203e+02
4.931697099599955947e-01	3.593748809658608820e+02
4.994506747144535908e-01	3.575633718325737505e+02
5.057159051335421429e-01	3.515842698698048707e+02
5.119923996268095356e-01	3.462430286240820578e+02
5.183126097768406826e-01	3.416011146908619480e+02
5.246089638029100000e-01	3.410793770395387128e+02
5.308757308483337267e-01	3.366030235768512853e+02
5.371573527946726934e-01	3.320916714352833310e+02
5.434579563783791256e-01	3.269199284736818640e+02
5.497430652392217842e-01	3.205902895679275275e+02
5.559937427501778773e-01	3.158354620571516307e+02
5.622854676609657654e-01	3.109538269506900292e+02
5.686011537227265711e-01	3.100525246647134168e+02
5.748804589422079614e-01	3.034360996430704631e+02
5.811550210340560296e-01	3.030385872297718493e+02
5.874394496660968468e-01	2.973867352719047972e+02
5.937176220296899176e-01	2.955520832482513356e+02
5.999971954793682505e-01	2.908671780921802679e+02
6.062679115124277596e-01	2.883583067918181655e+02
6.125469576444534381e-01	2.834184057974457573e+02
6.188477733041515272e-01	2.827614241388432674e+02
6.251310567437898813e-01	2.802175076189079164e+02
6.314027450383210560e-01	2.792687096973635335e+02
6.377003562732055375e-01	2.712582097863792683e+02
6.439857783314556494e-01	2.687100554832676380e+02
6.502685417166111925e-01	2.672148009213812543e+02
6.565586117699038216e-01	2.659830425185040781e+02
6.628369282359254377e-01	2.610983719510302308e+02
6.691185444962194362e-01	2.590325815259064370e+02
6.754070198575605755e-01	2.560674879252286473e+02
6.816835514593204692e-01	2.532068756675743089e+02
6.879592533861698112e-01	2.526869420011019258e+02
6.942344317039531587e-01	2.487734138890426152e+02
7.005175402434737908e-01	2.492255937371558616e+02
7.068124956608716758e-01	2.454023890145751636e+02
7.131019009674921527e-01	2.430177025344549691e+02
7.193918251171427247e-01	2.399544407414816192e+02
7.256833807598113140e-01	2.381173238021480074e+02
7.319652682709349989e-01	2.361822190322952224e+02
7.382507990484923344e-01	2.342522237968105117e+02
7.445265842115937893e-01	2.317243320309977435e+02
7.507871101942712455e-01	2.304278237175824415e+02
7.570758465316046459e-01	2.285712615486599759e+02
7.633641233600957365e-01	2.251036621364256121e+02
7.696462959862266917e-01	2.245622782996493072e+02
7.759394865175414102e-01	2.228040010634838666e+02
7.822329141989586843e-01	2.202699630144099672e+02
7.885314936520240181e-01	2.189466668872829018e+02
7.947896566979522071e-01	2.171646680040648505e+02
8.010491096592354809e-01	2.160891415752043940e+02
8.073364061727361651e-01	2.135368066422735751e+02
8.136229488373866170e-01	2.128310153287697517e+02
8.199152998961036776e-01	2.110494147900850521e+02
8.261952636392789762e-01	2.074984321720704372e+02
8.324897070080405914e-01	2.063064508934540129e+02
8.387959309210778480e-01	2.058525458102759558e+02
8.450634639703045181e-01	2.048410922254625461e+02
8.513282867562648182e-01	2.033063375967711863e+02
8.576198263902009566e-01	2.016107232584328699e+02
8.639058477062415697e-01	1.998682055440973784e+02
8.701838745487597837e-01	1.984021331988876398e+02
8.764641096075268534e-01	1.970247831863782437e+02
8.827503873399735745e-01	1.963445102434820626e+02
8.890332768393869323e-01	1.937145624079861648e+02
8.953084247113127780e-01	1.934947808762135253e+02
9.015956521667095602e-01	1.910710021605792406e+02
9.078833328094829680e-01	1.904125740270924041e+02
9.141744106319863450e-01	1.885060235555269799e+02
9.204630817717615043e-01	1.885516177050194244e+02
9.267434415264711456e-01	1.857394450467478464e+02
9.330324197354928906e-01	1.848357260658054599e+02
9.393265785573878812e-01	1.839972288078893712e+02
9.455974810398196650e-01	1.826301823143290619e+02
9.518660018545171964e-01	1.822006774111972049e+02
9.581413255531838757e-01	1.799800379248717945e+02
9.644350945109106954e-01	1.787255739917958124e+02
9.707355633568249820e-01	1.786388152454338751e+02
9.770080768450029041e-01	1.771593407829513751e+02
9.832823325363413414e-01	1.757794656082548670e+02
9.895569691966674686e-01	1.745464509272572400e+02
9.958456301921106979e-01	1.736583859123641957e+02
1.002136210743837408e+00	1.720724891651943835e+02
1.008404825335135424e+00	1.716531875064642634e+02
1.014694149836243398e+00	1.707930805535449963e+02
1.020992555437297167e+00	1.700035073826529981e+02
1.027273980437394485e+00	1.687126727977379801e+02
1.033559181896017254e+00	1.679373854372759354e+02
1.039847557392594934e+00	1.666802030119086737e+02
1.046126974943305088e+00	1.659494995274062603e+02
1.052403436811028659e+00	1.649137414004908351e+02
1.058680704651608684e+00	1.645327259845903711e+02
1.064964333065789193e+00	1.635251196454534295e+02
1.071256777440835473e+00	1.622965073786768926e+02
1.077544048801078125e+00	1.612059921252610195e+02
1.083824820188043603e+00	1.591908356691381243e+02
1.090108023942816695e+00	1.588709468005374106e+02
1.096389665956643222e+00	1.592294356049420117e+02
1.102681132058841440e+00	1.576677527228968074e+02
1.108963047594879958e+00	1.566659448356866733e+02
1.115225428463759272e+00	1.550646576467593434e+02
1.121502127614767863e+00	1.545482910784494948e+02
1.127792573824792033e+00	1.543031236232008041e+02
1.134089552668382961e+00	1.541160031059560822e+02
1.140364049650405942e+00	1.528503025023402699e+02
1.146639180320979445e+00	1.522866090488317070e+02
1.152942412991649901e+00	1.510611964886240628e+02
1.159228906751078814e+00	1.509318965081163810e+02
1.165508721887268173e+00	1.500397403506668468e+02
1.171793076256210320e+00	1.489960075832867972e+02
1.178087436369658958e+00	1.483494759335497122e+02
1.184367654251526902e+00	1.482511272836723322e+02
1.190634642299266632e+00	1.466907027516171240e+02
1.196912208834400859e+00	1.454882004302984626e+02
1.203201577354146234e+00	1.454412216410473775e+02
1.209486844441705733e+00	1.438261495466431938e+02
1.215763902074809888e+00	1.439750087522082538e+02
1.222049755171146668e+00	1.430651781103806286e+02
1.228340616621486969e+00	1.424762495655661496e+02
1.234632986576932767e+00	1.422579988775865729e+02
1.240902247176856488e+00	1.413597051195480390e+02
1.247174839144687519e+00	1.404715848109931358e+02
1.253465459933442272e+00	1.398537754553669572e+02
1.259749951892178421e+00	1.397231028104974371e+02
1.266032143127253873e+00	1.386223222077516368e+02
1.272316288472006507e+00	1.379821692440690128e+02
1.278604155058621350e+00	1.369840331769756858e+02
1.284886588933593865e+00	1.367179972858573933e+02
1.291175420066583257e+00	1.359149697600174704e+02
1.297465726373772332e+00	1.359481992458823925e+02
1.303741827011944299e+00	1.347748975042255495e+02
1.310017322922761851e+00	1.348735244654280621e+02
1.316301447662886703e+00	1.336445097864285572e+02
1.322586760363303249e+00	1.334326501839737773e+02
1.328865492452874664e+00	1.322559286445691384e+02
1.335144804954555564e+00	1.322708300593402271e+02
1.341440516272275119e+00	1.310634136898977715e+02
1.347730868417094552e+00	1.307863263259741302e+02
1.354001589994877630e+00	1.298898886289990457e+02
1.360282609297778444e+00	1.300082053638495267e+02
1.366565686457597906e+00	1.292939740939058311e+02
1.372851498482432708e+00	1.285032877297100242e+02
1.379135372929401804e+00	1.279634783274196934e+02
1.385409567149057164e+00	1.276893480339234230e+02
1.391698641219299315e+00	1.266691590298463126e+02
1.397984451439470810e+00	1.264391696629094923e+02
1.404267883409181961e+00	1.260485522864723009e+02
1.410554779484869181e+00	1.254008547062606027e+02
1.416837833547465397e+00	1.248785406886128158e+02
1.423118177187137068e+00	1.241546795418966695e+02
1.429397801164240089e+00	1.239444181592457426e+02
1.435686921822787232e+00	1.230712176003958973e+02
1.441977121769299597e+00	1.228657502614054664e+02
1.448253667853332427e+00	1.222389435963796416e+02
1.454532348972172651e+00	1.217955736932974276e+02
1.460819319151879903e+00	1.214929120360541361e+02
1.467110364402026468e+00	1.208919584313885025e+02
1.473392908948962132e+00	1.201154808205212987e+02
1.479669965243598950e+00	1.196229074883833050e+02
1.485956144602843532e+00	1.195164796743193989e+02
1.492233610763115115e+00	1.189429567803701815e+02
1.498502470379980078e+00	1.182480619888125943e+02
1.504785752051182701e+00	1.183320414699153389e+02
1.511075991894575976e+00	1.174918251275838230e+02
1.517361634985162189e+00	1.169331512591523534e+02
1.523648570969130533e+00	1.165792479934827526e+02
1.529938035715892264e+00	1.164277013165152965e+02
1.536230176913891965e+00	1.160358852852175602e+02
1.542510718779388279e+00	1.148229053677563769e+02
1.548783963082980275e+00	1.148900649243979331e+02
1.555073069779651318e+00	1.144775514812706518e+02
1.561357324927233892e+00	1.139540924182609984e+02
1.567629121053141006e+00	1.134375376408752487e+02
1.573913697404382583e+00	1.132718577598744929e+02
1.580203545230874029e+00	1.126963181715063342e+02
1.586485393434537983e+00	1.119968928446046021e+02
1.592760014263005841e+00	1.118929739128561778e+02
1.599046436394670812e+00	1.114897720286024452e+02
1.605342136637478934e+00	1.112784130892421643e+02
1.611619860919608627e+00	1.103820417673751422e+02
1.617897597081673799e+00	1.097743413588873125e+02
1.624183235481122756e+00	1.094559342411469487e+02
1.630464598531913722e+00	1.091282038940526888e+02
1.636748985747638274e+00	1.089916717491932872e+02
1.643030923698886259e+00	1.084550913149881666e+02
1.649309176648513064e+00	1.080710792042317507e+02
1.655593633940351861e+00	1.075355699740835433e+02
1.661879571405086464e+00	1.072869431485737266e+02
1.668169361685170271e+00	1.065441210793252651e+02
1.674450151530487485e+00	1.066152407814934406e+02
1.680722718978495900e+00	1.062754168183273293e+02
1.687013891340952476e+00	1.057386847994448829e+02
1.693308984907921033e+00	1.051111712217642804e+02
1.699582147428448486e+00	1.048915219179401674e+02
1.705863747055134105e+00	1.045672012115142451e+02
1.712154434283889470e+00	1.041054417056692785e+02
1.718438381579399321e+00	1.039170488402991026e+02
1.724721264464063930e+00	1.032072278704168724e+02
1.730997441276920679e+00	1.033459022979890989e+02
1.737287073528269499e+00	1.029493504149388059e+02
1.743567991878527401e+00	1.024591206585937755e+02
1.749840680212231048e+00	1.021511220656074244e+02
1.756128549091961144e+00	1.017013675041383038e+02
1.762413535324792502e+00	1.012654057973780084e+02
1.768696187669963837e+00	1.007235972616475408e+02
1.774979359379055266e+00	1.005993774904683420e+02
1.781265555576432957e+00	1.002028564209775112e+02
1.787549427830244619e+00	9.995779798486046275e+01
1.793834120011633004e+00	9.951892962703549017e+01
1.800115051552487300e+00	9.915977003120880795e+01
1.806393904854530330e+00	9.885384857679416371e+01
1.812674089667083432e+00	9.840366693130226849e+01
1.818956920109354058e+00	9.801408231467819121e+01
1.825244164118212220e+00	9.814019985806092450e+01
1.831527256642196955e+00	9.758693840066302982e+01
1.837811294935716599e+00	9.712074770643870636e+01
1.844100717411196744e+00	9.669064620740978455e+01
1.850384816792487230e+00	9.644143752890813914e+01
1.856666059735203822e+00	9.629000339190650948e+01
1.862947728675613979e+00	9.591901759826264140e+01
1.869229324466858078e+00	9.541634879321065910e+01
1.875517616802973686e+00	9.518804162114214762e+01
1.881800769033795229e+00	9.463134094207254066e+01
1.888078863416442710e+00	9.485962541108443702e+01
1.894353975182237582e+00	9.396708353495280619e+01
1.900642716154182565e+00	9.393361780312517340e+01
1.906933494748685121e+00	9.371270041422094721e+01
1.913207568676573933e+00	9.320739316456020163e+01
1.919490884732178992e+00	9.291076841848436629e+01
1.925776855684274480e+00	9.225498212580021118e+01
1.932064452961978152e+00	9.250269796945251244e+01
1.938342610030488800e+00	9.208548921858081826e+01
1.944618341543410178e+00	9.177406010141098136e+01
1.950906260203513876e+00	9.139192818041199473e+01
1.957194556613796488e+00	9.117883152260193924e+01
1.963479614559011432e+00	9.100210208141338342e+01
1.969760361532916226e+00	9.045003604095505523e+01
1.976048367034604736e+00	9.030338429418824830e+01
1.982337990217652335e+00	8.988010464419329537e+01
1.988617489259562721e+00	8.950580817602235584e+01
1.994896320665194178e+00	8.928480182451089320e+01
2.001179596222827151e+00	8.902380517898060930e+01
2.007459756923499761e+00	8.879427272714870867e+01
2.013737397779169935e+00	8.863180817259025446e+01
2.020017234677497164e+00	8.811434637322055607e+01
2.026310251015072783e+00	8.792008633395617778e+01
2.032600542948020284e+00	8.754045605202961156e+01
2.038873863192099289e+00	8.742119742296893037e+01
2.045154087821675404e+00	8.701920534522771788e+01
2.051444704514288730e+00	8.686369293076469944e+01
2.057730430280644729e+00	8.660510100075551065e+01
2.064013940455224461e+00	8.625080637718320986e+01
2.070299891179459895e+00	8.573904333201542727e+01
2.076589719964883951e+00	8.560701244933990495e+01
2.082865483794470673e+00	8.543119755239068525e+01
2.089134494859368640e+00	8.511298853139169296e+01
2.095424211360070288e+00	8.481406542441376928e+01
2.101707116664804254e+00	8.462105250148736957e+01
2.107986473933564309e+00	8.445509794900308975e+01
2.114271806543862375e+00	8.405893181428841388e+01
2.120552717288892275e+00	8.366181016732600995e+01
2.126836933207161717e+00	8.348761532480484959e+01
2.133122044791171845e+00	8.338612661288176753e+01
2.139411711910842673e+00	8.289897100734032165e+01
2.145697076775292089e+00	8.278338111535383348e+01
2.151973548606471276e+00	8.243301814683985640e+01
2.158259913555724108e+00	8.232114031822410993e+01
2.164545396699105506e+00	8.199319554182605430e+01
2.170830700377734068e+00	8.183923951938051289e+01
2.177114138849150393e+00	8.151990710551595498e+01
2.183387647576827018e+00	8.114950452130723590e+01
2.189670273687676971e+00	8.083880783921023294e+01
2.195960147934207463e+00	8.081801138673397134e+01
2.202242556317716371e+00	8.042009768129962310e+01
2.208521655981037668e+00	8.015311953582231297e+01
2.214804637081333016e+00	7.994744806195922138e+01
2.221092583349425276e+00	7.976579452093639588e+01
2.227372893591468728e+00	7.947981815350826196e+01
2.233657161144248171e+00	7.921992409657691780e+01
2.239943485394438660e+00	7.908010468383467639e+01
2.246224175264620815e+00	7.884272752959121533e+01
2.252506378421252009e+00	7.856648843242527391e+01
2.258783417054270437e+00	7.830771968735598421e+01
2.265069077371457684e+00	7.792814914623562572e+01
2.271350377044131452e+00	7.784207078819942183e+01
2.277633995145353918e+00	7.762149994758276250e+01
2.283922419579920149e+00	7.741910332453545607e+01
2.290202874392252674e+00	7.732480869291480019e+01
2.296490779970905560e+00	7.698277471489764423e+01
2.302771769934229162e+00	7.683965938867112300e+01
2.309051364164305564e+00	7.662550596976825545e+01
2.315338502539088239e+00	7.634909048324132641e+01
2.321627336503874428e+00	7.618011394370458333e+01
2.327911878297218795e+00	7.582515383836711464e+01
2.334186238580297168e+00	7.572677649942021105e+01
2.340467971862688401e+00	7.539337617871812824e+01
2.346756940970738725e+00	7.525251231530225482e+01
2.353044444556199988e+00	7.511969805100569886e+01
2.359327653314069906e+00	7.477758041698061220e+01
2.365603048789861607e+00	7.464640133572189029e+01
2.371885911737665165e+00	7.438543916855527982e+01
2.378173303594019572e+00	7.417249567298887314e+01
2.384454016539381271e+00	7.404067692095915731e+01
2.390736447344785187e+00	7.383090845367301824e+01
2.397014133897952259e+00	7.361677983687894766e+01
2.403295490074321972e+00	7.333492825664151837e+01
2.409585049672506862e+00	7.316392956251141300e+01
2.415871703165322071e+00	7.322271734510086105e+01
2.422160652369088840e+00	7.278948250353705873e+01
2.428440167222748691e+00	7.260131512305299850e+01
2.434717472383889803e+00	7.245253935989531158e+01
2.441002456202044257e+00	7.229037163793907439e+01
2.447289980304530488e+00	7.202188346186800061e+01
2.453571844729242279e+00	7.188910950951336076e+01
2.459852705114058846e+00	7.164555959202336055e+01
2.466139233225018934e+00	7.161342923109964431e+01
2.472421963421291391e+00	7.140985307756002953e+01
2.478698519174224568e+00	7.124080187735893333e+01
2.484980841400355800e+00	7.098613908612352930e+01
2.491269319409339822e+00	7.064837859188939717e+01
2.497548505139029373e+00	7.053989946621554452e+01
2.503831667172610853e+00	7.032943936677686736e+01
2.510117938323931153e+00	7.015887574462819032e+01
2.516400733681277480e+00	7.008755223314204841e+01
2.522688226833368130e+00	6.989110473458649153e+01
2.528971695852665569e+00	6.961003551023938485e+01
2.535252039407670299e+00	6.949526223008058423e+01
2.541537514142774512e+00	6.940047359557209461e+01
2.547823008847572179e+00	6.935508925282154280e+01
2.554100666580690238e+00	6.905757933736467180e+01
2.560376788884177301e+00	6.876662210325389424e+01
2.566667521601497359e+00	6.866311305119464237e+01
2.572955062237090473e+00	6.855120788056073877e+01
2.579233771797999175e+00	6.841370561801871020e+01
2.585520164300948220e+00	6.819596575005009242e+01
2.591805130332431872e+00	6.807839878323379423e+01
2.598084074692260881e+00	6.796496833152339434e+01
2.604360404197643586e+00	6.776201022969458165e+01
2.610647185140439142e+00	6.759898614799932659e+01
2.616931864059273138e+00	6.745763131276368085e+01
2.623206107911065565e+00	6.735460380871728603e+01
2.629491626543270844e+00	6.711404116353541838e+01
2.635778507982642349e+00	6.703564507213518198e+01
2.642061039325260818e+00	6.698062930601209075e+01
2.648343840729305843e+00	6.691029505027528046e+01
2.654631838974855551e+00	6.663407071597600861e+01
2.660919001246303761e+00	6.660184894242766518e+01
2.667198525130066056e+00	6.631562163197199311e+01
2.673484307038032526e+00	6.624515946111749543e+01
2.679773388053849459e+00	6.610171530314524091e+01
2.686058217632288692e+00	6.587787373305290828e+01
2.692338738200057868e+00	6.586517434028344553e+01
2.698618022887226964e+00	6.573075041742920632e+01
2.704895450708277860e+00	6.560268495526999288e+01
2.711175674923682166e+00	6.553488239130429349e+01
2.717459832966957922e+00	6.524901925426311777e+01
2.723745731959044569e+00	6.519611629136153397e+01
2.730038414850594730e+00	6.510635480364449279e+01
2.736317989800789441e+00	6.511778276033240331e+01
2.742591858549239703e+00	6.491500060816368034e+01
2.748879749010778362e+00	6.471386755126503942e+01
2.755163403825859447e+00	6.477890766972031145e+01
2.761446955625852073e+00	6.455923908789164045e+01
2.767732088935374701e+00	6.458014509087880128e+01
2.774015452421743966e+00	6.426962691088026247e+01
2.780298635700591436e+00	6.430194156827961649e+01
2.786577474762241380e+00	6.417343417354470603e+01
2.792857983210164541e+00	6.405869118369751902e+01
2.799143790920211483e+00	6.391479177463576633e+01
2.805430058399325244e+00	6.385556160783462332e+01
2.811715058209780072e+00	6.375847489277087732e+01
2.817989272498773623e+00	6.368517719993824500e+01
2.824269171595737760e+00	6.348205444150936927e+01
2.830563016441804081e+00	6.354149708878885150e+01
2.836848750951622034e+00	6.348927181460823022e+01
2.843130027866129783e+00	6.333054337883832829e+01
2.849413896912404986e+00	6.332742958896075436e+01
2.855697464522425566e+00	6.320577436780934732e+01
2.861978799810683594e+00	6.317333375454173705e+01
2.868262469415629567e+00	6.300597971278218523e+01
2.874547359206753860e+00	6.290432024080351425e+01
2.880831111471525041e+00	6.286780645980050508e+01
2.887113216972382546e+00	6.281253886738110026e+01
2.893394504725182781e+00	6.273466101354843971e+01
2.899673662137033592e+00	6.275338487699647061e+01
2.905953958587380814e+00	6.263961001544424079e+01
2.912241118105161064e+00	6.246718004319120610e+01
2.918525996366671205e+00	6.261767138860314930e+01
2.924809035425688819e+00	6.251731770819407075e+01
2.931095916293684933e+00	6.240276904623692644e+01
2.937378182606774413e+00	6.235469683247675476e+01
2.943659980254369923e+00	6.225474026237687752e+01
2.949946454403890250e+00	6.234672397157319068e+01
2.956227653702202307e+00	6.222168923550382402e+01
2.962510478867462993e+00	6.226498027715120998e+01
2.968796535179442309e+00	6.219694768177650701e+01
2.975077657376874907e+00	6.221896436103610739e+01
2.981359866759223376e+00	6.214203085418511563e+01
2.987646761575656562e+00	6.196459617074224724e+01
2.993929038370399365e+00	6.203874641303806214e+01
3.000206214840962726e+00	6.206489010258379579e+01
3.006486172402415669e+00	6.202390113987355136e+01
3.012769812211594456e+00	6.202922760769527599e+01
3.019053144326170113e+00	6.197360384901717367e+01
3.025337405144251424e+00	6.204966752337197278e+01
3.031623734799107961e+00	6.200543308497820760e+01
3.037908962055872575e+00	6.194644229055802498e+01
3.044195067146031608e+00	6.206951260946212301e+01
3.050475543482170426e+00	6.198226559771894983e+01
3.056754954538277502e+00	6.200235787541371479e+01
3.063040539557494668e+00	6.200129201431367676e+01
3.069323699454357346e+00	6.196371743819247513e+01
3.075610692642898769e+00	6.206831481261406225e+01
3.081893798009918584e+00	6.198438764719126937e+01
3.088174549548037717e+00	6.209227291713585828e+01
3.094458635632868493e+00	6.203636818284255838e+01
3.100743982931558840e+00	6.210861864852250136e+01
3.107028111748448396e+00	6.222541955735171371e+01
3.113309299655494300e+00	6.224380543223077922e+01
3.119590662867241626e+00	6.228779500000413805e+01
3.125874006820172912e+00	6.224930709030042664e+01
3.132159251154602586e+00	6.234988710296968151e+01
3.138439172765940643e+00	6.252817343918160020e+01
3.144723867719826593e+00	6.239758936223329044e+01
3.151003951258561031e+00	6.249777274141329997e+01
3.157283664131563139e+00	6.260562810069618678e+01
3.163569317183839935e+00	6.263018939533916551e+01
3.169851661717792091e+00	6.262582830561122904e+01
3.176137704316093657e+00	6.262849057390006635e+01
3.182420924828643916e+00	6.287749596308748323e+01
3.188702811875577581e+00	6.304597815572150665e+01
3.194990520008989865e+00	6.299793188528941101e+01
3.201275324656983834e+00	6.312703382714641975e+01
3.207551352179861759e+00	6.327046797656545607e+01
3.213835216737041645e+00	6.334174999560623576e+01
3.220122579819103770e+00	6.327534244315820189e+01
3.226406606618656525e+00	6.321440409417362361e+01
3.232687390085645429e+00	6.305896746706142864e+01
3.238969121280456331e+00	6.292770177274400822e+01
3.245254751548589667e+00	6.283419249664797235e+01
3.251534499036136783e+00	6.267749137287247407e+01
3.257817780791052442e+00	6.255128273165190933e+01
3.264102164154097263e+00	6.241582692609367911e+01
3.270384152138468892e+00	6.229725365152015115e+01
3.276669427476867735e+00	6.222816263773658108e+01
3.282954688864507808e+00	6.217585123533267222e+01
3.289237200334947264e+00	6.208435155214212386e+01
3.295519587088236779e+00	6.196260043339850654e+01
3.301805977329951958e+00	6.190151619445781250e+01
3.308087486222440088e+00	6.168578076749787442e+01
3.314367630234227313e+00	6.164038054747990714e+01
3.320651909732194262e+00	6.149968846785401411e+01
3.326931260376857047e+00	6.134818811648671755e+01
3.333216512447217728e+00	6.135244294709500679e+01
3.339504489419978128e+00	6.122537823968239934e+01
3.345786804809928405e+00	6.116885788481926767e+01
3.352071130016277767e+00	6.113284963763214108e+01
3.358351496304225581e+00	6.095174293475851357e+01
3.364630591073392019e+00	6.084749144859156900e+01
3.370916305215045483e+00	6.081736035967171006e+01
3.377197952029413752e+00	6.066845457278880360e+01
3.383483063818085501e+00	6.060164532204650101e+01
3.389769992424469969e+00	6.061114756698324868e+01
3.396051330885982100e+00	6.041677064658877327e+01
3.402330879139463971e+00	6.037880462037632867e+01
3.408610488352048495e+00	6.037775251803962107e+01
3.414897837696641236e+00	6.027022411614684216e+01
3.421180484052105619e+00	6.010373359044656638e+01
3.427461639653846870e+00	6.003981746547187726e+01
3.433749159643459059e+00	6.000556506797241951e+01
3.440032646656798310e+00	5.990644236770678077e+01
3.446313366033385339e+00	5.988728058577184044e+01
3.452600135384134905e+00	5.985071483567581652e+01
3.458883152815406703e+00	5.965645686714863416e+01
3.465163834403715448e+00	5.964016550181348464e+01
3.471449329786229221e+00	5.952207696143999982e+01
3.477734476754053894e+00	5.951239020426491777e+01
3.484019652467224226e+00	5.946245726852922076e+01
3.490297019369712928e+00	5.940489709108440053e+01
3.496582486484379970e+00	5.928782524060596870e+01
3.502868048046865024e+00	5.931029772657071675e+01
3.509144649545451244e+00	5.921320489443121460e+01
3.515428082003116295e+00	5.910350423434092448e+01
3.521711031624695565e+00	5.908305808035688500e+01
3.527991850954735664e+00	5.898578609548162177e+01
3.534275545726699885e+00	5.894523896200028190e+01
3.540562632020772149e+00	5.881349662609009954e+01
3.546844410757220789e+00	5.880869789397637248e+01
3.553131386753758836e+00	5.877341452073486039e+01
3.559419203211965144e+00	5.872011313026779789e+01
3.565697971577579839e+00	5.866024593650509900e+01
3.571979559134798254e+00	5.863849921557100942e+01
3.578265774595833726e+00	5.855140111906487732e+01
3.584548309769353125e+00	5.847009521424211442e+01
3.590826843920031486e+00	5.840054991988296962e+01
3.597107306745233934e+00	5.844127675051426962e+01
3.603392831792229245e+00	5.835863595515649394e+01
3.609673209822572559e+00	5.828822985986383998e+01
3.615955412133016189e+00	5.826987938364820963e+01
3.622241607772384686e+00	5.820125201661309688e+01
3.628520252736676444e+00	5.816305331650143984e+01
3.634804827569451113e+00	5.810692796409455951e+01
3.641094981788862928e+00	5.821476180362162012e+01
3.647383514928639325e+00	5.808184716755792465e+01
3.653663283927725658e+00	5.808488997211251359e+01
3.659943504072155296e+00	5.813023124405773245e+01
3.666232000281138603e+00	5.790941692430683929e+01
3.672514211678317597e+00	5.798232508996910184e+01
3.678794154686042539e+00	5.795832970260426720e+01
3.685078621861909820e+00	5.794668110121705951e+01
3.691359210097977961e+00	5.785398037303684049e+01
3.697642368173791105e+00	5.787865883177212822e+01
3.703925796735277665e+00	5.776365238754073062e+01
3.710208240364660348e+00	5.775793306780260394e+01
3.716494593122387169e+00	5.783702084443388713e+01
3.722775386659595398e+00	5.776822222813551377e+01
3.729058392883481510e+00	5.771909091963686222e+01
3.735339748210807720e+00	5.782518841233196838e+01
3.741620776392969638e+00	5.766893250968687568e+01
3.747904795418762980e+00	5.776390068590207960e+01
3.754190633281219380e+00	5.767736543475377431e+01
3.760478208018912749e+00	5.767844660189538075e+01
3.766755538573464346e+00	5.766342169873291112e+01
3.773032090135151506e+00	5.768133289336335423e+01
3.779322553012896879e+00	5.765099897361002235e+01
3.785609109731308930e+00	5.754136697489273189e+01
3.791889825936295200e+00	5.772855795016214131e+01
3.798174822702435893e+00	5.769560660821104392e+01
3.804458658753491651e+00	5.760897028442742140e+01
3.810738438095723435e+00	5.764020045384842916e+01
3.817018850285747167e+00	5.769646904544143240e+01
3.823305314209427763e+00	5.768727701208135983e+01
3.829591295197792178e+00	5.763387935485581437e+01
3.835872296070849341e+00	5.757294451043775751e+01
3.842156279590906109e+00	5.766137994687333901e+01
3.848441511099312429e+00	5.761060869820785513e+01
3.854723334376886079e+00	5.768253299344933538e+01
3.861004740704794713e+00	5.765302734781131022e+01
3.867284336650660848e+00	5.775383802251130305e+01
3.873567367678779849e+00	5.773138773568237525e+01
3.879850662830422792e+00	5.783111317480252467e+01
3.886137063198143338e+00	5.782217334138316289e+01
3.892419463049126005e+00	5.778314766053622975e+01
3.898703740328622658e+00	5.789192970226810075e+01
3.904991458788179326e+00	5.786772833171080066e+01
3.911270842222104083e+00	5.792964568511695234e+01
3.917549806479573071e+00	5.802016292813274845e+01
3.923836006203090587e+00	5.785541595873245058e+01
3.930121452497870926e+00	5.789794153047396463e+01
3.936398172858230460e+00	5.808270704108365834e+01
3.942683040425962293e+00	5.817559615625371094e+01
3.948974759704379611e+00	5.812909194562983828e+01
3.955259227995065352e+00	5.812142352192618233e+01
3.961537174921395454e+00	5.825119560487691217e+01
3.967820217617139544e+00	5.827096628535166190e+01
3.974105559832568968e+00	5.828577581651497752e+01
3.980384727931198352e+00	5.845374152007919832e+01
3.986664590839849698e+00	5.828469983475493166e+01
3.992949619150675034e+00	5.841738363486829400e+01
3.999235075769965952e+00	5.857014066203875302e+01
4.005515715515433506e+00	5.846736212853566172e+01
4.011798434346478537e+00	5.870493311613805076e+01
4.018083716245132386e+00	5.860066855444993195e+01
4.024365700052603856e+00	5.864280399865155857e+01
4.030643960839860540e+00	5.875968654941736702e+01
4.036928708926215137e+00	5.893296715749477244e+01
4.043218157412017177e+00	5.902216997794930364e+01
4.049503019487663558e+00	5.897088232209416958e+01
4.055781898960511000e+00	5.910701860741108504e+01
4.062060795621602161e+00	5.916898851037204565e+01
4.068347865354716042e+00	5.924524651621884175e+01
4.074631027173265529e+00	5.922284323306617182e+01
4.080910837526078971e+00	5.936134701200402475e+01
4.087201203341442657e+00	5.947608233028011426e+01
4.093486818591942189e+00	5.938186502205562078e+01
4.099764387336505500e+00	5.954069255470172095e+01
4.106049166937662420e+00	5.963165277739893355e+01
4.112334559041358695e+00	5.992618653970794185e+01
4.118618926059533614e+00	5.994698284001366773e+01
4.124898942031112625e+00	6.000514554868163941e+01
4.131175432561665417e+00	6.019987595541920911e+01
4.137461563786142271e+00	6.012478420867103779e+01
4.143746006210170307e+00	6.029751819487250231e+01
4.150029800482964326e+00	6.048819028645114315e+01
4.156313390684649001e+00	6.051617555788400438e+01
4.162596105843763716e+00	6.059519792152738660e+01
4.168881843141768684e+00	6.083043278777443419e+01
4.175162111073220217e+00	6.092861635871216919e+01
4.181448573417560155e+00	6.094912999170518475e+01
4.187738782464171194e+00	6.109201514266802491e+01
4.194017437180169061e+00	6.115939072902904172e+01
4.200293572701767175e+00	6.135551007140823288e+01
4.206580195481546269e+00	6.142438889941104208e+01
4.212860644652220543e+00	6.159121833689276571e+01
4.219138153430114002e+00	6.170802769901482776e+01
4.225426162098283811e+00	6.180516012156737560e+01
4.231713506719782636e+00	6.171992246343234001e+01
4.237990056577191744e+00	6.204193704236427465e+01
4.244267783646744618e+00	6.213947089633273890e+01
4.250560660182562955e+00	6.230688982320216240e+01
4.256847734842668096e+00	6.247513768806361867e+01
4.263127100734456221e+00	6.258585408918045090e+01
4.269406860432507500e+00	6.275876089368689037e+01
4.275691671482192646e+00	6.300691795901609282e+01
4.281972414189518794e+00	6.310404910916780352e+01
4.288253516806755705e+00	6.319499836524748559e+01
4.294540520160492925e+00	6.333897510320300483e+01
4.300825742921731809e+00	6.346824371305941526e+01
4.307109835491901961e+00	6.372661864902325135e+01
4.313390926478413157e+00	6.381776728683231426e+01
4.319667979480563247e+00	6.397962436487519966e+01
4.325952598143786076e+00	6.426532248710294937e+01
4.332241647035422361e+00	6.434262953579938937e+01
4.338524445619096781e+00	6.441931166822477905e+01
4.344809348131129845e+00	6.450399134501225262e+01
4.351090699193166600e+00	6.478359677527481608e+01
4.357369710808320029e+00	6.490087862661525264e+01
4.363659348967174445e+00	6.485236048148210841e+01
4.369947418280990981e+00	6.512798557654942044e+01
4.376226569265827315e+00	6.543630399962459876e+01
4.382499356631129217e+00	6.540365460458257019e+01
4.388784975178015024e+00	6.574391592775290860e+01
4.395068696309480494e+00	6.578590216880841979e+01
4.401347962382031298e+00	6.606702446810221829e+01
4.407628405096517099e+00	6.607497652084632023e+01
4.413915862185140426e+00	6.621315355108340839e+01
4.420203163534264235e+00	6.647215782795686323e+01
4.426480311003382795e+00	6.633167810594513014e+01
4.432765973643649104e+00	6.674047641048699120e+01
4.439053392023870614e+00	6.661559899494427839e+01
4.445336141335588742e+00	6.688100481623585836e+01
4.451617241414883352e+00	6.713550148398732631e+01
4.457901500730311106e+00	6.706095484742839119e+01
4.464189501093017043e+00	6.721340922580453991e+01
4.470470197548729985e+00	6.716870755750173316e+01
4.476748044268524573e+00	6.749056043546869432e+01
4.483035990164653484e+00	6.739675370875566784e+01
4.489323331650528104e+00	6.751508803402101933e+01
4.495599111667934800e+00	6.757775031463317816e+01
4.501870922878794090e+00	6.735370995461191512e+01
4.508155162877705457e+00	6.761708874189582730e+01
4.514446451153479423e+00	6.745379585086584484e+01
4.520723894043856994e+00	6.746436911038085782e+01
4.527003782460155890e+00	6.742573139130331583e+01
4.533293086610313161e+00	6.743855554887271353e+01
4.539578989864040182e+00	6.738225880824431613e+01
4.545857164866476730e+00	6.686920759197340658e+01
4.552138955546025656e+00	6.719105267947351479e+01
4.558432046889146605e+00	6.691361132570247605e+01
4.564713463378488711e+00	6.694441275610431319e+01
4.570987274133244682e+00	6.693503218790631593e+01
4.577274818151045643e+00	6.672527086523875539e+01
4.583563263889338657e+00	6.672192188328607187e+01
4.589844917004465508e+00	6.698010743205814777e+01
4.596126259982004747e+00	6.676353043138657029e+01
4.602409075598298926e+00	6.666561032816217391e+01
4.608696634867644804e+00	6.696333680977872405e+01
4.614977646498861219e+00	6.711580435427993052e+01
4.621258953029527383e+00	6.703379271967975228e+01
4.627547993978874175e+00	6.690735381133491444e+01
4.633830152730579854e+00	6.691112086804803027e+01
4.640104005367354567e+00	6.712028439251110967e+01
4.646382060386754276e+00	6.711093449840895175e+01
4.652674213731970987e+00	6.716780021068285578e+01
4.658958291796220230e+00	6.733638893940936043e+01
4.665233615070169648e+00	6.732874403675060648e+01
4.671520675710307380e+00	6.766204352887483253e+01
4.677814351732177300e+00	6.770075214159031418e+01
4.684093699744638073e+00	6.777401404143176933e+01
4.690368661472568590e+00	6.794853753031968324e+01
4.696663270746453733e+00	6.797216600198817105e+01
4.702945459248681459e+00	6.796056096198486784e+01
4.709209170841929470e+00	6.817667254526641329e+01
4.715491634753063543e+00	6.804646833379153748e+01
4.721784316284933780e+00	6.827122186519173397e+01
4.728063062331094635e+00	6.874718034115940668e+01
4.734337423381671073e+00	6.897116128743685692e+01
4.740627024094544062e+00	6.885443019076156190e+01
4.746914995664547554e+00	6.901384559690150411e+01
4.753194740071086777e+00	6.935140962298110878e+01
4.759478891864783456e+00	6.940379803175281381e+01
4.765762396877359031e+00	6.943576682208183115e+01
4.772049481246195768e+00	6.979595084045011788e+01
4.778335091022592351e+00	7.000450917582114130e+01
4.784610831402393849e+00	7.016019138624754703e+01
4.790907306208476157e+00	6.989320283982365822e+01
4.797204047706418173e+00	7.012658066578283922e+01
4.803470827697504220e+00	7.065284043644771828e+01
4.809748850577324042e+00	7.077727386612704663e+01
4.816045316586602176e+00	7.098789761625097583e+01
4.822329240673497885e+00	7.099306867519445063e+01
4.828596758226470165e+00	7.126902460525234062e+01
4.834890332961369275e+00	7.162495605640411611e+01
4.841191655056394261e+00	7.162411755701073446e+01
4.847460407468000554e+00	7.208830273324204541e+01
4.853732128521334843e+00	7.258313827572726495e+01
4.860029138783373170e+00	7.235617747505085617e+01
4.866314601732018019e+00	7.279617252249252601e+01
4.872587026269203925e+00	7.283507213974435501e+01
4.878874221748241702e+00	7.303832923560175061e+01
4.885171078138658807e+00	7.379968315535862189e+01
4.891450629931857641e+00	7.369429683927063479e+01
4.897716482750221978e+00	7.432550117055806993e+01
4.904002834596266069e+00	7.415834088025826532e+01
4.910295858205786068e+00	7.452196434901419764e+01
4.916575188115905881e+00	7.510333504530569826e+01
4.922847946197084212e+00	7.468631039569214636e+01
4.929131667457151700e+00	7.559677894768273632e+01
4.935434460144239033e+00	7.563541575402366846e+01
4.941718513303545279e+00	7.627133456726420491e+01
4.947978624761803168e+00	7.644804103181569133e+01
4.954274999209829389e+00	7.659470978944868591e+01
4.960571094729937514e+00	7.684132454264749867e+01
4.966823207626954506e+00	7.746987245033653835e+01
4.973097418390337587e+00	7.762139521589618596e+01
4.979415129936382023e+00	7.833541553826215420e+01
4.985702082330368157e+00	7.876406522090522344e+01
4.991949985828016523e+00	7.859329733106172000e+01
4.998241586316924057e+00	7.915166734958256711e+01
5.004556635606089543e+00	7.980710001289658351e+01
5.010828655701208945e+00	8.000083259573546002e+01
5.017077229702536556e+00	8.013517008280408049e+01
5.023374414758113637e+00	8.058576740491446344e+01
5.029688873569548413e+00	8.168046334374132300e+01
5.035958413584124216e+00	8.122340999564583797e+01
5.042232667658486989e+00	8.171807982264874681e+01
5.048528755870775875e+00	8.228832735334218285e+01
5.054821121427484520e+00	8.313057877752835623e+01
5.061069509814582368e+00	8.284388795420515805e+01
5.067347812754101177e+00	8.393401333551697974e+01
5.073675050630431116e+00	8.444473556855072616e+01
5.079945928388977627e+00	8.530233501460040202e+01
5.086192992546071601e+00	8.497690717988425035e+01
5.092484128970163226e+00	8.545917257803436939e+01
5.098802924706086870e+00	8.678122516937401087e+01
5.105078217426394005e+00	8.617496536744280888e+01
5.111325076574067872e+00	8.742407176621689757e+01
5.117628358851224135e+00	8.799388132155614528e+01
5.123935939383525984e+00	8.876821213034274649e+01
5.130199176325612065e+00	8.879519694820199049e+01
5.136469985878846956e+00	8.997794181728555429e+01
5.142797788696348071e+00	8.968534336834225940e+01
5.149090378043822192e+00	9.109716042520911117e+01
5.155289879840074363e+00	9.153709033137245399e+01
5.161564521234301317e+00	9.207004770635643354e+01
5.167916673496016244e+00	9.229043487207223961e+01
5.174205974602950064e+00	9.325993426728059887e+01
5.180434820793812456e+00	9.454222633142275356e+01
5.186729096569634656e+00	9.432037140191765445e+01
5.193058481037780894e+00	9.535005625073364399e+01
5.199319511444338460e+00	9.619759404352861054e+01
5.205574295584361799e+00	9.741032731515892351e+01
5.211894977074066126e+00	9.714453710591170932e+01
5.218201708336958511e+00	9.881630406047760573e+01
5.224411911780083351e+00	9.848174409210901104e+01
5.230677632666463239e+00	1.005310757999522338e+02
5.237056729559757429e+00	1.005082832126649492e+02
5.243336785035660697e+00	1.022820445602855841e+02
5.249493476178225038e+00	1.025789268669294643e+02
5.255787017738318134e+00	1.031302038619011938e+02
5.262205327426889845e+00	1.032168142481528719e+02
5.268477758348532269e+00	1.048253825958073264e+02
5.274632213654732560e+00	1.061365586334812434e+02
5.280950543314659740e+00	1.069302844817234757e+02
5.287327645024750389e+00	1.077853371391317836e+02
5.293582359180156516e+00	1.088046102929898211e+02
5.299789992649893478e+00	1.092384908260596461e+02
5.306111460381987222e+00	1.106991067940016080e+02
5.312452717892129250e+00	1.121257818876551937e+02
5.318650122853046724e+00	1.123305486093414487e+02
5.324923043129819789e+00	1.137797123747671719e+02
5.331330237158205421e+00	1.157867357319047699e+02
5.337586726886338617e+00	1.164561369835060276e+02
5.343685192440848830e+00	1.185358192230059302e+02
5.350070659715249199e+00	1.176505984718285589e+02
5.356556762554878226e+00	1.189683436215737515e+02
5.362691868684501095e+00	1.193397237235953554e+02
5.368769208912516966e+00	1.218432721213374350e+02
5.375270137997677722e+00	1.218206180806431291e+02
5.381769983045385786e+00	1.238939370650046641e+02
5.387701030372958222e+00	1.252528695333771651e+02
5.393786668001271600e+00	1.288107971585899065e+02
5.400446161099396569e+00	1.305585274984441924e+02
5.406957063684501463e+00	1.294079639676871807e+02
5.412655672453426270e+00	1.313583712321475048e+02
5.418821279260546575e+00	1.314299743522271910e+02
5.425690594366304076e+00	1.320434819651375449e+02
5.432217487502165376e+00	1.363506623420132655e+02
5.437649811577258241e+00	1.327005892685367883e+02
5.443914404015878006e+00	1.373173266918061870e+02
5.450953501686320202e+00	1.424955198430210430e+02
5.457483690405861232e+00	1.446537491740571397e+02
5.462715250135157241e+00	1.456940842862162242e+02
5.469033575551323523e+00	1.447554740371180344e+02
5.476177730420278778e+00	1.435649361021083052e+02
5.482708935702562236e+00	1.433000904509567306e+02
5.487722405008360838e+00	1.526782779523499585e+02
5.494194284996126498e+00	1.552998645921391017e+02
5.501391471009256406e+00	1.509102762932528776e+02
5.507128202673079009e+00	1.537610122212389001e+02
5.512278020050448646e+00	1.588413159596347839e+02
5.519395563377015534e+00	1.536754253257230687e+02
5.526598678609708770e+00	1.558210222908919889e+02
5.532162682462509196e+00	1.713993876044669378e+02
5.537397124017139127e+00	1.612908286278206731e+02
5.544582756485218589e+00	1.751432844052014275e+02
5.551739327507637434e+00	1.854750232308534237e+02
5.557493306674907707e+00	1.978690390489899755e+02
5.562281709102816940e+00	1.500967762420432052e+02
5.569272720323164449e+00	1.581609003543167091e+02
