8.899641224696953554e-03	3.996288273780198324e+03
1.507912216506557788e-02	1.584349760189749941e+04
2.144790186456836667e-02	1.341235609855027360e+04
2.783660776489276650e-02	1.038191554942598486e+04
3.435099785803411021e-02	8.636415679190662559e+03
4.047886761425745911e-02	7.540823876118008229e+03
4.676716683575679601e-02	7.475268010403621702e+03
5.308225101765951665e-02	6.835434716334679251e+03
5.945362440940590160e-02	5.729561492296705183e+03
6.576224814588792211e-02	5.102458237314558573e+03
7.196632906698736953e-02	4.852064415175372233e+03
7.827860915688347743e-02	4.258845150739253768e+03
8.470398945834539672e-02	4.091172730586915804e+03
9.096854620527369817e-02	3.432286423000878131e+03
9.720789776830213169e-02	3.156239538030900803e+03
1.034763038959366499e-01	2.950125093963238669e+03
1.097576444254559219e-01	2.654985426622038176e+03
1.160543084780093354e-01	2.526003099442008988e+03
1.223669666537485351e-01	2.420020242404972578e+03
1.286817263090294094e-01	2.269682538509549886e+03
1.349500801664080818e-01	2.103150492737440345e+03
1.411949558842147678e-01	1.914231205041026669e+03
1.475133575747468451e-01	1.907033967924792478e+03
1.537865074252268427e-01	1.744988039917050628e+03
1.600657544051110326e-01	1.619932394276851483e+03
1.663991168687080635e-01	1.572988359242967817e+03
1.727195645776442856e-01	1.490089991023319499e+03
1.789765213377084718e-01	1.366797821353924292e+03
1.852353690647852158e-01	1.310985246935152645e+03
1.914806787341157279e-01	1.288186037629500788e+03
1.977889868651535599e-01	1.221066361592035037e+03
2.040937735447724277e-01	1.174995936562186444e+03
2.103939302609846018e-01	1.121224573145105978e+03
2.166909709822301688e-01	1.069093699385666014e+03
2.229700281216152047e-01	1.010984436939351895e+03
2.292620027086341994e-01	9.667472280564435323e+02
2.355141508366812297e-01	9.362496563208376301e+02
2.417910583817859116e-01	9.246319837856631239e+02
2.480856539439619257e-01	8.646684210373758788e+02
2.543492256872954549e-01	8.492212897620705689e+02
2.606334251884805386e-01	7.982478667606885665e+02
2.669257370896960802e-01	7.754011228895471959e+02
2.732423343141155980e-01	7.605897569187862928e+02
2.795529680084415936e-01	7.393672111974934751e+02
2.858366292314493129e-01	7.194163619140526862e+02
2.920876271394311496e-01	6.856554032210219702e+02
2.983449844439822751e-01	6.645500980536995712e+02
3.046382639407197446e-01	6.458445691089867751e+02
3.109279127003197196e-01	6.326261942414564601e+02
3.172168171618398036e-01	6.216494205266878907e+02
3.235187567944423082e-01	5.965705222195474562e+02
3.298168217550395687e-01	5.893270870735567541e+02
3.361176429457156667e-01	5.696740460743137646e+02
3.423700375709273769e-01	5.554359221624794145e+02
3.486478192666269682e-01	5.520080910897432886e+02
3.549411614411318028e-01	5.287790075145233004e+02
3.611916935421040642e-01	5.158030329880624549e+02
3.674767089563572564e-01	5.048785532618088041e+02
3.737647795277591056e-01	4.981297074589086833e+02
3.800654031475132477e-01	4.856607650576993933e+02
3.863539861259823738e-01	4.698899598972984677e+02
3.926140181364449755e-01	4.669693455458745461e+02
3.989264500321934581e-01	4.559183548915283950e+02
4.052073244576828714e-01	4.465579655789276785e+02
4.114916477570477182e-01	4.364172223600025973e+02
4.177814272116491257e-01	4.268576048397532077e+02
4.240400648725131116e-01	4.200792072076195041e+02
4.303425690270192283e-01	4.069735821243240821e+02
4.366358560255625965e-01	4.053403382616052113e+02
4.428996183220763605e-01	3.950760697577540554e+02
4.491634418529859563e-01	3.929446513987444973e+02
4.554414146254732731e-01	3.821840644762057764e+02
4.617634470301058558e-01	3.771078317537640032e+02
4.680644242023710433e-01	3.697877187623515169e+02
4.743485242764365895e-01	3.627636846050732515e+02
4.806356136815400082e-01	3.584600792487802323e+02
4.869019258388697646e-01	3.502760677242507654e+02
4.931697099599955947e-01	3.481243568649090321e+02
4.994506747144535908e-01	3.416008191514940791e+02
5.057159051335421429e-01	3.377897049489378105e+02
5.119923996268095356e-01	3.290142645853886165e+02
5.183126097768406826e-01	3.283869352842557419e+02
5.246089638029100000e-01	3.250789210653104533e+02
5.308757308483337267e-01	3.189981436569185576e+02
5.371573527946726934e-01	3.131673153764691051e+02
5.434579563783791256e-01	3.067326780661414887e+02
5.497430652392217842e-01	3.045133038357029704e+02
5.559937427501778773e-01	2.994105606303651257e+02
5.622854676609657654e-01	2.981105748729020775e+02
5.686011537227265711e-01	2.925175820429377040e+02
5.748804589422079614e-01	2.887936341662880864e+02
5.811550210340560296e-01	2.843581067120337593e+02
5.874394496660968468e-01	2.834873733435611598e+02
5.937176220296899176e-01	2.773090604450981118e+02
5.999971954793682505e-01	2.757206403694730170e+02
6.062679115124277596e-01	2.713499578972954396e+02
6.125469576444534381e-01	2.677658923974830714e+02
6.188477733041515272e-01	2.637741529767635029e+02
6.251310567437898813e-01	2.617092734839220611e+02
6.314027450383210560e-01	2.601384054701642299e+02
6.377003562732055375e-01	2.569499332745019160e+02
6.439857783314556494e-01	2.522018810556907056e+02
6.502685417166111925e-01	2.514198002747436931e+02
6.565586117699038216e-01	2.499804423818656289e+02
6.628369282359254377e-01	2.456497811802835258e+02
6.691185444962194362e-01	2.428316123462432756e+02
6.754070198575605755e-01	2.415371948973167093e+02
6.816835514593204692e-01	2.377966428850952241e+02
6.879592533861698112e-01	2.358384838228249691e+02
6.942344317039531587e-01	2.338636425139919481e+02
7.005175402434737908e-01	2.307099345766505394e+02
7.068124956608716758e-01	2.278252242012486590e+02
7.131019009674921527e-01	2.262000306097815212e+02
7.193918251171427247e-01	2.232407126126836943e+02
7.256833807598113140e-01	2.212812110401979169e+02
7.319652682709349989e-01	2.196831276651375333e+02
7.382507990484923344e-01	2.169941670122358062e+02
7.445265842115937893e-01	2.151178128616549543e+02
7.507871101942712455e-01	2.155623714624112779e+02
7.570758465316046459e-01	2.119850513625751205e+02
7.633641233600957365e-01	2.098252117137863593e+02
7.696462959862266917e-01	2.075873220090508937e+02
7.759394865175414102e-01	2.062039840751790507e+02
7.822329141989586843e-01	2.050709003464795330e+02
7.885314936520240181e-01	2.040477890399187118e+02
7.947896566979522071e-01	2.010308882450278247e+02
8.010491096592354809e-01	2.002770093843907375e+02
8.073364061727361651e-01	1.975084706780932322e+02
8.136229488373866170e-01	1.956595617054164791e+02
8.199152998961036776e-01	1.947868754288274431e+02
8.261952636392789762e-01	1.926094590975381493e+02
8.324897070080405914e-01	1.912334947026158432e+02
8.387959309210778480e-01	1.900824626603658487e+02
8.450634639703045181e-01	1.884709644220660607e+02
8.513282867562648182e-01	1.872844079901819327e+02
8.576198263902009566e-01	1.857199737751867303e+02
8.639058477062415697e-01	1.832119081904186544e+02
8.701838745487597837e-01	1.823553484282084582e+02
8.764641096075268534e-01	1.806650312029898373e+02
8.827503873399735745e-01	1.797705040248218040e+02
8.890332768393869323e-01	1.787401343459129066e+02
8.953084247113127780e-01	1.769460488111129166e+02
9.015956521667095602e-01	1.755471574320096693e+02
9.078833328094829680e-01	1.746788389890563735e+02
9.141744106319863450e-01	1.737598948259879705e+02
9.204630817717615043e-01	1.720860969318060540e+02
9.267434415264711456e-01	1.721962977092738356e+02
9.330324197354928906e-01	1.705015106036784118e+02
9.393265785573878812e-01	1.683608513796331465e+02
9.455974810398196650e-01	1.674168590018120995e+02
9.518660018545171964e-01	1.665127032148652404e+02
9.581413255531838757e-01	1.653687821945297287e+02
9.644350945109106954e-01	1.635348978373414468e+02
9.707355633568249820e-01	1.624425233680048564e+02
9.770080768450029041e-01	1.620118681856972955e+02
9.832823325363413414e-01	1.606888454702895217e+02
9.895569691966674686e-01	1.599104620214072270e+02
9.958456301921106979e-01	1.582900116249086864e+02
1.002136210743837408e+00	1.577400755412417936e+02
1.008404825335135424e+00	1.565593749887915465e+02
1.014694149836243398e+00	1.563049558532576100e+02
1.020992555437297167e+00	1.544718698592518251e+02
1.027273980437394485e+00	1.539381391715911889e+02
1.033559181896017254e+00	1.534878122319528018e+02
1.039847557392594934e+00	1.520838622590937064e+02
1.046126974943305088e+00	1.509329337212314215e+02
1.052403436811028659e+00	1.499398928906446145e+02
1.058680704651608684e+00	1.495645637102600745e+02
1.064964333065789193e+00	1.481107334310639203e+02
1.071256777440835473e+00	1.470260883793263531e+02
1.077544048801078125e+00	1.468514144174881721e+02
1.083824820188043603e+00	1.454866367146016444e+02
1.090108023942816695e+00	1.447573576094500538e+02
1.096389665956643222e+00	1.442036526680378472e+02
1.102681132058841440e+00	1.432287381076282884e+02
1.108963047594879958e+00	1.424079551980104839e+02
1.115225428463759272e+00	1.411689047635971406e+02
1.121502127614767863e+00	1.408935131119317816e+02
1.127792573824792033e+00	1.401126043895955604e+02
1.134089552668382961e+00	1.394442169435449159e+02
1.140364049650405942e+00	1.384919658012400987e+02
1.146639180320979445e+00	1.374483491500474770e+02
1.152942412991649901e+00	1.369402631581817502e+02
1.159228906751078814e+00	1.360608580911136301e+02
1.165508721887268173e+00	1.357332628002293404e+02
1.171793076256210320e+00	1.349139549931021804e+02
1.178087436369658958e+00	1.339186216070844466e+02
1.184367654251526902e+00	1.330318452424861277e+02
1.190634642299266632e+00	1.325845529703246939e+02
1.196912208834400859e+00	1.321486966170269000e+02
1.203201577354146234e+00	1.310300302783255972e+02
1.209486844441705733e+00	1.306955019224222099e+02
1.215763902074809888e+00	1.299687081373827482e+02
1.222049755171146668e+00	1.295512082642905796e+02
1.228340616621486969e+00	1.287015192411827513e+02
1.234632986576932767e+00	1.274377676569975648e+02
1.240902247176856488e+00	1.270955579809437239e+02
1.247174839144687519e+00	1.264841179617958318e+02
1.253465459933442272e+00	1.263685750122694316e+02
1.259749951892178421e+00	1.255661355864913986e+02
1.266032143127253873e+00	1.247188645845997428e+02
1.272316288472006507e+00	1.242045774835689258e+02
1.278604155058621350e+00	1.237574074350407329e+02
1.284886588933593865e+00	1.224628049065022566e+02
1.291175420066583257e+00	1.221713762431782726e+02
1.297465726373772332e+00	1.217507402425775354e+02
1.303741827011944299e+00	1.210937746710073668e+02
1.310017322922761851e+00	1.204849837781112285e+02
1.316301447662886703e+00	1.196745356487601839e+02
1.322586760363303249e+00	1.192514818616147068e+02
1.328865492452874664e+00	1.189365910971864224e+02
1.335144804954555564e+00	1.180718790134658036e+02
1.341440516272275119e+00	1.176514057191911036e+02
1.347730868417094552e+00	1.173373133226361205e+02
1.354001589994877630e+00	1.167890549567870835e+02
1.360282609297778444e+00	1.156819106732108935e+02
1.366565686457597906e+00	1.155093226072093984e+02
1.372851498482432708e+00	1.149705893732079574e+02
1.379135372929401804e+00	1.145731961183869458e+02
1.385409567149057164e+00	1.138917905192082856e+02
1.391698641219299315e+00	1.134050265222482210e+02
1.397984451439470810e+00	1.130007267150453742e+02
1.404267883409181961e+00	1.124450470455419264e+02
1.410554779484869181e+00	1.120564077621315846e+02
1.416837833547465397e+00	1.113687114560372891e+02
1.423118177187137068e+00	1.110917006653745744e+02
1.429397801164240089e+00	1.106786497770071662e+02
1.435686921822787232e+00	1.099880444902726282e+02
1.441977121769299597e+00	1.097840918795363478e+02
1.448253667853332427e+00	1.089603599063802903e+02
1.454532348972172651e+00	1.082894328181517807e+02
1.460819319151879903e+00	1.082089827980735066e+02
1.467110364402026468e+00	1.076826063979034842e+02
1.473392908948962132e+00	1.073942464836940474e+02
1.479669965243598950e+00	1.069640897317075030e+02
1.485956144602843532e+00	1.062677168304217474e+02
1.492233610763115115e+00	1.057714411634228924e+02
1.498502470379980078e+00	1.056400891523481818e+02
1.504785752051182701e+00	1.052247096257379724e+02
1.511075991894575976e+00	1.045885800336422307e+02
1.517361634985162189e+00	1.045009131671978651e+02
1.523648570969130533e+00	1.037014392817938671e+02
1.529938035715892264e+00	1.036382590360053655e+02
1.536230176913891965e+00	1.030596608012149318e+02
1.542510718779388279e+00	1.024738611076735282e+02
1.548783963082980275e+00	1.021712287183527224e+02
1.555073069779651318e+00	1.017076840727708458e+02
1.561357324927233892e+00	1.014302604677874200e+02
1.567629121053141006e+00	1.007838477869795071e+02
1.573913697404382583e+00	1.004084504015079062e+02
1.580203545230874029e+00	1.001608370000099342e+02
1.586485393434537983e+00	9.957434272829971178e+01
1.592760014263005841e+00	9.945889648759944635e+01
1.599046436394670812e+00	9.904866021454014913e+01
1.605342136637478934e+00	9.856783297333988969e+01
1.611619860919608627e+00	9.816980211682503921e+01
1.617897597081673799e+00	9.804807925918086653e+01
1.624183235481122756e+00	9.744660329523620135e+01
1.630464598531913722e+00	9.718480257333506245e+01
1.636748985747638274e+00	9.670152926431015317e+01
1.643030923698886259e+00	9.650828463803478030e+01
1.649309176648513064e+00	9.615773277497513050e+01
1.655593633940351861e+00	9.573775035643323861e+01
1.661879571405086464e+00	9.509413998295586623e+01
1.668169361685170271e+00	9.481832502953967889e+01
1.674450151530487485e+00	9.465499723919371888e+01
1.680722718978495900e+00	9.416791918582413246e+01
1.687013891340952476e+00	9.387046777927560015e+01
1.693308984907921033e+00	9.316792927177588979e+01
1.699582147428448486e+00	9.320863807632717624e+01
1.705863747055134105e+00	9.283688773759996593e+01
1.712154434283889470e+00	9.245923065616527481e+01
1.718438381579399321e+00	9.231555465297985563e+01
1.724721264464063930e+00	9.181964654210082699e+01
1.730997441276920679e+00	9.157108632180796803e+01
1.737287073528269499e+00	9.114073197497954482e+01
1.743567991878527401e+00	9.102163966306801512e+01
1.749840680212231048e+00	9.057314119468499314e+01
1.756128549091961144e+00	9.031592232686028865e+01
1.762413535324792502e+00	8.969452168278783688e+01
1.768696187669963837e+00	8.956827254642716696e+01
1.774979359379055266e+00	8.954942122743676691e+01
1.781265555576432957e+00	8.915827750560048059e+01
1.787549427830244619e+00	8.888168975443538500e+01
1.793834120011633004e+00	8.826788380593035299e+01
1.800115051552487300e+00	8.823245334543236140e+01
1.806393904854530330e+00	8.772651237544478420e+01
1.812674089667083432e+00	8.732130446553978231e+01
1.818956920109354058e+00	8.718175389874738812e+01
1.825244164118212220e+00	8.700537982834823936e+01
1.831527256642196955e+00	8.653301512369934301e+01
1.837811294935716599e+00	8.624913854227790466e+01
1.844100717411196744e+00	8.585804843034100031e+01
1.850384816792487230e+00	8.546252742915388012e+01
1.856666059735203822e+00	8.537923165994122598e+01
1.862947728675613979e+00	8.508009950111939190e+01
1.869229324466858078e+00	8.465726400924451411e+01
1.875517616802973686e+00	8.457340301375454317e+01
1.881800769033795229e+00	8.405604828458038469e+01
1.888078863416442710e+00	8.387713398613091442e+01
1.894353975182237582e+00	8.355700698864336573e+01
1.900642716154182565e+00	8.333826809225925558e+01
1.906933494748685121e+00	8.293952775694941693e+01
1.913207568676573933e+00	8.277385834997278380e+01
1.919490884732178992e+00	8.243642533978629672e+01
1.925776855684274480e+00	8.223005341568463678e+01
1.932064452961978152e+00	8.182846830667129723e+01
1.938342610030488800e+00	8.159774880865839464e+01
1.944618341543410178e+00	8.125693923939428487e+01
1.950906260203513876e+00	8.115594768188721275e+01
1.957194556613796488e+00	8.087438630188070476e+01
1.963479614559011432e+00	8.073682211217764859e+01
1.969760361532916226e+00	8.026659040456102900e+01
1.976048367034604736e+00	7.998045058758287951e+01
1.982337990217652335e+00	7.978853651236195788e+01
1.988617489259562721e+00	7.950661774358317757e+01
1.994896320665194178e+00	7.931072719648689429e+01
2.001179596222827151e+00	7.902185631637328811e+01
2.007459756923499761e+00	7.866497848565569484e+01
2.013737397779169935e+00	7.840798627367274776e+01
2.020017234677497164e+00	7.827689250974349022e+01
2.026310251015072783e+00	7.799318635970823266e+01
2.032600542948020284e+00	7.758075283118442655e+01
2.038873863192099289e+00	7.749388186722244143e+01
2.045154087821675404e+00	7.711642531723779825e+01
2.051444704514288730e+00	7.709694979772120860e+01
2.057730430280644729e+00	7.674845191089519858e+01
2.064013940455224461e+00	7.654262061421353280e+01
2.070299891179459895e+00	7.627790922483170277e+01
2.076589719964883951e+00	7.609137834317215265e+01
2.082865483794470673e+00	7.573302759750941959e+01
2.089134494859368640e+00	7.557566446004462080e+01
2.095424211360070288e+00	7.523875714532603354e+01
2.101707116664804254e+00	7.487184628063528180e+01
2.107986473933564309e+00	7.482691685138044591e+01
2.114271806543862375e+00	7.468640150769731179e+01
2.120552717288892275e+00	7.439468000997268859e+01
2.126836933207161717e+00	7.397596716892945778e+01
2.133122044791171845e+00	7.382311104145547631e+01
2.139411711910842673e+00	7.356094059927281137e+01
2.145697076775292089e+00	7.333853665074455819e+01
2.151973548606471276e+00	7.307283636788321246e+01
2.158259913555724108e+00	7.287786346990084496e+01
2.164545396699105506e+00	7.271607702660051586e+01
2.170830700377734068e+00	7.244997027418834534e+01
2.177114138849150393e+00	7.225149981043070113e+01
2.183387647576827018e+00	7.199660595599034707e+01
2.189670273687676971e+00	7.189608460463736606e+01
2.195960147934207463e+00	7.167485285398967676e+01
2.202242556317716371e+00	7.128948214782266746e+01
2.208521655981037668e+00	7.126475237210708258e+01
2.214804637081333016e+00	7.101104727002105221e+01
2.221092583349425276e+00	7.064620874496146996e+01
2.227372893591468728e+00	7.046572950613128228e+01
2.233657161144248171e+00	7.035685884300687576e+01
2.239943485394438660e+00	7.022488049976635693e+01
2.246224175264620815e+00	6.992037342216659113e+01
2.252506378421252009e+00	6.976739239881678145e+01
2.258783417054270437e+00	6.951260808665692537e+01
2.265069077371457684e+00	6.923491892672274162e+01
2.271350377044131452e+00	6.909220148440792286e+01
2.277633995145353918e+00	6.898288086895726678e+01
2.283922419579920149e+00	6.875129106697187353e+01
2.290202874392252674e+00	6.863435459102119296e+01
2.296490779970905560e+00	6.829408519280870848e+01
2.302771769934229162e+00	6.813037307246703733e+01
2.309051364164305564e+00	6.785462155809054252e+01
2.315338502539088239e+00	6.774777846570950146e+01
2.321627336503874428e+00	6.750303728047427398e+01
2.327911878297218795e+00	6.744636149688143689e+01
2.334186238580297168e+00	6.716898826980555270e+01
2.340467971862688401e+00	6.684189902272291306e+01
2.346756940970738725e+00	6.686458555715171315e+01
2.353044444556199988e+00	6.670091715411167854e+01
2.359327653314069906e+00	6.640579084329625914e+01
2.365603048789861607e+00	6.621097136719467358e+01
2.371885911737665165e+00	6.607890197969469170e+01
2.378173303594019572e+00	6.584735074421924139e+01
2.384454016539381271e+00	6.571548654288065450e+01
2.390736447344785187e+00	6.550993218410243912e+01
2.397014133897952259e+00	6.528416881547558148e+01
2.403295490074321972e+00	6.518513174199900106e+01
2.409585049672506862e+00	6.500295353097588702e+01
2.415871703165322071e+00	6.499354369492506578e+01
2.422160652369088840e+00	6.460294129586849010e+01
2.428440167222748691e+00	6.450964034441275885e+01
2.434717472383889803e+00	6.428075486373982983e+01
2.441002456202044257e+00	6.421450269507639064e+01
2.447289980304530488e+00	6.407670044400421716e+01
2.453571844729242279e+00	6.388150588200589652e+01
2.459852705114058846e+00	6.375996621452474500e+01
2.466139233225018934e+00	6.356741506038054723e+01
2.472421963421291391e+00	6.337530503006872351e+01
2.478698519174224568e+00	6.308508506267993710e+01
2.484980841400355800e+00	6.311253075777136701e+01
2.491269319409339822e+00	6.293493664958009504e+01
2.497548505139029373e+00	6.273823423022514589e+01
2.503831667172610853e+00	6.262085057018484946e+01
2.510117938323931153e+00	6.244279380986658623e+01
2.516400733681277480e+00	6.230485822222819792e+01
2.522688226833368130e+00	6.228861612907765988e+01
2.528971695852665569e+00	6.189107016688009821e+01
2.535252039407670299e+00	6.179559293983864876e+01
2.541537514142774512e+00	6.166723741961853733e+01
2.547823008847572179e+00	6.159469884841729481e+01
2.554100666580690238e+00	6.144737736415994789e+01
2.560376788884177301e+00	6.121073143738009747e+01
2.566667521601497359e+00	6.118161451854995647e+01
2.572955062237090473e+00	6.090499524001203469e+01
2.579233771797999175e+00	6.076442412628139067e+01
2.585520164300948220e+00	6.076146265249334988e+01
2.591805130332431872e+00	6.063734724229546202e+01
2.598084074692260881e+00	6.031377383064343434e+01
2.604360404197643586e+00	6.037001260994022545e+01
2.610647185140439142e+00	6.020405069211984284e+01
2.616931864059273138e+00	5.998494219852768339e+01
2.623206107911065565e+00	5.994319920518916689e+01
2.629491626543270844e+00	5.981912313085067723e+01
2.635778507982642349e+00	5.977684168930112918e+01
2.642061039325260818e+00	5.958985651718149512e+01
2.648343840729305843e+00	5.934810940501492382e+01
2.654631838974855551e+00	5.937429997334869114e+01
2.660919001246303761e+00	5.907801672423121175e+01
2.667198525130066056e+00	5.911816502997955780e+01
2.673484307038032526e+00	5.886558966322235875e+01
2.679773388053849459e+00	5.886307834639386272e+01
2.686058217632288692e+00	5.868811063332382361e+01
2.692338738200057868e+00	5.861775045558685093e+01
2.698618022887226964e+00	5.852085053716190544e+01
2.704895450708277860e+00	5.839616601383481509e+01
2.711175674923682166e+00	5.828515165363754136e+01
2.717459832966957922e+00	5.816941292331224389e+01
2.723745731959044569e+00	5.804305939699478500e+01
2.730038414850594730e+00	5.801594141923773407e+01
2.736317989800789441e+00	5.794480827720944660e+01
2.742591858549239703e+00	5.779244421661258713e+01
2.748879749010778362e+00	5.758498149190364046e+01
2.755163403825859447e+00	5.761621598805150057e+01
2.761446955625852073e+00	5.754778998192021078e+01
2.767732088935374701e+00	5.742493962827798271e+01
2.774015452421743966e+00	5.739627205232351770e+01
2.780298635700591436e+00	5.726276028278247310e+01
2.786577474762241380e+00	5.710144905210147925e+01
2.792857983210164541e+00	5.708875312119533163e+01
2.799143790920211483e+00	5.693371379233743568e+01
2.805430058399325244e+00	5.685875903060191661e+01
2.811715058209780072e+00	5.684597420335096984e+01
2.817989272498773623e+00	5.678902350287144429e+01
2.824269171595737760e+00	5.668862460658279900e+01
2.830563016441804081e+00	5.658716995744264722e+01
2.836848750951622034e+00	5.644573702545844185e+01
2.843130027866129783e+00	5.635882001107838590e+01
2.849413896912404986e+00	5.635719998982130363e+01
2.855697464522425566e+00	5.630363578521381385e+01
2.861978799810683594e+00	5.624815245415069143e+01
2.868262469415629567e+00	5.619593301572695054e+01
2.874547359206753860e+00	5.611562854377016407e+01
2.880831111471525041e+00	5.602228688931476341e+01
2.887113216972382546e+00	5.592996208545535808e+01
2.893394504725182781e+00	5.594600699541803834e+01
2.899673662137033592e+00	5.586913092991984797e+01
2.905953958587380814e+00	5.587983759357948088e+01
2.912241118105161064e+00	5.577608248483284115e+01
2.918525996366671205e+00	5.571754898412526558e+01
2.924809035425688819e+00	5.573554256432080933e+01
2.931095916293684933e+00	5.568184296679915946e+01
2.937378182606774413e+00	5.564101539392459017e+01
2.943659980254369923e+00	5.557752564679844198e+01
2.949946454403890250e+00	5.557108688585948642e+01
2.956227653702202307e+00	5.550323644938482204e+01
2.962510478867462993e+00	5.546512630899273688e+01
2.968796535179442309e+00	5.548832248850808213e+01
2.975077657376874907e+00	5.542235936932439699e+01
2.981359866759223376e+00	5.542410549243884077e+01
2.987646761575656562e+00	5.541700861447928617e+01
2.993929038370399365e+00	5.534711958301136292e+01
3.000206214840962726e+00	5.532465047351597320e+01
3.006486172402415669e+00	5.536726250464985810e+01
3.012769812211594456e+00	5.525987555466303291e+01
3.019053144326170113e+00	5.528935485134414307e+01
3.025337405144251424e+00	5.535078947242593017e+01
3.031623734799107961e+00	5.543709110883219182e+01
3.037908962055872575e+00	5.530904537417038114e+01
3.044195067146031608e+00	5.528764476373337544e+01
3.050475543482170426e+00	5.525234494684377040e+01
3.056754954538277502e+00	5.525676027284823277e+01
3.063040539557494668e+00	5.532452342521118993e+01
3.069323699454357346e+00	5.538406162566069924e+01
3.075610692642898769e+00	5.539726293746906549e+01
3.081893798009918584e+00	5.534501498644286244e+01
3.088174549548037717e+00	5.542212746654943345e+01
3.094458635632868493e+00	5.545355152534779819e+01
3.100743982931558840e+00	5.547844481194795918e+01
3.107028111748448396e+00	5.545887871508226397e+01
3.113309299655494300e+00	5.556849743897215888e+01
3.119590662867241626e+00	5.547705556449150777e+01
3.125874006820172912e+00	5.569893289310233087e+01
3.132159251154602586e+00	5.560589734983270205e+01
3.138439172765940643e+00	5.561411066882516963e+01
3.144723867719826593e+00	5.568713571016979103e+01
3.151003951258561031e+00	5.572584888036876549e+01
3.157283664131563139e+00	5.583139122041819036e+01
3.163569317183839935e+00	5.595945823462750468e+01
3.169851661717792091e+00	5.601806299506017695e+01
3.176137704316093657e+00	5.607138626109757951e+01
3.182420924828643916e+00	5.609222519870501600e+01
3.188702811875577581e+00	5.627790341560747578e+01
3.194990520008989865e+00	5.616809941847499488e+01
3.201275324656983834e+00	5.629315103947242704e+01
3.207551352179861759e+00	5.648083560573475381e+01
3.213835216737041645e+00	5.654706523857556277e+01
3.220122579819103770e+00	5.647621746327588710e+01
3.226406606618656525e+00	5.640494527201304464e+01
3.232687390085645429e+00	5.627596960087417699e+01
3.238969121280456331e+00	5.614830629103604309e+01
3.245254751548589667e+00	5.606015598497243246e+01
3.251534499036136783e+00	5.596278165206272348e+01
3.257817780791052442e+00	5.577261779407241704e+01
3.264102164154097263e+00	5.574663135323214647e+01
3.270384152138468892e+00	5.557503052537950339e+01
3.276669427476867735e+00	5.547004470745188343e+01
3.282954688864507808e+00	5.545639588131063391e+01
3.289237200334947264e+00	5.525670573184977030e+01
3.295519587088236779e+00	5.521313245446866347e+01
3.301805977329951958e+00	5.521663581431579360e+01
3.308087486222440088e+00	5.498895208560966097e+01
3.314367630234227313e+00	5.501042181679313359e+01
3.320651909732194262e+00	5.488371797046568901e+01
3.326931260376857047e+00	5.472848520264336258e+01
3.333216512447217728e+00	5.468695163837933393e+01
3.339504489419978128e+00	5.459472506926815782e+01
3.345786804809928405e+00	5.454786275242768312e+01
3.352071130016277767e+00	5.449803344190148380e+01
3.358351496304225581e+00	5.438736201717881613e+01
3.364630591073392019e+00	5.434131182226728640e+01
3.370916305215045483e+00	5.426739603610219831e+01
3.377197952029413752e+00	5.411721919843046891e+01
3.383483063818085501e+00	5.404076721244794612e+01
3.389769992424469969e+00	5.398075922369481816e+01
3.396051330885982100e+00	5.385098188343102521e+01
3.402330879139463971e+00	5.376676814536931204e+01
3.408610488352048495e+00	5.371080130972561761e+01
3.414897837696641236e+00	5.367474343069947906e+01
3.421180484052105619e+00	5.361202441623586168e+01
3.427461639653846870e+00	5.354238444350508530e+01
3.433749159643459059e+00	5.355316571857139962e+01
3.440032646656798310e+00	5.345303608388704220e+01
3.446313366033385339e+00	5.344169875927306634e+01
3.452600135384134905e+00	5.326318243283341758e+01
3.458883152815406703e+00	5.324861913852544149e+01
3.465163834403715448e+00	5.324914987238699382e+01
3.471449329786229221e+00	5.311409819588211434e+01
3.477734476754053894e+00	5.305792243773703376e+01
3.484019652467224226e+00	5.302751701210772950e+01
3.490297019369712928e+00	5.286214287449330129e+01
3.496582486484379970e+00	5.292004804546382246e+01
3.502868048046865024e+00	5.286912288266043447e+01
3.509144649545451244e+00	5.276470284011880096e+01
3.515428082003116295e+00	5.272160034098379100e+01
3.521711031624695565e+00	5.265037717033449383e+01
3.527991850954735664e+00	5.268279224605873168e+01
3.534275545726699885e+00	5.254494259850002180e+01
3.540562632020772149e+00	5.249141179397227575e+01
3.546844410757220789e+00	5.245257624290140797e+01
3.553131386753758836e+00	5.242883747835290364e+01
3.559419203211965144e+00	5.243933390537651462e+01
3.565697971577579839e+00	5.249773092993707735e+01
3.571979559134798254e+00	5.236625669831087038e+01
3.578265774595833726e+00	5.240090799045562164e+01
3.584548309769353125e+00	5.229653208025585798e+01
3.590826843920031486e+00	5.213707225791401356e+01
3.597107306745233934e+00	5.216523118870748021e+01
3.603392831792229245e+00	5.215754950316249960e+01
3.609673209822572559e+00	5.214734708861426782e+01
3.615955412133016189e+00	5.206210712746435121e+01
3.622241607772384686e+00	5.209465577448355589e+01
3.628520252736676444e+00	5.198629376012361547e+01
3.634804827569451113e+00	5.195303200957200573e+01
3.641094981788862928e+00	5.195892397556696096e+01
3.647383514928639325e+00	5.186678370643629421e+01
3.653663283927725658e+00	5.193159744905155151e+01
3.659943504072155296e+00	5.189397354778074600e+01
3.666232000281138603e+00	5.188618996882716061e+01
3.672514211678317597e+00	5.178970715126540370e+01
3.678794154686042539e+00	5.190610742542776279e+01
3.685078621861909820e+00	5.172973860895265119e+01
3.691359210097977961e+00	5.175837450352559443e+01
3.697642368173791105e+00	5.177727001345287761e+01
3.703925796735277665e+00	5.176183025412827732e+01
3.710208240364660348e+00	5.172260841272099441e+01
3.716494593122387169e+00	5.180840333560155386e+01
3.722775386659595398e+00	5.170899979053660189e+01
3.729058392883481510e+00	5.171032960621646168e+01
3.735339748210807720e+00	5.167437208993879239e+01
3.741620776392969638e+00	5.171316526703981253e+01
3.747904795418762980e+00	5.178280798703691090e+01
3.754190633281219380e+00	5.165566353793592214e+01
3.760478208018912749e+00	5.164577507058096728e+01
3.766755538573464346e+00	5.170384500384605531e+01
3.773032090135151506e+00	5.168697195944334055e+01
3.779322553012896879e+00	5.176132938969703901e+01
3.785609109731308930e+00	5.170966353554363337e+01
3.791889825936295200e+00	5.183619228055425765e+01
3.798174822702435893e+00	5.166953522250123143e+01
3.804458658753491651e+00	5.168758912622792678e+01
3.810738438095723435e+00	5.175295342363067874e+01
3.817018850285747167e+00	5.173149437780181614e+01
3.823305314209427763e+00	5.161074788577826666e+01
3.829591295197792178e+00	5.170981347092528324e+01
3.835872296070849341e+00	5.174783028193476753e+01
3.842156279590906109e+00	5.165756359550893251e+01
3.848441511099312429e+00	5.176793803332251542e+01
3.854723334376886079e+00	5.182285754243265785e+01
3.861004740704794713e+00	5.179016880374818044e+01
3.867284336650660848e+00	5.178552957393676337e+01
3.873567367678779849e+00	5.183038016985861418e+01
3.879850662830422792e+00	5.179792026155030271e+01
3.886137063198143338e+00	5.190171626425343732e+01
3.892419463049126005e+00	5.180316623707253854e+01
3.898703740328622658e+00	5.183950886849716255e+01
3.904991458788179326e+00	5.193868981512481042e+01
3.911270842222104083e+00	5.196694968252719349e+01
3.917549806479573071e+00	5.204521387775377406e+01
3.923836006203090587e+00	5.207611891157701933e+01
3.930121452497870926e+00	5.198826769668917791e+01
3.936398172858230460e+00	5.216939183760670318e+01
3.942683040425962293e+00	5.209308488403186033e+01
3.948974759704379611e+00	5.217941571736306372e+01
3.955259227995065352e+00	5.225584206147793509e+01
3.961537174921395454e+00	5.226176147267615590e+01
3.967820217617139544e+00	5.237277715091428121e+01
3.974105559832568968e+00	5.234745915517505921e+01
3.980384727931198352e+00	5.242256523243676725e+01
3.986664590839849698e+00	5.238043296631574464e+01
3.992949619150675034e+00	5.250428324331154073e+01
3.999235075769965952e+00	5.256276514952142520e+01
4.005515715515433506e+00	5.260425383404296440e+01
4.011798434346478537e+00	5.266286910997020243e+01
4.018083716245132386e+00	5.277163924582607279e+01
4.024365700052603856e+00	5.281061783079005778e+01
4.030643960839860540e+00	5.285505579186851577e+01
4.036928708926215137e+00	5.298963325334212726e+01
4.043218157412017177e+00	5.297768836255364278e+01
4.049503019487663558e+00	5.301793513162594707e+01
4.055781898960511000e+00	5.308037386215649889e+01
4.062060795621602161e+00	5.322695777654330129e+01
4.068347865354716042e+00	5.336091180582245386e+01
4.074631027173265529e+00	5.335524505562754172e+01
4.080910837526078971e+00	5.330250176581292720e+01
4.087201203341442657e+00	5.350152848198347755e+01
4.093486818591942189e+00	5.352483163921455400e+01
4.099764387336505500e+00	5.364062025901133524e+01
4.106049166937662420e+00	5.380452616825797207e+01
4.112334559041358695e+00	5.385075498910813252e+01
4.118618926059533614e+00	5.391804930740145352e+01
4.124898942031112625e+00	5.410423663777349645e+01
4.131175432561665417e+00	5.413167154284171545e+01
4.137461563786142271e+00	5.411372278722843987e+01
4.143746006210170307e+00	5.427153440599782641e+01
4.150029800482964326e+00	5.434470969621479952e+01
4.156313390684649001e+00	5.457006356262044022e+01
4.162596105843763716e+00	5.463820346956099172e+01
4.168881843141768684e+00	5.472354115718729162e+01
4.175162111073220217e+00	5.475155515978321574e+01
4.181448573417560155e+00	5.487359621483096106e+01
4.187738782464171194e+00	5.501771860315115248e+01
4.194017437180169061e+00	5.512475370684961717e+01
4.200293572701767175e+00	5.520437787419871256e+01
4.206580195481546269e+00	5.547384176939537781e+01
4.212860644652220543e+00	5.540426147414631686e+01
4.219138153430114002e+00	5.563791035972842280e+01
4.225426162098283811e+00	5.574894734708518484e+01
4.231713506719782636e+00	5.590573946339981148e+01
4.237990056577191744e+00	5.601940433310790723e+01
4.244267783646744618e+00	5.607201234241387766e+01
4.250560660182562955e+00	5.633523583061550255e+01
4.256847734842668096e+00	5.635157428177794259e+01
4.263127100734456221e+00	5.654413178826035136e+01
4.269406860432507500e+00	5.673808708637393750e+01
4.275691671482192646e+00	5.677395560158313259e+01
4.281972414189518794e+00	5.683282836577222952e+01
4.288253516806755705e+00	5.704967135730970540e+01
4.294540520160492925e+00	5.719336576226361046e+01
4.300825742921731809e+00	5.724090517214890639e+01
4.307109835491901961e+00	5.736572456062651781e+01
4.313390926478413157e+00	5.772255025075954649e+01
4.319667979480563247e+00	5.768475082900544493e+01
4.325952598143786076e+00	5.795078329484546487e+01
4.332241647035422361e+00	5.803156924762570412e+01
4.338524445619096781e+00	5.820174063322578917e+01
4.344809348131129845e+00	5.830783850602875162e+01
4.351090699193166600e+00	5.846827291979101204e+01
4.357369710808320029e+00	5.878560973381197385e+01
4.363659348967174445e+00	5.874329398508179167e+01
4.369947418280990981e+00	5.901297506328638320e+01
4.376226569265827315e+00	5.902961843360488814e+01
4.382499356631129217e+00	5.938757839588137699e+01
4.388784975178015024e+00	5.933691773771570155e+01
4.395068696309480494e+00	5.935782895400699033e+01
4.401347962382031298e+00	5.970013117168421957e+01
4.407628405096517099e+00	5.967391418098090128e+01
4.413915862185140426e+00	5.993861507394640853e+01
4.420203163534264235e+00	5.993685435938795791e+01
4.426480311003382795e+00	6.013848790801297639e+01
4.432765973643649104e+00	6.048938851537900518e+01
4.439053392023870614e+00	6.017821099590518941e+01
4.445336141335588742e+00	6.055582360005240616e+01
4.451617241414883352e+00	6.061053493460125452e+01
4.457901500730311106e+00	6.078771440499622969e+01
4.464189501093017043e+00	6.096307227904988224e+01
4.470470197548729985e+00	6.087543487113784124e+01
4.476748044268524573e+00	6.111806486491394708e+01
4.483035990164653484e+00	6.096484638430752767e+01
4.489323331650528104e+00	6.105979017924863683e+01
4.495599111667934800e+00	6.098000154073181278e+01
4.501870922878794090e+00	6.115293293080419801e+01
4.508155162877705457e+00	6.135684369000821903e+01
4.514446451153479423e+00	6.124514678647062738e+01
4.520723894043856994e+00	6.119638625422932421e+01
4.527003782460155890e+00	6.106907444865047552e+01
4.533293086610313161e+00	6.102123354622408158e+01
4.539578989864040182e+00	6.081759199506043245e+01
4.545857164866476730e+00	6.085187442013484116e+01
4.552138955546025656e+00	6.080662519258599019e+01
4.558432046889146605e+00	6.074661349273853972e+01
4.564713463378488711e+00	6.066290096099852036e+01
4.570987274133244682e+00	6.059816842609534149e+01
4.577274818151045643e+00	6.064948429724994838e+01
4.583563263889338657e+00	6.047780402004566724e+01
4.589844917004465508e+00	6.071529194211420588e+01
4.596126259982004747e+00	6.062769858960918867e+01
4.602409075598298926e+00	6.043751573622173368e+01
4.608696634867644804e+00	6.063746730218588965e+01
4.614977646498861219e+00	6.088905302442137923e+01
4.621258953029527383e+00	6.083757355672674549e+01
4.627547993978874175e+00	6.082458190583835034e+01
4.633830152730579854e+00	6.107581453854025000e+01
4.640104005367354567e+00	6.100658856122310425e+01
4.646382060386754276e+00	6.094700310969727042e+01
4.652674213731970987e+00	6.100696742417931517e+01
4.658958291796220230e+00	6.108022015936689542e+01
4.665233615070169648e+00	6.136182196759063601e+01
4.671520675710307380e+00	6.135642189993961892e+01
4.677814351732177300e+00	6.156203959306562723e+01
4.684093699744638073e+00	6.166457485309378939e+01
4.690368661472568590e+00	6.169424650681210665e+01
4.696663270746453733e+00	6.187415279553052017e+01
4.702945459248681459e+00	6.174619437015767431e+01
4.709209170841929470e+00	6.188157112586585384e+01
4.715491634753063543e+00	6.203190669840388694e+01
4.721784316284933780e+00	6.205262953515669722e+01
4.728063062331094635e+00	6.227246934944299284e+01
4.734337423381671073e+00	6.261801969702266035e+01
4.740627024094544062e+00	6.231560047857971085e+01
4.746914995664547554e+00	6.250712507608192681e+01
4.753194740071086777e+00	6.277242313693267306e+01
4.759478891864783456e+00	6.328248254134770434e+01
4.765762396877359031e+00	6.304839090447133287e+01
4.772049481246195768e+00	6.345350072374473882e+01
4.778335091022592351e+00	6.339017819802892717e+01
4.784610831402393849e+00	6.360794519408650416e+01
4.790907306208476157e+00	6.387322150740505577e+01
4.797204047706418173e+00	6.440072301246595998e+01
4.803470827697504220e+00	6.405052224594008692e+01
4.809748850577324042e+00	6.439263936951563494e+01
4.816045316586602176e+00	6.477345210135663933e+01
4.822329240673497885e+00	6.492882694607183680e+01
4.828596758226470165e+00	6.501960109468954840e+01
4.834890332961369275e+00	6.518744940235201568e+01
4.841191655056394261e+00	6.551570535408190210e+01
4.847460407468000554e+00	6.571647596144119063e+01
4.853732128521334843e+00	6.586463230218129183e+01
4.860029138783373170e+00	6.600561114771910809e+01
4.866314601732018019e+00	6.630341412276615642e+01
4.872587026269203925e+00	6.639103499273036846e+01
4.878874221748241702e+00	6.674042481686622352e+01
4.885171078138658807e+00	6.673698929837698302e+01
4.891450629931857641e+00	6.708737367147789143e+01
4.897716482750221978e+00	6.730172468408467523e+01
4.904002834596266069e+00	6.759147570048580178e+01
4.910295858205786068e+00	6.786057779477540919e+01
4.916575188115905881e+00	6.834362379166070411e+01
4.922847946197084212e+00	6.854486909583873455e+01
4.929131667457151700e+00	6.861360557234017676e+01
4.935434460144239033e+00	6.902985945639619558e+01
4.941718513303545279e+00	6.905967881646397188e+01
4.947978624761803168e+00	6.944988192252388615e+01
4.954274999209829389e+00	6.992341853720969880e+01
4.960571094729937514e+00	7.009151997870962703e+01
4.966823207626954506e+00	7.024180394901090096e+01
4.973097418390337587e+00	7.035736318794951671e+01
4.979415129936382023e+00	7.120446895904164819e+01
4.985702082330368157e+00	7.135085734469240037e+01
4.991949985828016523e+00	7.195435996178700577e+01
4.998241586316924057e+00	7.207802009154414691e+01
5.004556635606089543e+00	7.218551017177023255e+01
5.010828655701208945e+00	7.304610200705995737e+01
5.017077229702536556e+00	7.353340406126440598e+01
5.023374414758113637e+00	7.394809336550540024e+01
5.029688873569548413e+00	7.390881689806079180e+01
5.035958413584124216e+00	7.408219264585871144e+01
5.042232667658486989e+00	7.439159872327941514e+01
5.048528755870775875e+00	7.507630860214199231e+01
5.054821121427484520e+00	7.564949923699016665e+01
5.061069509814582368e+00	7.574366907814565764e+01
5.067347812754101177e+00	7.636908422695229604e+01
5.073675050630431116e+00	7.652750049219413597e+01
5.079945928388977627e+00	7.725424735333201909e+01
5.086192992546071601e+00	7.811515431978146751e+01
5.092484128970163226e+00	7.829899241994623083e+01
5.098802924706086870e+00	7.857343165810503649e+01
5.105078217426394005e+00	7.874639721215450550e+01
5.111325076574067872e+00	7.993059206270675077e+01
5.117628358851224135e+00	7.982814954954096720e+01
5.123935939383525984e+00	8.065367590563626266e+01
5.130199176325612065e+00	8.198648877743194419e+01
5.136469985878846956e+00	8.200792680408004287e+01
5.142797788696348071e+00	8.194244013056309939e+01
5.149090378043822192e+00	8.248932932176585098e+01
5.155289879840074363e+00	8.383061969382588074e+01
5.161564521234301317e+00	8.442530698846576342e+01
5.167916673496016244e+00	8.470470359175139663e+01
5.174205974602950064e+00	8.560209476471563050e+01
5.180434820793812456e+00	8.572653685906782073e+01
5.186729096569634656e+00	8.630542426969721248e+01
5.193058481037780894e+00	8.652599433464833112e+01
5.199319511444338460e+00	8.804592991253578305e+01
5.205574295584361799e+00	8.826042010592375675e+01
5.211894977074066126e+00	8.881044710978251544e+01
5.218201708336958511e+00	8.976979849028136016e+01
5.224411911780083351e+00	9.053651606550577924e+01
5.230677632666463239e+00	9.130355434925085945e+01
5.237056729559757429e+00	9.158469140139055753e+01
5.243336785035660697e+00	9.285474900070862248e+01
5.249493476178225038e+00	9.498729890067842518e+01
5.255787017738318134e+00	9.442724643790283778e+01
5.262205327426889845e+00	9.588393653860707389e+01
5.268477758348532269e+00	9.598177078444027188e+01
5.274632213654732560e+00	9.644126748405673766e+01
5.280950543314659740e+00	9.756033682348346758e+01
5.287327645024750389e+00	9.751068607338332583e+01
5.293582359180156516e+00	9.994062890333108840e+01
5.299789992649893478e+00	1.001767117609104503e+02
5.306111460381987222e+00	1.017173019428606864e+02
5.312452717892129250e+00	1.017047428953768815e+02
5.318650122853046724e+00	1.018384543482053317e+02
5.324923043129819789e+00	1.025405747485787771e+02
5.331330237158205421e+00	1.035969273337309602e+02
5.337586726886338617e+00	1.073132423035528547e+02
5.343685192440848830e+00	1.076734216830575122e+02
5.350070659715249199e+00	1.067114883203355902e+02
5.356556762554878226e+00	1.084298175059776099e+02
5.362691868684501095e+00	1.110959737646461605e+02
5.368769208912516966e+00	1.099067137185132452e+02
5.375270137997677722e+00	1.121519882984751177e+02
5.381769983045385786e+00	1.129946919493941095e+02
5.387701030372958222e+00	1.136237560750371358e+02
5.393786668001271600e+00	1.152316591359782905e+02
5.400446161099396569e+00	1.159344200434732954e+02
5.406957063684501463e+00	1.179587302988707194e+02
5.412655672453426270e+00	1.178975669642739490e+02
5.418821279260546575e+00	1.218894342852962041e+02
5.425690594366304076e+00	1.216579050747293138e+02
5.432217487502165376e+00	1.245059277063592873e+02
5.437649811577258241e+00	1.245992320769401402e+02
5.443914404015878006e+00	1.268753024927579673e+02
5.450953501686320202e+00	1.269539075354248467e+02
5.457483690405861232e+00	1.286763441806583614e+02
5.462715250135157241e+00	1.341402185964502962e+02
5.469033575551323523e+00	1.316260316959824195e+02
5.476177730420278778e+00	1.338714874063869615e+02
5.482708935702562236e+00	1.322790712363376144e+02
5.487722405008360838e+00	1.403218212729813388e+02
5.494194284996126498e+00	1.410774862419580415e+02
5.501391471009256406e+00	1.424475236396244213e+02
5.507128202673079009e+00	1.322371745294154550e+02
5.512278020050448646e+00	1.396245610041205509e+02
5.519395563377015534e+00	1.381960052982092009e+02
5.526598678609708770e+00	1.438427428438061781e+02
5.532162682462509196e+00	1.545798275588585113e+02
5.537397124017139127e+00	1.526173605189223395e+02
5.544582756485218589e+00	1.623588401024764210e+02
5.551739327507637434e+00	1.547923582995767333e+02
5.557493306674907707e+00	1.771620424828205387e+02
5.562281709102816940e+00	1.422777130752309063e+02
5.569272720323164449e+00	1.519293564354031218e+02
