8.899641224696953554e-03	1.306553847667396913e+05
1.507912216506557788e-02	8.220162894708717067e+04
2.144790186456836667e-02	6.290626536408971151e+04
2.783660776489276650e-02	4.685988490756559622e+04
3.435099785803411021e-02	2.526512328162227641e+04
4.047886761425745911e-02	1.799394925377696927e+04
4.676716683575679601e-02	1.486510603807896405e+04
5.308225101765951665e-02	1.337534998243152950e+04
5.945362440940590160e-02	1.393246993906080206e+04
6.576224814588792211e-02	1.301410627870595090e+04
7.196632906698736953e-02	1.103686581192215817e+04
7.827860915688347743e-02	9.243728010314400308e+03
8.470398945834539672e-02	6.928110841276641622e+03
9.096854620527369817e-02	5.400917406447230860e+03
9.720789776830213169e-02	4.601313463625405348e+03
1.034763038959366499e-01	4.230768591533533254e+03
1.097576444254559219e-01	4.241944171784794889e+03
1.160543084780093354e-01	4.061410044916789047e+03
1.223669666537485351e-01	3.825729804274096296e+03
1.286817263090294094e-01	3.708600947271568202e+03
1.349500801664080818e-01	3.368461911738968411e+03
1.411949558842147678e-01	2.919130654557944126e+03
1.475133575747468451e-01	2.535305155766688131e+03
1.537865074252268427e-01	2.357060859345031986e+03
1.600657544051110326e-01	2.223037124553622562e+03
1.663991168687080635e-01	2.124007843927356134e+03
1.727195645776442856e-01	1.980481590989868891e+03
1.789765213377084718e-01	1.929978811949855981e+03
1.852353690647852158e-01	1.872910678437403703e+03
1.914806787341157279e-01	1.755710955762739786e+03
1.977889868651535599e-01	1.610378417819836841e+03
2.040937735447724277e-01	1.554365894195388137e+03
2.103939302609846018e-01	1.450294143499041638e+03
2.166909709822301688e-01	1.402621019567389567e+03
2.229700281216152047e-01	1.322260015593602930e+03
2.292620027086341994e-01	1.267320831241613632e+03
2.355141508366812297e-01	1.209355368275284491e+03
2.417910583817859116e-01	1.194413239398021005e+03
2.480856539439619257e-01	1.142989849716484514e+03
2.543492256872954549e-01	1.087878447152053468e+03
2.606334251884805386e-01	1.037981441226767174e+03
2.669257370896960802e-01	1.013723524374975227e+03
2.732423343141155980e-01	9.703726666907278968e+02
2.795529680084415936e-01	9.408907096823355687e+02
2.858366292314493129e-01	9.042467482619089196e+02
2.920876271394311496e-01	8.809767178955037252e+02
2.983449844439822751e-01	8.529980255863071079e+02
3.046382639407197446e-01	8.293589291733080699e+02
3.109279127003197196e-01	7.869319922136567129e+02
3.172168171618398036e-01	7.773150673730460767e+02
3.235187567944423082e-01	7.397405542547951427e+02
3.298168217550395687e-01	7.252231361142737569e+02
3.361176429457156667e-01	6.979135007803286044e+02
3.423700375709273769e-01	6.863209906456528415e+02
3.486478192666269682e-01	6.706384555984732287e+02
3.549411614411318028e-01	6.555266803584250965e+02
3.611916935421040642e-01	6.342931619665439484e+02
3.674767089563572564e-01	6.184834522956789442e+02
3.737647795277591056e-01	6.072889991223606785e+02
3.800654031475132477e-01	5.931752991896867115e+02
3.863539861259823738e-01	5.767928998154320652e+02
3.926140181364449755e-01	5.681380964607658370e+02
3.989264500321934581e-01	5.544923818850389807e+02
4.052073244576828714e-01	5.391936523451764742e+02
4.114916477570477182e-01	5.310514114431871349e+02
4.177814272116491257e-01	5.135424202837293706e+02
4.240400648725131116e-01	5.109657064903245782e+02
4.303425690270192283e-01	5.012425900189555250e+02
4.366358560255625965e-01	4.856295807412831209e+02
4.428996183220763605e-01	4.807350271649023057e+02
4.491634418529859563e-01	4.660992368646697628e+02
4.554414146254732731e-01	4.603544766324926059e+02
4.617634470301058558e-01	4.514102013784963106e+02
4.680644242023710433e-01	4.510309552911458013e+02
4.743485242764365895e-01	4.408838961461208328e+02
4.806356136815400082e-01	4.328881002898672818e+02
4.869019258388697646e-01	4.234500283355076249e+02
4.931697099599955947e-01	4.190581987340508476e+02
4.994506747144535908e-01	4.137289180897408869e+02
5.057159051335421429e-01	4.044431278495152355e+02
5.119923996268095356e-01	3.969806356731920118e+02
5.183126097768406826e-01	3.941983252564014606e+02
5.246089638029100000e-01	3.839084262510070289e+02
5.308757308483337267e-01	3.823289481775339027e+02
5.371573527946726934e-01	3.718264987832090469e+02
5.434579563783791256e-01	3.677650330134554224e+02
5.497430652392217842e-01	3.629796162422003363e+02
5.559937427501778773e-01	3.575904097800533918e+02
5.622854676609657654e-01	3.538339928544681356e+02
5.686011537227265711e-01	3.481197795514725613e+02
5.748804589422079614e-01	3.410613638675968105e+02
5.811550210340560296e-01	3.402051342408758501e+02
5.874394496660968468e-01	3.355655499924200171e+02
5.937176220296899176e-01	3.280868470498996317e+02
5.999971954793682505e-01	3.239752461701604034e+02
6.062679115124277596e-01	3.222108492395699955e+02
6.125469576444534381e-01	3.169129627098774336e+02
6.188477733041515272e-01	3.144109203104084713e+02
6.251310567437898813e-01	3.086562811188346132e+02
6.314027450383210560e-01	3.062084255522339618e+02
6.377003562732055375e-01	3.031855764479981303e+02
6.439857783314556494e-01	2.996609483539757548e+02
6.502685417166111925e-01	2.952912342462751099e+02
6.565586117699038216e-01	2.919602951130794963e+02
6.628369282359254377e-01	2.894774359413507341e+02
6.691185444962194362e-01	2.854963956584396101e+02
6.754070198575605755e-01	2.813627879845117263e+02
6.816835514593204692e-01	2.787107617934660198e+02
6.879592533861698112e-01	2.769418299777772177e+02
6.942344317039531587e-01	2.756845073015458070e+02
7.005175402434737908e-01	2.729793057731197905e+02
7.068124956608716758e-01	2.680969092590125342e+02
7.131019009674921527e-01	2.647960718313329949e+02
7.193918251171427247e-01	2.618053981888646717e+02
7.256833807598113140e-01	2.584606066971664973e+02
7.319652682709349989e-01	2.561580215856242262e+02
7.382507990484923344e-01	2.537656556552733207e+02
7.445265842115937893e-01	2.532809889148109335e+02
7.507871101942712455e-01	2.485539080278234678e+02
7.570758465316046459e-01	2.461426711317309355e+02
7.633641233600957365e-01	2.436908152543471431e+02
7.696462959862266917e-01	2.420786961199029008e+02
7.759394865175414102e-01	2.398742367534074447e+02
7.822329141989586843e-01	2.378645013515162532e+02
7.885314936520240181e-01	2.336138051763379053e+02
7.947896566979522071e-01	2.330063664611397485e+02
8.010491096592354809e-01	2.325286261616455477e+02
8.073364061727361651e-01	2.293657292056289236e+02
8.136229488373866170e-01	2.262183511962391833e+02
8.199152998961036776e-01	2.269491565862100799e+02
8.261952636392789762e-01	2.244821637019871332e+02
8.324897070080405914e-01	2.221077801960501574e+02
8.387959309210778480e-01	2.181893777454465635e+02
8.450634639703045181e-01	2.175243429364440715e+02
8.513282867562648182e-01	2.154627679922480752e+02
8.576198263902009566e-01	2.135474477712625685e+02
8.639058477062415697e-01	2.112665105989057679e+02
8.701838745487597837e-01	2.105619269671785503e+02
8.764641096075268534e-01	2.082801427230317870e+02
8.827503873399735745e-01	2.078531774946272890e+02
8.890332768393869323e-01	2.041867204474623634e+02
8.953084247113127780e-01	2.039793205275850028e+02
9.015956521667095602e-01	2.024543179308741969e+02
9.078833328094829680e-01	2.004477394039791136e+02
9.141744106319863450e-01	1.994550420081157824e+02
9.204630817717615043e-01	1.964349467927687556e+02
9.267434415264711456e-01	1.961286251243936647e+02
9.330324197354928906e-01	1.932429489825536564e+02
9.393265785573878812e-01	1.919833098738135959e+02
9.455974810398196650e-01	1.909447872527959760e+02
9.518660018545171964e-01	1.899705336865401932e+02
9.581413255531838757e-01	1.861797021919265944e+02
9.644350945109106954e-01	1.860870451962998686e+02
9.707355633568249820e-01	1.837682380117944660e+02
9.770080768450029041e-01	1.833595194756792637e+02
9.832823325363413414e-01	1.816138298306116212e+02
9.895569691966674686e-01	1.808622295330627026e+02
9.958456301921106979e-01	1.783898548602611527e+02
1.002136210743837408e+00	1.774848503091539555e+02
1.008404825335135424e+00	1.768779785336590464e+02
1.014694149836243398e+00	1.752477772186443019e+02
1.020992555437297167e+00	1.740499323195743386e+02
1.027273980437394485e+00	1.729571479568265886e+02
1.033559181896017254e+00	1.714370720918013546e+02
1.039847557392594934e+00	1.704705062349092941e+02
1.046126974943305088e+00	1.694099650599850122e+02
1.052403436811028659e+00	1.675772509051842860e+02
1.058680704651608684e+00	1.661840037987342100e+02
1.064964333065789193e+00	1.653306154805023596e+02
1.071256777440835473e+00	1.638090799716926540e+02
1.077544048801078125e+00	1.630119407784669932e+02
1.083824820188043603e+00	1.620395503280007574e+02
1.090108023942816695e+00	1.603465716746734131e+02
1.096389665956643222e+00	1.596204744650573844e+02
1.102681132058841440e+00	1.585679943642246599e+02
1.108963047594879958e+00	1.575824120513100581e+02
1.115225428463759272e+00	1.562973859083929540e+02
1.121502127614767863e+00	1.550098346359875450e+02
1.127792573824792033e+00	1.544612781653263482e+02
1.134089552668382961e+00	1.531585894435545185e+02
1.140364049650405942e+00	1.523563888587982831e+02
1.146639180320979445e+00	1.510685263692029991e+02
1.152942412991649901e+00	1.505157558002502185e+02
1.159228906751078814e+00	1.492512096034993476e+02
1.165508721887268173e+00	1.482784488162241701e+02
1.171793076256210320e+00	1.472334752424318367e+02
1.178087436369658958e+00	1.461979940029139300e+02
1.184367654251526902e+00	1.451437497596126320e+02
1.190634642299266632e+00	1.440542236079601537e+02
1.196912208834400859e+00	1.433647932360060508e+02
1.203201577354146234e+00	1.429314975283395768e+02
1.209486844441705733e+00	1.418000129511743808e+02
1.215763902074809888e+00	1.411229746503544220e+02
1.222049755171146668e+00	1.402142517830687325e+02
1.228340616621486969e+00	1.389711919515418401e+02
1.234632986576932767e+00	1.383446347128029004e+02
1.240902247176856488e+00	1.370084019708898211e+02
1.247174839144687519e+00	1.366981357551728422e+02
1.253465459933442272e+00	1.358294917811013534e+02
1.259749951892178421e+00	1.349654137613370324e+02
1.266032143127253873e+00	1.341323743067342491e+02
1.272316288472006507e+00	1.336066600918048550e+02
1.278604155058621350e+00	1.324615324563245906e+02
1.284886588933593865e+00	1.315889000480830475e+02
1.291175420066583257e+00	1.309534617896925681e+02
1.297465726373772332e+00	1.303465919613445010e+02
1.303741827011944299e+00	1.291595751565661772e+02
1.310017322922761851e+00	1.287795617357251388e+02
1.316301447662886703e+00	1.277629513566939750e+02
1.322586760363303249e+00	1.271357970778281015e+02
1.328865492452874664e+00	1.260969766539643189e+02
1.335144804954555564e+00	1.258262150729498785e+02
1.341440516272275119e+00	1.253913221451099389e+02
1.347730868417094552e+00	1.240964217376442491e+02
1.354001589994877630e+00	1.232575777095663909e+02
1.360282609297778444e+00	1.226979736777857397e+02
1.366565686457597906e+00	1.220775824177066511e+02
1.372851498482432708e+00	1.212644020870326784e+02
1.379135372929401804e+00	1.206579732315779125e+02
1.385409567149057164e+00	1.200888057852054658e+02
1.391698641219299315e+00	1.188691307920944098e+02
1.397984451439470810e+00	1.185249871904148335e+02
1.404267883409181961e+00	1.184906181232499449e+02
1.410554779484869181e+00	1.175756634770600328e+02
1.416837833547465397e+00	1.166429201014740329e+02
1.423118177187137068e+00	1.162004534341888302e+02
1.429397801164240089e+00	1.153215696150294889e+02
1.435686921822787232e+00	1.148891602285874001e+02
1.441977121769299597e+00	1.141903675690619622e+02
1.448253667853332427e+00	1.136972928307343551e+02
1.454532348972172651e+00	1.127614202812050337e+02
1.460819319151879903e+00	1.124783686212556120e+02
1.467110364402026468e+00	1.118155230758048901e+02
1.473392908948962132e+00	1.113441477116184330e+02
1.479669965243598950e+00	1.105473039291803588e+02
1.485956144602843532e+00	1.100262709241352326e+02
1.492233610763115115e+00	1.096456187574739687e+02
1.498502470379980078e+00	1.089731794830206582e+02
1.504785752051182701e+00	1.086151277076730395e+02
1.511075991894575976e+00	1.077650956206410768e+02
1.517361634985162189e+00	1.072995780650908273e+02
1.523648570969130533e+00	1.066394731982264830e+02
1.529938035715892264e+00	1.060407717548559248e+02
1.536230176913891965e+00	1.056729251512268490e+02
1.542510718779388279e+00	1.049693706979387997e+02
1.548783963082980275e+00	1.042857413606025290e+02
1.555073069779651318e+00	1.039867191793528889e+02
1.561357324927233892e+00	1.036348488960227741e+02
1.567629121053141006e+00	1.028029707042069276e+02
1.573913697404382583e+00	1.025472253039474850e+02
1.580203545230874029e+00	1.019442280418341937e+02
1.586485393434537983e+00	1.013415713193804493e+02
1.592760014263005841e+00	1.012014651656922410e+02
1.599046436394670812e+00	1.004169244544946054e+02
1.605342136637478934e+00	1.002006631301746182e+02
1.611619860919608627e+00	9.951750430931480196e+01
1.617897597081673799e+00	9.883256929933470758e+01
1.624183235481122756e+00	9.865531095047921895e+01
1.630464598531913722e+00	9.847908948249374816e+01
1.636748985747638274e+00	9.786098986211838735e+01
1.643030923698886259e+00	9.700836830480068329e+01
1.649309176648513064e+00	9.668203193640799498e+01
1.655593633940351861e+00	9.642563374806509557e+01
1.661879571405086464e+00	9.580502402853822730e+01
1.668169361685170271e+00	9.544043254319211655e+01
1.674450151530487485e+00	9.514014325116734483e+01
1.680722718978495900e+00	9.450841134828161216e+01
1.687013891340952476e+00	9.413479612762684212e+01
1.693308984907921033e+00	9.380758730697954206e+01
1.699582147428448486e+00	9.333090278609626012e+01
1.705863747055134105e+00	9.247241275219342072e+01
1.712154434283889470e+00	9.216036790043338556e+01
1.718438381579399321e+00	9.170509714920275712e+01
1.724721264464063930e+00	9.153897573128438125e+01
1.730997441276920679e+00	9.109383147429808503e+01
1.737287073528269499e+00	9.071929695428846685e+01
1.743567991878527401e+00	9.039409379109493159e+01
1.749840680212231048e+00	8.980349060182096821e+01
1.756128549091961144e+00	8.940636817290152294e+01
1.762413535324792502e+00	8.914191868917033901e+01
1.768696187669963837e+00	8.886612779680220342e+01
1.774979359379055266e+00	8.836616860520256012e+01
1.781265555576432957e+00	8.797721325563678363e+01
1.787549427830244619e+00	8.768476415032134241e+01
1.793834120011633004e+00	8.731552205273237632e+01
1.800115051552487300e+00	8.682936137471639881e+01
1.806393904854530330e+00	8.642858610855294899e+01
1.812674089667083432e+00	8.611916503033343417e+01
1.818956920109354058e+00	8.577841541899698541e+01
1.825244164118212220e+00	8.548792012817592934e+01
1.831527256642196955e+00	8.493154605960600634e+01
1.837811294935716599e+00	8.470227450264776792e+01
1.844100717411196744e+00	8.421541843717267284e+01
1.850384816792487230e+00	8.413805850460913405e+01
1.856666059735203822e+00	8.362576774997765483e+01
1.862947728675613979e+00	8.333901108063993490e+01
1.869229324466858078e+00	8.274361389884373352e+01
1.875517616802973686e+00	8.241100879118484102e+01
1.881800769033795229e+00	8.212129978359685367e+01
1.888078863416442710e+00	8.180919750860699935e+01
1.894353975182237582e+00	8.159103602892210461e+01
1.900642716154182565e+00	8.112740036370668406e+01
1.906933494748685121e+00	8.079806508501870610e+01
1.913207568676573933e+00	8.036615990343312887e+01
1.919490884732178992e+00	8.017898815939038570e+01
1.925776855684274480e+00	7.990021499108073044e+01
1.932064452961978152e+00	7.961444191256069303e+01
1.938342610030488800e+00	7.897710722303291675e+01
1.944618341543410178e+00	7.883063612301930334e+01
1.950906260203513876e+00	7.865143354628497718e+01
1.957194556613796488e+00	7.820433511607964761e+01
1.963479614559011432e+00	7.788629723099641922e+01
1.969760361532916226e+00	7.767298274649773759e+01
1.976048367034604736e+00	7.721281145510201327e+01
1.982337990217652335e+00	7.695690229601169108e+01
1.988617489259562721e+00	7.657035867742608559e+01
1.994896320665194178e+00	7.643443852151416706e+01
2.001179596222827151e+00	7.597323655890546945e+01
2.007459756923499761e+00	7.564187769895073643e+01
2.013737397779169935e+00	7.542901593633800417e+01
2.020017234677497164e+00	7.527812402557411531e+01
2.026310251015072783e+00	7.485368999420522584e+01
2.032600542948020284e+00	7.460108047351953076e+01
2.038873863192099289e+00	7.426078505784683159e+01
2.045154087821675404e+00	7.414137793106816332e+01
2.051444704514288730e+00	7.355867816579765872e+01
2.057730430280644729e+00	7.333898785754381322e+01
2.064013940455224461e+00	7.310170479114461273e+01
2.070299891179459895e+00	7.289666484613279351e+01
2.076589719964883951e+00	7.247250054997265067e+01
2.082865483794470673e+00	7.217526017190120058e+01
2.089134494859368640e+00	7.187399965111616496e+01
2.095424211360070288e+00	7.172136357643668703e+01
2.101707116664804254e+00	7.143745299130213766e+01
2.107986473933564309e+00	7.131885372312675031e+01
2.114271806543862375e+00	7.086260923211257534e+01
2.120552717288892275e+00	7.061859834925454038e+01
2.126836933207161717e+00	7.047472380225340771e+01
2.133122044791171845e+00	7.015578410628435790e+01
2.139411711910842673e+00	6.986559275769364774e+01
2.145697076775292089e+00	6.966433059651787119e+01
2.151973548606471276e+00	6.928898315948661946e+01
2.158259913555724108e+00	6.906425019348519356e+01
2.164545396699105506e+00	6.888883281941994596e+01
2.170830700377734068e+00	6.863097353211648510e+01
2.177114138849150393e+00	6.838852455959877830e+01
2.183387647576827018e+00	6.804616431941515486e+01
2.189670273687676971e+00	6.790063518271452381e+01
2.195960147934207463e+00	6.757077825493422552e+01
2.202242556317716371e+00	6.740866773119698507e+01
2.208521655981037668e+00	6.718111360119361564e+01
2.214804637081333016e+00	6.673216746215727824e+01
2.221092583349425276e+00	6.672323520883838910e+01
2.227372893591468728e+00	6.639101642978617690e+01
2.233657161144248171e+00	6.618575189023906091e+01
2.239943485394438660e+00	6.591085992382777192e+01
2.246224175264620815e+00	6.578455970317065749e+01
2.252506378421252009e+00	6.559583485402612268e+01
2.258783417054270437e+00	6.528408967004206431e+01
2.265069077371457684e+00	6.497157709544575255e+01
2.271350377044131452e+00	6.496411915208025789e+01
2.277633995145353918e+00	6.467350694243354781e+01
2.283922419579920149e+00	6.440379699046941653e+01
2.290202874392252674e+00	6.422317595011902824e+01
2.296490779970905560e+00	6.407296590343435128e+01
2.302771769934229162e+00	6.389750523141054117e+01
2.309051364164305564e+00	6.353666704775777418e+01
2.315338502539088239e+00	6.333169928946865923e+01
2.321627336503874428e+00	6.309128607300377922e+01
2.327911878297218795e+00	6.305031462480145166e+01
2.334186238580297168e+00	6.258021617072790832e+01
2.340467971862688401e+00	6.246657653621296191e+01
2.346756940970738725e+00	6.233307947228864521e+01
2.353044444556199988e+00	6.206743314202666539e+01
2.359327653314069906e+00	6.187223114283481351e+01
2.365603048789861607e+00	6.174693249690786701e+01
2.371885911737665165e+00	6.153555052943895731e+01
2.378173303594019572e+00	6.118810991802144628e+01
2.384454016539381271e+00	6.107870750584520181e+01
2.390736447344785187e+00	6.095956538679750736e+01
2.397014133897952259e+00	6.080872475037606506e+01
2.403295490074321972e+00	6.056276623663957537e+01
2.409585049672506862e+00	6.026941532290565107e+01
2.415871703165322071e+00	6.022737846205518508e+01
2.422160652369088840e+00	6.002452901069111135e+01
2.428440167222748691e+00	5.967989604708341034e+01
2.434717472383889803e+00	5.963497806001475254e+01
2.441002456202044257e+00	5.937619996799219280e+01
2.447289980304530488e+00	5.916679202828691331e+01
2.453571844729242279e+00	5.903289902472970141e+01
2.459852705114058846e+00	5.886018166558418585e+01
2.466139233225018934e+00	5.869577655629600343e+01
2.472421963421291391e+00	5.850017390816378082e+01
2.478698519174224568e+00	5.823246013908866558e+01
2.484980841400355800e+00	5.822205440423417855e+01
2.491269319409339822e+00	5.801663456908970318e+01
2.497548505139029373e+00	5.788705379690594555e+01
2.503831667172610853e+00	5.770406242813748321e+01
2.510117938323931153e+00	5.751599348658191957e+01
2.516400733681277480e+00	5.730225854799583374e+01
2.522688226833368130e+00	5.720108737368466478e+01
2.528971695852665569e+00	5.705301437395817032e+01
2.535252039407670299e+00	5.693067771719002224e+01
2.541537514142774512e+00	5.668602016476932448e+01
2.547823008847572179e+00	5.646811360191620111e+01
2.554100666580690238e+00	5.650519446114034849e+01
2.560376788884177301e+00	5.624425308832907433e+01
2.566667521601497359e+00	5.608530718232523071e+01
2.572955062237090473e+00	5.600945259855929947e+01
2.579233771797999175e+00	5.582140564601227339e+01
2.585520164300948220e+00	5.563439544873074283e+01
2.591805130332431872e+00	5.553243044722125887e+01
2.598084074692260881e+00	5.543809898200137809e+01
2.604360404197643586e+00	5.520586411250025805e+01
2.610647185140439142e+00	5.517313434198251088e+01
2.616931864059273138e+00	5.504661652745075173e+01
2.623206107911065565e+00	5.469870845897430911e+01
2.629491626543270844e+00	5.462791271502341317e+01
2.635778507982642349e+00	5.452772745925410902e+01
2.642061039325260818e+00	5.446692346502927506e+01
2.648343840729305843e+00	5.435557822037510078e+01
2.654631838974855551e+00	5.411674350175430703e+01
2.660919001246303761e+00	5.406106443352182822e+01
2.667198525130066056e+00	5.387347268362868391e+01
2.673484307038032526e+00	5.371751953388206147e+01
2.679773388053849459e+00	5.359924675872894539e+01
2.686058217632288692e+00	5.348364902426545342e+01
2.692338738200057868e+00	5.342662112729905743e+01
2.698618022887226964e+00	5.323566242367020607e+01
2.704895450708277860e+00	5.315117307047668760e+01
2.711175674923682166e+00	5.309149855749146951e+01
2.717459832966957922e+00	5.286598511860233884e+01
2.723745731959044569e+00	5.287398819456958421e+01
2.730038414850594730e+00	5.266916498758483556e+01
2.736317989800789441e+00	5.263683870416019772e+01
2.742591858549239703e+00	5.259963444183822645e+01
2.748879749010778362e+00	5.241684687523674313e+01
2.755163403825859447e+00	5.232736972933791009e+01
2.761446955625852073e+00	5.218718268012813155e+01
2.767732088935374701e+00	5.203312912938043411e+01
2.774015452421743966e+00	5.200251929619935964e+01
2.780298635700591436e+00	5.188706627495685098e+01
2.786577474762241380e+00	5.178034378993924491e+01
2.792857983210164541e+00	5.169788774845538626e+01
2.799143790920211483e+00	5.157931763797579805e+01
2.805430058399325244e+00	5.156242121990127458e+01
2.811715058209780072e+00	5.136540016113642082e+01
2.817989272498773623e+00	5.138788453037189896e+01
2.824269171595737760e+00	5.125327467200460063e+01
2.830563016441804081e+00	5.117114477246690285e+01
2.836848750951622034e+00	5.108410008851100059e+01
2.843130027866129783e+00	5.098398628110999198e+01
2.849413896912404986e+00	5.090310526741213693e+01
2.855697464522425566e+00	5.084071564678053790e+01
2.861978799810683594e+00	5.081289030715461053e+01
2.868262469415629567e+00	5.075304090309895599e+01
2.874547359206753860e+00	5.069540987568049673e+01
2.880831111471525041e+00	5.060640925310523386e+01
2.887113216972382546e+00	5.051840660661019200e+01
2.893394504725182781e+00	5.044820981307981356e+01
2.899673662137033592e+00	5.040486381572415553e+01
2.905953958587380814e+00	5.031242674082272259e+01
2.912241118105161064e+00	5.026007123399820387e+01
2.918525996366671205e+00	5.017224187545119207e+01
2.924809035425688819e+00	5.012910348368878033e+01
2.931095916293684933e+00	5.009537584233706298e+01
2.937378182606774413e+00	5.010653874331377011e+01
2.943659980254369923e+00	5.000462415158518326e+01
2.949946454403890250e+00	4.990111986225089424e+01
2.956227653702202307e+00	4.999650380411766548e+01
2.962510478867462993e+00	4.982626010857894272e+01
2.968796535179442309e+00	4.977692778676136953e+01
2.975077657376874907e+00	4.978988701564524888e+01
2.981359866759223376e+00	4.972599554077618933e+01
2.987646761575656562e+00	4.966864118670330441e+01
2.993929038370399365e+00	4.974014925366200401e+01
3.000206214840962726e+00	4.958661290770478303e+01
3.006486172402415669e+00	4.967253471485025074e+01
3.012769812211594456e+00	4.962266004821631782e+01
3.019053144326170113e+00	4.959425232722314547e+01
3.025337405144251424e+00	4.950818980117804102e+01
3.031623734799107961e+00	4.955017112315821493e+01
3.037908962055872575e+00	4.946443791049558314e+01
3.044195067146031608e+00	4.958686738632902546e+01
3.050475543482170426e+00	4.951694853597163615e+01
3.056754954538277502e+00	4.953207819764999442e+01
3.063040539557494668e+00	4.949566190468274129e+01
3.069323699454357346e+00	4.953477007737966176e+01
3.075610692642898769e+00	4.940786126768212938e+01
3.081893798009918584e+00	4.942367418440343130e+01
3.088174549548037717e+00	4.944467893865106589e+01
3.094458635632868493e+00	4.961910187201277722e+01
3.100743982931558840e+00	4.955844226847710843e+01
3.107028111748448396e+00	4.961179693520936951e+01
3.113309299655494300e+00	4.963951075726301809e+01
3.119590662867241626e+00	4.958186117277375615e+01
3.125874006820172912e+00	4.964406069292628843e+01
3.132159251154602586e+00	4.972472146245762303e+01
3.138439172765940643e+00	4.966300118836165467e+01
3.144723867719826593e+00	4.973748851472066690e+01
3.151003951258561031e+00	4.973927353448780053e+01
3.157283664131563139e+00	4.978390547862233717e+01
3.163569317183839935e+00	4.978051385655502514e+01
3.169851661717792091e+00	4.996366038614462468e+01
3.176137704316093657e+00	4.994827483134138646e+01
3.182420924828643916e+00	5.006264032519688811e+01
3.188702811875577581e+00	5.011080903121846575e+01
3.194990520008989865e+00	5.016876153592002652e+01
3.201275324656983834e+00	5.025456160232901226e+01
3.207551352179861759e+00	5.033147026057165618e+01
3.213835216737041645e+00	5.039487703118196293e+01
3.220122579819103770e+00	5.030825402248044043e+01
3.226406606618656525e+00	5.016476394061137967e+01
3.232687390085645429e+00	5.000716307066990396e+01
3.238969121280456331e+00	4.991958315035224558e+01
3.245254751548589667e+00	4.970823355190431414e+01
3.251534499036136783e+00	4.960452848995515041e+01
3.257817780791052442e+00	4.950106950879143142e+01
3.264102164154097263e+00	4.941032254561569914e+01
3.270384152138468892e+00	4.928695083796428378e+01
3.276669427476867735e+00	4.916557295944841144e+01
3.282954688864507808e+00	4.899657528630652337e+01
3.289237200334947264e+00	4.897752880059120884e+01
3.295519587088236779e+00	4.883187935524052392e+01
3.301805977329951958e+00	4.877957153361363396e+01
3.308087486222440088e+00	4.858997389790724952e+01
3.314367630234227313e+00	4.843197320533192141e+01
3.320651909732194262e+00	4.841024243565144047e+01
3.326931260376857047e+00	4.830867542400454795e+01
3.333216512447217728e+00	4.824364333582367692e+01
3.339504489419978128e+00	4.813096626963688607e+01
3.345786804809928405e+00	4.803778232717384356e+01
3.352071130016277767e+00	4.803694724056333598e+01
3.358351496304225581e+00	4.784412729468026271e+01
3.364630591073392019e+00	4.783100613928689171e+01
3.370916305215045483e+00	4.771541787343908680e+01
3.377197952029413752e+00	4.768045936017097830e+01
3.383483063818085501e+00	4.756030684394949759e+01
3.389769992424469969e+00	4.749879194865733467e+01
3.396051330885982100e+00	4.740262489747473751e+01
3.402330879139463971e+00	4.727122403234566406e+01
3.408610488352048495e+00	4.726128648938172461e+01
3.414897837696641236e+00	4.723039020801035548e+01
3.421180484052105619e+00	4.716134879211119113e+01
3.427461639653846870e+00	4.708250580409995933e+01
3.433749159643459059e+00	4.692850339072742116e+01
3.440032646656798310e+00	4.693828099772222373e+01
3.446313366033385339e+00	4.688103478689399140e+01
3.452600135384134905e+00	4.677257628342737661e+01
3.458883152815406703e+00	4.677871435532014033e+01
3.465163834403715448e+00	4.672203929331682559e+01
3.471449329786229221e+00	4.661272580466466309e+01
3.477734476754053894e+00	4.657986370315948221e+01
3.484019652467224226e+00	4.659138938771683769e+01
3.490297019369712928e+00	4.646958053734274330e+01
3.496582486484379970e+00	4.644476090528622336e+01
3.502868048046865024e+00	4.635708798363947380e+01
3.509144649545451244e+00	4.628969345208572150e+01
3.515428082003116295e+00	4.623410402480692483e+01
3.521711031624695565e+00	4.617962673969540077e+01
3.527991850954735664e+00	4.608753323149926473e+01
3.534275545726699885e+00	4.615593515943171354e+01
3.540562632020772149e+00	4.608727568124214002e+01
3.546844410757220789e+00	4.610034875467742665e+01
3.553131386753758836e+00	4.606666971076602835e+01
3.559419203211965144e+00	4.584544261290591294e+01
3.565697971577579839e+00	4.590019137900949886e+01
3.571979559134798254e+00	4.587708478139197155e+01
3.578265774595833726e+00	4.583655386705372337e+01
3.584548309769353125e+00	4.574875786429649338e+01
3.590826843920031486e+00	4.570452192774003208e+01
3.597107306745233934e+00	4.573195994978068057e+01
3.603392831792229245e+00	4.565794143806922989e+01
3.609673209822572559e+00	4.557540958106559970e+01
3.615955412133016189e+00	4.557983629709534057e+01
3.622241607772384686e+00	4.555466206559363940e+01
3.628520252736676444e+00	4.552260854258531708e+01
3.634804827569451113e+00	4.546102428998298706e+01
3.641094981788862928e+00	4.553782527403155456e+01
3.647383514928639325e+00	4.548398022942604513e+01
3.653663283927725658e+00	4.543675757028533013e+01
3.659943504072155296e+00	4.537182812075919713e+01
3.666232000281138603e+00	4.537751308693437124e+01
3.672514211678317597e+00	4.538151555060314735e+01
3.678794154686042539e+00	4.530172449611018237e+01
3.685078621861909820e+00	4.524829381093709912e+01
3.691359210097977961e+00	4.525881518379556923e+01
3.697642368173791105e+00	4.527578076864333667e+01
3.703925796735277665e+00	4.523443923484440177e+01
3.710208240364660348e+00	4.514806001041691275e+01
3.716494593122387169e+00	4.516711059934635131e+01
3.722775386659595398e+00	4.523370855690182424e+01
3.729058392883481510e+00	4.520576979646541105e+01
3.735339748210807720e+00	4.514162128852280631e+01
3.741620776392969638e+00	4.518032825289375154e+01
3.747904795418762980e+00	4.514185754528440953e+01
3.754190633281219380e+00	4.512689271837464133e+01
3.760478208018912749e+00	4.509576396149103772e+01
3.766755538573464346e+00	4.503154627483022665e+01
3.773032090135151506e+00	4.511046271853177814e+01
3.779322553012896879e+00	4.498168091542137148e+01
3.785609109731308930e+00	4.507603131777665340e+01
3.791889825936295200e+00	4.515502540835493051e+01
3.798174822702435893e+00	4.507911513985624197e+01
3.804458658753491651e+00	4.503900105880278915e+01
3.810738438095723435e+00	4.511852279989927439e+01
3.817018850285747167e+00	4.507477098911483182e+01
3.823305314209427763e+00	4.500444199845512117e+01
3.829591295197792178e+00	4.516502387847818056e+01
3.835872296070849341e+00	4.510904381835883470e+01
3.842156279590906109e+00	4.510197279336610876e+01
3.848441511099312429e+00	4.515610523679485766e+01
3.854723334376886079e+00	4.513956457889104712e+01
3.861004740704794713e+00	4.514299175115171892e+01
3.867284336650660848e+00	4.513494375620798849e+01
3.873567367678779849e+00	4.517704182347701902e+01
3.879850662830422792e+00	4.516465378787106744e+01
3.886137063198143338e+00	4.527223949097162148e+01
3.892419463049126005e+00	4.524903476825046766e+01
3.898703740328622658e+00	4.525908705699607992e+01
3.904991458788179326e+00	4.526742247786603457e+01
3.911270842222104083e+00	4.521086212969603224e+01
3.917549806479573071e+00	4.538275978258213428e+01
3.923836006203090587e+00	4.534666105307991302e+01
3.930121452497870926e+00	4.546882600360883231e+01
3.936398172858230460e+00	4.546357790207915883e+01
3.942683040425962293e+00	4.541243641455988467e+01
3.948974759704379611e+00	4.552633244911783805e+01
3.955259227995065352e+00	4.548999683829423191e+01
3.961537174921395454e+00	4.548244975584989902e+01
3.967820217617139544e+00	4.562617547438242127e+01
3.974105559832568968e+00	4.562778643216325491e+01
3.980384727931198352e+00	4.555729696042565990e+01
3.986664590839849698e+00	4.565304737283673830e+01
3.992949619150675034e+00	4.573174963708088114e+01
3.999235075769965952e+00	4.577491622799673365e+01
4.005515715515433506e+00	4.586261918024124640e+01
4.011798434346478537e+00	4.577801648388928157e+01
4.018083716245132386e+00	4.594292340117099371e+01
4.024365700052603856e+00	4.600023743834980650e+01
4.030643960839860540e+00	4.599756032640976855e+01
4.036928708926215137e+00	4.607186988190269261e+01
4.043218157412017177e+00	4.618416726404804962e+01
4.049503019487663558e+00	4.622838014166303111e+01
4.055781898960511000e+00	4.628548002995709965e+01
4.062060795621602161e+00	4.621031638527323082e+01
4.068347865354716042e+00	4.632516740143277900e+01
4.074631027173265529e+00	4.650146748896681714e+01
4.080910837526078971e+00	4.644874300523419919e+01
4.087201203341442657e+00	4.650081692593339255e+01
4.093486818591942189e+00	4.660536400263822543e+01
4.099764387336505500e+00	4.670583925996749031e+01
4.106049166937662420e+00	4.674983337728188104e+01
4.112334559041358695e+00	4.677714033691503914e+01
4.118618926059533614e+00	4.694662780185787199e+01
4.124898942031112625e+00	4.692031171970900516e+01
4.131175432561665417e+00	4.712462505148238279e+01
4.137461563786142271e+00	4.708912720807791175e+01
4.143746006210170307e+00	4.721728191640396233e+01
4.150029800482964326e+00	4.726542893157964897e+01
4.156313390684649001e+00	4.731139862603173185e+01
4.162596105843763716e+00	4.746332226664546994e+01
4.168881843141768684e+00	4.757854435562531137e+01
4.175162111073220217e+00	4.767579439561670540e+01
4.181448573417560155e+00	4.777578409471131948e+01
4.187738782464171194e+00	4.793507474180221806e+01
4.194017437180169061e+00	4.795685038591077642e+01
4.200293572701767175e+00	4.804492532403305916e+01
4.206580195481546269e+00	4.820863005638720722e+01
4.212860644652220543e+00	4.820819057849205791e+01
4.219138153430114002e+00	4.834965909005695295e+01
4.225426162098283811e+00	4.847829784079518589e+01
4.231713506719782636e+00	4.856313901251538567e+01
4.237990056577191744e+00	4.862293197870268102e+01
4.244267783646744618e+00	4.877608794194728148e+01
4.250560660182562955e+00	4.900286820859151504e+01
4.256847734842668096e+00	4.899807077161104019e+01
4.263127100734456221e+00	4.908727475271737006e+01
4.269406860432507500e+00	4.912975796251686234e+01
4.275691671482192646e+00	4.926556972502099541e+01
4.281972414189518794e+00	4.941029329263115955e+01
4.288253516806755705e+00	4.956540502388921965e+01
4.294540520160492925e+00	4.971832388163991112e+01
4.300825742921731809e+00	4.985780148733338990e+01
4.307109835491901961e+00	4.983634844314109102e+01
4.313390926478413157e+00	4.998872041531935650e+01
4.319667979480563247e+00	5.005324967154061255e+01
4.325952598143786076e+00	5.018144235518614238e+01
4.332241647035422361e+00	5.041641117111152681e+01
4.338524445619096781e+00	5.051521596948084891e+01
4.344809348131129845e+00	5.073536434060204670e+01
4.351090699193166600e+00	5.072166230777909135e+01
4.357369710808320029e+00	5.115468905383928444e+01
4.363659348967174445e+00	5.093172276656680708e+01
4.369947418280990981e+00	5.125848264043141711e+01
4.376226569265827315e+00	5.119627062583780486e+01
4.382499356631129217e+00	5.142493745149108264e+01
4.388784975178015024e+00	5.159631348229752490e+01
4.395068696309480494e+00	5.157895089136366096e+01
4.401347962382031298e+00	5.185865545124097764e+01
4.407628405096517099e+00	5.185457278313967322e+01
4.413915862185140426e+00	5.206014783552441116e+01
4.420203163534264235e+00	5.210765975352747859e+01
4.426480311003382795e+00	5.210248159696170234e+01
4.432765973643649104e+00	5.231291379208165893e+01
4.439053392023870614e+00	5.221264213197832760e+01
4.445336141335588742e+00	5.260160519631132559e+01
4.451617241414883352e+00	5.256136459512072179e+01
4.457901500730311106e+00	5.271692185074931558e+01
4.464189501093017043e+00	5.253347063991946442e+01
4.470470197548729985e+00	5.255759636519946554e+01
4.476748044268524573e+00	5.282052631058283509e+01
4.483035990164653484e+00	5.272862300687216930e+01
4.489323331650528104e+00	5.302661735798456988e+01
4.495599111667934800e+00	5.295645900559701147e+01
4.501870922878794090e+00	5.283197697598786391e+01
4.508155162877705457e+00	5.314971749155041891e+01
4.514446451153479423e+00	5.286828968367098014e+01
4.520723894043856994e+00	5.312416648900748584e+01
4.527003782460155890e+00	5.289966996595983773e+01
4.533293086610313161e+00	5.297518093741445711e+01
4.539578989864040182e+00	5.257235517806130076e+01
4.545857164866476730e+00	5.263826206183144762e+01
4.552138955546025656e+00	5.260730386132981096e+01
4.558432046889146605e+00	5.251684821694301064e+01
4.564713463378488711e+00	5.247509388847968381e+01
4.570987274133244682e+00	5.248125876632781228e+01
4.577274818151045643e+00	5.235737123788555181e+01
4.583563263889338657e+00	5.247975828573852652e+01
4.589844917004465508e+00	5.243387741322784024e+01
4.596126259982004747e+00	5.221683709384887351e+01
4.602409075598298926e+00	5.232673121819426854e+01
4.608696634867644804e+00	5.251102641147679151e+01
4.614977646498861219e+00	5.245050146644366862e+01
4.621258953029527383e+00	5.251994539013784191e+01
4.627547993978874175e+00	5.269959015910285416e+01
4.633830152730579854e+00	5.267111973924774304e+01
4.640104005367354567e+00	5.273703893424412570e+01
4.646382060386754276e+00	5.268943067122376078e+01
4.652674213731970987e+00	5.291103723903358258e+01
4.658958291796220230e+00	5.295781873603151979e+01
4.665233615070169648e+00	5.315949364500071539e+01
4.671520675710307380e+00	5.311355412927348851e+01
4.677814351732177300e+00	5.312796891064136418e+01
4.684093699744638073e+00	5.325666441724252564e+01
4.690368661472568590e+00	5.329494978765119129e+01
4.696663270746453733e+00	5.338990785831758501e+01
4.702945459248681459e+00	5.348911832669810451e+01
4.709209170841929470e+00	5.357900978107746681e+01
4.715491634753063543e+00	5.365646101876029661e+01
4.721784316284933780e+00	5.355644553546369480e+01
4.728063062331094635e+00	5.388342781716843888e+01
4.734337423381671073e+00	5.399466402494397244e+01
4.740627024094544062e+00	5.428541169564033453e+01
4.746914995664547554e+00	5.419219251736057430e+01
4.753194740071086777e+00	5.445158336656689357e+01
4.759478891864783456e+00	5.435129204993278051e+01
4.765762396877359031e+00	5.458197943654803908e+01
4.772049481246195768e+00	5.471159015180718654e+01
4.778335091022592351e+00	5.489569505864657373e+01
4.784610831402393849e+00	5.498186551001789724e+01
4.790907306208476157e+00	5.508285041897770640e+01
4.797204047706418173e+00	5.538338251852105998e+01
4.803470827697504220e+00	5.551067254165159426e+01
4.809748850577324042e+00	5.567784182770400037e+01
4.816045316586602176e+00	5.580295769284553131e+01
4.822329240673497885e+00	5.592656775378365097e+01
4.828596758226470165e+00	5.621113584487106607e+01
4.834890332961369275e+00	5.646775567833103082e+01
4.841191655056394261e+00	5.629484583046197343e+01
4.847460407468000554e+00	5.691221748832640515e+01
4.853732128521334843e+00	5.697970631704562550e+01
4.860029138783373170e+00	5.701381466624270900e+01
4.866314601732018019e+00	5.723921835902802258e+01
4.872587026269203925e+00	5.771922723208742667e+01
4.878874221748241702e+00	5.762901317426990033e+01
4.885171078138658807e+00	5.808081461250022670e+01
4.891450629931857641e+00	5.796451248191681316e+01
4.897716482750221978e+00	5.850064844785197238e+01
4.904002834596266069e+00	5.847445925344799633e+01
4.910295858205786068e+00	5.878174762563232747e+01
4.916575188115905881e+00	5.919932386996663354e+01
4.922847946197084212e+00	5.935871662216628408e+01
4.929131667457151700e+00	5.945180843849957597e+01
4.935434460144239033e+00	5.990910564861660959e+01
4.941718513303545279e+00	5.991805401047754032e+01
4.947978624761803168e+00	5.984207951472129849e+01
4.954274999209829389e+00	6.081615780937575977e+01
4.960571094729937514e+00	6.077693398773881484e+01
4.966823207626954506e+00	6.101370484176019460e+01
4.973097418390337587e+00	6.140865703198878833e+01
4.979415129936382023e+00	6.182977677612833389e+01
4.985702082330368157e+00	6.127903331681643806e+01
4.991949985828016523e+00	6.193438914117570704e+01
4.998241586316924057e+00	6.280801949051383559e+01
5.004556635606089543e+00	6.269265254364791673e+01
5.010828655701208945e+00	6.338502055114705769e+01
5.017077229702536556e+00	6.355065978490519285e+01
5.023374414758113637e+00	6.338293305993838089e+01
5.029688873569548413e+00	6.403485179246834491e+01
5.035958413584124216e+00	6.457826801517326487e+01
5.042232667658486989e+00	6.460770729615028074e+01
5.048528755870775875e+00	6.503025016407187309e+01
5.054821121427484520e+00	6.554845321520190282e+01
5.061069509814582368e+00	6.620786076544443688e+01
5.067347812754101177e+00	6.613511928314424893e+01
5.073675050630431116e+00	6.697058248559002891e+01
5.079945928388977627e+00	6.707006567158681776e+01
5.086192992546071601e+00	6.778241075666734616e+01
5.092484128970163226e+00	6.780308620799506514e+01
5.098802924706086870e+00	6.810804322461494564e+01
5.105078217426394005e+00	6.884107543919624561e+01
5.111325076574067872e+00	6.884785324502503556e+01
5.117628358851224135e+00	6.925282465861542391e+01
5.123935939383525984e+00	6.989993401381889271e+01
5.130199176325612065e+00	7.107516967838918731e+01
5.136469985878846956e+00	7.090317250866959853e+01
5.142797788696348071e+00	7.153507381142550514e+01
5.149090378043822192e+00	7.167200251439902559e+01
5.155289879840074363e+00	7.231806983936142785e+01
5.161564521234301317e+00	7.286306721801035735e+01
5.167916673496016244e+00	7.353925922968134898e+01
5.174205974602950064e+00	7.385026653060521085e+01
5.180434820793812456e+00	7.495083217529867170e+01
5.186729096569634656e+00	7.430092369131939734e+01
5.193058481037780894e+00	7.530344902372679883e+01
5.199319511444338460e+00	7.599293257550543501e+01
5.205574295584361799e+00	7.672811064348090326e+01
5.211894977074066126e+00	7.716603710914917258e+01
5.218201708336958511e+00	7.749367292548203068e+01
5.224411911780083351e+00	7.889692703163227350e+01
5.230677632666463239e+00	7.900823271372570389e+01
5.237056729559757429e+00	7.969467769257191492e+01
5.243336785035660697e+00	8.077295263181787277e+01
5.249493476178225038e+00	8.100938190508252035e+01
5.255787017738318134e+00	8.171996282068579376e+01
5.262205327426889845e+00	8.221560900889204504e+01
5.268477758348532269e+00	8.326289919856608890e+01
5.274632213654732560e+00	8.422357467053022617e+01
5.280950543314659740e+00	8.374132945134519446e+01
5.287327645024750389e+00	8.587895148205679163e+01
5.293582359180156516e+00	8.592281958381279594e+01
5.299789992649893478e+00	8.731775589781398139e+01
5.306111460381987222e+00	8.734743677713865395e+01
5.312452717892129250e+00	8.862930780870712510e+01
5.318650122853046724e+00	8.981678250335815505e+01
5.324923043129819789e+00	9.062863941384452460e+01
5.331330237158205421e+00	9.084714293515388306e+01
5.337586726886338617e+00	9.086793571225315702e+01
5.343685192440848830e+00	9.263497474230756268e+01
5.350070659715249199e+00	9.355294482906039377e+01
5.356556762554878226e+00	9.591899667775598459e+01
5.362691868684501095e+00	9.429067677924646773e+01
5.368769208912516966e+00	9.652162797500317026e+01
5.375270137997677722e+00	9.858510262654820622e+01
5.381769983045385786e+00	1.004953826799071237e+02
5.387701030372958222e+00	9.954839410419623391e+01
5.393786668001271600e+00	1.002211350425350673e+02
5.400446161099396569e+00	1.024606035094717669e+02
5.406957063684501463e+00	1.037455861994982484e+02
5.412655672453426270e+00	1.029192648295736632e+02
5.418821279260546575e+00	1.062581217611724611e+02
5.425690594366304076e+00	1.048990727907735021e+02
5.432217487502165376e+00	1.044502747135703942e+02
5.437649811577258241e+00	1.082863758299424575e+02
5.443914404015878006e+00	1.071453354574245793e+02
5.450953501686320202e+00	1.092747836316848833e+02
5.457483690405861232e+00	1.122675789612360973e+02
5.462715250135157241e+00	1.116160389032811651e+02
5.469033575551323523e+00	1.180649767379593413e+02
5.476177730420278778e+00	1.180678219224560053e+02
5.482708935702562236e+00	1.205082248486322243e+02
5.487722405008360838e+00	1.198792609073130819e+02
5.494194284996126498e+00	1.211325351552586653e+02
5.501391471009256406e+00	1.186363239413547177e+02
5.507128202673079009e+00	1.281597590560785420e+02
5.512278020050448646e+00	1.211951434140095643e+02
5.519395563377015534e+00	1.240962668821183428e+02
5.526598678609708770e+00	1.248283246022377142e+02
5.532162682462509196e+00	1.242801956164266528e+02
5.537397124017139127e+00	1.393137817148358124e+02
5.544582756485218589e+00	1.172395503568163235e+02
5.551739327507637434e+00	1.212154676789363350e+02
5.557493306674907707e+00	1.436810492486305009e+02
5.562281709102816940e+00	1.315953106833634081e+02
5.569272720323164449e+00	1.767204549481350853e+02
