8.899641224696953554e-03	3.190789524955070010e+04
1.507912216506557788e-02	4.222957465505291475e+04
2.144790186456836667e-02	4.443651661600432999e+04
2.783660776489276650e-02	3.175534503691354621e+04
3.435099785803411021e-02	2.728845139501924859e+04
4.047886761425745911e-02	2.098484162608814222e+04
4.676716683575679601e-02	1.924156618190100562e+04
5.308225101765951665e-02	1.563808211990578275e+04
5.945362440940590160e-02	1.508811473156502689e+04
6.576224814588792211e-02	1.355694060654176428e+04
7.196632906698736953e-02	1.163341264499961835e+04
7.827860915688347743e-02	1.163799648678414269e+04
8.470398945834539672e-02	1.060857483213011801e+04
9.096854620527369817e-02	9.650525011479780005e+03
9.720789776830213169e-02	8.502292743132360556e+03
1.034763038959366499e-01	7.381016916692620725e+03
1.097576444254559219e-01	6.669693157863464876e+03
1.160543084780093354e-01	6.063545126867373256e+03
1.223669666537485351e-01	5.723676473012433235e+03
1.286817263090294094e-01	5.611702799187209166e+03
1.349500801664080818e-01	5.180351304645597338e+03
1.411949558842147678e-01	5.093427803802760536e+03
1.475133575747468451e-01	4.794964504167945961e+03
1.537865074252268427e-01	4.437351532396653056e+03
1.600657544051110326e-01	4.172843407616365766e+03
1.663991168687080635e-01	3.957432347151813701e+03
1.727195645776442856e-01	3.675233075777318845e+03
1.789765213377084718e-01	3.524148906104004254e+03
1.852353690647852158e-01	3.437683578800768828e+03
1.914806787341157279e-01	3.286475331574852589e+03
1.977889868651535599e-01	3.099449663290138687e+03
2.040937735447724277e-01	2.927934549447521022e+03
2.103939302609846018e-01	2.823339992718400481e+03
2.166909709822301688e-01	2.755071242954939407e+03
2.229700281216152047e-01	2.683585898676546094e+03
2.292620027086341994e-01	2.593330893754867247e+03
2.355141508366812297e-01	2.514407664558309989e+03
2.417910583817859116e-01	2.419589510948839688e+03
2.480856539439619257e-01	2.344941433692366445e+03
2.543492256872954549e-01	2.278768151242794374e+03
2.606334251884805386e-01	2.209144802374165010e+03
2.669257370896960802e-01	2.098522783833512676e+03
2.732423343141155980e-01	2.091035928848043568e+03
2.795529680084415936e-01	2.074928098196907740e+03
2.858366292314493129e-01	1.992664585213195323e+03
2.920876271394311496e-01	1.962122587654695280e+03
2.983449844439822751e-01	1.902811976098383639e+03
3.046382639407197446e-01	1.853235335555061283e+03
3.109279127003197196e-01	1.792466293206063256e+03
3.172168171618398036e-01	1.764539718920095538e+03
3.235187567944423082e-01	1.735585778028170125e+03
3.298168217550395687e-01	1.691911552792153998e+03
3.361176429457156667e-01	1.623464772793968450e+03
3.423700375709273769e-01	1.642607685584903948e+03
3.486478192666269682e-01	1.591219899088060856e+03
3.549411614411318028e-01	1.548211970983036508e+03
3.611916935421040642e-01	1.524031154452476585e+03
3.674767089563572564e-01	1.509257414413572405e+03
3.737647795277591056e-01	1.461255708734473274e+03
3.800654031475132477e-01	1.454329049324389416e+03
3.863539861259823738e-01	1.426747276457831276e+03
3.926140181364449755e-01	1.404510488781880213e+03
3.989264500321934581e-01	1.383873223335902367e+03
4.052073244576828714e-01	1.367105197481778077e+03
4.114916477570477182e-01	1.327783090194340048e+03
4.177814272116491257e-01	1.301824918888939465e+03
4.240400648725131116e-01	1.298686489336969316e+03
4.303425690270192283e-01	1.284886158732519107e+03
4.366358560255625965e-01	1.253035655730991266e+03
4.428996183220763605e-01	1.238484106392626245e+03
4.491634418529859563e-01	1.222230108379149215e+03
4.554414146254732731e-01	1.211342618539014893e+03
4.617634470301058558e-01	1.192661879704728108e+03
4.680644242023710433e-01	1.171114184966973880e+03
4.743485242764365895e-01	1.158381174310943152e+03
4.806356136815400082e-01	1.157083252843597165e+03
4.869019258388697646e-01	1.133537879956021698e+03
4.931697099599955947e-01	1.111969104724546924e+03
4.994506747144535908e-01	1.096038080379489429e+03
5.057159051335421429e-01	1.084359907026048859e+03
5.119923996268095356e-01	1.076108853581718677e+03
5.183126097768406826e-01	1.061332252180580326e+03
5.246089638029100000e-01	1.049726339658256165e+03
5.308757308483337267e-01	1.039466784619041846e+03
5.371573527946726934e-01	1.034719872988185443e+03
5.434579563783791256e-01	1.015660605243448231e+03
5.497430652392217842e-01	1.004645088545594376e+03
5.559937427501778773e-01	9.930009757781855342e+02
5.622854676609657654e-01	9.870963816094164258e+02
5.686011537227265711e-01	9.654872732580604406e+02
5.748804589422079614e-01	9.630111550506761660e+02
5.811550210340560296e-01	9.560703054995450429e+02
5.874394496660968468e-01	9.543387449873399646e+02
5.937176220296899176e-01	9.373166718327506715e+02
5.999971954793682505e-01	9.260026670890224523e+02
6.062679115124277596e-01	9.184324657768784164e+02
6.125469576444534381e-01	9.009175548925442172e+02
6.188477733041515272e-01	8.987276009568478230e+02
6.251310567437898813e-01	8.934646990478044017e+02
6.314027450383210560e-01	8.818925339044376415e+02
6.377003562732055375e-01	8.721962160794756755e+02
6.439857783314556494e-01	8.613797220387062907e+02
6.502685417166111925e-01	8.541851392543069323e+02
6.565586117699038216e-01	8.439987575791279824e+02
6.628369282359254377e-01	8.456907481636729926e+02
6.691185444962194362e-01	8.318357092956548513e+02
6.754070198575605755e-01	8.267091497683699117e+02
6.816835514593204692e-01	8.186474377652032217e+02
6.879592533861698112e-01	8.114555908079067876e+02
6.942344317039531587e-01	8.013697433043273577e+02
7.005175402434737908e-01	7.941431397853177714e+02
7.068124956608716758e-01	7.878921223186141560e+02
7.131019009674921527e-01	7.825345997456997793e+02
7.193918251171427247e-01	7.754397420746265652e+02
7.256833807598113140e-01	7.676256255489179239e+02
7.319652682709349989e-01	7.689110029541895983e+02
7.382507990484923344e-01	7.629942032837068382e+02
7.445265842115937893e-01	7.530108277510047401e+02
7.507871101942712455e-01	7.434119684761844837e+02
7.570758465316046459e-01	7.360824092156335610e+02
7.633641233600957365e-01	7.334346893370488942e+02
7.696462959862266917e-01	7.256232765264560385e+02
7.759394865175414102e-01	7.195214571326098394e+02
7.822329141989586843e-01	7.144956529336607218e+02
7.885314936520240181e-01	7.095543765361106807e+02
7.947896566979522071e-01	7.066331974459942558e+02
8.010491096592354809e-01	7.007510568772403303e+02
8.073364061727361651e-01	6.964020211764511714e+02
8.136229488373866170e-01	6.916439202766775907e+02
8.199152998961036776e-01	6.851146406104559219e+02
8.261952636392789762e-01	6.783526368559586217e+02
8.324897070080405914e-01	6.713137815785831890e+02
8.387959309210778480e-01	6.670057342882440707e+02
8.450634639703045181e-01	6.603831843523751104e+02
8.513282867562648182e-01	6.565239863634058111e+02
8.576198263902009566e-01	6.523823702552541590e+02
8.639058477062415697e-01	6.483131656532472107e+02
8.701838745487597837e-01	6.432092493994382494e+02
8.764641096075268534e-01	6.393413356549100399e+02
8.827503873399735745e-01	6.340614207467928054e+02
8.890332768393869323e-01	6.282008758703327658e+02
8.953084247113127780e-01	6.206577391088716240e+02
9.015956521667095602e-01	6.211531730686243691e+02
9.078833328094829680e-01	6.142915838388385055e+02
9.141744106319863450e-01	6.103275602104513382e+02
9.204630817717615043e-01	6.061982819128461415e+02
9.267434415264711456e-01	6.012847113529378476e+02
9.330324197354928906e-01	5.995207508484762684e+02
9.393265785573878812e-01	5.938378298876619965e+02
9.455974810398196650e-01	5.900272330395026756e+02
9.518660018545171964e-01	5.837944657342870869e+02
9.581413255531838757e-01	5.831261703249257380e+02
9.644350945109106954e-01	5.764756348653887699e+02
9.707355633568249820e-01	5.733811613915496537e+02
9.770080768450029041e-01	5.682506454712715822e+02
9.832823325363413414e-01	5.670675620321718498e+02
9.895569691966674686e-01	5.607607739253560339e+02
9.958456301921106979e-01	5.587088038352706008e+02
1.002136210743837408e+00	5.559156989066528922e+02
1.008404825335135424e+00	5.478780863237842595e+02
1.014694149836243398e+00	5.462808990342132347e+02
1.020992555437297167e+00	5.425897571970618856e+02
1.027273980437394485e+00	5.406308440544581799e+02
1.033559181896017254e+00	5.347841743545728832e+02
1.039847557392594934e+00	5.322394671387107792e+02
1.046126974943305088e+00	5.300187623005424484e+02
1.052403436811028659e+00	5.270091557179578103e+02
1.058680704651608684e+00	5.224068424799601189e+02
1.064964333065789193e+00	5.187397316396436509e+02
1.071256777440835473e+00	5.153328448706052995e+02
1.077544048801078125e+00	5.122827632641462969e+02
1.083824820188043603e+00	5.082275037851081834e+02
1.090108023942816695e+00	5.043722391163483962e+02
1.096389665956643222e+00	5.026895872598896062e+02
1.102681132058841440e+00	4.977265942611984428e+02
1.108963047594879958e+00	4.941603346945553312e+02
1.115225428463759272e+00	4.911273288859512149e+02
1.121502127614767863e+00	4.888022049954704471e+02
1.127792573824792033e+00	4.847053416228759488e+02
1.134089552668382961e+00	4.811779682323955285e+02
1.140364049650405942e+00	4.790934826529928046e+02
1.146639180320979445e+00	4.743080932176164310e+02
1.152942412991649901e+00	4.729643442877369921e+02
1.159228906751078814e+00	4.708095617546523499e+02
1.165508721887268173e+00	4.664243268705300238e+02
1.171793076256210320e+00	4.642513002626255343e+02
1.178087436369658958e+00	4.632389930464760255e+02
1.184367654251526902e+00	4.585817851960127882e+02
1.190634642299266632e+00	4.547051627714087658e+02
1.196912208834400859e+00	4.513328312152673334e+02
1.203201577354146234e+00	4.486473956610171285e+02
1.209486844441705733e+00	4.469948498013117160e+02
1.215763902074809888e+00	4.425024681863290539e+02
1.222049755171146668e+00	4.416117001321683802e+02
1.228340616621486969e+00	4.398884856349495749e+02
1.234632986576932767e+00	4.353260006428518523e+02
1.240902247176856488e+00	4.334197211070811022e+02
1.247174839144687519e+00	4.317653249748528879e+02
1.253465459933442272e+00	4.278905036524672596e+02
1.259749951892178421e+00	4.255894647879813988e+02
1.266032143127253873e+00	4.224813479810643457e+02
1.272316288472006507e+00	4.210953587762085704e+02
1.278604155058621350e+00	4.194459318335981379e+02
1.284886588933593865e+00	4.133968713010659144e+02
1.291175420066583257e+00	4.121985924947407511e+02
1.297465726373772332e+00	4.101076254664646399e+02
1.303741827011944299e+00	4.085653871937243480e+02
1.310017322922761851e+00	4.043561487370531609e+02
1.316301447662886703e+00	4.036387484857636991e+02
1.322586760363303249e+00	3.998489711868947438e+02
1.328865492452874664e+00	3.981799282168739182e+02
1.335144804954555564e+00	3.969475366116727741e+02
1.341440516272275119e+00	3.942719096055646446e+02
1.347730868417094552e+00	3.907662893888097528e+02
1.354001589994877630e+00	3.888765937385195457e+02
1.360282609297778444e+00	3.861942633241632734e+02
1.366565686457597906e+00	3.851598976807596841e+02
1.372851498482432708e+00	3.812922765928026934e+02
1.379135372929401804e+00	3.797277019159847669e+02
1.385409567149057164e+00	3.774403547746537129e+02
1.391698641219299315e+00	3.766216633626652310e+02
1.397984451439470810e+00	3.730048946280537052e+02
1.404267883409181961e+00	3.712176806266264180e+02
1.410554779484869181e+00	3.690112035654239548e+02
1.416837833547465397e+00	3.665037517723762903e+02
1.423118177187137068e+00	3.639705322482990937e+02
1.429397801164240089e+00	3.630461413635808867e+02
1.435686921822787232e+00	3.613326076824901634e+02
1.441977121769299597e+00	3.595431097355951806e+02
1.448253667853332427e+00	3.561540753340042329e+02
1.454532348972172651e+00	3.557486716769027453e+02
1.460819319151879903e+00	3.532570724419704220e+02
1.467110364402026468e+00	3.495741302192691933e+02
1.473392908948962132e+00	3.490278491686198095e+02
1.479669965243598950e+00	3.472661382373936476e+02
1.485956144602843532e+00	3.446528279028767656e+02
1.492233610763115115e+00	3.428280413241537872e+02
1.498502470379980078e+00	3.409780847881439172e+02
1.504785752051182701e+00	3.387819466878968342e+02
1.511075991894575976e+00	3.372118969039308922e+02
1.517361634985162189e+00	3.356581127037414376e+02
1.523648570969130533e+00	3.336085316416397291e+02
1.529938035715892264e+00	3.323940363903773232e+02
1.536230176913891965e+00	3.308886845565659769e+02
1.542510718779388279e+00	3.279769804688011163e+02
1.548783963082980275e+00	3.264093422681589800e+02
1.555073069779651318e+00	3.262791658530764494e+02
1.561357324927233892e+00	3.223846126050709131e+02
1.567629121053141006e+00	3.204954142866047846e+02
1.573913697404382583e+00	3.188029676848582312e+02
1.580203545230874029e+00	3.178834475192343234e+02
1.586485393434537983e+00	3.159856449455011216e+02
1.592760014263005841e+00	3.146446894110736707e+02
1.599046436394670812e+00	3.125229865697533000e+02
1.605342136637478934e+00	3.109799627113397946e+02
1.611619860919608627e+00	3.085410118683433893e+02
1.617897597081673799e+00	3.059961053983269608e+02
1.624183235481122756e+00	3.056217302037786112e+02
1.630464598531913722e+00	3.041472310859040249e+02
1.636748985747638274e+00	3.018095689068877050e+02
1.643030923698886259e+00	3.007294409004520617e+02
1.649309176648513064e+00	2.998570160345152544e+02
1.655593633940351861e+00	2.965209353567473727e+02
1.661879571405086464e+00	2.960849463442625620e+02
1.668169361685170271e+00	2.947211988379423815e+02
1.674450151530487485e+00	2.926433429482403881e+02
1.680722718978495900e+00	2.912933456417976572e+02
1.687013891340952476e+00	2.888277628886554567e+02
1.693308984907921033e+00	2.887499208520470120e+02
1.699582147428448486e+00	2.866612402783941320e+02
1.705863747055134105e+00	2.850193464531184873e+02
1.712154434283889470e+00	2.844007520883003508e+02
1.718438381579399321e+00	2.821642001650385509e+02
1.724721264464063930e+00	2.806972330688208785e+02
1.730997441276920679e+00	2.791096577634367009e+02
1.737287073528269499e+00	2.773995825793397216e+02
1.743567991878527401e+00	2.761728860696957781e+02
1.749840680212231048e+00	2.748063008638263227e+02
1.756128549091961144e+00	2.740910979669043854e+02
1.762413535324792502e+00	2.724566177965671727e+02
1.768696187669963837e+00	2.713679920217232961e+02
1.774979359379055266e+00	2.702737875526951825e+02
1.781265555576432957e+00	2.685550025445132860e+02
1.787549427830244619e+00	2.664495562326893037e+02
1.793834120011633004e+00	2.663861496733516105e+02
1.800115051552487300e+00	2.651913134663503229e+02
1.806393904854530330e+00	2.626006263347782124e+02
1.812674089667083432e+00	2.611039787569361010e+02
1.818956920109354058e+00	2.606996119117205808e+02
1.825244164118212220e+00	2.584250535545955927e+02
1.831527256642196955e+00	2.577352308367479736e+02
1.837811294935716599e+00	2.564546219192873764e+02
1.844100717411196744e+00	2.548279073823260035e+02
1.850384816792487230e+00	2.540045547802677106e+02
1.856666059735203822e+00	2.526857279055502943e+02
1.862947728675613979e+00	2.511649704041782059e+02
1.869229324466858078e+00	2.498149137162609748e+02
1.875517616802973686e+00	2.489504791191470474e+02
1.881800769033795229e+00	2.473077083564080283e+02
1.888078863416442710e+00	2.464767606266147766e+02
1.894353975182237582e+00	2.445580748117574785e+02
1.900642716154182565e+00	2.446881586988731101e+02
1.906933494748685121e+00	2.428995253324708301e+02
1.913207568676573933e+00	2.416828367601176808e+02
1.919490884732178992e+00	2.399985489776393592e+02
1.925776855684274480e+00	2.387712329462942762e+02
1.932064452961978152e+00	2.378013680631246984e+02
1.938342610030488800e+00	2.373346455360462244e+02
1.944618341543410178e+00	2.355983323705058865e+02
1.950906260203513876e+00	2.346691859849923389e+02
1.957194556613796488e+00	2.340080219705350828e+02
1.963479614559011432e+00	2.324387194077620222e+02
1.969760361532916226e+00	2.314387461445451777e+02
1.976048367034604736e+00	2.302676595619051909e+02
1.982337990217652335e+00	2.293229863523971233e+02
1.988617489259562721e+00	2.274284635943427872e+02
1.994896320665194178e+00	2.266349709138351898e+02
2.001179596222827151e+00	2.252808988089518323e+02
2.007459756923499761e+00	2.250337231697338041e+02
2.013737397779169935e+00	2.237438215695467818e+02
2.020017234677497164e+00	2.226451544034446499e+02
2.026310251015072783e+00	2.214828054530229053e+02
2.032600542948020284e+00	2.204272523299788133e+02
2.038873863192099289e+00	2.196886026253799287e+02
2.045154087821675404e+00	2.185350650536515502e+02
2.051444704514288730e+00	2.178364596907340740e+02
2.057730430280644729e+00	2.166471323099409005e+02
2.064013940455224461e+00	2.158017861601991285e+02
2.070299891179459895e+00	2.148083684879363773e+02
2.076589719964883951e+00	2.133179290387317337e+02
2.082865483794470673e+00	2.126150849535947600e+02
2.089134494859368640e+00	2.114045075152752702e+02
2.095424211360070288e+00	2.105564779447889521e+02
2.101707116664804254e+00	2.096205942908556210e+02
2.107986473933564309e+00	2.091041133140080888e+02
2.114271806543862375e+00	2.077549457553633374e+02
2.120552717288892275e+00	2.069174553493199653e+02
2.126836933207161717e+00	2.059807574921491096e+02
2.133122044791171845e+00	2.047570013874269819e+02
2.139411711910842673e+00	2.036657953429420616e+02
2.145697076775292089e+00	2.031011684279669112e+02
2.151973548606471276e+00	2.025962893522869877e+02
2.158259913555724108e+00	2.013699656235320106e+02
2.164545396699105506e+00	2.003168295003483479e+02
2.170830700377734068e+00	1.995511927906452172e+02
2.177114138849150393e+00	1.987917246254412760e+02
2.183387647576827018e+00	1.978923134725165767e+02
2.189670273687676971e+00	1.967257178590369051e+02
2.195960147934207463e+00	1.959776286269956245e+02
2.202242556317716371e+00	1.952332295753516576e+02
2.208521655981037668e+00	1.947110931767140585e+02
2.214804637081333016e+00	1.933522553413157254e+02
2.221092583349425276e+00	1.928468186978953725e+02
2.227372893591468728e+00	1.917688810971480677e+02
2.233657161144248171e+00	1.913159829792805908e+02
2.239943485394438660e+00	1.902845447095112092e+02
2.246224175264620815e+00	1.894303140233427314e+02
2.252506378421252009e+00	1.889538707490721379e+02
2.258783417054270437e+00	1.880517943449391396e+02
2.265069077371457684e+00	1.869365616499673024e+02
2.271350377044131452e+00	1.864933815201623588e+02
2.277633995145353918e+00	1.854579588217319213e+02
2.283922419579920149e+00	1.845630791435170011e+02
2.290202874392252674e+00	1.839693624892637445e+02
2.296490779970905560e+00	1.833724929235450531e+02
2.302771769934229162e+00	1.827317221124083062e+02
2.309051364164305564e+00	1.815726236784256855e+02
2.315338502539088239e+00	1.809921442316793048e+02
2.321627336503874428e+00	1.800310084087238067e+02
2.327911878297218795e+00	1.790125437090992477e+02
2.334186238580297168e+00	1.789420145573958791e+02
2.340467971862688401e+00	1.778305434079053953e+02
2.346756940970738725e+00	1.777965274251662606e+02
2.353044444556199988e+00	1.765348043024753508e+02
2.359327653314069906e+00	1.759012490808923133e+02
2.365603048789861607e+00	1.750121329167439796e+02
2.371885911737665165e+00	1.744490264112553746e+02
2.378173303594019572e+00	1.737883005833973300e+02
2.384454016539381271e+00	1.729313299434245437e+02
2.390736447344785187e+00	1.731409224200743893e+02
2.397014133897952259e+00	1.722479375639002228e+02
2.403295490074321972e+00	1.712797538192212699e+02
2.409585049672506862e+00	1.705264794767672640e+02
2.415871703165322071e+00	1.697628167721468628e+02
2.422160652369088840e+00	1.694658943785276790e+02
2.428440167222748691e+00	1.687759011479464846e+02
2.434717472383889803e+00	1.679255033359539482e+02
2.441002456202044257e+00	1.671496351917306242e+02
2.447289980304530488e+00	1.668157516037225605e+02
2.453571844729242279e+00	1.660089828218626735e+02
2.459852705114058846e+00	1.655517575901513112e+02
2.466139233225018934e+00	1.650451399355040962e+02
2.472421963421291391e+00	1.642606890480694801e+02
2.478698519174224568e+00	1.640665677083737251e+02
2.484980841400355800e+00	1.630374683730742049e+02
2.491269319409339822e+00	1.624425628902860126e+02
2.497548505139029373e+00	1.620920314856290076e+02
2.503831667172610853e+00	1.615813880200549022e+02
2.510117938323931153e+00	1.608469885130608930e+02
2.516400733681277480e+00	1.602077843768209675e+02
2.522688226833368130e+00	1.596263475700788490e+02
2.528971695852665569e+00	1.592214078146994893e+02
2.535252039407670299e+00	1.586537022195762745e+02
2.541537514142774512e+00	1.581508871157764418e+02
2.547823008847572179e+00	1.575775621685016290e+02
2.554100666580690238e+00	1.567842410119550323e+02
2.560376788884177301e+00	1.565273247509368275e+02
2.566667521601497359e+00	1.557305348116889547e+02
2.572955062237090473e+00	1.551674528744090082e+02
2.579233771797999175e+00	1.546574424595551704e+02
2.585520164300948220e+00	1.543169019481491375e+02
2.591805130332431872e+00	1.534636493598138713e+02
2.598084074692260881e+00	1.532762358275599581e+02
2.604360404197643586e+00	1.527622880467573623e+02
2.610647185140439142e+00	1.523158156899236531e+02
2.616931864059273138e+00	1.519779575532667764e+02
2.623206107911065565e+00	1.511497462429310303e+02
2.629491626543270844e+00	1.509629444573547516e+02
2.635778507982642349e+00	1.500940729004787784e+02
2.642061039325260818e+00	1.498096748419304447e+02
2.648343840729305843e+00	1.492592987567346938e+02
2.654631838974855551e+00	1.487784555661553725e+02
2.660919001246303761e+00	1.485663260312720411e+02
2.667198525130066056e+00	1.478199934408362139e+02
2.673484307038032526e+00	1.475909349878523358e+02
2.679773388053849459e+00	1.473917042024247053e+02
2.686058217632288692e+00	1.465389705881250677e+02
2.692338738200057868e+00	1.460185820622256756e+02
2.698618022887226964e+00	1.458080842629968572e+02
2.704895450708277860e+00	1.455011911036069989e+02
2.711175674923682166e+00	1.449737093367091347e+02
2.717459832966957922e+00	1.446335043560382871e+02
2.723745731959044569e+00	1.442320827705778186e+02
2.730038414850594730e+00	1.437890403055281467e+02
2.736317989800789441e+00	1.432041467524756797e+02
2.742591858549239703e+00	1.432950191587818267e+02
2.748879749010778362e+00	1.427538528514605787e+02
2.755163403825859447e+00	1.423005691279777523e+02
2.761446955625852073e+00	1.417057266089391305e+02
2.767732088935374701e+00	1.414893640930639833e+02
2.774015452421743966e+00	1.411661439997676268e+02
2.780298635700591436e+00	1.407013957943372304e+02
2.786577474762241380e+00	1.402757630814241736e+02
2.792857983210164541e+00	1.398390964252672006e+02
2.799143790920211483e+00	1.397960977035599228e+02
2.805430058399325244e+00	1.395253593560975673e+02
2.811715058209780072e+00	1.389657503389249769e+02
2.817989272498773623e+00	1.387721612400042090e+02
2.824269171595737760e+00	1.383281297738369631e+02
2.830563016441804081e+00	1.380635394342803579e+02
2.836848750951622034e+00	1.377068193691299030e+02
2.843130027866129783e+00	1.374958496854575571e+02
2.849413896912404986e+00	1.371065583283817659e+02
2.855697464522425566e+00	1.366691347491094177e+02
2.861978799810683594e+00	1.364433012340770972e+02
2.868262469415629567e+00	1.361606286067666929e+02
2.874547359206753860e+00	1.360340800029337061e+02
2.880831111471525041e+00	1.357944683395528784e+02
2.887113216972382546e+00	1.352299646062857050e+02
2.893394504725182781e+00	1.352386003585548337e+02
2.899673662137033592e+00	1.351850477227229135e+02
2.905953958587380814e+00	1.347517010098688672e+02
2.912241118105161064e+00	1.343556154283059243e+02
2.918525996366671205e+00	1.343505515834555695e+02
2.924809035425688819e+00	1.339975905795080280e+02
2.931095916293684933e+00	1.339483186210099745e+02
2.937378182606774413e+00	1.336468959057016548e+02
2.943659980254369923e+00	1.332348142644010807e+02
2.949946454403890250e+00	1.332356603134938098e+02
2.956227653702202307e+00	1.328425614040531286e+02
2.962510478867462993e+00	1.327765661016419187e+02
2.968796535179442309e+00	1.325753653999250332e+02
2.975077657376874907e+00	1.325251334530469762e+02
2.981359866759223376e+00	1.323490537590240308e+02
2.987646761575656562e+00	1.322070670595026058e+02
2.993929038370399365e+00	1.319302274397881831e+02
3.000206214840962726e+00	1.317308281303438946e+02
3.006486172402415669e+00	1.316789400336285212e+02
3.012769812211594456e+00	1.316855156165332801e+02
3.019053144326170113e+00	1.312689373018864387e+02
3.025337405144251424e+00	1.311862063242822387e+02
3.031623734799107961e+00	1.310555544138604205e+02
3.037908962055872575e+00	1.310687130449405231e+02
3.044195067146031608e+00	1.309372022325671026e+02
3.050475543482170426e+00	1.308664544698942791e+02
3.056754954538277502e+00	1.308972481392419240e+02
3.063040539557494668e+00	1.306078541542545679e+02
3.069323699454357346e+00	1.305747380168500058e+02
3.075610692642898769e+00	1.304216067883800179e+02
3.081893798009918584e+00	1.304687383142565977e+02
3.088174549548037717e+00	1.303436877471823720e+02
3.094458635632868493e+00	1.301182091499936462e+02
3.100743982931558840e+00	1.302139347210348035e+02
3.107028111748448396e+00	1.303110822657499739e+02
3.113309299655494300e+00	1.302950504178434983e+02
3.119590662867241626e+00	1.302522921459936072e+02
3.125874006820172912e+00	1.301995845604102158e+02
3.132159251154602586e+00	1.300392741408927009e+02
3.138439172765940643e+00	1.301472775309811141e+02
3.144723867719826593e+00	1.301753160511863427e+02
3.151003951258561031e+00	1.301581815714454535e+02
3.157283664131563139e+00	1.300207116099969369e+02
3.163569317183839935e+00	1.302568245423528026e+02
3.169851661717792091e+00	1.302099115708155352e+02
3.176137704316093657e+00	1.303189360909306913e+02
3.182420924828643916e+00	1.306188501915883933e+02
3.188702811875577581e+00	1.306220867820287026e+02
3.194990520008989865e+00	1.305722625521511873e+02
3.201275324656983834e+00	1.307379344220366022e+02
3.207551352179861759e+00	1.309196251401217808e+02
3.213835216737041645e+00	1.310387666348401581e+02
3.220122579819103770e+00	1.307765193676017077e+02
3.226406606618656525e+00	1.305206776788408831e+02
3.232687390085645429e+00	1.302243441213031474e+02
3.238969121280456331e+00	1.298454149502813664e+02
3.245254751548589667e+00	1.295288589609313021e+02
3.251534499036136783e+00	1.295029654683578713e+02
3.257817780791052442e+00	1.291038310028202147e+02
3.264102164154097263e+00	1.286675815283156510e+02
3.270384152138468892e+00	1.286449207408071231e+02
3.276669427476867735e+00	1.280095418957850768e+02
3.282954688864507808e+00	1.277501558845536209e+02
3.289237200334947264e+00	1.276323177500474912e+02
3.295519587088236779e+00	1.272019016666860693e+02
3.301805977329951958e+00	1.270854357707363675e+02
3.308087486222440088e+00	1.267201318909552157e+02
3.314367630234227313e+00	1.265765240386863866e+02
3.320651909732194262e+00	1.261546837419100058e+02
3.326931260376857047e+00	1.258722795729221104e+02
3.333216512447217728e+00	1.257535311258032067e+02
3.339504489419978128e+00	1.255222961278478948e+02
3.345786804809928405e+00	1.249477131440968805e+02
3.352071130016277767e+00	1.246925957622532053e+02
3.358351496304225581e+00	1.244975382060131608e+02
3.364630591073392019e+00	1.243252944502158499e+02
3.370916305215045483e+00	1.241695490038779184e+02
3.377197952029413752e+00	1.238297565093530750e+02
3.383483063818085501e+00	1.237078725006730764e+02
3.389769992424469969e+00	1.234469954995831245e+02
3.396051330885982100e+00	1.231024221134781698e+02
3.402330879139463971e+00	1.228702999091357952e+02
3.408610488352048495e+00	1.225843408444354594e+02
3.414897837696641236e+00	1.223445479898257844e+02
3.421180484052105619e+00	1.219985402234449339e+02
3.427461639653846870e+00	1.219604924351363024e+02
3.433749159643459059e+00	1.217559540445206210e+02
3.440032646656798310e+00	1.214417983025591496e+02
3.446313366033385339e+00	1.212769259336286467e+02
3.452600135384134905e+00	1.211720857017310493e+02
3.458883152815406703e+00	1.206623849078253699e+02
3.465163834403715448e+00	1.207923887694184941e+02
3.471449329786229221e+00	1.203724581620718226e+02
3.477734476754053894e+00	1.200069703876550307e+02
3.484019652467224226e+00	1.199101320507865580e+02
3.490297019369712928e+00	1.199634923416027306e+02
3.496582486484379970e+00	1.195657089566438742e+02
3.502868048046865024e+00	1.194559933610549223e+02
3.509144649545451244e+00	1.192253390934163804e+02
3.515428082003116295e+00	1.190371142976518968e+02
3.521711031624695565e+00	1.189323438526241432e+02
3.527991850954735664e+00	1.185819369550682012e+02
3.534275545726699885e+00	1.184070179533516693e+02
3.540562632020772149e+00	1.181561875163116326e+02
3.546844410757220789e+00	1.181133412282914321e+02
3.553131386753758836e+00	1.179165448256511439e+02
3.559419203211965144e+00	1.177747579424441824e+02
3.565697971577579839e+00	1.173347456864563583e+02
3.571979559134798254e+00	1.177163322965296715e+02
3.578265774595833726e+00	1.171969000660814970e+02
3.584548309769353125e+00	1.169464449796156060e+02
3.590826843920031486e+00	1.168317225970067028e+02
3.597107306745233934e+00	1.164906338838956543e+02
3.603392831792229245e+00	1.164091950496879093e+02
3.609673209822572559e+00	1.162772626929136663e+02
3.615955412133016189e+00	1.162702676429037041e+02
3.622241607772384686e+00	1.159556436759009586e+02
3.628520252736676444e+00	1.159905380355574636e+02
3.634804827569451113e+00	1.158909285314809381e+02
3.641094981788862928e+00	1.154736352124822503e+02
3.647383514928639325e+00	1.154831337899367725e+02
3.653663283927725658e+00	1.154358485092613336e+02
3.659943504072155296e+00	1.152201242428276373e+02
3.666232000281138603e+00	1.149574173679955749e+02
3.672514211678317597e+00	1.149115371038306250e+02
3.678794154686042539e+00	1.149213968813452453e+02
3.685078621861909820e+00	1.148112913592804887e+02
3.691359210097977961e+00	1.146015396196702767e+02
3.697642368173791105e+00	1.143547835450796697e+02
3.703925796735277665e+00	1.142367393304932364e+02
3.710208240364660348e+00	1.141933126157942979e+02
3.716494593122387169e+00	1.139808687052440632e+02
3.722775386659595398e+00	1.137513769097410545e+02
3.729058392883481510e+00	1.139032810739126376e+02
3.735339748210807720e+00	1.135642810143399117e+02
3.741620776392969638e+00	1.135189123943216885e+02
3.747904795418762980e+00	1.136748925896680618e+02
3.754190633281219380e+00	1.134198049233126255e+02
3.760478208018912749e+00	1.136012355177509079e+02
3.766755538573464346e+00	1.132263894638230397e+02
3.773032090135151506e+00	1.130861478518006038e+02
3.779322553012896879e+00	1.131456458821699727e+02
3.785609109731308930e+00	1.130560819152931344e+02
3.791889825936295200e+00	1.129156807474256681e+02
3.798174822702435893e+00	1.128925952473736913e+02
3.804458658753491651e+00	1.127869434946441487e+02
3.810738438095723435e+00	1.127867912685601937e+02
3.817018850285747167e+00	1.127118351618058654e+02
3.823305314209427763e+00	1.125835346550113059e+02
3.829591295197792178e+00	1.124987484725336770e+02
3.835872296070849341e+00	1.126627031614703469e+02
3.842156279590906109e+00	1.122988920782758697e+02
3.848441511099312429e+00	1.124924095313754009e+02
3.854723334376886079e+00	1.124614835272770108e+02
3.861004740704794713e+00	1.121729473954198824e+02
3.867284336650660848e+00	1.120585169354471731e+02
3.873567367678779849e+00	1.121488470443597691e+02
3.879850662830422792e+00	1.122049846434624385e+02
3.886137063198143338e+00	1.119911718130413192e+02
3.892419463049126005e+00	1.123691843883691490e+02
3.898703740328622658e+00	1.121053495521312300e+02
3.904991458788179326e+00	1.122067739706416916e+02
3.911270842222104083e+00	1.120572289077675237e+02
3.917549806479573071e+00	1.119190555205501596e+02
3.923836006203090587e+00	1.120561979270353135e+02
3.930121452497870926e+00	1.120543912104968882e+02
3.936398172858230460e+00	1.119227639458989074e+02
3.942683040425962293e+00	1.122042487115314486e+02
3.948974759704379611e+00	1.122317121484220195e+02
3.955259227995065352e+00	1.119966141171175593e+02
3.961537174921395454e+00	1.120499489704611022e+02
3.967820217617139544e+00	1.123284675426026951e+02
3.974105559832568968e+00	1.121436723305360488e+02
3.980384727931198352e+00	1.122223645724274377e+02
3.986664590839849698e+00	1.122099469982235860e+02
3.992949619150675034e+00	1.124554877215641682e+02
3.999235075769965952e+00	1.124972301320408974e+02
4.005515715515433506e+00	1.124407541190439446e+02
4.011798434346478537e+00	1.124702250859788109e+02
4.018083716245132386e+00	1.125054044694776536e+02
4.024365700052603856e+00	1.128603402883080378e+02
4.030643960839860540e+00	1.123967132399499604e+02
4.036928708926215137e+00	1.126998295299262480e+02
4.043218157412017177e+00	1.127692160932510461e+02
4.049503019487663558e+00	1.128393543516786366e+02
4.055781898960511000e+00	1.130829690053561620e+02
4.062060795621602161e+00	1.128817225003597855e+02
4.068347865354716042e+00	1.130906486667142730e+02
4.074631027173265529e+00	1.132834449519921236e+02
4.080910837526078971e+00	1.131924530524562442e+02
4.087201203341442657e+00	1.133106520678120290e+02
4.093486818591942189e+00	1.135072327572212316e+02
4.099764387336505500e+00	1.136365869657532670e+02
4.106049166937662420e+00	1.136619798940384953e+02
4.112334559041358695e+00	1.134432325474000720e+02
4.118618926059533614e+00	1.137766636877765336e+02
4.124898942031112625e+00	1.139902117618667461e+02
4.131175432561665417e+00	1.141711726838926069e+02
4.137461563786142271e+00	1.143075066480527369e+02
4.143746006210170307e+00	1.144641102327203726e+02
4.150029800482964326e+00	1.146931448420967143e+02
4.156313390684649001e+00	1.147114666989181302e+02
4.162596105843763716e+00	1.149994370241143429e+02
4.168881843141768684e+00	1.149798097929361234e+02
4.175162111073220217e+00	1.152148294517596838e+02
4.181448573417560155e+00	1.152510825333582147e+02
4.187738782464171194e+00	1.154227768534100136e+02
4.194017437180169061e+00	1.156682670587299810e+02
4.200293572701767175e+00	1.158084956205880616e+02
4.206580195481546269e+00	1.161028042356988550e+02
4.212860644652220543e+00	1.160678541250748026e+02
4.219138153430114002e+00	1.162298046341052071e+02
4.225426162098283811e+00	1.163964507814048659e+02
4.231713506719782636e+00	1.168025728155565872e+02
4.237990056577191744e+00	1.169092756387877756e+02
4.244267783646744618e+00	1.169480001712807820e+02
4.250560660182562955e+00	1.175309604903210499e+02
4.256847734842668096e+00	1.177723252606864577e+02
4.263127100734456221e+00	1.178252237373460787e+02
4.269406860432507500e+00	1.179729578972947905e+02
4.275691671482192646e+00	1.182300717028395383e+02
4.281972414189518794e+00	1.183084152514824865e+02
4.288253516806755705e+00	1.184472591711690086e+02
4.294540520160492925e+00	1.191939597802362698e+02
4.300825742921731809e+00	1.189094246406150290e+02
4.307109835491901961e+00	1.190885431130336798e+02
4.313390926478413157e+00	1.196513734527551378e+02
4.319667979480563247e+00	1.195814935289609338e+02
4.325952598143786076e+00	1.199444515727420821e+02
4.332241647035422361e+00	1.204491371103708701e+02
4.338524445619096781e+00	1.205720194098028202e+02
4.344809348131129845e+00	1.209499981678090279e+02
4.351090699193166600e+00	1.210484164233462110e+02
4.357369710808320029e+00	1.210829602911700817e+02
4.363659348967174445e+00	1.217211577473334359e+02
4.369947418280990981e+00	1.218450988579323848e+02
4.376226569265827315e+00	1.219168975016458063e+02
4.382499356631129217e+00	1.219922753808934175e+02
4.388784975178015024e+00	1.226019100021615458e+02
4.395068696309480494e+00	1.222974764743835863e+02
4.401347962382031298e+00	1.229264700680437841e+02
4.407628405096517099e+00	1.231354545449039790e+02
4.413915862185140426e+00	1.229337976973432376e+02
4.420203163534264235e+00	1.233980661861560293e+02
4.426480311003382795e+00	1.234152655390348912e+02
4.432765973643649104e+00	1.241277697616140046e+02
4.439053392023870614e+00	1.239256597540537967e+02
4.445336141335588742e+00	1.240628262368517483e+02
4.451617241414883352e+00	1.242501122952058097e+02
4.457901500730311106e+00	1.243088181440667057e+02
4.464189501093017043e+00	1.247881845246131149e+02
4.470470197548729985e+00	1.245472655759681260e+02
4.476748044268524573e+00	1.249203652129394868e+02
4.483035990164653484e+00	1.243961613889605786e+02
4.489323331650528104e+00	1.247493250981714255e+02
4.495599111667934800e+00	1.250328878194446816e+02
4.501870922878794090e+00	1.250389805300404902e+02
4.508155162877705457e+00	1.253284878580156487e+02
4.514446451153479423e+00	1.250195280482083433e+02
4.520723894043856994e+00	1.248690146021306902e+02
4.527003782460155890e+00	1.244395944907590348e+02
4.533293086610313161e+00	1.243182079378962896e+02
4.539578989864040182e+00	1.242100006837201249e+02
4.545857164866476730e+00	1.235607300400339028e+02
4.552138955546025656e+00	1.232125002305467234e+02
4.558432046889146605e+00	1.232699206352981776e+02
4.564713463378488711e+00	1.227960761821295250e+02
4.570987274133244682e+00	1.231719428133000349e+02
4.577274818151045643e+00	1.230574470734053989e+02
4.583563263889338657e+00	1.228363700878048803e+02
4.589844917004465508e+00	1.226650063908231942e+02
4.596126259982004747e+00	1.225960847922537766e+02
4.602409075598298926e+00	1.230151004340601872e+02
4.608696634867644804e+00	1.226145295902772574e+02
4.614977646498861219e+00	1.229975800553834233e+02
4.621258953029527383e+00	1.231681244793545602e+02
4.627547993978874175e+00	1.231508115834812571e+02
4.633830152730579854e+00	1.228200696568178500e+02
4.640104005367354567e+00	1.229755399705144896e+02
4.646382060386754276e+00	1.232481484274915999e+02
4.652674213731970987e+00	1.229711777853806183e+02
4.658958291796220230e+00	1.230991745815297378e+02
4.665233615070169648e+00	1.232478447309755438e+02
4.671520675710307380e+00	1.235788645871551523e+02
4.677814351732177300e+00	1.235633537701686180e+02
4.684093699744638073e+00	1.236595019136128855e+02
4.690368661472568590e+00	1.242099473732478145e+02
4.696663270746453733e+00	1.242098772815425605e+02
4.702945459248681459e+00	1.238043179230986226e+02
4.709209170841929470e+00	1.240208044998607733e+02
4.715491634753063543e+00	1.243671138792316384e+02
4.721784316284933780e+00	1.245789754639466054e+02
4.728063062331094635e+00	1.251201376076576679e+02
4.734337423381671073e+00	1.245582801672192090e+02
4.740627024094544062e+00	1.250915599863441656e+02
4.746914995664547554e+00	1.251240491643360855e+02
4.753194740071086777e+00	1.252650357259714298e+02
4.759478891864783456e+00	1.255775206751139450e+02
4.765762396877359031e+00	1.258133973040968954e+02
4.772049481246195768e+00	1.261309490098376358e+02
4.778335091022592351e+00	1.267310272769904884e+02
4.784610831402393849e+00	1.267059809454265746e+02
4.790907306208476157e+00	1.265361372865989296e+02
4.797204047706418173e+00	1.275036071533667297e+02
4.803470827697504220e+00	1.274519088969727960e+02
4.809748850577324042e+00	1.279097813885390025e+02
4.816045316586602176e+00	1.282957567618698818e+02
4.822329240673497885e+00	1.279481244773586042e+02
4.828596758226470165e+00	1.286147967138467720e+02
4.834890332961369275e+00	1.287978795753887766e+02
4.841191655056394261e+00	1.287454434716629805e+02
4.847460407468000554e+00	1.295246613679056793e+02
4.853732128521334843e+00	1.293292719065161123e+02
4.860029138783373170e+00	1.302975290707859131e+02
4.866314601732018019e+00	1.309555537814273123e+02
4.872587026269203925e+00	1.312303260252375878e+02
4.878874221748241702e+00	1.313837394531190910e+02
4.885171078138658807e+00	1.320650894589441009e+02
4.891450629931857641e+00	1.321017726226668856e+02
4.897716482750221978e+00	1.318723779426064482e+02
4.904002834596266069e+00	1.331453804370421494e+02
4.910295858205786068e+00	1.331424757606704077e+02
4.916575188115905881e+00	1.336792953930484771e+02
4.922847946197084212e+00	1.345309866390671232e+02
4.929131667457151700e+00	1.344999148845552099e+02
4.935434460144239033e+00	1.359470353300510226e+02
4.941718513303545279e+00	1.361738451149742843e+02
4.947978624761803168e+00	1.364918929404046253e+02
4.954274999209829389e+00	1.369343496437054171e+02
4.960571094729937514e+00	1.372427468204476213e+02
4.966823207626954506e+00	1.374547788018680023e+02
4.973097418390337587e+00	1.387971622954073325e+02
4.979415129936382023e+00	1.386986902891122213e+02
4.985702082330368157e+00	1.401763173244719383e+02
4.991949985828016523e+00	1.405590523085466828e+02
4.998241586316924057e+00	1.403866038047771667e+02
5.004556635606089543e+00	1.411973817232899364e+02
5.010828655701208945e+00	1.427697749270541863e+02
5.017077229702536556e+00	1.431499428395962639e+02
5.023374414758113637e+00	1.426186737596824230e+02
5.029688873569548413e+00	1.438995359626275388e+02
5.035958413584124216e+00	1.450771129638912953e+02
5.042232667658486989e+00	1.455794199580398640e+02
5.048528755870775875e+00	1.466212430114270262e+02
5.054821121427484520e+00	1.462062439296963987e+02
5.061069509814582368e+00	1.480749172012577901e+02
5.067347812754101177e+00	1.485246784884493536e+02
5.073675050630431116e+00	1.488938944446420578e+02
5.079945928388977627e+00	1.498799804502049824e+02
5.086192992546071601e+00	1.524918340306695654e+02
5.092484128970163226e+00	1.518283686453412713e+02
5.098802924706086870e+00	1.534077010716224834e+02
5.105078217426394005e+00	1.538656307359701714e+02
5.111325076574067872e+00	1.541382380011996247e+02
5.117628358851224135e+00	1.553008808744899056e+02
5.123935939383525984e+00	1.568464532344035263e+02
5.130199176325612065e+00	1.574056801349356078e+02
5.136469985878846956e+00	1.576342024181375052e+02
5.142797788696348071e+00	1.591494602676501700e+02
5.149090378043822192e+00	1.601133123810483596e+02
5.155289879840074363e+00	1.610899465052959272e+02
5.161564521234301317e+00	1.621406799136981931e+02
5.167916673496016244e+00	1.629206574249486152e+02
5.174205974602950064e+00	1.658880001001984112e+02
5.180434820793812456e+00	1.664338172028721772e+02
5.186729096569634656e+00	1.668182254416044543e+02
5.193058481037780894e+00	1.682462044465207782e+02
5.199319511444338460e+00	1.691217317134061204e+02
5.205574295584361799e+00	1.696217831134559617e+02
5.211894977074066126e+00	1.727204527759031123e+02
5.218201708336958511e+00	1.722809048912586434e+02
5.224411911780083351e+00	1.748116836987582587e+02
5.230677632666463239e+00	1.755174949882659803e+02
5.237056729559757429e+00	1.778816291348904599e+02
5.243336785035660697e+00	1.783347924443028489e+02
5.249493476178225038e+00	1.782545609070302248e+02
5.255787017738318134e+00	1.814759005031932588e+02
5.262205327426889845e+00	1.822480282400848921e+02
5.268477758348532269e+00	1.818863117014354032e+02
5.274632213654732560e+00	1.859518716786903383e+02
5.280950543314659740e+00	1.858141440252838379e+02
5.287327645024750389e+00	1.910203917127421676e+02
5.293582359180156516e+00	1.896423216539515408e+02
5.299789992649893478e+00	1.895717186840790021e+02
5.306111460381987222e+00	1.954170058753482806e+02
5.312452717892129250e+00	1.948134871809961624e+02
5.318650122853046724e+00	1.977637760417451886e+02
5.324923043129819789e+00	1.981668141584048897e+02
5.331330237158205421e+00	1.993430592436045004e+02
5.337586726886338617e+00	2.035192871704410322e+02
5.343685192440848830e+00	2.048304541980634781e+02
5.350070659715249199e+00	2.055908873381322337e+02
5.356556762554878226e+00	2.087039698352061805e+02
5.362691868684501095e+00	2.078608350724802278e+02
5.368769208912516966e+00	2.153709175930763706e+02
5.375270137997677722e+00	2.119592115217961634e+02
5.381769983045385786e+00	2.134983907230208615e+02
5.387701030372958222e+00	2.218692513447648480e+02
5.393786668001271600e+00	2.220273345233857754e+02
5.400446161099396569e+00	2.240337898588311134e+02
5.406957063684501463e+00	2.266812838240471137e+02
5.412655672453426270e+00	2.256579863350811195e+02
5.418821279260546575e+00	2.356937262758527538e+02
5.425690594366304076e+00	2.338416236299160857e+02
5.432217487502165376e+00	2.374240995801278018e+02
5.437649811577258241e+00	2.391928001405568125e+02
5.443914404015878006e+00	2.386994126002646794e+02
5.450953501686320202e+00	2.425884079691840327e+02
5.457483690405861232e+00	2.491189917164454357e+02
5.462715250135157241e+00	2.511196435370338236e+02
5.469033575551323523e+00	2.549688814735780511e+02
5.476177730420278778e+00	2.558904235922724411e+02
5.482708935702562236e+00	2.540519243460590246e+02
5.487722405008360838e+00	2.645875109129280531e+02
5.494194284996126498e+00	2.652748374534737081e+02
5.501391471009256406e+00	2.591310328221370014e+02
5.507128202673079009e+00	2.526240839192915644e+02
5.512278020050448646e+00	2.788219641739361805e+02
5.519395563377015534e+00	2.691949713437606420e+02
5.526598678609708770e+00	2.842346168594197025e+02
5.532162682462509196e+00	2.962371770017674066e+02
5.537397124017139127e+00	2.949424358885574975e+02
5.544582756485218589e+00	2.672512015102457212e+02
5.551739327507637434e+00	2.749431403378759455e+02
5.557493306674907707e+00	2.360884349176193382e+02
5.562281709102816940e+00	2.887330885219191714e+02
5.569272720323164449e+00	5.516534308077134483e+02
