8.899641224696953554e-03	2.576175421651600482e+04
1.507912216506557788e-02	2.018664653538599669e+04
2.144790186456836667e-02	2.634334012396747130e+04
2.783660776489276650e-02	1.840833594228636866e+04
3.435099785803411021e-02	1.349661710609760485e+04
4.047886761425745911e-02	1.181214250718006952e+04
4.676716683575679601e-02	9.655392997318440393e+03
5.308225101765951665e-02	8.630451161668095665e+03
5.945362440940590160e-02	9.005853026728646000e+03
6.576224814588792211e-02	7.473032115265085849e+03
7.196632906698736953e-02	7.015466612338816049e+03
7.827860915688347743e-02	6.018510394735561022e+03
8.470398945834539672e-02	5.186256283100185101e+03
9.096854620527369817e-02	4.409040889038619753e+03
9.720789776830213169e-02	4.110302491778395051e+03
1.034763038959366499e-01	3.783179566308928770e+03
1.097576444254559219e-01	3.672210400821636540e+03
1.160543084780093354e-01	3.387447164954665823e+03
1.223669666537485351e-01	3.157781895596271170e+03
1.286817263090294094e-01	2.862195078451804420e+03
1.349500801664080818e-01	2.542590149301556721e+03
1.411949558842147678e-01	2.315390599084368660e+03
1.475133575747468451e-01	2.202819974253897726e+03
1.537865074252268427e-01	2.129592340700063687e+03
1.600657544051110326e-01	2.021817258203735037e+03
1.663991168687080635e-01	1.905074269140470278e+03
1.727195645776442856e-01	1.802478401399298718e+03
1.789765213377084718e-01	1.765960585193234238e+03
1.852353690647852158e-01	1.705696595919829633e+03
1.914806787341157279e-01	1.563809374917427476e+03
1.977889868651535599e-01	1.490005361565926478e+03
2.040937735447724277e-01	1.401557754514710496e+03
2.103939302609846018e-01	1.368083300047618650e+03
2.166909709822301688e-01	1.306539625814852343e+03
2.229700281216152047e-01	1.270218239966561896e+03
2.292620027086341994e-01	1.203227696765142127e+03
2.355141508366812297e-01	1.160767268211594455e+03
2.417910583817859116e-01	1.103369650292128881e+03
2.480856539439619257e-01	1.071623114384048677e+03
2.543492256872954549e-01	1.029251678375662550e+03
2.606334251884805386e-01	1.003879668988949447e+03
2.669257370896960802e-01	9.510908300227604286e+02
2.732423343141155980e-01	9.174711320447194112e+02
2.795529680084415936e-01	9.086377815549466277e+02
2.858366292314493129e-01	8.657058967551372461e+02
2.920876271394311496e-01	8.400288074262469991e+02
2.983449844439822751e-01	8.109237923583060592e+02
3.046382639407197446e-01	8.075244884581633187e+02
3.109279127003197196e-01	7.901629783407315699e+02
3.172168171618398036e-01	7.553205562959722101e+02
3.235187567944423082e-01	7.385391797113869643e+02
3.298168217550395687e-01	7.214525093626320995e+02
3.361176429457156667e-01	6.880728199202879978e+02
3.423700375709273769e-01	6.758281971881756363e+02
3.486478192666269682e-01	6.644381286956962640e+02
3.549411614411318028e-01	6.466665666159710781e+02
3.611916935421040642e-01	6.378265418653259076e+02
3.674767089563572564e-01	6.216118113926238493e+02
3.737647795277591056e-01	6.128123502211857385e+02
3.800654031475132477e-01	6.024608143612599633e+02
3.863539861259823738e-01	5.815407516701748136e+02
3.926140181364449755e-01	5.786648778792717849e+02
3.989264500321934581e-01	5.582788058099619093e+02
4.052073244576828714e-01	5.475950448876485552e+02
4.114916477570477182e-01	5.377373931266575937e+02
4.177814272116491257e-01	5.315651355636381368e+02
4.240400648725131116e-01	5.155379797242030691e+02
4.303425690270192283e-01	5.149171024489650108e+02
4.366358560255625965e-01	4.955372765015814593e+02
4.428996183220763605e-01	4.940408967955046933e+02
4.491634418529859563e-01	4.827848437911172823e+02
4.554414146254732731e-01	4.753462627562913099e+02
4.617634470301058558e-01	4.650445322259211025e+02
4.680644242023710433e-01	4.591421039056422160e+02
4.743485242764365895e-01	4.484429560907536256e+02
4.806356136815400082e-01	4.431818624869009682e+02
4.869019258388697646e-01	4.433475538286458573e+02
4.931697099599955947e-01	4.317342227617629078e+02
4.994506747144535908e-01	4.240204900723185801e+02
5.057159051335421429e-01	4.214071542275898423e+02
5.119923996268095356e-01	4.115716392588502117e+02
5.183126097768406826e-01	4.065017271214446168e+02
5.246089638029100000e-01	3.979380803678018310e+02
5.308757308483337267e-01	3.969348993739924367e+02
5.371573527946726934e-01	3.901510364124940224e+02
5.434579563783791256e-01	3.838994840301335216e+02
5.497430652392217842e-01	3.789107442767569864e+02
5.559937427501778773e-01	3.772672944851150874e+02
5.622854676609657654e-01	3.711408513902306368e+02
5.686011537227265711e-01	3.612483204159752290e+02
5.748804589422079614e-01	3.612933050108214843e+02
5.811550210340560296e-01	3.545741508323554285e+02
5.874394496660968468e-01	3.486803747102150055e+02
5.937176220296899176e-01	3.453942897589261065e+02
5.999971954793682505e-01	3.459635261968859936e+02
6.062679115124277596e-01	3.381181770315131985e+02
6.125469576444534381e-01	3.375588335864566716e+02
6.188477733041515272e-01	3.319085509405015273e+02
6.251310567437898813e-01	3.288481334674173695e+02
6.314027450383210560e-01	3.252841061398813736e+02
6.377003562732055375e-01	3.217189077603410396e+02
6.439857783314556494e-01	3.168865590798851031e+02
6.502685417166111925e-01	3.143509304624827223e+02
6.565586117699038216e-01	3.098777106391896154e+02
6.628369282359254377e-01	3.079007009273594804e+02
6.691185444962194362e-01	3.059869729445840107e+02
6.754070198575605755e-01	3.003144700508318579e+02
6.816835514593204692e-01	2.977312416113196605e+02
6.879592533861698112e-01	2.945895085620853138e+02
6.942344317039531587e-01	2.935867604258739334e+02
7.005175402434737908e-01	2.898404063218983424e+02
7.068124956608716758e-01	2.878940325819082204e+02
7.131019009674921527e-01	2.839419622257696005e+02
7.193918251171427247e-01	2.809339989737515566e+02
7.256833807598113140e-01	2.805954382661653312e+02
7.319652682709349989e-01	2.772694886615342966e+02
7.382507990484923344e-01	2.735946865573210403e+02
7.445265842115937893e-01	2.709026306513467262e+02
7.507871101942712455e-01	2.686501742816714113e+02
7.570758465316046459e-01	2.675059539878675992e+02
7.633641233600957365e-01	2.648880050263291537e+02
7.696462959862266917e-01	2.624968263256921546e+02
7.759394865175414102e-01	2.599306522273351447e+02
7.822329141989586843e-01	2.578556502857837813e+02
7.885314936520240181e-01	2.567092034672110685e+02
7.947896566979522071e-01	2.540666933503482596e+02
8.010491096592354809e-01	2.508087775457251780e+02
8.073364061727361651e-01	2.505279827511961344e+02
8.136229488373866170e-01	2.481825385389720395e+02
8.199152998961036776e-01	2.462671357058849821e+02
8.261952636392789762e-01	2.437436355442077058e+02
8.324897070080405914e-01	2.418833324694021201e+02
8.387959309210778480e-01	2.389184533155047632e+02
8.450634639703045181e-01	2.389730947539781880e+02
8.513282867562648182e-01	2.366883993626410074e+02
8.576198263902009566e-01	2.348081596232412664e+02
8.639058477062415697e-01	2.331948780977676563e+02
8.701838745487597837e-01	2.316418316949582561e+02
8.764641096075268534e-01	2.299311259519573412e+02
8.827503873399735745e-01	2.280870493951375408e+02
8.890332768393869323e-01	2.275269093591216745e+02
8.953084247113127780e-01	2.252622146272899784e+02
9.015956521667095602e-01	2.227779145074024996e+02
9.078833328094829680e-01	2.205048033077018204e+02
9.141744106319863450e-01	2.205666873300952204e+02
9.204630817717615043e-01	2.189101331298775222e+02
9.267434415264711456e-01	2.163606807650215273e+02
9.330324197354928906e-01	2.152329613137634112e+02
9.393265785573878812e-01	2.132466579440192334e+02
9.455974810398196650e-01	2.117684209994217497e+02
9.518660018545171964e-01	2.106840333190952492e+02
9.581413255531838757e-01	2.094692060181617990e+02
9.644350945109106954e-01	2.080221095598789134e+02
9.707355633568249820e-01	2.068117537743632965e+02
9.770080768450029041e-01	2.055683388232130824e+02
9.832823325363413414e-01	2.052472637168539507e+02
9.895569691966674686e-01	2.032672984222980972e+02
9.958456301921106979e-01	2.021916996456713207e+02
1.002136210743837408e+00	2.003268446234175997e+02
1.008404825335135424e+00	1.995062933236214349e+02
1.014694149836243398e+00	1.981530176983598039e+02
1.020992555437297167e+00	1.969427511525954628e+02
1.027273980437394485e+00	1.956086854718176085e+02
1.033559181896017254e+00	1.947033667146270659e+02
1.039847557392594934e+00	1.933954313584187048e+02
1.046126974943305088e+00	1.923404162148421221e+02
1.052403436811028659e+00	1.896036630764727988e+02
1.058680704651608684e+00	1.901415733235238292e+02
1.064964333065789193e+00	1.894729887847396412e+02
1.071256777440835473e+00	1.873075614013082770e+02
1.077544048801078125e+00	1.864574447571551161e+02
1.083824820188043603e+00	1.853239446825341759e+02
1.090108023942816695e+00	1.846771835175189835e+02
1.096389665956643222e+00	1.832204097040900592e+02
1.102681132058841440e+00	1.812031949661866292e+02
1.108963047594879958e+00	1.812756914998139450e+02
1.115225428463759272e+00	1.796488183769348836e+02
1.121502127614767863e+00	1.790684004994052145e+02
1.127792573824792033e+00	1.772382278922463854e+02
1.134089552668382961e+00	1.766981743492382009e+02
1.140364049650405942e+00	1.767917333546968734e+02
1.146639180320979445e+00	1.749221217438679048e+02
1.152942412991649901e+00	1.739678455296483151e+02
1.159228906751078814e+00	1.726432167529121955e+02
1.165508721887268173e+00	1.725552037971482093e+02
1.171793076256210320e+00	1.711380235524003410e+02
1.178087436369658958e+00	1.703399080260709013e+02
1.184367654251526902e+00	1.696236309556229571e+02
1.190634642299266632e+00	1.681998371215781560e+02
1.196912208834400859e+00	1.673496638868680577e+02
1.203201577354146234e+00	1.667499407325106802e+02
1.209486844441705733e+00	1.656757931890800535e+02
1.215763902074809888e+00	1.648961853775369661e+02
1.222049755171146668e+00	1.636856162515701669e+02
1.228340616621486969e+00	1.626218859567903223e+02
1.234632986576932767e+00	1.622821999419503527e+02
1.240902247176856488e+00	1.609828085940173423e+02
1.247174839144687519e+00	1.607710934913513938e+02
1.253465459933442272e+00	1.605377641767495334e+02
1.259749951892178421e+00	1.594761051818344981e+02
1.266032143127253873e+00	1.583263599520946627e+02
1.272316288472006507e+00	1.573502259369610101e+02
1.278604155058621350e+00	1.564181792160661360e+02
1.284886588933593865e+00	1.565861076451708698e+02
1.291175420066583257e+00	1.553823442694210542e+02
1.297465726373772332e+00	1.547144158946285017e+02
1.303741827011944299e+00	1.534910597488502617e+02
1.310017322922761851e+00	1.529693107063651496e+02
1.316301447662886703e+00	1.519855157585537597e+02
1.322586760363303249e+00	1.512895050909150427e+02
1.328865492452874664e+00	1.502398320363468827e+02
1.335144804954555564e+00	1.498845698012086132e+02
1.341440516272275119e+00	1.496525016965869099e+02
1.347730868417094552e+00	1.488331284075872816e+02
1.354001589994877630e+00	1.478716943072581671e+02
1.360282609297778444e+00	1.470126758372630320e+02
1.366565686457597906e+00	1.464840918397263465e+02
1.372851498482432708e+00	1.460845657064774628e+02
1.379135372929401804e+00	1.450646282610386493e+02
1.385409567149057164e+00	1.447343997953454107e+02
1.391698641219299315e+00	1.436356759658210080e+02
1.397984451439470810e+00	1.431070214426629548e+02
1.404267883409181961e+00	1.425322550606746290e+02
1.410554779484869181e+00	1.417817271072825065e+02
1.416837833547465397e+00	1.411128858050470001e+02
1.423118177187137068e+00	1.406516084890416209e+02
1.429397801164240089e+00	1.402044920302641628e+02
1.435686921822787232e+00	1.388700503045047583e+02
1.441977121769299597e+00	1.386538514547117700e+02
1.448253667853332427e+00	1.384069397246015285e+02
1.454532348972172651e+00	1.377039069408689898e+02
1.460819319151879903e+00	1.370517563769982132e+02
1.467110364402026468e+00	1.359706131619794007e+02
1.473392908948962132e+00	1.356814607293537733e+02
1.479669965243598950e+00	1.352521129145146404e+02
1.485956144602843532e+00	1.347016366442145738e+02
1.492233610763115115e+00	1.343650117091463585e+02
1.498502470379980078e+00	1.336990305522558344e+02
1.504785752051182701e+00	1.327535027904698950e+02
1.511075991894575976e+00	1.323864664568327782e+02
1.517361634985162189e+00	1.316999732968747026e+02
1.523648570969130533e+00	1.309139000629962197e+02
1.529938035715892264e+00	1.303547033274898297e+02
1.536230176913891965e+00	1.301647748119449375e+02
1.542510718779388279e+00	1.291355699464952522e+02
1.548783963082980275e+00	1.285574116602680022e+02
1.555073069779651318e+00	1.282010899033563192e+02
1.561357324927233892e+00	1.277198227052374904e+02
1.567629121053141006e+00	1.275306484151373638e+02
1.573913697404382583e+00	1.268541125150166948e+02
1.580203545230874029e+00	1.261243161979232639e+02
1.586485393434537983e+00	1.255691047498423814e+02
1.592760014263005841e+00	1.254576920213265510e+02
1.599046436394670812e+00	1.248230119443635857e+02
1.605342136637478934e+00	1.240973758842053485e+02
1.611619860919608627e+00	1.238916290227573853e+02
1.617897597081673799e+00	1.232123722398437167e+02
1.624183235481122756e+00	1.223880473849598616e+02
1.630464598531913722e+00	1.221887994520039911e+02
1.636748985747638274e+00	1.216989822034862101e+02
1.643030923698886259e+00	1.212684061803739013e+02
1.649309176648513064e+00	1.208459482736875543e+02
1.655593633940351861e+00	1.199964877641064902e+02
1.661879571405086464e+00	1.199594973567925678e+02
1.668169361685170271e+00	1.191765911901526778e+02
1.674450151530487485e+00	1.188740667420466366e+02
1.680722718978495900e+00	1.182137850244398578e+02
1.687013891340952476e+00	1.180488157236313072e+02
1.693308984907921033e+00	1.173700473509938433e+02
1.699582147428448486e+00	1.168295849489092859e+02
1.705863747055134105e+00	1.164550918393042878e+02
1.712154434283889470e+00	1.161723021181804256e+02
1.718438381579399321e+00	1.156617576635806728e+02
1.724721264464063930e+00	1.153241929641075814e+02
1.730997441276920679e+00	1.148628494377413602e+02
1.737287073528269499e+00	1.142231267108102202e+02
1.743567991878527401e+00	1.136653282080781224e+02
1.749840680212231048e+00	1.133313335796800345e+02
1.756128549091961144e+00	1.129225745664377030e+02
1.762413535324792502e+00	1.125138097668235275e+02
1.768696187669963837e+00	1.121227618846516663e+02
1.774979359379055266e+00	1.117903037149847592e+02
1.781265555576432957e+00	1.110553627365835609e+02
1.787549427830244619e+00	1.110472023861442210e+02
1.793834120011633004e+00	1.106825531106070741e+02
1.800115051552487300e+00	1.102945102589125383e+02
1.806393904854530330e+00	1.094055860633000776e+02
1.812674089667083432e+00	1.091813819056763037e+02
1.818956920109354058e+00	1.088790347130407525e+02
1.825244164118212220e+00	1.080749259070706216e+02
1.831527256642196955e+00	1.079373602339042861e+02
1.837811294935716599e+00	1.074311804264901156e+02
1.844100717411196744e+00	1.070591220897951672e+02
1.850384816792487230e+00	1.069180360090945499e+02
1.856666059735203822e+00	1.065300199563474735e+02
1.862947728675613979e+00	1.060407715111623475e+02
1.869229324466858078e+00	1.057321787412659830e+02
1.875517616802973686e+00	1.050689305750333631e+02
1.881800769033795229e+00	1.047877688556650497e+02
1.888078863416442710e+00	1.046203207488924107e+02
1.894353975182237582e+00	1.040202358348310980e+02
1.900642716154182565e+00	1.037796899811152684e+02
1.906933494748685121e+00	1.032336825745495617e+02
1.913207568676573933e+00	1.028951616024447731e+02
1.919490884732178992e+00	1.025034853867907856e+02
1.925776855684274480e+00	1.023312721328448021e+02
1.932064452961978152e+00	1.017099447306499229e+02
1.938342610030488800e+00	1.014824950492294704e+02
1.944618341543410178e+00	1.011922807609833797e+02
1.950906260203513876e+00	1.008432192964194059e+02
1.957194556613796488e+00	1.003798909600854046e+02
1.963479614559011432e+00	1.001552312998477561e+02
1.969760361532916226e+00	9.956223086943903411e+01
1.976048367034604736e+00	9.933234294235623452e+01
1.982337990217652335e+00	9.884404346962557497e+01
1.988617489259562721e+00	9.864750915084930227e+01
1.994896320665194178e+00	9.851075156055870252e+01
2.001179596222827151e+00	9.793909929454264329e+01
2.007459756923499761e+00	9.779777652055189208e+01
2.013737397779169935e+00	9.734028649386320353e+01
2.020017234677497164e+00	9.664282135141080232e+01
2.026310251015072783e+00	9.654524703394153562e+01
2.032600542948020284e+00	9.626457894929752968e+01
2.038873863192099289e+00	9.579490574673482683e+01
2.045154087821675404e+00	9.546906220357143980e+01
2.051444704514288730e+00	9.516105641299111539e+01
2.057730430280644729e+00	9.485940325643444737e+01
2.064013940455224461e+00	9.459251808325211641e+01
2.070299891179459895e+00	9.418542914183788639e+01
2.076589719964883951e+00	9.401462339882863262e+01
2.082865483794470673e+00	9.375127793048962133e+01
2.089134494859368640e+00	9.321104177365477028e+01
2.095424211360070288e+00	9.291182200502773014e+01
2.101707116664804254e+00	9.269099593949141536e+01
2.107986473933564309e+00	9.220617152584446785e+01
2.114271806543862375e+00	9.197422397478526079e+01
2.120552717288892275e+00	9.171712959140603516e+01
2.126836933207161717e+00	9.136737880978775195e+01
2.133122044791171845e+00	9.114657640175225595e+01
2.139411711910842673e+00	9.063011863193234774e+01
2.145697076775292089e+00	9.060311242480085525e+01
2.151973548606471276e+00	9.013147046854717814e+01
2.158259913555724108e+00	8.976397319016143683e+01
2.164545396699105506e+00	8.967536390353234310e+01
2.170830700377734068e+00	8.923783768303103159e+01
2.177114138849150393e+00	8.911921342070996843e+01
2.183387647576827018e+00	8.874281275658827894e+01
2.189670273687676971e+00	8.849977752258830321e+01
2.195960147934207463e+00	8.822657137489406409e+01
2.202242556317716371e+00	8.788392106718326602e+01
2.208521655981037668e+00	8.745604517531958777e+01
2.214804637081333016e+00	8.734660631629311922e+01
2.221092583349425276e+00	8.695510694236651261e+01
2.227372893591468728e+00	8.666729865275695488e+01
2.233657161144248171e+00	8.645696263155437578e+01
2.239943485394438660e+00	8.597254581235955584e+01
2.246224175264620815e+00	8.575535790747537135e+01
2.252506378421252009e+00	8.568786459029350056e+01
2.258783417054270437e+00	8.528350564232692932e+01
2.265069077371457684e+00	8.524128691438023964e+01
2.271350377044131452e+00	8.501526115625556201e+01
2.277633995145353918e+00	8.478359269894042427e+01
2.283922419579920149e+00	8.431636749345481974e+01
2.290202874392252674e+00	8.389648429316687839e+01
2.296490779970905560e+00	8.394881818141465146e+01
2.302771769934229162e+00	8.338495983966289771e+01
2.309051364164305564e+00	8.343314132898900937e+01
2.315338502539088239e+00	8.309720610424859899e+01
2.321627336503874428e+00	8.269260165177391286e+01
2.327911878297218795e+00	8.249867355885749021e+01
2.334186238580297168e+00	8.230775943875981682e+01
2.340467971862688401e+00	8.188379653337743491e+01
2.346756940970738725e+00	8.193003800200516196e+01
2.353044444556199988e+00	8.160252455191141507e+01
2.359327653314069906e+00	8.137732313552731966e+01
2.365603048789861607e+00	8.114053768399395494e+01
2.371885911737665165e+00	8.086802571922156346e+01
2.378173303594019572e+00	8.040316217345488781e+01
2.384454016539381271e+00	8.036673941102286278e+01
2.390736447344785187e+00	8.029433816247838251e+01
2.397014133897952259e+00	7.990213491936718526e+01
2.403295490074321972e+00	7.966171454029931454e+01
2.409585049672506862e+00	7.931906908316605609e+01
2.415871703165322071e+00	7.929020726514787043e+01
2.422160652369088840e+00	7.897492866092720476e+01
2.428440167222748691e+00	7.881082063360109657e+01
2.434717472383889803e+00	7.852701691753198077e+01
2.441002456202044257e+00	7.835999931485052628e+01
2.447289980304530488e+00	7.794607767116056607e+01
2.453571844729242279e+00	7.791334182503284467e+01
2.459852705114058846e+00	7.761529305842790905e+01
2.466139233225018934e+00	7.746498249218409171e+01
2.472421963421291391e+00	7.715928317091717759e+01
2.478698519174224568e+00	7.716694487715543005e+01
2.484980841400355800e+00	7.682462882570040108e+01
2.491269319409339822e+00	7.654383961770444955e+01
2.497548505139029373e+00	7.649139087477972510e+01
2.503831667172610853e+00	7.616662326595148613e+01
2.510117938323931153e+00	7.592740189708750620e+01
2.516400733681277480e+00	7.570390409080549432e+01
2.522688226833368130e+00	7.558852549160997114e+01
2.528971695852665569e+00	7.543035749067944096e+01
2.535252039407670299e+00	7.536600276734809256e+01
2.541537514142774512e+00	7.508561262414751525e+01
2.547823008847572179e+00	7.481202491406989452e+01
2.554100666580690238e+00	7.471333422725923867e+01
2.560376788884177301e+00	7.447373224861846097e+01
2.566667521601497359e+00	7.427060068226580825e+01
2.572955062237090473e+00	7.394090843272124403e+01
2.579233771797999175e+00	7.391593888973024207e+01
2.585520164300948220e+00	7.361045149682196609e+01
2.591805130332431872e+00	7.347909327808166324e+01
2.598084074692260881e+00	7.329506486253568198e+01
2.604360404197643586e+00	7.312598848346125635e+01
2.610647185140439142e+00	7.290976916289412202e+01
2.616931864059273138e+00	7.274881808301194042e+01
2.623206107911065565e+00	7.280776688513928718e+01
2.629491626543270844e+00	7.239682251141252323e+01
2.635778507982642349e+00	7.223806519998208842e+01
2.642061039325260818e+00	7.213919539181274843e+01
2.648343840729305843e+00	7.200752267098600612e+01
2.654631838974855551e+00	7.177277902200724213e+01
2.660919001246303761e+00	7.159344375058348930e+01
2.667198525130066056e+00	7.151393472286203234e+01
2.673484307038032526e+00	7.136917638772278849e+01
2.679773388053849459e+00	7.121714585631357863e+01
2.686058217632288692e+00	7.103364885060177869e+01
2.692338738200057868e+00	7.093563335375809231e+01
2.698618022887226964e+00	7.076526882806956564e+01
2.704895450708277860e+00	7.051647464404105392e+01
2.711175674923682166e+00	7.047604888037645310e+01
2.717459832966957922e+00	7.045888770626743280e+01
2.723745731959044569e+00	7.022049232915071570e+01
2.730038414850594730e+00	7.017822185620002529e+01
2.736317989800789441e+00	6.997395301506907117e+01
2.742591858549239703e+00	6.975377822080723433e+01
2.748879749010778362e+00	6.970071330412461919e+01
2.755163403825859447e+00	6.955117161187293107e+01
2.761446955625852073e+00	6.948752230561603938e+01
2.767732088935374701e+00	6.940786293709948040e+01
2.774015452421743966e+00	6.912756934598324676e+01
2.780298635700591436e+00	6.912525721238570497e+01
2.786577474762241380e+00	6.908166247647125147e+01
2.792857983210164541e+00	6.875560605133352965e+01
2.799143790920211483e+00	6.884923207573982040e+01
2.805430058399325244e+00	6.880682135044165193e+01
2.811715058209780072e+00	6.844148799461177646e+01
2.817989272498773623e+00	6.844825199576061436e+01
2.824269171595737760e+00	6.831538127831211682e+01
2.830563016441804081e+00	6.821253137942085232e+01
2.836848750951622034e+00	6.821770619611061193e+01
2.843130027866129783e+00	6.795557662256662468e+01
2.849413896912404986e+00	6.791301150559277744e+01
2.855697464522425566e+00	6.789765476763764696e+01
2.861978799810683594e+00	6.767215338063763852e+01
2.868262469415629567e+00	6.773036000822860103e+01
2.874547359206753860e+00	6.759355607023418600e+01
2.880831111471525041e+00	6.741824685481176971e+01
2.887113216972382546e+00	6.735155789632128176e+01
2.893394504725182781e+00	6.734729670849300476e+01
2.899673662137033592e+00	6.724048309027064363e+01
2.905953958587380814e+00	6.706177673832759467e+01
2.912241118105161064e+00	6.709796251908261411e+01
2.918525996366671205e+00	6.701052767573933977e+01
2.924809035425688819e+00	6.695427687079019563e+01
2.931095916293684933e+00	6.693828484081585373e+01
2.937378182606774413e+00	6.685060352317458410e+01
2.943659980254369923e+00	6.678282571810751733e+01
2.949946454403890250e+00	6.676148246633911754e+01
2.956227653702202307e+00	6.680556091116987716e+01
2.962510478867462993e+00	6.674106634930228665e+01
2.968796535179442309e+00	6.663237442817316492e+01
2.975077657376874907e+00	6.655468666248631848e+01
2.981359866759223376e+00	6.659566610411359022e+01
2.987646761575656562e+00	6.659127757831282679e+01
2.993929038370399365e+00	6.644581737146847900e+01
3.000206214840962726e+00	6.641805087444090816e+01
3.006486172402415669e+00	6.641279971654583392e+01
3.012769812211594456e+00	6.637923966423470290e+01
3.019053144326170113e+00	6.640154337970265885e+01
3.025337405144251424e+00	6.631109408721705734e+01
3.031623734799107961e+00	6.626256490718795078e+01
3.037908962055872575e+00	6.635463082767569176e+01
3.044195067146031608e+00	6.633525200754750983e+01
3.050475543482170426e+00	6.639123457028696862e+01
3.056754954538277502e+00	6.635298626790182652e+01
3.063040539557494668e+00	6.634737109825269386e+01
3.069323699454357346e+00	6.627079039503877311e+01
3.075610692642898769e+00	6.638610091899356291e+01
3.081893798009918584e+00	6.640215120008066663e+01
3.088174549548037717e+00	6.649731184567026787e+01
3.094458635632868493e+00	6.626086352007206415e+01
3.100743982931558840e+00	6.640756178953243705e+01
3.107028111748448396e+00	6.645388373878054722e+01
3.113309299655494300e+00	6.651606939525105133e+01
3.119590662867241626e+00	6.649270371072681485e+01
3.125874006820172912e+00	6.654744088246650335e+01
3.132159251154602586e+00	6.665212331559722259e+01
3.138439172765940643e+00	6.666085044113754066e+01
3.144723867719826593e+00	6.676086597170450432e+01
3.151003951258561031e+00	6.684384845287300436e+01
3.157283664131563139e+00	6.681482684982135822e+01
3.163569317183839935e+00	6.686227606859431205e+01
3.169851661717792091e+00	6.691644632357639466e+01
3.176137704316093657e+00	6.705167301580137007e+01
3.182420924828643916e+00	6.707317405866731974e+01
3.188702811875577581e+00	6.727353374192605884e+01
3.194990520008989865e+00	6.726617493169155182e+01
3.201275324656983834e+00	6.727329535269726080e+01
3.207551352179861759e+00	6.739190926708855045e+01
3.213835216737041645e+00	6.759949572928933037e+01
3.220122579819103770e+00	6.737353706404839215e+01
3.226406606618656525e+00	6.731918261452355523e+01
3.232687390085645429e+00	6.718960094948992889e+01
3.238969121280456331e+00	6.711788922033883864e+01
3.245254751548589667e+00	6.712098984171460359e+01
3.251534499036136783e+00	6.677339683894149402e+01
3.257817780791052442e+00	6.673359542705830449e+01
3.264102164154097263e+00	6.653243079981490382e+01
3.270384152138468892e+00	6.641776074592021928e+01
3.276669427476867735e+00	6.634739897831958899e+01
3.282954688864507808e+00	6.619775600475828981e+01
3.289237200334947264e+00	6.606674072885748217e+01
3.295519587088236779e+00	6.592743908194455571e+01
3.301805977329951958e+00	6.595152392101681471e+01
3.308087486222440088e+00	6.574740608865013769e+01
3.314367630234227313e+00	6.560211000170092177e+01
3.320651909732194262e+00	6.552509641653058736e+01
3.326931260376857047e+00	6.541591721360046563e+01
3.333216512447217728e+00	6.528921420781698259e+01
3.339504489419978128e+00	6.505030296029251247e+01
3.345786804809928405e+00	6.515489641291779321e+01
3.352071130016277767e+00	6.497403984049776682e+01
3.358351496304225581e+00	6.478943712930139043e+01
3.364630591073392019e+00	6.484982479556414603e+01
3.370916305215045483e+00	6.468978618888323240e+01
3.377197952029413752e+00	6.469371665877667965e+01
3.383483063818085501e+00	6.451437836267237458e+01
3.389769992424469969e+00	6.441280437154604499e+01
3.396051330885982100e+00	6.436028043888181571e+01
3.402330879139463971e+00	6.421526476317355048e+01
3.408610488352048495e+00	6.412082484254159453e+01
3.414897837696641236e+00	6.407346518051866724e+01
3.421180484052105619e+00	6.402634405664788630e+01
3.427461639653846870e+00	6.378299658117192195e+01
3.433749159643459059e+00	6.386369299071320427e+01
3.440032646656798310e+00	6.369526107300882245e+01
3.446313366033385339e+00	6.357547142858229705e+01
3.452600135384134905e+00	6.354987476709582950e+01
3.458883152815406703e+00	6.342367438080446362e+01
3.465163834403715448e+00	6.335701892685005276e+01
3.471449329786229221e+00	6.338966798613931530e+01
3.477734476754053894e+00	6.319810412523207788e+01
3.484019652467224226e+00	6.311111971389807707e+01
3.490297019369712928e+00	6.315527969258798180e+01
3.496582486484379970e+00	6.295084790442975731e+01
3.502868048046865024e+00	6.294867462974183780e+01
3.509144649545451244e+00	6.289982018332705849e+01
3.515428082003116295e+00	6.280067402437528301e+01
3.521711031624695565e+00	6.271677200639263816e+01
3.527991850954735664e+00	6.266297059810594305e+01
3.534275545726699885e+00	6.261587833914013856e+01
3.540562632020772149e+00	6.253589319698262727e+01
3.546844410757220789e+00	6.253541295119863008e+01
3.553131386753758836e+00	6.239281367293798297e+01
3.559419203211965144e+00	6.236730126961403897e+01
3.565697971577579839e+00	6.225887292177955601e+01
3.571979559134798254e+00	6.223350026295080539e+01
3.578265774595833726e+00	6.217950548050120574e+01
3.584548309769353125e+00	6.210758633422724984e+01
3.590826843920031486e+00	6.216945723934944112e+01
3.597107306745233934e+00	6.202965904005273501e+01
3.603392831792229245e+00	6.205419591707754279e+01
3.609673209822572559e+00	6.196974624628079198e+01
3.615955412133016189e+00	6.194150871233099309e+01
3.622241607772384686e+00	6.185945021306899605e+01
3.628520252736676444e+00	6.187603305196224568e+01
3.634804827569451113e+00	6.180699965694739717e+01
3.641094981788862928e+00	6.174236202193039702e+01
3.647383514928639325e+00	6.175411858614790361e+01
3.653663283927725658e+00	6.166829661220687342e+01
3.659943504072155296e+00	6.174291691239407243e+01
3.666232000281138603e+00	6.162351073647059252e+01
3.672514211678317597e+00	6.155082896700099582e+01
3.678794154686042539e+00	6.159165012249748372e+01
3.685078621861909820e+00	6.149615732313061045e+01
3.691359210097977961e+00	6.141848225355749236e+01
3.697642368173791105e+00	6.139638730452182358e+01
3.703925796735277665e+00	6.142865876113401669e+01
3.710208240364660348e+00	6.136693249959760976e+01
3.716494593122387169e+00	6.131925596125078215e+01
3.722775386659595398e+00	6.140766953609649192e+01
3.729058392883481510e+00	6.121141947996063237e+01
3.735339748210807720e+00	6.131073315131718005e+01
3.741620776392969638e+00	6.118534873395148566e+01
3.747904795418762980e+00	6.135653558506178484e+01
3.754190633281219380e+00	6.131667932482325512e+01
3.760478208018912749e+00	6.123949407738211193e+01
3.766755538573464346e+00	6.120190004307349341e+01
3.773032090135151506e+00	6.116189822670592235e+01
3.779322553012896879e+00	6.119263968583840807e+01
3.785609109731308930e+00	6.113576856983914354e+01
3.791889825936295200e+00	6.121522001935864665e+01
3.798174822702435893e+00	6.118627383795571717e+01
3.804458658753491651e+00	6.124037266447124495e+01
3.810738438095723435e+00	6.122484225087576704e+01
3.817018850285747167e+00	6.114453159812398297e+01
3.823305314209427763e+00	6.117503626088196711e+01
3.829591295197792178e+00	6.114050137810166063e+01
3.835872296070849341e+00	6.117323427578138251e+01
3.842156279590906109e+00	6.124304150303634486e+01
3.848441511099312429e+00	6.129317929582438040e+01
3.854723334376886079e+00	6.135881325045178158e+01
3.861004740704794713e+00	6.122472013234082056e+01
3.867284336650660848e+00	6.131783399535888179e+01
3.873567367678779849e+00	6.128051112571345982e+01
3.879850662830422792e+00	6.127346580827714462e+01
3.886137063198143338e+00	6.130574228396773862e+01
3.892419463049126005e+00	6.130154096262962327e+01
3.898703740328622658e+00	6.133826300408368581e+01
3.904991458788179326e+00	6.135861439914831550e+01
3.911270842222104083e+00	6.137598502641640863e+01
3.917549806479573071e+00	6.144968299083065233e+01
3.923836006203090587e+00	6.149332574231977588e+01
3.930121452497870926e+00	6.148717917108825759e+01
3.936398172858230460e+00	6.160311885747906757e+01
3.942683040425962293e+00	6.151418396742373318e+01
3.948974759704379611e+00	6.160423291525901135e+01
3.955259227995065352e+00	6.152609441842645310e+01
3.961537174921395454e+00	6.167565384676111506e+01
3.967820217617139544e+00	6.164504695984764027e+01
3.974105559832568968e+00	6.178260182831245828e+01
3.980384727931198352e+00	6.190465437610860988e+01
3.986664590839849698e+00	6.185443569247783557e+01
3.992949619150675034e+00	6.189497406598291462e+01
3.999235075769965952e+00	6.190719991068182537e+01
4.005515715515433506e+00	6.206999179906524944e+01
4.011798434346478537e+00	6.210614227331551973e+01
4.018083716245132386e+00	6.209031620256629225e+01
4.024365700052603856e+00	6.216077957228284134e+01
4.030643960839860540e+00	6.216955591686142668e+01
4.036928708926215137e+00	6.243554621480710409e+01
4.043218157412017177e+00	6.249014769099015609e+01
4.049503019487663558e+00	6.245737528604257705e+01
4.055781898960511000e+00	6.264603586527010748e+01
4.062060795621602161e+00	6.260952626115847153e+01
4.068347865354716042e+00	6.270192520735812991e+01
4.074631027173265529e+00	6.292240807048340656e+01
4.080910837526078971e+00	6.294033349140070754e+01
4.087201203341442657e+00	6.299079082365063442e+01
4.093486818591942189e+00	6.308484474555419297e+01
4.099764387336505500e+00	6.313432069677066494e+01
4.106049166937662420e+00	6.317498022303153249e+01
4.112334559041358695e+00	6.338600331571844748e+01
4.118618926059533614e+00	6.342015832524364072e+01
4.124898942031112625e+00	6.354581619407315429e+01
4.131175432561665417e+00	6.368777076539504378e+01
4.137461563786142271e+00	6.356548821738424238e+01
4.143746006210170307e+00	6.393020653771276329e+01
4.150029800482964326e+00	6.397960125350886784e+01
4.156313390684649001e+00	6.409214223549733447e+01
4.162596105843763716e+00	6.405452159961535585e+01
4.168881843141768684e+00	6.424139146156984737e+01
4.175162111073220217e+00	6.443147588150036142e+01
4.181448573417560155e+00	6.460645946376922666e+01
4.187738782464171194e+00	6.471316243929523182e+01
4.194017437180169061e+00	6.484007621849302438e+01
4.200293572701767175e+00	6.493552567345120963e+01
4.206580195481546269e+00	6.505827221335823651e+01
4.212860644652220543e+00	6.515350179850599943e+01
4.219138153430114002e+00	6.531680181525644002e+01
4.225426162098283811e+00	6.536085794047271236e+01
4.231713506719782636e+00	6.557604015012179843e+01
4.237990056577191744e+00	6.588624867771264348e+01
4.244267783646744618e+00	6.585687128929124867e+01
4.250560660182562955e+00	6.592071072068351612e+01
4.256847734842668096e+00	6.625787317207917226e+01
4.263127100734456221e+00	6.629021799664903369e+01
4.269406860432507500e+00	6.641725952068497918e+01
4.275691671482192646e+00	6.655704084385715191e+01
4.281972414189518794e+00	6.682613600283600874e+01
4.288253516806755705e+00	6.703388641049778585e+01
4.294540520160492925e+00	6.714469663421338907e+01
4.300825742921731809e+00	6.722243366729581737e+01
4.307109835491901961e+00	6.744804318117141406e+01
4.313390926478413157e+00	6.765460939707023158e+01
4.319667979480563247e+00	6.772606897356138234e+01
4.325952598143786076e+00	6.806737185657779321e+01
4.332241647035422361e+00	6.815706619773845887e+01
4.338524445619096781e+00	6.836286663819005582e+01
4.344809348131129845e+00	6.843898318512437129e+01
4.351090699193166600e+00	6.853532633470713620e+01
4.357369710808320029e+00	6.868231103798183312e+01
4.363659348967174445e+00	6.876435256600930757e+01
4.369947418280990981e+00	6.897933294875603849e+01
4.376226569265827315e+00	6.908959256782043212e+01
4.382499356631129217e+00	6.937022975262092928e+01
4.388784975178015024e+00	6.971444242234238686e+01
4.395068696309480494e+00	6.954516096366049283e+01
4.401347962382031298e+00	7.005342403193820644e+01
4.407628405096517099e+00	6.995493409161579734e+01
4.413915862185140426e+00	7.008375350202686604e+01
4.420203163534264235e+00	7.029394591019379845e+01
4.426480311003382795e+00	7.037087550013056614e+01
4.432765973643649104e+00	7.084954228461586467e+01
4.439053392023870614e+00	7.057150518213751411e+01
4.445336141335588742e+00	7.071013869753534209e+01
4.451617241414883352e+00	7.099494168150427242e+01
4.457901500730311106e+00	7.098523629407415569e+01
4.464189501093017043e+00	7.122275885145876373e+01
4.470470197548729985e+00	7.117749988988596499e+01
4.476748044268524573e+00	7.161298285453780466e+01
4.483035990164653484e+00	7.127814336039669740e+01
4.489323331650528104e+00	7.137441874711879564e+01
4.495599111667934800e+00	7.154627227385284982e+01
4.501870922878794090e+00	7.149199182782540163e+01
4.508155162877705457e+00	7.149152778638830341e+01
4.514446451153479423e+00	7.168024828424961470e+01
4.520723894043856994e+00	7.149225489456694049e+01
4.527003782460155890e+00	7.134707772694233086e+01
4.533293086610313161e+00	7.151787861659813927e+01
4.539578989864040182e+00	7.118955782054470660e+01
4.545857164866476730e+00	7.142541102086080684e+01
4.552138955546025656e+00	7.100148762645751788e+01
4.558432046889146605e+00	7.097182630154593141e+01
4.564713463378488711e+00	7.092615473058742737e+01
4.570987274133244682e+00	7.077213338925199082e+01
4.577274818151045643e+00	7.090787725509906636e+01
4.583563263889338657e+00	7.093113924612450205e+01
4.589844917004465508e+00	7.040256971278243725e+01
4.596126259982004747e+00	7.066479617274848124e+01
4.602409075598298926e+00	7.092774436384475223e+01
4.608696634867644804e+00	7.081835967392528630e+01
4.614977646498861219e+00	7.127098290595526464e+01
4.621258953029527383e+00	7.089676445467411270e+01
4.627547993978874175e+00	7.091236987647121737e+01
4.633830152730579854e+00	7.107788344592526641e+01
4.640104005367354567e+00	7.127715937733404417e+01
4.646382060386754276e+00	7.143325762635383569e+01
4.652674213731970987e+00	7.139990286911140061e+01
4.658958291796220230e+00	7.123496557899396464e+01
4.665233615070169648e+00	7.148498790492529054e+01
4.671520675710307380e+00	7.163232298071633863e+01
4.677814351732177300e+00	7.162243675223504624e+01
4.684093699744638073e+00	7.168754955766677028e+01
4.690368661472568590e+00	7.159716681125954096e+01
4.696663270746453733e+00	7.182079238243908037e+01
4.702945459248681459e+00	7.205748771109900019e+01
4.709209170841929470e+00	7.239389354649082975e+01
4.715491634753063543e+00	7.262650385097238370e+01
4.721784316284933780e+00	7.231867797080063553e+01
4.728063062331094635e+00	7.247425310403092169e+01
4.734337423381671073e+00	7.260242464257538586e+01
4.740627024094544062e+00	7.286852296268126850e+01
4.746914995664547554e+00	7.325763272102274470e+01
4.753194740071086777e+00	7.331708499289278791e+01
4.759478891864783456e+00	7.325042440080106587e+01
4.765762396877359031e+00	7.390764241739833551e+01
4.772049481246195768e+00	7.392556162598324931e+01
4.778335091022592351e+00	7.396098390482896434e+01
4.784610831402393849e+00	7.415927736165751583e+01
4.790907306208476157e+00	7.407448026171385891e+01
4.797204047706418173e+00	7.449873880320340902e+01
4.803470827697504220e+00	7.499580922655032111e+01
4.809748850577324042e+00	7.459231141238883822e+01
4.816045316586602176e+00	7.503036645829345730e+01
4.822329240673497885e+00	7.506257281581368090e+01
4.828596758226470165e+00	7.555194304024021790e+01
4.834890332961369275e+00	7.572109867902628366e+01
4.841191655056394261e+00	7.655168149939269995e+01
4.847460407468000554e+00	7.642367382330775172e+01
4.853732128521334843e+00	7.654914614576762233e+01
4.860029138783373170e+00	7.679754447442495291e+01
4.866314601732018019e+00	7.701314086936399406e+01
4.872587026269203925e+00	7.723627453014753996e+01
4.878874221748241702e+00	7.735962412864995486e+01
4.885171078138658807e+00	7.780270702225386970e+01
4.891450629931857641e+00	7.841018193053562868e+01
4.897716482750221978e+00	7.839598703088526577e+01
4.904002834596266069e+00	7.812979041149588966e+01
4.910295858205786068e+00	7.861511783666723829e+01
4.916575188115905881e+00	7.927301001744491771e+01
4.922847946197084212e+00	7.935743919846471783e+01
4.929131667457151700e+00	7.994780562041746919e+01
4.935434460144239033e+00	7.975248079061201167e+01
4.941718513303545279e+00	8.076990100624907143e+01
4.947978624761803168e+00	8.058560407708093010e+01
4.954274999209829389e+00	8.122961598890485391e+01
4.960571094729937514e+00	8.160115685807478769e+01
4.966823207626954506e+00	8.199432776440093562e+01
4.973097418390337587e+00	8.185770619944693749e+01
4.979415129936382023e+00	8.248416529703420963e+01
4.985702082330368157e+00	8.251857090946985807e+01
4.991949985828016523e+00	8.349658708262941786e+01
4.998241586316924057e+00	8.367701897660806765e+01
5.004556635606089543e+00	8.446652175370707027e+01
5.010828655701208945e+00	8.511768626495867807e+01
5.017077229702536556e+00	8.507973453407851139e+01
5.023374414758113637e+00	8.512380560934349205e+01
5.029688873569548413e+00	8.621513404123733437e+01
5.035958413584124216e+00	8.670089364445226465e+01
5.042232667658486989e+00	8.684219991279840656e+01
5.048528755870775875e+00	8.726118354259342880e+01
5.054821121427484520e+00	8.771461228066121407e+01
5.061069509814582368e+00	8.866822836153605181e+01
5.067347812754101177e+00	8.860004185054614823e+01
5.073675050630431116e+00	8.875536863835630186e+01
5.079945928388977627e+00	8.929107462509443849e+01
5.086192992546071601e+00	9.052665485343511875e+01
5.092484128970163226e+00	9.070213565473501660e+01
5.098802924706086870e+00	9.160130763972001944e+01
5.105078217426394005e+00	9.102434325301486240e+01
5.111325076574067872e+00	9.307064834631705708e+01
5.117628358851224135e+00	9.300613313142464733e+01
5.123935939383525984e+00	9.343988360308678409e+01
5.130199176325612065e+00	9.433945300456238670e+01
5.136469985878846956e+00	9.470873568135878884e+01
5.142797788696348071e+00	9.502460957758231075e+01
5.149090378043822192e+00	9.625114293386737074e+01
5.155289879840074363e+00	9.663531078015027731e+01
5.161564521234301317e+00	9.819440576377874663e+01
5.167916673496016244e+00	9.817882176594771693e+01
5.174205974602950064e+00	9.907473159915397787e+01
5.180434820793812456e+00	9.986802152094355733e+01
5.186729096569634656e+00	9.926942229884255653e+01
5.193058481037780894e+00	1.006108279847459670e+02
5.199319511444338460e+00	1.008574263358994045e+02
5.205574295584361799e+00	1.019395468061096182e+02
5.211894977074066126e+00	1.029347696511150190e+02
5.218201708336958511e+00	1.036318719595060855e+02
5.224411911780083351e+00	1.043329988566856485e+02
5.230677632666463239e+00	1.053063045558547373e+02
5.237056729559757429e+00	1.060170339893206801e+02
5.243336785035660697e+00	1.065858579092883645e+02
5.249493476178225038e+00	1.077839701279874589e+02
5.255787017738318134e+00	1.087635224074765432e+02
5.262205327426889845e+00	1.103827865170019038e+02
5.268477758348532269e+00	1.114921529450366648e+02
5.274632213654732560e+00	1.121765282944048039e+02
5.280950543314659740e+00	1.130037479814123600e+02
5.287327645024750389e+00	1.130624875549117689e+02
5.293582359180156516e+00	1.142723286661548485e+02
5.299789992649893478e+00	1.146384879922527062e+02
5.306111460381987222e+00	1.163741120436252743e+02
5.312452717892129250e+00	1.180435569374966178e+02
5.318650122853046724e+00	1.202304241953121249e+02
5.324923043129819789e+00	1.216284207364145686e+02
5.331330237158205421e+00	1.207629914368558417e+02
5.337586726886338617e+00	1.213883380737017461e+02
5.343685192440848830e+00	1.230180039196139319e+02
5.350070659715249199e+00	1.255674058734629881e+02
5.356556762554878226e+00	1.239356120326840340e+02
5.362691868684501095e+00	1.271861313893268459e+02
5.368769208912516966e+00	1.293328010544000790e+02
5.375270137997677722e+00	1.278380639522598727e+02
5.381769983045385786e+00	1.311959776967499351e+02
5.387701030372958222e+00	1.323075358182655350e+02
5.393786668001271600e+00	1.367067408133889614e+02
5.400446161099396569e+00	1.346916394838248436e+02
5.406957063684501463e+00	1.355216916606619293e+02
5.412655672453426270e+00	1.384372417156110942e+02
5.418821279260546575e+00	1.423879602093389849e+02
5.425690594366304076e+00	1.412905172731851735e+02
5.432217487502165376e+00	1.443948054498851263e+02
5.437649811577258241e+00	1.511594136504524784e+02
5.443914404015878006e+00	1.409875999315841568e+02
5.450953501686320202e+00	1.492744406371444370e+02
5.457483690405861232e+00	1.492966162582632137e+02
5.462715250135157241e+00	1.477680382336408513e+02
5.469033575551323523e+00	1.526756502070674344e+02
5.476177730420278778e+00	1.542465925453849991e+02
5.482708935702562236e+00	1.562857420197235854e+02
5.487722405008360838e+00	1.595631560768348436e+02
5.494194284996126498e+00	1.626156729322497370e+02
5.501391471009256406e+00	1.618561558325111207e+02
5.507128202673079009e+00	1.556731960204719769e+02
5.512278020050448646e+00	1.559692753674547703e+02
5.519395563377015534e+00	1.677672573479391076e+02
5.526598678609708770e+00	1.723157607238340177e+02
5.532162682462509196e+00	1.683355704787108493e+02
5.537397124017139127e+00	1.749637688255651540e+02
5.544582756485218589e+00	1.689257470916668353e+02
5.551739327507637434e+00	1.901860208076930121e+02
5.557493306674907707e+00	1.962576570066635213e+02
5.562281709102816940e+00	2.084567500195633443e+02
5.569272720323164449e+00	3.839887950587848877e+02
